GeneID	baseMean	log2FoldChange	lfcSE	stat	pvalue	padj
ENSMUSG00000033880	798.159113801495	1.32790001080812	0.106868056530109	12.3458674817863	5.12785300915856e-35	1.02100681265356e-30
ENSMUSG00000079017	87.4259147433904	1.20424536429974	0.121055677804704	9.67277201192783	3.93570529797163e-22	3.91819140939566e-18
ENSMUSG00000134786	203.149597712882	0.979399499055855	0.117328856856523	8.27584519307711	1.27547621050331e-16	8.4653356091105e-13
ENSMUSG00000115529	215.62157134096	-0.937371042048983	0.120435885008206	-7.82184897543482	5.20530366368733e-15	2.59107003119196e-11
ENSMUSG00000046718	190.582068390595	0.93345058203094	0.121000873466663	7.62212632855105	2.49530643344443e-14	9.9368092792624e-11
ENSMUSG00000040856	236.933846694109	0.927091578726561	0.121300996417023	7.54871553960248	4.39571769564102e-14	1.45871891729847e-10
ENSMUSG00000026879	3300.83252756603	-0.61949957519079	0.0828034438709952	-7.48347523422001	7.23825483344588e-14	1.87856253731729e-10
ENSMUSG00000005397	1283.5663276864	-0.665551423666279	0.0889579235988219	-7.47797181390729	7.54783802849596e-14	1.87856253731729e-10
ENSMUSG00000064215	858.557428036134	0.782230572374701	0.105497180860167	7.39120273838453	1.45506557412393e-13	3.21909007182018e-10
ENSMUSG00000033355	116.166122027089	0.903441598782483	0.121863449673917	7.30942193887671	2.68294060627803e-13	5.34200304116019e-10
ENSMUSG00000023064	199.338970076936	0.863774235165118	0.121519821660698	7.02713350317184	2.10819635638238e-12	3.81602705926632e-09
ENSMUSG00000052229	1117.04964369255	-0.712329056286908	0.104315134979879	-6.84153805560014	7.8347384720162e-12	1.29997898096929e-08
ENSMUSG00000006522	2893.20516677394	0.600321173308801	0.0904579017289226	6.62984145548393	3.36047614987181e-11	5.14695697077674e-08
ENSMUSG00000025498	136.183604708816	0.794814064400429	0.121434845087873	6.47860138917983	9.25767145507753e-11	1.31663925958606e-07
ENSMUSG00000056071	113.013701297305	0.786363063132512	0.120766954361948	6.41354581723237	1.42173359916992e-10	1.88720917953816e-07
ENSMUSG00000037625	6943.68703558866	-0.496708790398612	0.0789403917610897	-6.29442426530986	3.08542871054034e-10	3.65484059864562e-07
ENSMUSG00000076439	1083.32136716004	-0.631201345926168	0.100378087742208	-6.2926705984164	3.120500737129e-10	3.65484059864562e-07
ENSMUSG00000002100	1561.08121027212	-0.582994335971624	0.0933548112444831	-6.24732306919683	4.17546840519426e-10	4.61876396754572e-07
ENSMUSG00000038173	761.923187309852	-0.607948942135206	0.0986134199777011	-6.16254873749334	7.1583288256492e-10	7.12647426237506e-07
ENSMUSG00000000204	24.6131674465181	0.592766995371816	0.0945274647368068	6.1692688238085	6.86065013510693e-10	7.12647426237506e-07
ENSMUSG00000026822	81.8913121941713	0.734887551743983	0.118317209874048	6.09800710134626	1.07398976705768e-09	1.01829572628026e-06
ENSMUSG00000022899	670.537517577831	-0.697080690563464	0.115818893963975	-6.05894713709147	1.37015408792135e-09	1.24005172930009e-06
ENSMUSG00000032854	4842.25969853754	-0.539339022876614	0.0894611317409696	-6.03398800072683	1.5996194767409e-09	1.38478362614731e-06
ENSMUSG00000056054	89.805271770133	0.727743793573443	0.119306921337649	6.0024517870247	1.94359984974309e-09	1.61245902534311e-06
ENSMUSG00000031425	84634.3274586575	-0.544839895208778	0.0928995737179336	-5.87371307810073	4.26140676912142e-09	3.39395480719906e-06
ENSMUSG00000029304	1519.58474828152	0.532397477859286	0.091056843513822	5.84257658728635	5.13995425677139e-09	3.9362165079452e-06
ENSMUSG00000032484	76.7644940938762	0.67548658764456	0.115586637305053	5.74622851554871	9.1255960096443e-09	6.72962007955658e-06
ENSMUSG00000047945	1183.75830293975	-0.594281791104322	0.104267008757665	-5.70994891649471	1.13010088660737e-08	8.03622812615688e-06
ENSMUSG00000032496	47.8906064723509	0.655271702828201	0.113079082969007	5.68226323845172	1.32923856951434e-08	9.12636867503451e-06
ENSMUSG00000025492	290.047158307601	0.640207301384108	0.113661377323782	5.61202106898331	1.99977082431565e-08	1.28443344783706e-05
ENSMUSG00000074634	314.956183576194	0.657210328599761	0.116486192224813	5.6155285924648	1.95962247462462e-08	1.28443344783706e-05
ENSMUSG00000092274	3565.26656920995	0.543097088620771	0.099282104419958	5.46063626791233	4.74431173186716e-08	2.95199971541272e-05
ENSMUSG00000027375	12112.9111891836	-0.42100581076591	0.0778856333274348	-5.40734291431549	6.39666020656051e-08	3.85951216281292e-05
ENSMUSG00000034459	236.191020234578	0.653599239976345	0.121495092514715	5.32691894558742	9.98927128197161e-08	5.84989354398049e-05
ENSMUSG00000093536	429.611371936781	0.593714083429937	0.113103336600272	5.23129697023764	1.68324841270209e-07	9.57575975580326e-05
ENSMUSG00000034275	6587.99676014204	-0.410402623001435	0.08045304413129	-5.10282767047242	3.34615682828255e-07	0.000185070357244261
ENSMUSG00000050967	378.654227746149	0.582540909471145	0.114695333739819	5.0608412054749	4.17410752830761e-07	0.00022462339188144
ENSMUSG00000020396	4653.21471507186	0.460186069232743	0.0914846598778368	5.02572304234811	5.01539271026057e-07	0.000262793379615785
ENSMUSG00000026043	361.417501620483	-0.593695629173625	0.119718034412969	-4.99922540138724	5.75610831219349e-07	0.000293871468215602
ENSMUSG00000099876	37.5299651536999	-0.00821564574352797	0.0142009860786219	-4.9634725607529	6.92438278908056e-07	0.000344678464283458
ENSMUSG00000027858	9007.3931780132	-0.418643596455869	0.0853953424890558	-4.90533319323398	9.32688753534388e-07	0.000442161089800553
ENSMUSG00000032446	1454.94806076925	-0.536641772188392	0.109720194909568	-4.90806179860571	9.19808739227752e-07	0.000442161089800553
ENSMUSG00000032487	77.4713884105685	0.579553300007718	0.117698997968635	4.85264272935551	1.21827045564574e-06	0.000551295069144598
ENSMUSG00000029561	214.107989223232	0.570370997972645	0.117033039022294	4.85522542036729	1.20249872154071e-06	0.000551295069144598
ENSMUSG00000110631	131.321270136125	-0.583003509387372	0.12177724825663	-4.81629728484001	1.46246591248971e-06	0.000647092417412947
ENSMUSG00000012520	25.581444519037	0.460694515087579	0.095399666519492	4.79265231934503	1.64590721143272e-06	0.000712427358409499
ENSMUSG00000000889	75.773720488179	0.547609864641447	0.113256106732881	4.76025567228439	1.93347870025547e-06	0.000819095625548651
ENSMUSG00000028364	649.120581495917	-0.4947250310933	0.104285552063585	-4.74542074932917	2.08073368841134e-06	0.000863114343124128
ENSMUSG00000063564	834.252769547537	-0.456142819434214	0.096367973590834	-4.73273125748492	2.21518696166019e-06	0.000900134440686042
ENSMUSG00000038375	11372.4903708966	-0.36862661277591	0.0789256906618628	-4.67210758275821	2.98124726350315e-06	0.00118719228527223
ENSMUSG00000055368	112.604336345881	0.548025603588692	0.115924698171377	4.6514683602958	3.29579846674752e-06	0.00128671849551784
ENSMUSG00000045658	819.4023296031	0.438435807446651	0.0947110898085443	4.62669980465934	3.71538427638799e-06	0.00140963478456056
ENSMUSG00000121179	1866.01660022317	0.490686790622185	0.105872303551546	4.62465469587949	3.75222960080907e-06	0.00140963478456056
ENSMUSG00000019232	5943.97937227994	0.471775571335731	0.102578891542878	4.59029420021827	4.42621685579766e-06	0.00163204451510717
ENSMUSG00000038007	398.536034711467	0.522023771668676	0.113554290834427	4.58195411749125	4.60650980045115e-06	0.00163786101137112
ENSMUSG00000030218	933.76146453029	-0.437670182492672	0.0954714079789284	-4.58417963761172	4.55772284445604e-06	0.00163786101137112
ENSMUSG00000021091	170.375636572974	0.554226769813823	0.120412847725115	4.57537161035275	4.75375425095211e-06	0.00166056141913522
ENSMUSG00000130119	357.46910868422	0.529431709485739	0.116006648409603	4.54732374444403	5.43323882516364e-06	0.00186519341806609
ENSMUSG00000027955	260.177882898316	-0.51685377621617	0.114674426751097	-4.50595078027859	6.60764036077584e-06	0.00219274545372346
ENSMUSG00000006782	15632.4150000054	-0.370523184550739	0.0822420311169908	-4.50733582208745	6.56466898764677e-06	0.00219274545372346
ENSMUSG00000027270	296.137152451192	0.413046177470446	0.0931069634429671	4.47540184086648	7.62677325273435e-06	0.00244930132637409
ENSMUSG00000033579	1829.98978055814	-0.382620207572512	0.0854541392686394	-4.47773226930076	7.54401288117531e-06	0.00244930132637409
ENSMUSG00000038630	1631.11926561796	0.456496997613536	0.102135214510754	4.46276997917793	8.09068912836083e-06	0.0025570430354729
ENSMUSG00000045232	14.2003320644591	0.299904846472279	0.0703980824073834	4.44637655570932	8.73308127837476e-06	0.00271694345833937
ENSMUSG00000062345	33.3437802427258	-0.436403297410471	0.104479264917619	-4.42963405115248	9.43931249510712e-06	0.00289147924753966
ENSMUSG00000104674	71.132342039628	0.53462730617712	0.119414583594219	4.41415527937465	1.01405156972834e-05	0.00305920921285772
ENSMUSG00000034164	424.897823373583	-0.472255214801014	0.107298716826397	-4.40036815589793	1.08067372469203e-05	0.00321153649736461
ENSMUSG00000059824	1853.09486328508	-0.490571548998356	0.112141663226818	-4.3937302164934	1.11422076303986e-05	0.00326253670777746
ENSMUSG00000047139	531.944889774201	0.492482321678931	0.112508772299957	4.36502667750957	1.27107245236942e-05	0.00366787298538081
ENSMUSG00000029661	1469.70150194407	-0.42053503717379	0.0967098767366675	-4.35084687570468	1.35612735025656e-05	0.00385740738156548
ENSMUSG00000027577	264.153833387998	0.511167783608383	0.117963759169226	4.31495037883384	1.59638757507606e-05	0.00447685535314641
ENSMUSG00000029223	3894.53966962464	0.413141087826927	0.0964077778898162	4.28062172282851	1.86371915676326e-05	0.00515396001809906
ENSMUSG00000022090	706.549467861967	-0.436246121986349	0.102329718486936	-4.26417858013595	2.00638932913994e-05	0.00547249560719252
ENSMUSG00000038642	1313.90049467928	0.413380855543598	0.0971833112812566	4.2498353382463	2.1392771918565e-05	0.00575610110365606
ENSMUSG00000026579	811.059395234024	0.491275864643834	0.115358382444442	4.23979354323495	2.23725457631729e-05	0.00593946344920715
ENSMUSG00000018459	1123.05312054571	-0.415128296323916	0.0983230029352533	-4.22403184553333	2.39970118880944e-05	0.00628690136452431
ENSMUSG00000002274	7037.82315717321	-0.354803222464546	0.084220124532937	-4.21462731379704	2.50190987383341e-05	0.0064695490257009
ENSMUSG00000004110	10557.065008402	-0.354768850506807	0.0845228319468483	-4.19936808747135	2.67660906947312e-05	0.00682838692107447
ENSMUSG00000020241	405.619752308671	-0.491576048338449	0.117651018457643	-4.1966208635569	2.70926908123592e-05	0.00682838692107447
ENSMUSG00000032036	3983.2579199192	-0.342048337795398	0.0821506942870403	-4.16464413285997	3.11838577606519e-05	0.00776127239840424
ENSMUSG00000052688	64.7808678564821	-0.476591095713437	0.118248997391425	-4.10769849270626	3.99621302652558e-05	0.00982328365075935
ENSMUSG00000019935	16.3639335280349	0.33555213617119	0.0819231165194503	4.09155114062648	4.28497423860259e-05	0.0104046490322946
ENSMUSG00000027489	1030.39451123747	-0.441664799231453	0.108484722906875	-4.07958123321494	4.51169021754792e-05	0.0106943171335234
ENSMUSG00000034765	4010.03544896699	-0.376173418236232	0.09222807908011	-4.08163557565156	4.47198787453284e-05	0.0106943171335234
ENSMUSG00000029059	1640.58013867369	0.363910418077444	0.0893638927776519	4.07056525868598	4.68992005542287e-05	0.0108582556073866
ENSMUSG00000097440	649.994212713541	-0.414822787310611	0.101867016893776	-4.07221002684879	4.65691579558777e-05	0.0108582556073866
ENSMUSG00000053411	2966.74044372043	0.336269978213819	0.0830888990749836	4.04584635637624	5.21344199497532e-05	0.0119315912140177
ENSMUSG00000086219	228.369968479128	-0.474520487465672	0.117802768585289	-4.03481002625157	5.46464929735565e-05	0.0122254642876009
ENSMUSG00000041730	10.4194075224059	0.290140306691505	0.0718226156731721	4.0369227111968	5.41569006755282e-05	0.0122254642876009
ENSMUSG00000040296	264.218358039479	0.462194216131362	0.114579925040791	4.0243129610812	5.71418870853723e-05	0.012349108867717
ENSMUSG00000042978	23273.6385623864	-0.32535416578893	0.0809226014009485	-4.02210622614958	5.76800323789706e-05	0.012349108867717
ENSMUSG00000058258	747.222404587331	-0.396508337476381	0.0985348580534076	-4.02384318267032	5.72560496021616e-05	0.012349108867717
ENSMUSG00000024810	1378.03502756997	0.402005596734243	0.0998011133868139	4.02354673055647	5.73282026213754e-05	0.012349108867717
ENSMUSG00000036634	6776.17055958638	-0.352409331611831	0.0878718894874235	-4.01275475614355	6.00142546617609e-05	0.0127121683464928
ENSMUSG00000042834	34562.3915076953	-0.317575045165382	0.0795028851060213	-3.99590884196667	6.44465308296949e-05	0.013507314477369
ENSMUSG00000022055	7763.038662447	0.364618044840607	0.0912842863459199	3.99133575643387	6.57021835918813e-05	0.0136270435156036
ENSMUSG00000037206	491.956769747822	-0.443181991789081	0.111432624875603	-3.98246011290692	6.82055742842365e-05	0.0140004246347777
ENSMUSG00000022054	4953.57998427403	0.421636264731089	0.105793902839081	3.97707007559733	6.97696093974629e-05	0.0141753335991111
ENSMUSG00000030638	581.573737293698	-0.452622343570168	0.114420167260808	-3.96901906021292	7.21691096945454e-05	0.0145147388194757
ENSMUSG00000049796	20.9299121573413	0.363565488283958	0.0911361409632118	3.9350924658546	8.31646713939014e-05	0.0161838267200397
ENSMUSG00000037235	4579.28396968338	-0.353317833164448	0.0899547385364049	-3.93000664767222	8.49435130991566e-05	0.0161838267200397
ENSMUSG00000042129	476.883348484314	0.431138774976312	0.109500584639287	3.93087375754894	8.4637707382731e-05	0.0161838267200397
ENSMUSG00000020893	4509.84917658027	-0.349978711465798	0.0891278761481963	-3.92887305466077	8.53448749738421e-05	0.0161838267200397
ENSMUSG00000046879	242.492349022052	0.455106125925438	0.115233950040739	3.93970169962526	8.15829867585767e-05	0.0161838267200397
ENSMUSG00000038843	610.71778553906	-0.4051254849984	0.103082202192063	-3.93087668693979	8.46366760329378e-05	0.0161838267200397
ENSMUSG00000041828	236.823076663199	0.456474003486706	0.116013660590463	3.92456839624887	8.68853718622148e-05	0.0163205154636657
ENSMUSG00000071847	876.830881446789	-0.374416303556007	0.0955429256098072	-3.91864022652922	8.90499171519297e-05	0.0165707747702063
ENSMUSG00000055945	1994.47143508208	-0.363248299905661	0.0928464412537958	-3.91411963058506	9.0734645096946e-05	0.0167279399863453
ENSMUSG00000023868	4092.48324650753	-0.348591168531355	0.0892102113312848	-3.90955522169055	9.24662165263423e-05	0.0168907783234496
ENSMUSG00000029602	435.256868770895	-0.426370095277132	0.10926231490259	-3.90382662573575	9.46836200065678e-05	0.0169841942157727
ENSMUSG00000075602	823.695270039928	0.386662199162156	0.0989560897618763	3.90445827296314	9.44366835396705e-05	0.0169841942157727
ENSMUSG00000045136	3089.68136555892	-0.33123194579352	0.0849632553205003	-3.89956914534818	9.63640152008693e-05	0.0171312848809331
ENSMUSG00000036402	2574.29948523066	-0.322240091268365	0.0829641495552522	-3.88461209636659	0.000102493396383118	0.0180596992511882
ENSMUSG00000075394	11.0200352035736	0.283967975714136	0.0733857780379379	3.86991762552696	0.000108872133072487	0.0190153775579498
ENSMUSG00000028927	915.768735701444	-0.366249346369923	0.0948628964017875	-3.86056090351666	0.000113127038380014	0.0194923267344818
ENSMUSG00000011884	1453.46209295159	-0.364294623134231	0.0944180712489407	-3.85962568065141	0.000113560840801561	0.0194923267344818
ENSMUSG00000041607	119196.453009945	-0.33639551411398	0.0874150634424312	-3.85074913824531	0.000117757071075073	0.0200398379673143
ENSMUSG00000026478	1451.59267034704	-0.342675407424645	0.0891973693537203	-3.8420804893076	0.000121995813407192	0.0205428189091399
ENSMUSG00000027852	1754.05237960856	-0.339107199379949	0.0883089758314984	-3.84051568646272	0.00012277612627129	0.0205428189091399
ENSMUSG00000022146	229.159690463776	0.459175934288821	0.119119967140675	3.8367938275301	0.0001246510349224	0.0206827229694993
ENSMUSG00000057455	3995.75277053315	0.329133868906003	0.0858054570876317	3.83424433789638	0.000125950896159787	0.0207256883755168
ENSMUSG00000027514	12.031819032513	0.291648503657771	0.0759485226758786	3.83212557047078	0.000127040863309325	0.0207336936832128
ENSMUSG00000031558	462.977884225082	0.432404256430601	0.112671910885439	3.82812286840155	0.000129124296142945	0.0209023891097739
ENSMUSG00000040653	550.597886020145	-0.389225642638513	0.102044240468817	-3.81344362802461	0.000137043795365666	0.0220054758832724
ENSMUSG00000031618	1006.93998989959	0.350984059128408	0.0928185584414229	3.78013860963069	0.000156741075084687	0.0249669723680896
ENSMUSG00000085873	252.786009678778	0.431318044028299	0.114429337280025	3.76110296309799	0.000169165773176236	0.0267322199183495
ENSMUSG00000057457	227.044090695991	-0.442852980236057	0.118103452284632	-3.75660571327092	0.000172233534493297	0.0270026921676853
ENSMUSG00000073418	530.059748378181	0.402377464563887	0.107630424152035	3.73387856409946	0.000188553433057359	0.0293303703562896
ENSMUSG00000046480	3580.14545821303	0.327101232702858	0.0877835345107165	3.72453091216075	0.00019567873504733	0.0302027852211425
ENSMUSG00000027669	1098.70138915516	-0.353179441032614	0.095032811789751	-3.71696098788231	0.000201633563798526	0.0306836257142084
ENSMUSG00000030921	145.990306411559	0.452008157262364	0.121031824194733	3.71489243149371	0.000203290154210117	0.0306836257142084
ENSMUSG00000035237	2129.69119193342	-0.320631303413602	0.0863268517375961	-3.71473452562393	0.000203417135968837	0.0306836257142084
ENSMUSG00000031342	67708.4164128918	-0.300354716589853	0.0810020746415955	-3.70939711746942	0.000207753355681051	0.0310407483010464
ENSMUSG00000076617	145.374241342413	0.452518521017215	0.121403870632344	3.70707700841432	0.000209665202928294	0.0310407483010464
ENSMUSG00000050321	248.844053877711	0.450390416962864	0.120840689656922	3.70611639741822	0.000210461605175092	0.0310407483010464
ENSMUSG00000005045	1629.1857129032	0.400014635459291	0.108203713545136	3.68905312766383	0.000225090216611857	0.0329542007570491
ENSMUSG00000043301	1307.63446693538	-0.352421876668996	0.0959154621332668	-3.67572019598009	0.000237179365119347	0.0344706448094256
ENSMUSG00000107134	1147.16688909794	-0.350671320690601	0.0955499043253506	-3.67089029833257	0.000241707072102778	0.0348741269031769
ENSMUSG00000039607	842.827768721103	0.387920349979005	0.105765466690475	3.66285789455712	0.00024941691952355	0.0357276279470029
ENSMUSG00000040809	28.8465767676917	0.328760022161767	0.0889477831821561	3.65921563065331	0.000252988403301687	0.0358145039747692
ENSMUSG00000039728	1490.93283490889	0.412399974151242	0.112383968168132	3.65857566430865	0.000253620865875268	0.0358145039747692
ENSMUSG00000025533	508.130828738989	0.383707321919043	0.10488943148376	3.65475169051053	0.000257431009869679	0.0360965411092618
ENSMUSG00000047793	1468.43832635651	-0.329637988263209	0.0904888087068731	-3.64333594165422	0.000269127213261706	0.0374726709318449
ENSMUSG00000001076	21.9674741304011	0.275952224300785	0.0768334674185088	3.62735303283586	0.000286341662895096	0.0395927003465574
ENSMUSG00000031026	1140.15989793846	0.347478259707597	0.095853678058764	3.62309294658667	0.000291101158283759	0.0396994189218351
ENSMUSG00000031775	312.286892526393	-0.408634898832522	0.112793129031211	-3.62371136266006	0.000290405677055036	0.0396994189218351
ENSMUSG00000001506	579.145588210671	-0.429334926321888	0.119424867380543	-3.61957499409711	0.00029508728276943	0.039969271341647
ENSMUSG00000049107	214.812945185989	-0.429439940392209	0.119007205078536	-3.6163466614672	0.000298790176824435	0.0401973730456171
ENSMUSG00000029622	413.770787348352	-0.384174335000059	0.106321272161047	-3.612171179704	0.000303644009624089	0.0405762139303707
ENSMUSG00000042644	738.069193892862	0.356794357864633	0.0990930055138527	3.59833486099322	0.000320261102943277	0.0425114588046905
ENSMUSG00000022656	1344.33411428173	-0.331819847580534	0.0926651603847129	-3.58167598476299	0.000341397046965503	0.0450169311399346
ENSMUSG00000017868	65.338309566307	-0.415758490602576	0.118377412545861	-3.57060413155007	0.000356158827182866	0.0466544632107766
ENSMUSG00000040152	476.877764288084	-0.402618982335338	0.113118645649909	-3.56551548912351	0.00036314171291028	0.0468332622382244
ENSMUSG00000030107	77.6926143522551	0.426087699096815	0.117975372507843	3.56447862125244	0.000364580164076379	0.0468332622382244
ENSMUSG00000032517	44360.3275119768	-0.302588031025238	0.0849084332925032	-3.56542968250792	0.000363260551081051	0.0468332622382244
ENSMUSG00000026896	241.337667345183	0.413730600405037	0.116444351742754	3.54399226439695	0.000394116808841831	0.050302947313139
ENSMUSG00000022949	1698.84662904495	0.371260266011272	0.104674709628078	3.54103811835183	0.000398555993873134	0.0505455311720253
ENSMUSG00000010122	314.51270215135	-0.420766410814957	0.11987343854237	-3.52837273855933	0.00041812294129996	0.0526914296469841
ENSMUSG00000078853	136.510365292979	0.42771819490693	0.121240486595755	3.51120099503944	0.000446086977607346	0.0558618730260368
ENSMUSG00000039328	955.332162914907	-0.342855375683725	0.0979727941363416	-3.50048385184872	0.000464414374500879	0.0577934663167938
ENSMUSG00000037242	7390.04310629575	-0.271380928572108	0.0779187153875364	-3.48353890588461	0.000494831193936437	0.0611961733072571
ENSMUSG00000052951	49.6567467167934	0.389808143617393	0.110287561172834	3.46789091812576	0.000524560170977682	0.0631258755701239
ENSMUSG00000078161	700.124849522502	0.396304225639986	0.113929863206955	3.46872877287625	0.000522927092068464	0.0631258755701239
ENSMUSG00000059325	3341.57717517756	-0.314898951246913	0.0908362030046018	-3.46838886783608	0.000523589035511807	0.0631258755701239
ENSMUSG00000110140	25.7092313641598	0.339961654531317	0.0959487862770294	3.46969030858942	0.000521058783782994	0.0631258755701239
ENSMUSG00000020538	1802.61483556471	0.293845995075629	0.0847437825988254	3.46675539600552	0.000526781025726428	0.0631258755701239
ENSMUSG00000056427	829.159668328045	-0.337060339994995	0.0972658140126089	-3.4653930091009	0.000529457145307151	0.0631258755701239
ENSMUSG00000039621	4715.43017574823	-0.284413685885212	0.0823638015527791	-3.45399892068107	0.000552339586125827	0.0652440862415357
ENSMUSG00000041380	1313.85661776023	0.390201023491664	0.112655690294639	3.45329801996271	0.000553776835659662	0.0652440862415357
ENSMUSG00000014846	2123.84612020709	0.292263955808171	0.0847086832874617	3.44946772558005	0.000561692870208461	0.0657874514042393
ENSMUSG00000073489	29.0775983824353	0.357524906849921	0.101550326629257	3.44466791820052	0.000571761371593901	0.0665750916362933
ENSMUSG00000026104	706.451092172542	0.335997017607856	0.0975779218549072	3.441849840467	0.000577750863957718	0.0668813805364077
ENSMUSG00000024617	4106.52873259604	-0.28774781349787	0.0840208121357617	-3.42559942521876	0.000613444367058447	0.0706028369508713
ENSMUSG00000008318	522.020874589046	0.353304815469593	0.103136133394568	3.42341667786434	0.000618392066434389	0.0707632438780179
ENSMUSG00000143972	258.271823099242	0.40791742657232	0.119147074422905	3.40967462588299	0.000650404245509601	0.0731649657194444
ENSMUSG00000097929	1837.59802280484	-0.323529863393841	0.0948902879041629	-3.4111747876632	0.000646836123039573	0.0731649657194444
ENSMUSG00000024661	34007.5090734296	0.259304292360705	0.0760219640248737	3.41015037031694	0.00064927071406491	0.0731649657194444
ENSMUSG00000037370	565.166024275871	-0.343866034838559	0.10114829170785	-3.39910769101356	0.000676060910691921	0.075623869622398
ENSMUSG00000038370	2670.59264004295	0.310309812199513	0.0913155387671454	3.39634350239467	0.000682925970923784	0.0758652381883798
ENSMUSG00000051615	2416.30214097475	-0.30288624457683	0.089238960107182	-3.39517833016417	0.000685839127814192	0.0758652381883798
ENSMUSG00000067578	142.926059209894	0.413400686408498	0.120794816491278	3.38456208904659	0.000712918931078253	0.0784250211972326
ENSMUSG00000047557	1653.79114805604	-0.29953062155272	0.0886349721922009	-3.37983997768643	0.000725280442551225	0.0793464774265794
ENSMUSG00000021143	5582.26591075436	-0.298480337426725	0.0885768807563242	-3.37131879993233	0.000748092331251579	0.0813948984019136
ENSMUSG00000027820	162.959841110053	0.413731762537376	0.121841650173887	3.36642512621818	0.000761492514653998	0.0824025948873682
ENSMUSG00000026837	914.342335070324	0.341430344185071	0.101716487299041	3.35358207044529	0.000797727525794267	0.0844869827983492
ENSMUSG00000031431	7082.24379914229	-0.298755602913147	0.0890646527206529	-3.35612237017097	0.000790435859810197	0.0844869827983492
ENSMUSG00000104494	263.491736032404	-0.391746813190783	0.116975132564783	-3.35493533286679	0.000793835393031725	0.0844869827983492
ENSMUSG00000040483	147.280670525377	0.408986316082894	0.121154189318847	3.35785206658424	0.000785506399439481	0.0844869827983492
ENSMUSG00000026247	43.373826810464	0.371626391573756	0.109090205195887	3.34630822503476	0.000818953068664379	0.0858219713167182
ENSMUSG00000022860	24.0586647229672	0.294782099349606	0.0871806003722517	3.34675739487207	0.000817627331199207	0.0858219713167182
ENSMUSG00000042761	146.655077860483	0.40373202451522	0.120288744415594	3.34461745317815	0.000823961333330094	0.0858947335494006
ENSMUSG00000028555	211.636505302977	0.39384824195487	0.117928325029068	3.33104063446776	0.000865219714878909	0.0897259882445519
ENSMUSG00000029695	375.74583300459	0.373274168799046	0.111998666494986	3.32724062169971	0.000877106006352089	0.0904873455568728
ENSMUSG00000051985	74.5527299217842	0.399675215435143	0.118866831035269	3.31765608670065	0.000907761800258416	0.0920926651592753
ENSMUSG00000040035	9878.28606004014	0.288478762635332	0.0870366746772701	3.3129221402026	0.00092326678412696	0.0920926651592753
ENSMUSG00000029675	192.015588594621	-0.39993781531815	0.121882934367477	-3.31597979931863	0.000913224296760706	0.0920926651592753
ENSMUSG00000020150	370.819381205505	-0.36560710812971	0.110156217425976	-3.31939520083305	0.000902126587923382	0.0920926651592753
ENSMUSG00000015968	1960.09335082819	-0.280918352801876	0.0848101234549969	-3.31258849237881	0.000924368777632859	0.0920926651592753
ENSMUSG00000032267	2754.89811944788	-0.272078154191198	0.082148527268979	-3.31238451320317	0.000925043093358197	0.0920926651592753
ENSMUSG00000020681	1373.4481503517	0.376555844435656	0.113119004049595	3.31866022502208	0.00090450414609248	0.0920926651592753
ENSMUSG00000071341	200.340210724138	-0.3991710999594	0.121847617072628	-3.30811121569331	0.000939275006120592	0.0928550222011999
ENSMUSG00000037492	567.00960836209	0.386832826359756	0.11657154994871	3.30729160231728	0.000942027747709425	0.0928550222011999
ENSMUSG00000026222	154.580245932042	0.405397950159154	0.121772852223405	3.30526719314819	0.00094885895748026	0.0930676389280269
ENSMUSG00000046442	2179.1590976743	0.33085784816452	0.100121261367186	3.3013268164323	0.00096228721315868	0.0939220622607965
ENSMUSG00000038357	21.6860038375573	0.307291174733076	0.0916869895237898	3.29405639810911	0.000987526821937844	0.0959153490322167
ENSMUSG00000021367	124.544330539045	-0.396496860313249	0.121772926563563	-3.28487212342036	0.00102028667025137	0.0986161548125001
ENSMUSG00000038253	14.8204891783105	0.255975433312532	0.0777192170510368	3.28307581918154	0.00102681045097371	0.0987672603349636
ENSMUSG00000040298	24.4878854273779	-0.302814962495398	0.0977772992779545	-3.27542745764542	0.00105502205805362	0.100993000951469
ENSMUSG00000042631	631.999427552092	-0.357722455412818	0.10957306404756	-3.26936552721423	0.00107788958099629	0.101448635091185
ENSMUSG00000027895	1881.36074691949	0.275514989583042	0.084271193129689	3.26876958171469	0.00108016225399685	0.101448635091185
ENSMUSG00000015396	757.632219174792	0.361800380693006	0.110352523387079	3.27212296978063	0.00106743137772019	0.101448635091185
ENSMUSG00000093930	5863.83844328765	-0.300437690187318	0.0919640402344719	-3.26900628326533	0.00107925904871663	0.101448635091185
ENSMUSG00000030048	91.8607314101663	-0.378773904510847	0.118595276175545	-3.26572051057587	0.00109185957191644	0.102065802518443
ENSMUSG00000053465	119.016006392294	-0.392579809247176	0.121778439694426	-3.25257633082955	0.00114363874647983	0.106406500379252
ENSMUSG00000002341	792.650344765085	-0.315165416245057	0.097002101719601	-3.24912884887447	0.00115759030858061	0.107203630856505
ENSMUSG00000008489	1705.79220558017	0.347349909153929	0.106970784360621	3.24167225275468	0.00118830597000649	0.108533762242199
ENSMUSG00000109127	65.4186633547611	-0.356218531489381	0.113532100724933	-3.24385819925277	0.00117922435918592	0.108533762242199
ENSMUSG00000032332	599.445687337148	-0.327321555618101	0.100928937234226	-3.24267469034194	0.00118413330661072	0.108533762242199
ENSMUSG00000103509	173.338928671343	-0.390916316822307	0.121436783090384	-3.23817130368621	0.00120298553376614	0.109372808049396
ENSMUSG00000038550	605.580993018192	-0.361792117028258	0.112007375533494	-3.23663934139746	0.0012094616287162	0.109461774951674
ENSMUSG00000022505	1306.69848857042	-0.334138060846676	0.103591360691052	-3.22886019220001	0.00124284637851536	0.111934103838974
ENSMUSG00000025727	494.647622827039	0.374061990853855	0.115532676631589	3.22767145249799	0.00124802225163237	0.111934103838974
ENSMUSG00000020641	76.6567639603345	0.392439872583455	0.120794163428114	3.21986721887608	0.00128249984881528	0.11451055825005
ENSMUSG00000026235	1075.56340118293	0.312369440201279	0.0970416186032549	3.21719798081433	0.0012944923759632	0.11455394532357
ENSMUSG00000092368	188.133493429849	-0.384619952823334	0.119795935634948	-3.2183695596972	0.00128921594150877	0.11455394532357
ENSMUSG00000021919	17.4073962764242	0.267626350786808	0.0824749530637759	3.21056108322556	0.00132476109634884	0.116199639600889
ENSMUSG00000022639	238.752553651482	-0.373586673339415	0.116470626781446	-3.21067986146777	0.00132421369609147	0.116199639600889
ENSMUSG00000023484	40.1042368322969	0.308527907194051	0.0947858787350976	3.20173066598601	0.00136604656775667	0.119295408818435
ENSMUSG00000028037	50.7428999061645	0.361876259936699	0.11147577481936	3.19868405875146	0.00138056374387996	0.119970274785148
ENSMUSG00000028782	3324.76094461335	-0.27226140638277	0.0851659995031429	-3.19758719313382	0.00138582508164251	0.119970274785148
ENSMUSG00000032261	1790.11339305059	0.273132822833138	0.0854949299476063	3.19408515018777	0.00140274735515515	0.120909535015126
ENSMUSG00000057969	315.050377264741	0.374343478546	0.116911040783243	3.19147232095592	0.00141549672881274	0.121482566238752
ENSMUSG00000021728	2450.94055968137	0.26592104017108	0.0834148542620537	3.18729354923458	0.00143610940433815	0.122722636694321
ENSMUSG00000070436	1229.63999555895	-0.326066624602541	0.102616880893916	-3.18013379185359	0.00147207069739365	0.1252581181872
ENSMUSG00000043384	19216.4703085261	0.297910846687989	0.0937259495221021	3.17612972760889	0.00149254190047851	0.126459582044372
ENSMUSG00000038668	2055.91918145505	-0.289954160382121	0.0913913427082421	-3.17377331023076	0.00150471160781712	0.126950478064605
ENSMUSG00000019873	4524.9520320063	-0.295731217093335	0.093324100720503	-3.17088966562244	0.00151972854207925	0.12767643460481
ENSMUSG00000026062	189.976916326823	-0.380811229842651	0.120662140076744	-3.16727056287655	0.00153877080001024	0.128733047894974
ENSMUSG00000026872	3508.52729212765	-0.29654189372512	0.0938739110501234	-3.16100203345184	0.00157227400849403	0.130985555577927
ENSMUSG00000043773	295.015871933055	-0.375360199922021	0.119444633622007	-3.15462816048686	0.00160702778719331	0.133323042795025
ENSMUSG00000022440	83.8362747297135	-0.377732077432733	0.121264071382287	-3.13842011996445	0.00169861225694241	0.140336384431454
ENSMUSG00000033249	168.556209153026	0.380846729883274	0.120918527824747	3.13537348694688	0.00171635441501634	0.141216251063597
ENSMUSG00000020387	1840.23851892797	0.271407798430501	0.0866287444823887	3.13230456656917	0.00173439853188428	0.142113617976741
ENSMUSG00000050370	19.0297258078844	0.284427892358366	0.0891952227922469	3.12307363142715	0.00178972967497805	0.146046342452819
ENSMUSG00000062098	20948.3614433425	-0.248895432601312	0.0798510092836332	-3.11783106043135	0.00182187202694785	0.146328695205546
ENSMUSG00000029605	29.7022300526118	0.322416025060681	0.101151683503938	3.11652921622674	0.00182993546814228	0.146328695205546
ENSMUSG00000052776	48.6891520801945	0.350150743013693	0.110210231075604	3.11849646392538	0.00181776323194446	0.146328695205546
ENSMUSG00000010476	575.272944838075	0.337645932421552	0.108096519291702	3.11991811251217	0.00180901322247291	0.146328695205546
ENSMUSG00000044949	837.128495367797	-0.317790789116698	0.10199685804275	-3.11688252630808	0.00182774387873481	0.146328695205546
ENSMUSG00000046352	379.012613975604	-0.359576973472583	0.115670513632225	-3.11456248603764	0.00184217932971843	0.146718530536095
ENSMUSG00000011256	522.626617945631	-0.329430688551204	0.105962014091369	-3.10960437037086	0.00187338085412871	0.148609108312975
ENSMUSG00000046618	185.415026339617	-0.37196907972012	0.120227829094555	-3.10143035716138	0.00192588168229155	0.152167580063917
ENSMUSG00000027166	2088.70288812181	-0.269399102580897	0.0871778728935947	-3.09068998094076	0.00199692011422205	0.156538096040454
ENSMUSG00000025213	156.48962096971	0.376829520416983	0.121289778160612	3.09096085333806	0.00199509935121989	0.156538096040454
ENSMUSG00000030255	659.1592919416	-0.313984583778719	0.101660510832294	-3.0889103599607	0.00200892042942802	0.156861234001338
ENSMUSG00000002108	346.872253670001	0.350881973878149	0.113628591964259	3.0823475749389	0.00205374880017676	0.157884912588106
ENSMUSG00000130847	109.779056022909	-0.22501195344271	0.0854119155336171	-3.08290420137349	0.002049911335474	0.157884912588106
ENSMUSG00000002266	317.839667424122	0.350060452167551	0.113330240174389	3.08453570948581	0.00203870134600466	0.157884912588106
ENSMUSG00000041895	1433.24640949867	-0.303324339801781	0.0984430495122752	-3.08296917526821	0.00204946382489164	0.157884912588106
ENSMUSG00000040811	2658.10804543031	0.28450587683548	0.092582397775184	3.07137872348182	0.0021307270200696	0.162676567399042
ENSMUSG00000036036	585.829298061271	-0.32042008728984	0.10435028517474	-3.07114180992787	0.00213241846673447	0.162676567399042
ENSMUSG00000072966	4763.01039995028	0.316530871285376	0.103134908021732	3.06495884683259	0.00217699950154456	0.16484114573026
ENSMUSG00000020661	5648.50180752573	-0.264779509919111	0.0864224533307925	-3.06491065982645	0.00217735027507701	0.16484114573026
ENSMUSG00000076441	321.379545579898	0.356063422160794	0.116139287780751	3.05844872730449	0.00222486148339006	0.167800064377952
ENSMUSG00000109321	1303.47890589588	-0.317119937522622	0.104025673302976	-3.05199477908964	0.00227326054766374	0.170803361375595
ENSMUSG00000021186	459.299320864463	0.33228514926941	0.108809327829015	3.05027318902401	0.00228633295866162	0.17113975766884
ENSMUSG00000102428	440.039484410383	0.319616123670876	0.104868009800009	3.04609305443199	0.00231836072537274	0.172887192520212
ENSMUSG00000047090	462.601308153949	-0.31827211708221	0.10453928905953	-3.04422940843603	0.00233277179222401	0.173312758040941
ENSMUSG00000069662	6538.82887302795	-0.254115592397428	0.0836298579282596	-3.03944660522235	0.00237013211987444	0.175433831371078
ENSMUSG00000032652	1997.43292233995	0.282886201543337	0.0930765712709864	3.03785471374579	0.00238268799630671	0.175440015487096
ENSMUSG00000001555	249.669555333101	-0.350515716694489	0.115473005143549	-3.03720398150244	0.00238783808934774	0.175440015487096
ENSMUSG00000057596	99.467826970277	0.37211090134075	0.121805003251761	3.03572515906399	0.00239957985563509	0.175654538623346
ENSMUSG00000030772	868.282638324386	0.305928173446377	0.10112002832794	3.02332976589475	0.00250009645105336	0.181676716923078
ENSMUSG00000049721	360.151551968889	-0.340583581459013	0.112725957296659	-3.02404410931042	0.00249420070376041	0.181676716923078
ENSMUSG00000050105	92.7230030312611	0.369529496143092	0.12153848476883	3.01635591969811	0.00255832768499241	0.184867464668549
ENSMUSG00000030074	83.3907709038691	-0.357145212140754	0.119901624684585	-3.01585301720643	0.00256257446881218	0.184867464668549
ENSMUSG00000109178	261.344608519001	-0.359764802973512	0.120037696853314	-3.01123186033534	0.0026019009133171	0.187026892003815
ENSMUSG00000024411	21282.4255162489	-0.238762437199405	0.0795688806967254	-3.00146631386627	0.0026868276509098	0.192436781860666
ENSMUSG00000054667	36.5988455926813	0.268658626731176	0.0882198457654125	2.99802510422543	0.0027173528872589	0.1937223897638
ENSMUSG00000021703	2869.31734611985	-0.263381020420718	0.0879311726689584	-2.99616709961696	0.00273396572365164	0.1937223897638
ENSMUSG00000020638	613.794758333464	0.312950151530775	0.10433780421454	2.99721768804736	0.00272456081209524	0.1937223897638
ENSMUSG00000125567	18.2943256529715	-0.250858900865104	0.08977169509968	-2.99252302210139	0.00276681797949304	0.195355009892503
ENSMUSG00000028876	401.169212305559	0.354393274679259	0.118224329471851	2.98705840723712	0.00281675902358005	0.198178406072446
ENSMUSG00000057777	114.670193727623	0.365151417224622	0.121856529820138	2.98199980393048	0.00286372182293492	0.200773116959356
ENSMUSG00000078922	31.9581893631537	0.309366371671503	0.10156815493979	2.98032803396779	0.00287939857119547	0.201163877021309
ENSMUSG00000031980	3555.36406694274	0.238131581696046	0.0799601548365745	2.97762205415	0.00290493955177133	0.201533977056861
ENSMUSG00000069874	209.886199755963	0.355649556803832	0.11906202577066	2.9783493202617	0.00289805484944898	0.201533977056861
ENSMUSG00000030172	4045.22287953037	-0.264976783683166	0.0891522224360096	-2.97338368691754	0.00294536013927303	0.203628700462032
ENSMUSG00000061740	1888.95399474826	0.264988248132643	0.0892492116296601	2.96814199157602	0.00299605892427533	0.206417056198084
ENSMUSG00000073680	3077.6977355961	-0.251421091857528	0.0848298296159429	-2.96436993440843	0.00303303428820799	0.207528335781819
ENSMUSG00000040488	796.28349062179	-0.309257060237229	0.104372535237644	-2.96481224980201	0.00302867707915511	0.207528335781819
ENSMUSG00000025821	1173.65435042625	-0.264594652359276	0.0893082686307785	-2.96262993363142	0.00305023042130143	0.20799019835114
ENSMUSG00000050121	587.979465421929	-0.34424740664716	0.116696077123778	-2.9606904491671	0.00306950277845593	0.208589999391932
ENSMUSG00000035773	241.823659595443	0.347139854684465	0.117050666139693	2.95823147736546	0.00309409682935188	0.209546129147025
ENSMUSG00000074578	581.271851860982	0.303711494574056	0.102794117894677	2.95283789868178	0.00314867258615211	0.212111401602197
ENSMUSG00000020932	7130.91158897155	-0.245189357112078	0.0830698437170145	-2.9523863874346	0.00315328084346594	0.212111401602197
ENSMUSG00000045284	992.559586530118	0.288082261539981	0.0976084491594452	2.94993904728078	0.00317836626699227	0.213078958727553
ENSMUSG00000120913	42.2686750309284	-0.320432521253484	0.1114619701127	-2.94695057441112	0.00320924494454561	0.213709953481096
ENSMUSG00000031636	78.1488553839324	-0.353374691228902	0.120850191654427	-2.94769625461176	0.00320151464205862	0.213709953481096
ENSMUSG00000032018	4137.12558003772	-0.246673721190269	0.083809094485994	-2.94397505299478	0.00324026116952951	0.215056133821674
ENSMUSG00000029581	1715.31742395343	-0.283080493894483	0.0964028586752263	-2.93781921570408	0.00330529702955914	0.218643751347349
ENSMUSG00000061436	5204.61546083489	-0.296443173483335	0.101135115875731	-2.93474705152278	0.00333819693756433	0.219685706127423
ENSMUSG00000000948	595.834937770231	-0.338179442754242	0.115665062600878	-2.93326740446768	0.00335414869482881	0.219685706127423
ENSMUSG00000126157	219.468342949002	-0.353797426854298	0.12137335893057	-2.93377966230307	0.00334861831414411	0.219685706127423
ENSMUSG00000075020	484.030410858317	-0.342363400486863	0.117416468102302	-2.92571149692094	0.00343669483858108	0.222168931594116
ENSMUSG00000027487	232.163630520495	0.359640478671907	0.121730437514069	2.92753276567824	0.00341663058506373	0.222168931594116
ENSMUSG00000028268	239.634732806487	0.351951194911289	0.119793663688065	2.92788644743107	0.00341274658944596	0.222168931594116
ENSMUSG00000109904	133.682433993117	-0.353954083619425	0.121874725804582	-2.92576733081874	0.00343607814668526	0.222168931594116
ENSMUSG00000056174	463.116659360142	0.342600915803222	0.116799889514986	2.92312576954107	0.00346536510900947	0.223297361441707
ENSMUSG00000046598	1961.49153233461	-0.2693429249043	0.092219529355548	-2.92160174567485	0.00348236511688903	0.223668941427024
ENSMUSG00000043168	10.3003801045449	0.197653159293897	0.0677995214631561	2.91869103222487	0.00351504426950903	0.225041950000625
ENSMUSG00000027524	277.515084385227	-0.334535631916055	0.115378719619298	-2.90223557170365	0.00370509808401672	0.236449384457875
ENSMUSG00000071531	190.430152323171	0.350919071541663	0.120577142844408	2.90003123239699	0.00373125479389511	0.23735787284743
ENSMUSG00000052974	32.2917008354218	-0.270047024322642	0.0987939032508711	-2.89754818219848	0.00376091963869022	0.238483028426627
ENSMUSG00000136383	354.281365945331	-0.330978185515354	0.114453278564554	-2.89578293147878	0.00378213916781872	0.23906721577917
ENSMUSG00000039976	3910.59034179242	-0.270671712938583	0.0939085509552762	-2.88402071587203	0.00392632923720302	0.247396017221358
ENSMUSG00000030337	10710.0080540125	0.258102256933511	0.0894985589722329	2.88245247214279	0.00394592658805796	0.247846511971047
ENSMUSG00000025283	2176.19108503954	0.291628326988254	0.101114260682831	2.88131250860339	0.00396022769948833	0.247962558882113
ENSMUSG00000061859	7525.62654631148	0.261810529111636	0.0909536628565018	2.87698573161085	0.0040149374914695	0.2506000639268
ENSMUSG00000061013	217.72073352154	0.337401254500655	0.117197732804139	2.87364784328771	0.00405761117222553	0.25247217515682
ENSMUSG00000002325	825.728163777833	0.282859254657756	0.098501833143266	2.87014090215663	0.00410288925906705	0.254494168340449
ENSMUSG00000106847	9183.94556876809	0.271788019009612	0.0947512086650209	2.8664147250568	0.00415149988274098	0.25670967132067
ENSMUSG00000034832	3246.72664433937	-0.244698613219645	0.0855552180988454	-2.86080168514804	0.00422571292068938	0.259685709764958
ENSMUSG00000022791	5237.36939235604	0.248099303798776	0.0866672859501565	2.86163025670731	0.00421468275734793	0.259685709764958
ENSMUSG00000090486	34.2131524548186	0.279829446495482	0.0957841030257098	2.857705934714	0.0042671564168044	0.261425696661515
ENSMUSG00000037014	112.659795094321	-0.344620803904367	0.121851248214336	-2.84483750931788	0.00444340837826995	0.266363824746601
ENSMUSG00000032841	611.943653570111	-0.284615686997322	0.100000097453542	-2.84584007546615	0.00442944342765416	0.266363824746601
ENSMUSG00000025855	10820.7086048479	0.228189545598637	0.0801252030093764	2.84724664761119	0.00440991803903975	0.266363824746601
ENSMUSG00000029822	807.865933858154	0.272650091746929	0.0958377503106934	2.84402312503944	0.00445478145952579	0.266363824746601
ENSMUSG00000034327	1538.70115634474	0.263987139710528	0.0926028845782589	2.84980534017475	0.0043745993552868	0.266363824746601
ENSMUSG00000141869	75.0251920746791	-0.323817017714175	0.116409834900797	-2.84670885616994	0.00441737418312881	0.266363824746601
ENSMUSG00000034422	196.275598828377	0.342552525949049	0.120054027310434	2.84417848447417	0.00445260979197987	0.266363824746601
ENSMUSG00000024901	837.227606160377	0.276131658776651	0.0970189899612229	2.84525909633192	0.00443753115173841	0.266363824746601
ENSMUSG00000046699	3297.86196953267	-0.271654470049174	0.0956473582338856	-2.84207666081025	0.00448207126505338	0.26639558495068
ENSMUSG00000030376	5612.89473171278	-0.267858080130956	0.0942882845447275	-2.84270571415438	0.00447323529414035	0.26639558495068
ENSMUSG00000018339	39.7856350396194	0.319036035537289	0.110702007134053	2.83778928304752	0.00454271613195176	0.269196490783606
ENSMUSG00000047228	40.8905877293217	0.321665703936746	0.111953255250867	2.83296925325816	0.00461178216529325	0.27200847296404
ENSMUSG00000037493	466.819149944892	0.314344278013585	0.110827449974702	2.83257377002869	0.00461749102816762	0.27200847296404
ENSMUSG00000054793	7016.57279865679	-0.236689975433922	0.0838000037584372	-2.82522668494529	0.0047247177056793	0.276687806581707
ENSMUSG00000023945	114.828387866897	0.190517733925615	0.0685706785786395	2.82566265313743	0.00471829262491754	0.276687806581707
ENSMUSG00000019853	205.682366177614	0.329844549796193	0.116705665609035	2.82166207481722	0.00477754897414534	0.277829320280028
ENSMUSG00000118667	81.7214844349319	0.34366743808108	0.120859640669174	2.82181630315931	0.00477525212815326	0.277829320280028
ENSMUSG00000033170	144.634872741481	0.342551592430268	0.120997304309716	2.82109043409685	0.00478607085812112	0.277829320280028
ENSMUSG00000022112	503.404868624503	0.34110048626987	0.12037716476311	2.81888061335074	0.00481914386891174	0.278935969691574
ENSMUSG00000037362	543.580855076587	-0.327930444847591	0.116758356113998	-2.81729162936541	0.00484305286448561	0.279507320535574
ENSMUSG00000038319	1322.55986200083	0.25325662385483	0.0900334983206133	2.81230057379802	0.00491885147710313	0.283061421273412
ENSMUSG00000051022	2058.82802682174	-0.244990640289136	0.0872476757427938	-2.80841471131056	0.00497860679507184	0.285674466561024
ENSMUSG00000046719	416.521752177878	0.309971581971659	0.110354186043537	2.80564746522032	0.00502155981637071	0.287311142252176
ENSMUSG00000070327	629.234037493075	0.316746709397338	0.112785597380903	2.80296556084142	0.00506350760030936	0.28888108833742
ENSMUSG00000029674	1388.55213606726	0.275486306473765	0.0982851705997155	2.80103972638139	0.0050938247920936	0.288954830300215
ENSMUSG00000030450	72.1579073431816	0.335593861003552	0.118315124494446	2.80162845882066	0.00508453938335888	0.288954830300215
ENSMUSG00000074607	292.055977541212	0.341344001384508	0.12125140767038	2.79905814096853	0.00512519081606212	0.289908165734696
ENSMUSG00000030787	73.5604121314354	-0.328348343157656	0.119148763695792	-2.79124188223098	0.00525062177672954	0.294658505071459
ENSMUSG00000047642	30.9342455640868	0.291692996299722	0.10259686329416	2.79172855660051	0.00524273167441025	0.294658505071459
ENSMUSG00000031639	654.486678523871	0.281735051312098	0.10089179073585	2.791060395396	0.00525356683744504	0.294658505071459
ENSMUSG00000022472	5634.3215352498	-0.220576869163067	0.0790970180832647	-2.78910441977984	0.00528540208828001	0.295611351066695
ENSMUSG00000030030	156.446151885031	0.335160726983253	0.119936702227705	2.7867472368335	0.00532399881687449	0.296935967626857
ENSMUSG00000056966	4180.1304642945	-0.277648845275435	0.0999369805262556	-2.78098969900617	0.00541934567198044	0.30087940779606
ENSMUSG00000019590	873.138705043184	0.26987249376555	0.0970248810018309	2.78031019886851	0.00543069954753041	0.30087940779606
ENSMUSG00000048004	347.7671339687	0.306611627353319	0.110204212048853	2.77975230657024	0.00544003750723628	0.30087940779606
ENSMUSG00000026193	3104.90177770519	-0.224590284331055	0.0808443174875098	-2.77833483607696	0.00546382825709895	0.301249011005683
ENSMUSG00000050503	276.106530192637	-0.335072266111175	0.12156355298089	-2.77755365526593	0.005476979658684	0.301249011005683
ENSMUSG00000060843	1046.03988297629	-0.287205090427638	0.103643678811965	-2.7734177400417	0.00554708625687901	0.303428666100873
ENSMUSG00000024538	103.290452073047	-0.334231313294609	0.121480209994795	-2.77343963397675	0.0055467130174011	0.303428666100873
ENSMUSG00000053297	891.474932014483	0.272155706597472	0.0982417855984872	2.76896239118853	0.00562351261397331	0.306766464813213
ENSMUSG00000037972	4228.34170524651	0.228488937277743	0.0825370735789816	2.76773961923695	0.00564465333464644	0.307078394934823
ENSMUSG00000026315	150.361504573259	-0.334301169733477	0.121877683251916	-2.7629485832194	0.00572817891698779	0.308399155175051
ENSMUSG00000029576	712.365102920002	0.269353710342146	0.097367536121737	2.76543787885146	0.00568464312851133	0.308399155175051
ENSMUSG00000110125	39.9468459568006	0.310884181668176	0.110918828095367	2.76279431479099	0.00573088681707442	0.308399155175051
ENSMUSG00000120091	703.569089357894	0.268042357953597	0.0969452315692473	2.76426050712862	0.00570519708353152	0.308399155175051
ENSMUSG00000061143	844.455751415263	-0.288564239626667	0.104831573903119	-2.75456895109838	0.00587695052738556	0.315406905527692
ENSMUSG00000066197	106.114213720075	0.337324085740439	0.121723988375831	2.75245292061867	0.00591506506734731	0.316599087516001
ENSMUSG00000001988	14.2671982734495	0.199800712992599	0.0719866984046313	2.75119956600622	0.00593774576335266	0.316961007759021
ENSMUSG00000038295	53.7126139669297	0.294334952308754	0.105098743297851	2.74856179950658	0.00598573498708803	0.318668367186925
ENSMUSG00000024423	7819.33564925519	0.274020919288225	0.100428928813769	2.72573143879372	0.00641591784199017	0.34065957373831
ENSMUSG00000034226	111.825011883126	0.33330665429229	0.12187293841304	2.71983189516771	0.00653151116793639	0.344231451654737
ENSMUSG00000030854	780.945075903224	0.300859751126017	0.110440656832454	2.7196524946284	0.00653505543295116	0.344231451654737
ENSMUSG00000053040	338.189108847568	0.298345057027314	0.109605553689668	2.71969860570688	0.00653414429017197	0.344231451654737
ENSMUSG00000062937	458.13511715922	0.289264541259678	0.106376939894468	2.71764204707684	0.00657489262186214	0.345416060669913
ENSMUSG00000074872	115.568247265483	0.332509261272346	0.121623449322855	2.71600750473503	0.00660744202582681	0.346212574147994
ENSMUSG00000015243	3330.92724272539	0.252294351314685	0.0929330906263035	2.7134737551426	0.00665818420718986	0.347955658134796
ENSMUSG00000050192	3489.11652400813	0.262409387957678	0.0966874586685035	2.71215935944084	0.00668464474714571	0.348423983142456
ENSMUSG00000062184	1835.71436350927	0.247255247892101	0.09132267155173	2.70655712145562	0.00679848854773639	0.353432651368092
ENSMUSG00000025352	954.632805547011	-0.248794705097509	0.0919651264947905	-2.70517149968945	0.00682691336372345	0.353986124961192
ENSMUSG00000072769	650.809963242949	0.268645786842801	0.0993300545456117	2.70355454818983	0.0068602186961668	0.354789128465915
ENSMUSG00000029700	182.629742103617	-0.319998356006246	0.118929371309043	-2.6931496551242	0.00707804901588925	0.355526935446057
ENSMUSG00000033720	9507.17772410439	-0.208888651393227	0.0774108313174978	-2.6988725060221	0.00695748248825901	0.355526935446057
ENSMUSG00000037541	9305.53383848016	-0.286471683049453	0.106582993322522	-2.69264573978852	0.00708875462669302	0.355526935446057
ENSMUSG00000141158	455.328168749068	-0.205219645434542	0.0867367221350092	-2.70009327522547	0.00693200382077	0.355526935446057
ENSMUSG00000020785	2370.7657498657	0.22778049851338	0.0845434343981488	2.69376872615422	0.00706491681158651	0.355526935446057
ENSMUSG00000048978	2916.50624743406	0.24801640732488	0.0917916338067048	2.70072292239965	0.00691889524804395	0.355526935446057
ENSMUSG00000021390	866.609182448542	-0.263194399809398	0.0976867261880797	-2.69450862036317	0.00704925031573568	0.355526935446057
ENSMUSG00000021685	10.6063271277621	0.197849240491039	0.072395348176421	2.69955879844173	0.00694314855033822	0.355526935446057
ENSMUSG00000037579	80.067943051615	-0.308894210056905	0.116988716745576	-2.69516373267092	0.00703540503500153	0.355526935446057
ENSMUSG00000040605	151.128875852316	-0.32598978617492	0.121197109173597	-2.69702053161372	0.00699629565089175	0.355526935446057
ENSMUSG00000024887	694.013651768479	0.269786408177885	0.100091220881589	2.6944119666327	0.00705129508574003	0.355526935446057
ENSMUSG00000064357	585.172217359821	0.297397749859704	0.110180709743399	2.69544209044641	0.00702952955932173	0.355526935446057
ENSMUSG00000019997	395.955553102485	-0.290917757407923	0.108126435305195	-2.69081061234685	0.0071278646367287	0.356590233120365
ENSMUSG00000024650	315.486392513427	-0.300713556973879	0.111868406052114	-2.68847948418663	0.00717782462419612	0.358189639329245
ENSMUSG00000098021	21.7721177597714	0.255797697561973	0.093304434245364	2.68764129629453	0.00719586508015282	0.358192174027307
ENSMUSG00000020935	1096.27371864519	-0.247500673259335	0.0922118023343	-2.6840709204685	0.00727316760151814	0.361137257141715
ENSMUSG00000109539	62.4146955867983	-0.314974721773057	0.118752774169054	-2.68119130533286	0.0073360563881636	0.363353777971954
ENSMUSG00000028955	2182.46308730223	-0.233066015765922	0.0870439015031446	-2.67793975112302	0.00740765416611026	0.365989583378217
ENSMUSG00000039062	167.783568370569	-0.323680378600838	0.121885236079066	-2.67480518503753	0.0074772686334806	0.368514593468396
ENSMUSG00000026074	7830.90965933501	-0.206526957912403	0.0772966805865624	-2.67226759804363	0.0075340541205916	0.370396423691603
ENSMUSG00000039357	1353.66850221675	-0.237045156624141	0.0888775612830301	-2.66724614015688	0.0076475639914796	0.374129352909952
ENSMUSG00000020422	6036.93006129095	-0.281560763486535	0.105715683320651	-2.66769034516376	0.00763746130407717	0.374129352909952
ENSMUSG00000111696	31.0502038468285	-0.260559642167993	0.101982491124974	-2.66537108713074	0.00769034100749355	0.375299950490696
ENSMUSG00000020732	967.252653422211	0.259817161864377	0.0974696947761428	2.66451935964249	0.00770984284975728	0.375331738341118
ENSMUSG00000021364	1985.95196690257	-0.236767499144345	0.088927956860385	-2.66301661512787	0.00774435901138388	0.376092517745523
ENSMUSG00000027175	1558.35865388776	-0.282335740433307	0.106218075007389	-2.66173120378369	0.00777399311086948	0.376459404868097
ENSMUSG00000040860	1012.77405408392	0.271330769609178	0.101890549938255	2.66105046802046	0.00778972803001636	0.376459404868097
ENSMUSG00000032360	96.5829707012648	0.317001071820297	0.117858950668895	2.6589549366202	0.00783834462935131	0.376978936992788
ENSMUSG00000020607	1380.235121631	-0.23480639484638	0.0882984863404173	-2.65934856625312	0.00782919168955228	0.376978936992788
ENSMUSG00000021215	852.152504062573	-0.307112362000993	0.115908539691974	-2.65798268968493	0.00786099305840129	0.377157187435731
ENSMUSG00000034768	45.3377457495474	0.306172627120741	0.113680693447787	2.65649593135321	0.00789574037126814	0.377913669548846
ENSMUSG00000019890	62.7508000527482	0.308866598286745	0.114866433402416	2.65377724164133	0.0079596353439597	0.37832252585134
ENSMUSG00000044164	2296.81678270386	-0.235053579542357	0.0885653573814635	-2.65452959557385	0.00794190725243388	0.37832252585134
ENSMUSG00000024511	459.875377094177	0.319359138183008	0.119846179530223	2.65370732457048	0.00796128463320333	0.37832252585134
ENSMUSG00000015461	1646.59083203386	-0.241960509744789	0.0913053132657347	-2.65047232734203	0.00803793116875558	0.381055351193077
ENSMUSG00000055963	374.260943545396	0.304984163586937	0.115020573321287	2.64663921496548	0.00812960352510073	0.38448583322632
ENSMUSG00000073433	194.827537066151	0.324523719460872	0.121775672120383	2.64409290846483	0.0081910169602383	0.386472366576552
ENSMUSG00000121790	572.012818745806	0.289148205703254	0.109286275170917	2.64293423887113	0.00821909968750039	0.386880600183972
ENSMUSG00000021256	679.837152809696	-0.293057283289857	0.111102957816801	-2.64136137506497	0.00825735911743081	0.387764805158408
ENSMUSG00000020623	1005.63582693332	-0.281207139939102	0.106712336275017	-2.63831046603182	0.00833202617417162	0.389959457731505
ENSMUSG00000063239	13359.8998616946	-0.258110627049056	0.0979366546047152	-2.63785340699507	0.00834326397436699	0.389959457731505
ENSMUSG00000074006	20.432801061178	-0.227364735431731	0.0917278025332805	-2.62635289915731	0.00863052873008825	0.402037027621543
ENSMUSG00000042846	2925.18269593851	-0.221536494536168	0.0843798279904888	-2.6258988468844	0.00864204951142687	0.402037027621543
ENSMUSG00000006711	482.803930595176	0.294319036589347	0.111997131707503	2.6244144929982	0.00867980837634657	0.402852364991694
ENSMUSG00000026028	7863.39195491196	-0.218030290075125	0.0831794393667334	-2.62187679993827	0.00874470362347498	0.40471412787594
ENSMUSG00000022122	6206.99334279037	-0.221639062437798	0.0845769258216992	-2.62125875883551	0.00876057401007132	0.40471412787594
ENSMUSG00000026819	2497.2038679799	0.226511563986944	0.0864463988042136	2.61967754734009	0.00880129440982479	0.405654104152827
ENSMUSG00000029838	6871.30852581455	-0.234141399796231	0.0896201569373191	-2.61371909060398	0.00895626402093361	0.41184335547531
ENSMUSG00000009614	572.540925782258	-0.268675551561512	0.102934907009822	-2.61061803169615	0.00903787775848375	0.412736660663234
ENSMUSG00000057411	1776.8382502796	-0.235101124008452	0.090058723631927	-2.61101328873138	0.00902743858141209	0.412736660663234
ENSMUSG00000074896	444.805321845182	0.306872332807999	0.117204971382515	2.61149830835456	0.00901464338740831	0.412736660663234
ENSMUSG00000027359	138.11525493372	0.319215679437691	0.121810555679169	2.60795317668652	0.00910854128957175	0.415011820633097
ENSMUSG00000038530	1016.50586965886	0.299046220716618	0.114425600772719	2.60668460185979	0.00914235284114454	0.415601341141618
ENSMUSG00000053175	18.4799216694138	0.238243892699274	0.0893197338126695	2.60503914825596	0.00918637629864463	0.416651340506408
ENSMUSG00000039194	330.245507196928	-0.290068397226964	0.111504703914051	-2.60255607056576	0.00925316829181701	0.417777401039384
ENSMUSG00000072620	58.5175603756469	0.304059524121863	0.11523920256934	2.60272012597019	0.00924874205245442	0.417777401039384
ENSMUSG00000029471	10099.9426649501	-0.208460162557632	0.0802238489110918	-2.59900074445246	0.00934955705134499	0.419380593244542
ENSMUSG00000030342	1657.92293066726	-0.245974541486418	0.0947817195915717	-2.59602213448045	0.00943099895692734	0.419380593244542
ENSMUSG00000001930	817.303103737362	0.281327830984506	0.108130256725837	2.59875263682738	0.00935631683752715	0.419380593244542
ENSMUSG00000054555	195.557843284506	-0.307413518808808	0.118555762363495	-2.59605278935492	0.00943015757107124	0.419380593244542
ENSMUSG00000003518	4036.85961206793	-0.217877865609957	0.0839497873526172	-2.59583575355041	0.00943611600489954	0.419380593244542
ENSMUSG00000020814	321.349040862034	0.288986655107108	0.111138296147624	2.5977611464878	0.00938337391594413	0.419380593244542
ENSMUSG00000024798	86.27926639805	0.304425255538675	0.115454423548584	2.60027276657707	0.00931496871440594	0.419380593244542
ENSMUSG00000022176	333.152087382455	-0.29397443233706	0.113592118541777	-2.59020711941104	0.00959182022861103	0.424406072381943
ENSMUSG00000036492	173.956814097706	0.314518778486249	0.120894279677043	2.59055201205959	0.00958221402851498	0.424406072381943
ENSMUSG00000101523	274.798906716863	-0.295779595278756	0.114480794545879	-2.58526002738305	0.00973055821253728	0.42750907161367
ENSMUSG00000034000	295.031372608746	-0.29144593036686	0.112943000463257	-2.58118409431349	0.00984620602115372	0.42750907161367
ENSMUSG00000034701	16981.821283333	-0.240916875154199	0.0933136799813894	-2.58342066488891	0.00978259631841479	0.42750907161367
ENSMUSG00000052364	886.158549522628	0.274364584800883	0.106164058546114	2.58169767177819	0.0098315669938175	0.42750907161367
ENSMUSG00000073902	13.1696980305299	0.211364512712028	0.0802366989528886	2.5844618526249	0.00975310930085558	0.42750907161367
ENSMUSG00000003363	2361.64250644276	0.23291127109155	0.0900385303852761	2.58590772561393	0.00971229275608763	0.42750907161367
ENSMUSG00000069516	231.869108547694	0.308377977135568	0.119101218013744	2.58086929095576	0.00985518878362084	0.42750907161367
ENSMUSG00000042401	211.59349696082	0.314442505475886	0.121194166769158	2.58283070199524	0.00979933963592798	0.42750907161367
ENSMUSG00000064368	62890.862710695	0.221313862152574	0.0856574233926383	2.58278343075075	0.00980068231194275	0.42750907161367
ENSMUSG00000036585	6076.37541747708	0.243570812448646	0.0943703523868829	2.57946114914984	0.00989545887642646	0.428322786279407
ENSMUSG00000028664	1703.96801901601	-0.235845472366832	0.0915482726625374	-2.57672585081502	0.00997410223236187	0.430692988919953
ENSMUSG00000024064	92.0323445729282	0.310933587415719	0.119508736774021	2.5760548562716	0.00999347902571535	0.430692988919953
ENSMUSG00000028172	66.5898528600826	0.283686332839807	0.108289729353335	2.57260232865716	0.0100937112237613	0.431481085465126
ENSMUSG00000052310	1109.80644095353	-0.258581569720219	0.10051910224023	-2.57362662827789	0.0100638812358105	0.431481085465126
ENSMUSG00000040183	326.953428066319	0.294814970052088	0.114445186857239	2.57243994688237	0.0100984473821882	0.431481085465126
ENSMUSG00000025591	473.261980336883	-0.30537844285305	0.119120150351646	-2.57385045620513	0.0100573733073817	0.431481085465126
ENSMUSG00000085438	39382.2074073117	-0.261566207016286	0.101938620009527	-2.56909487491504	0.0101964537259773	0.433806816534048
ENSMUSG00000023328	2058.37427742264	0.228053878909921	0.0887277247895847	2.56954108270427	0.0101833316500868	0.433806816534048
ENSMUSG00000025578	566.969374119893	-0.260679358870128	0.101500819991412	-2.56829844275559	0.0102199126149834	0.433877782680032
ENSMUSG00000024642	1251.44034583723	0.244405824961752	0.0951733130382513	2.5670675650546	0.0102562625991387	0.434494563003088
ENSMUSG00000038644	434.632924164077	0.271319204668469	0.105673748595011	2.56618307782499	0.0102824540782913	0.434679284825602
ENSMUSG00000015401	28.4066000299515	0.258913800149204	0.0988987385634395	2.56265494672757	0.0103875225952493	0.437413893672853
ENSMUSG00000020695	369.89641158777	-0.296732077896185	0.115985583610521	-2.56253608540808	0.0103910788864075	0.437413893672853
ENSMUSG00000027854	2412.37513696724	-0.232406367563471	0.0908181472112943	-2.55981214482475	0.0104728757415303	0.439137970296773
ENSMUSG00000030116	19.3435076947933	-0.217239561358802	0.0900677917033627	-2.55929972487249	0.010488326991811	0.439137970296773
ENSMUSG00000021913	3830.40221548521	0.220638650280149	0.0862233967599808	2.5582429753578	0.0105202557295746	0.439137970296773
ENSMUSG00000000275	262.33151732809	0.295255239202966	0.115200804784941	2.55847000632726	0.0105133889094874	0.439137970296773
ENSMUSG00000002409	954.632851858147	-0.242574543252205	0.0949824196959421	-2.55409621936253	0.0106463831572668	0.442547254789854
ENSMUSG00000040759	1981.4204525126	-0.228421565404316	0.0894304568886899	-2.55467949848237	0.0106285612954566	0.442547254789854
ENSMUSG00000034320	690.009529501502	-0.285994097624832	0.112294735284409	-2.55113173241452	0.0107373732721117	0.445399665043784
ENSMUSG00000031212	17.5116272649221	0.186600157537635	0.0726334924492915	2.54604436636543	0.0108951340072417	0.45006849215392
ENSMUSG00000048349	24.4157908146504	0.20689923518923	0.079866657892092	2.54607247160471	0.0108942568263787	0.45006849215392
ENSMUSG00000037254	363.968063590894	-0.275763452719885	0.108668263160609	-2.53759716405482	0.0111616379558106	0.451657543558833
ENSMUSG00000100252	1669.38668212473	0.239584343851065	0.0943314654232737	2.53884864712401	0.0111217926012355	0.451657543558833
ENSMUSG00000030110	935.609733746344	0.243080025921092	0.0957580794946857	2.53786469445715	0.0111531095475232	0.451657543558833
ENSMUSG00000047146	1678.40005117241	-0.253865658843728	0.100041711089706	-2.53940350964358	0.0111041670703953	0.451657543558833
ENSMUSG00000033594	612.828139750635	-0.261848915447622	0.103064648990385	-2.54108181998968	0.0110510055034642	0.451657543558833
ENSMUSG00000032556	107.964027284445	-0.306300472366093	0.121463690468903	-2.54198482992584	0.0110224957410699	0.451657543558833
ENSMUSG00000020889	1884.49900265885	-0.274845334415138	0.108248883140085	-2.54330384260054	0.010980969410602	0.451657543558833
ENSMUSG00000048834	1199.42251972003	0.294322757955168	0.115535778621162	2.54030059358754	0.011075723161224	0.451657543558833
ENSMUSG00000020176	1858.77840577233	0.233390088601198	0.0919650574186409	2.53692398582992	0.0111831233476221	0.451657543558833
ENSMUSG00000121015	85.8901665174768	-0.294825992348811	0.118091233611566	-2.54093692751056	0.0110555861322463	0.451657543558833
ENSMUSG00000054640	5731.98847314151	-0.253692112814942	0.0999349727619597	-2.54101305000887	0.0110531793863985	0.451657543558833
ENSMUSG00000000308	5392.09134958149	0.223065446229741	0.0879299805434291	2.53596941889161	0.0112136526112425	0.451770290614959
ENSMUSG00000036432	1075.4143512833	-0.269934672462804	0.106586119799674	-2.53541887390492	0.0112312939508013	0.451770290614959
ENSMUSG00000040147	1055.33171760806	0.234851503666514	0.0926696282256841	2.53381219580365	0.0112829183963553	0.452931831027883
ENSMUSG00000074968	1974.85131088866	0.232543358217097	0.0918255455806282	2.53164039579786	0.0113530357322092	0.453916253943809
ENSMUSG00000031200	640.100111275259	-0.252147548693531	0.0995875701733903	-2.5319800046076	0.0113420458876547	0.453916253943809
ENSMUSG00000044847	2477.07514362247	-0.223511356544704	0.088339609134889	-2.53066340100075	0.0113847043185586	0.454270235845331
ENSMUSG00000004630	6022.61675436032	-0.202213332848031	0.0799466118245493	-2.52976375451333	0.011413935042603	0.454525721266536
ENSMUSG00000104672	48.3274607358436	-0.283825159052105	0.114204670642228	-2.5290157216797	0.0114382903410654	0.454586425111683
ENSMUSG00000020524	22121.2813533379	-0.219376756584476	0.0870346545966904	-2.52154751558597	0.0116839894413333	0.46342612304061
ENSMUSG00000112742	48.590534645268	0.292818931550577	0.115014468670557	2.51819806830884	0.0117956967710517	0.466926676756283
ENSMUSG00000027210	583.613003351284	0.295010935105612	0.116887427289642	2.51641673162301	0.0118554910740339	0.468362465823591
ENSMUSG00000060519	356.876185731216	0.280937658710577	0.111586769677203	2.5144627573226	0.0119213893065895	0.468873738467677
ENSMUSG00000050069	163.854839147455	0.305962957259089	0.120551430586023	2.51324487884999	0.0119626266456521	0.468873738467677
ENSMUSG00000071753	6573.17459616889	-0.217229016236972	0.0864386199472692	-2.51390480684338	0.0119402658277438	0.468873738467677
ENSMUSG00000062561	316.157454410564	-0.289668049885792	0.115406518673155	-2.51351922783785	0.011953326175385	0.468873738467677
ENSMUSG00000031958	430.019371716384	0.274735387992789	0.109361871460925	2.50986918197474	0.0120775894772497	0.472449674030488
ENSMUSG00000074582	3111.88144936876	0.211749575248989	0.0844451547103306	2.50705444126052	0.0121741959255889	0.475079876804428
ENSMUSG00000023827	999.22686303203	-0.26129309249927	0.10431879963039	-2.50652197978093	0.0121925476895717	0.475079876804428
ENSMUSG00000032101	1947.79179919087	0.222882352260051	0.0889438388461576	2.5053200697052	0.0122340627462977	0.475766451838932
ENSMUSG00000037295	887.73248266989	-0.260303502025191	0.104076712725324	-2.50258585056733	0.0123289720030004	0.47852273206967
ENSMUSG00000025776	96.3601400691409	-0.302908517250456	0.121775837781752	-2.49980172128853	0.0124262833522524	0.478568138929783
ENSMUSG00000045071	773.735855971227	-0.254110729008911	0.101643338763996	-2.50089637893651	0.0123879418405197	0.478568138929783
ENSMUSG00000019923	18552.8469648124	0.236084974864879	0.094353291648832	2.50056564915446	0.0123995149301377	0.478568138929783
ENSMUSG00000057967	71.3098818067963	0.30289549285242	0.120290409488746	2.50020799074848	0.0124120410982903	0.478568138929783
ENSMUSG00000007682	2684.04604279374	-0.224515564494993	0.0901680278776338	-2.49073645695261	0.0127478638558136	0.488120610063663
ENSMUSG00000056656	181.03172249589	0.296786535573436	0.118850732637282	2.49197199837092	0.0127036052168553	0.488120610063663
ENSMUSG00000022906	214.13900256463	0.295657415886454	0.118426289048273	2.49118299639337	0.0127318525315199	0.488120610063663
ENSMUSG00000107451	148.140437226557	0.300090341548951	0.120324464946232	2.48763070642759	0.0128597189200695	0.490616265923346
ENSMUSG00000047746	41.452386618442	0.280993175491073	0.111538845809296	2.4875587182723	0.0128623218729339	0.490616265923346
ENSMUSG00000051043	2319.89290860703	-0.241306606256038	0.0971928132874964	-2.48411484068035	0.012987391710561	0.494439687091741
ENSMUSG00000025981	1354.05029393789	-0.279628555925801	0.113016677566938	-2.48051754815465	0.0131191806041481	0.496608374542193
ENSMUSG00000050063	691.996639364536	-0.277148811907426	0.111892900935849	-2.48059268007431	0.0131164160557084	0.496608374542193
ENSMUSG00000033871	551.168521732572	-0.264130870919065	0.106531348162936	-2.4806539761425	0.0131141609918286	0.496608374542193
ENSMUSG00000026424	15915.4015857655	-0.187543381072691	0.0758306660743547	-2.47354574090118	0.013377967758206	0.501775561005511
ENSMUSG00000027419	4335.58741580427	0.193654814865818	0.0782074454230971	2.47585819884629	0.0132916356870987	0.501775561005511
ENSMUSG00000042035	468.916520390406	-0.26063463312372	0.105476277905358	-2.47144914463161	0.0134566689474463	0.501775561005511
ENSMUSG00000050010	50.2019027303678	-0.277156908610918	0.114169634750403	-2.47143257838843	0.0134572924301614	0.501775561005511
ENSMUSG00000029819	335.120519086253	-0.289769974073259	0.117493228054804	-2.47264802351273	0.0134116159739706	0.501775561005511
ENSMUSG00000042505	638.486589340245	0.245153261041199	0.0990174309281645	2.47517177613153	0.0133172106832569	0.501775561005511
ENSMUSG00000054901	7159.58653841609	-0.229896073217264	0.0929810222688084	-2.47387734333375	0.0133655575294397	0.501775561005511
ENSMUSG00000033960	2795.58064641687	-0.202091724513453	0.0817240607792301	-2.47306482170471	0.0133959842663137	0.501775561005511
ENSMUSG00000038677	116.608564120363	0.30237906528761	0.121845572903283	2.46955009722616	0.0135283074661182	0.503480616743701
ENSMUSG00000021340	2231.15395192915	0.224095914690818	0.0908438035541296	2.46608397975847	0.0136599303757078	0.507430734534922
ENSMUSG00000058454	719.744248515032	-0.244130150411198	0.09905678983063	-2.46455572180314	0.0137183231370534	0.508650897545383
ENSMUSG00000036887	584.707442416471	0.268055281343104	0.108672886411884	2.46375801855648	0.0137488898284103	0.508836701437689
ENSMUSG00000026109	2287.34469751944	-0.209328164822338	0.0851345981632581	-2.45908028340641	0.0139293464581435	0.511108025150371
ENSMUSG00000036985	2025.27721877236	-0.238510167560499	0.0969467878758284	-2.4614302204073	0.013838431398841	0.511108025150371
ENSMUSG00000002980	478.030404430514	0.272484497298728	0.110719362566118	2.45752136355293	0.0139899489582117	0.511108025150371
ENSMUSG00000099696	125.126010796346	0.291027441288846	0.116825390503208	2.45873696441459	0.0139426729361277	0.511108025150371
ENSMUSG00000070336	68.4639894672305	0.296826725186039	0.119850399166337	2.45808463648234	0.0139680251055196	0.511108025150371
ENSMUSG00000060636	3063.88722521387	0.230291763977775	0.0936128810568237	2.45886162724719	0.0139378326471953	0.511108025150371
ENSMUSG00000117465	264.697077591549	-0.289815055933352	0.117978281224765	-2.46068792496263	0.0138670927687859	0.511108025150371
ENSMUSG00000026355	240.982786496626	0.284341875477985	0.115631855723306	2.45538594157498	0.0140733404997768	0.511942636111062
ENSMUSG00000139835	11.8155540875938	-0.159996321557857	0.0727400871700133	-2.45430703750415	0.0141156399590665	0.511942636111062
ENSMUSG00000051331	3443.34854751042	-0.214763862033137	0.0875057868356177	-2.45490617318425	0.0140921364434068	0.511942636111062
ENSMUSG00000032436	81.4503561523655	0.298694711389817	0.120744408452181	2.45474141876203	0.014098596155398	0.511942636111062
ENSMUSG00000040093	635.281182718018	-0.241363817828595	0.0984808274373058	-2.45059780134593	0.0142619212377196	0.513570689219199
ENSMUSG00000031343	851.059228376033	0.274543614890317	0.111843209578409	2.45055282782754	0.0142637030354185	0.513570689219199
ENSMUSG00000108033	48.3975514530468	0.283784912844064	0.114287365987559	2.45224723184491	0.0141967082665821	0.513570689219199
ENSMUSG00000022489	786.800635766157	0.261080639056352	0.106420643461033	2.45098641068286	0.0142465331717932	0.513570689219199
ENSMUSG00000056116	607.691143929852	0.247052740592745	0.100943223355692	2.4464286744808	0.0144279341607561	0.518546204106163
ENSMUSG00000026558	1203.68695323474	-0.222534413473998	0.0910416400985713	-2.44443207742216	0.0145080396316437	0.520030205140007
ENSMUSG00000001156	1428.67703846996	-0.224677901836318	0.0919434359186449	-2.44409852624675	0.0145214602007857	0.520030205140007
ENSMUSG00000013523	5580.66599345754	-0.21714744419688	0.0889206242350879	-2.44290772684795	0.0145694618467186	0.520375132536007
ENSMUSG00000029580	16858.4191588006	-0.188225498725045	0.0770730410986688	-2.44256354114383	0.0145833621593638	0.520375132536007
ENSMUSG00000127686	25.3178779395895	0.248278878078386	0.0997844355384356	2.44023596378745	0.0146776711603706	0.522803417663933
ENSMUSG00000028150	948.361420395013	0.253197777584135	0.103695842089295	2.43951171033517	0.0147071259928775	0.522917117221756
ENSMUSG00000096929	3630.16971796571	0.195609031149407	0.0802249399403363	2.43791169859257	0.0147723819953351	0.523368145745761
ENSMUSG00002076161	34.2290649314146	0.236467688770335	0.0952421069744915	2.43854010489398	0.0147467222640041	0.523368145745761
ENSMUSG00000085558	181.043143630635	0.288432597699981	0.118210173779821	2.4357877806768	0.0148593994724032	0.52551599093254
ENSMUSG00000025290	8133.11256871115	0.207951497543848	0.0853913254974381	2.43457320778722	0.0149093635696984	0.526348117085575
ENSMUSG00000056708	697.342898290768	0.242627558534212	0.0996575355288932	2.43385000516857	0.0149391843391476	0.526467432525251
ENSMUSG00000024276	3580.05826410218	-0.213583715464344	0.0878240133022886	-2.43263072580939	0.0149895794865146	0.527310100982318
ENSMUSG00000103313	35.2295807826075	-0.250261120511643	0.106148351266108	-2.42913803471834	0.0151347689467511	0.531081279405197
ENSMUSG00000032119	1416.11973204356	-0.213335387476524	0.0878404991817405	-2.42877032225699	0.0151501263975768	0.531081279405197
ENSMUSG00000038156	3975.57372739848	0.205950970136259	0.0848470881041635	2.4267881586243	0.0152331477389116	0.533053083707328
ENSMUSG00000031239	2430.43176702816	-0.268714014705509	0.11105747057682	-2.42481475566772	0.0153161998126764	0.534702648622502
ENSMUSG00000030270	1798.57063609433	-0.212290232864698	0.0876204117038526	-2.42312322344296	0.0153877061755157	0.534702648622502
ENSMUSG00000015149	5076.96946672574	-0.193984441213271	0.0800408072543784	-2.42390110846306	0.0153547861258284	0.534702648622502
ENSMUSG00000041817	1372.2652174115	0.240354984487578	0.0991364424240839	2.42321162471799	0.0153839619123005	0.534702648622502
ENSMUSG00000100837	100.490700419835	0.29626122375518	0.121570394665385	2.42009398286863	0.0155164962340334	0.538238600201811
ENSMUSG00000053332	1434.47621132664	0.21183351737181	0.0875839266171416	2.41830746317971	0.0155928951052857	0.538622429453106
ENSMUSG00000070738	9116.79521529448	-0.19032098402873	0.0787601065543666	-2.41684711206892	0.0156555913328675	0.538622429453106
ENSMUSG00000123602	41.6345110909762	0.261428871816303	0.106640341852028	2.41613499199899	0.015686244646915	0.538622429453106
ENSMUSG00000041460	133.849316280774	-0.292295762277608	0.121285662029571	-2.41570197457286	0.015704909749314	0.538622429453106
ENSMUSG00000031805	152.116836530335	0.292175738376614	0.120590016415257	2.41590376096032	0.0156962093705775	0.538622429453106
ENSMUSG00000050295	270.676888419343	-0.275974787321623	0.114296537268358	-2.4154235408879	0.0157169218779697	0.538622429453106
ENSMUSG00000113055	88.4161101621346	0.28667694066771	0.117259676480463	2.41602636024042	0.0156909253556328	0.538622429453106
ENSMUSG00000078129	54.6766642183578	-0.275053789811838	0.115749478332777	-2.41324625588204	0.0158111328894908	0.540695675800648
ENSMUSG00000064369	516.13028743613	0.250936216817253	0.10395731097807	2.41277175875496	0.0158317301487508	0.540695675800648
ENSMUSG00000027977	6463.41537751956	-0.185152020404514	0.0767929029083989	-2.41132647082738	0.015894613562663	0.541913785353052
ENSMUSG00000132859	15.6930763575149	-0.176922256843695	0.0802057067518307	-2.40749156595288	0.0160625332127748	0.545982686356215
ENSMUSG00000104727	69.9712112410473	0.290604727962118	0.119820419892345	2.40610474137845	0.0161236411821332	0.545982686356215
ENSMUSG00000047986	13.5147422691188	0.189720698746542	0.0769344764107108	2.40662952441442	0.0161004935561596	0.545982686356215
ENSMUSG00000020689	102.544222740132	-0.290891407332807	0.121597253978515	-2.40687675273619	0.0160895987016568	0.545982686356215
ENSMUSG00000029314	183.06286116475	0.285853801370771	0.118630993069119	2.40526746059402	0.0161606333221635	0.546306231031575
ENSMUSG00000028778	29.647993187743	0.249102483162298	0.101719618647877	2.40198557314656	0.0163063515123482	0.549366776586067
ENSMUSG00000032717	448.776537566019	-0.262024045697317	0.10913768548893	-2.40213470118869	0.0162997051646827	0.549366776586067
ENSMUSG00000109460	63.6920863087492	-0.275207517491032	0.116684175820688	-2.39646620769455	0.0165540198309978	0.553032028280198
ENSMUSG00000109863	98.0947998129684	-0.280897698866784	0.118831033418911	-2.39728766906863	0.0165169507150201	0.553032028280198
ENSMUSG00000031511	11242.2992184481	-0.182365587076463	0.0760985856491367	-2.39675099396567	0.0165411603514981	0.553032028280198
ENSMUSG00000060938	4470.35907593415	0.225018898354801	0.0938240005058806	2.39708900916924	0.0165259087151557	0.553032028280198
ENSMUSG00000141887	10.9336399723492	-0.163988812590497	0.074613398098326	-2.39777016918571	0.0164952115081652	0.553032028280198
ENSMUSG00000026683	138.283277981004	-0.290335259710233	0.121527486166285	-2.3957986336579	0.0165841984516164	0.553112186549639
ENSMUSG00000121184	239.666750910787	-0.28589932536471	0.119851020874299	-2.39333505454269	0.016695986556145	0.555909345015725
ENSMUSG00000055538	6120.39061730357	-0.191841780863498	0.0801985424479298	-2.39246445629369	0.0167356490021174	0.556299678265708
ENSMUSG00000028661	1465.37189798036	-0.228197499937732	0.0954548830875035	-2.3914240974474	0.0167831538195525	0.55694895950185
ENSMUSG00000050556	1287.01355909939	0.217574621879591	0.0912245748428803	2.38452864925975	0.0171010164067181	0.563738969659211
ENSMUSG00000025791	2910.73778548373	0.207080409022815	0.0867819009629854	2.38568436265756	0.0170473753113661	0.563738969659211
ENSMUSG00000032289	301.6819667492	-0.280653688111763	0.117909186643637	-2.38475924662564	0.0170903016870776	0.563738969659211
ENSMUSG00000021070	40.3211962588819	0.269971092081606	0.111683129166254	2.38563296855293	0.0170497575686657	0.563738969659211
ENSMUSG00000025190	9773.51750479222	0.185482202725643	0.0778322638218016	2.38273428961489	0.0171845929817491	0.565557736958028
ENSMUSG00000041757	4623.6928474194	0.200375964007614	0.0841914861348727	2.37949302653435	0.0173364710380419	0.56961464494794
ENSMUSG00000040972	1652.94169689151	-0.242610106132129	0.102107560572592	-2.37775250979129	0.0174185123910866	0.571367380920801
ENSMUSG00000030607	110.080496978475	0.290975739165859	0.121808402502963	2.37611535122233	0.0174959923377314	0.572964972757516
ENSMUSG00000024193	923.769098664128	0.231956676783233	0.0976116635054391	2.37533426219014	0.0175330644029836	0.57323619922464
ENSMUSG00000002020	1448.5746431443	0.250943799581903	0.105602490506793	2.37348828760178	0.0176209518956305	0.57516520195721
ENSMUSG00000034255	531.072148140824	0.245548405211942	0.103455487041176	2.37230366586113	0.0176775553523613	0.575206064240199
ENSMUSG00000121780	153.227830454227	0.289132952110257	0.121456992222961	2.37225296507793	0.017679981483351	0.575206064240199
ENSMUSG00000062380	6475.75954382079	0.196924049254435	0.0830529658390219	2.37052783001914	0.017762706630555	0.576707728991191
ENSMUSG00000084957	2961.49035671887	-0.202603118879407	0.0854981426580569	-2.37008354161726	0.0177840663754001	0.576707728991191
ENSMUSG00000032280	2564.08335122087	-0.209594155739656	0.0884962197291606	-2.36886998500262	0.0178425244335657	0.577116189605302
ENSMUSG00000000263	80.5990153165952	0.185724169382574	0.0771705507178737	2.36861907942146	0.0178546317511358	0.577116189605302
ENSMUSG00000029033	3169.55614949596	-0.201927517201941	0.0853589720303847	-2.36602446178546	0.0179802563636527	0.57957762785783
ENSMUSG00000024339	200.915107725349	0.279787795221718	0.118036470084057	2.36584446988936	0.0179889997496931	0.57957762785783
ENSMUSG00000020102	1484.1406009723	-0.232264674658873	0.0984165897886226	-2.36124947738689	0.018213473311845	0.585861820859688
ENSMUSG00000045576	1220.43515865798	-0.214035351606033	0.0908072434386892	-2.35718545212597	0.0184140481573789	0.591358246550922
ENSMUSG00000041559	1090.61723707773	-0.242735634557494	0.103138920426829	-2.35486184523076	0.0185295933704072	0.594110682122669
ENSMUSG00000084371	30.6833991464639	-0.235717809196526	0.103518381948836	-2.35242821650781	0.0186512893575434	0.596078279721652
ENSMUSG00000063364	509.989251812815	-0.260393910675567	0.110832514564705	-2.35184073005174	0.0186807717616549	0.596078279721652
ENSMUSG00000031170	103.936812875497	0.287971453503688	0.121883002132661	2.35204112198491	0.0186707107199356	0.596078279721652
ENSMUSG00000049940	2049.1484526293	0.198159188076191	0.0843338933799982	2.34938196677951	0.0188046051103175	0.599069587762452
ENSMUSG00000038646	1490.52516813777	0.211922264071748	0.0903850431898364	2.34415111842502	0.0190704428008168	0.604841157736801
ENSMUSG00000031561	764.719210217787	0.273009958569245	0.116183511882287	2.34402476664467	0.019076904578309	0.604841157736801
ENSMUSG00000033066	23107.5484586326	-0.241499260663548	0.103123560378477	-2.34470260388728	0.019042261588425	0.604841157736801
ENSMUSG00000046204	379.949440130809	0.284141330166454	0.120784749918635	2.34251087981639	0.0191544755058244	0.606335074398202
ENSMUSG00000021303	354.037270941091	0.284301761377387	0.120866791024331	2.34181444524411	0.0191902530207036	0.606503377611475
ENSMUSG00000035572	1158.67263586102	-0.220781717316312	0.094347221192793	-2.34047367276712	0.0192592962232617	0.607514291496133
ENSMUSG00000044122	263.587968030851	-0.266435465009777	0.113899813941059	-2.34000925312777	0.0192832621277463	0.607514291496133
ENSMUSG00000074060	26.4691241737568	0.230229541251965	0.0962390422030432	2.33855837767272	0.0193583010596156	0.608914901102696
ENSMUSG00000102224	246.423211133302	0.286017589551108	0.121686959614584	2.33743124422693	0.0194167721196029	0.609790772355541
ENSMUSG00000006764	170.788036693084	0.0975351155987744	0.0459030372761657	2.33324950227722	0.0196350541046078	0.615674901223381
ENSMUSG00000053399	717.9197365568	-0.233329195127103	0.100057930239015	-2.33216559118624	0.0196919815617027	0.616489064268965
ENSMUSG00000000628	434.897285404073	-0.26553365869339	0.114160252151647	-2.3296408266476	0.01982514244226	0.618192140228635
ENSMUSG00000037490	368.41623644307	0.276436395641399	0.118293580561454	2.32946413676365	0.0198344907692752	0.618192140228635
ENSMUSG00000054072	87.8056640935615	0.283137165530144	0.120570714663768	2.3293690208493	0.0198395247655114	0.618192140228635
ENSMUSG00000027985	117.005440314163	0.284596736835414	0.121762884406282	2.32784920548007	0.0199201122220136	0.618766543607665
ENSMUSG00000041736	71.9720100246363	0.274372790846151	0.116287430504457	2.32827440957608	0.0198975372452418	0.618766543607665
ENSMUSG00000134971	53.5252968113938	-0.264365934970573	0.115489193813834	-2.32557691586864	0.020041132244266	0.620589399868709
ENSMUSG00000046157	4754.21155259972	-0.200780228070874	0.0863425776931651	-2.32596195179016	0.0200205805460144	0.620589399868709
ENSMUSG00000025537	528.390266447343	-0.239995067144336	0.103265502613817	-2.32400728496071	0.0201251035989196	0.621269294111593
ENSMUSG00000034282	73.4953319393801	0.272146112368754	0.115669809659745	2.32400001606836	0.0201254931797488	0.621269294111593
ENSMUSG00000031216	462.610417029053	-0.248419277767624	0.10696010654024	-2.32290009212446	0.0201845201880288	0.622126906290777
ENSMUSG00000039989	1741.77275373356	-0.208203013411729	0.089747263569306	-2.32021970169223	0.0203289953394823	0.625611477904841
ENSMUSG00000073988	553.066246283823	-0.235855061453559	0.101719302272906	-2.31873001785549	0.0204096798345337	0.627125208619446
ENSMUSG00000026875	206.422178347147	-0.27152052686574	0.117213167953341	-2.31771916788582	0.0204645886007673	0.627310261879004
ENSMUSG00000038094	1099.2291923972	0.223965384158025	0.0966073340240488	2.31745951102197	0.0204787137874217	0.627310261879004
ENSMUSG00000031351	145.959086799244	0.283912730371434	0.121744398790284	2.31453125966269	0.0206385985964111	0.62834118754303
ENSMUSG00000042246	1060.10807740381	-0.222950764881948	0.0962810841465057	-2.31611740038367	0.020551859488553	0.62834118754303
ENSMUSG00000024754	1427.74825462544	-0.223339018906566	0.0964961315610324	-2.31531665893836	0.0205956087262363	0.62834118754303
ENSMUSG00000024654	10489.5546647381	-0.193449747244015	0.0835809147634567	-2.31509743749211	0.0206076002399252	0.62834118754303
ENSMUSG00000063060	52.3699932398504	-0.264342453499011	0.115878057939346	-2.3138187123211	0.0206776684890394	0.628569553107273
ENSMUSG00000042581	49.9241563213012	0.253696351354684	0.107900413318018	2.31084044230477	0.0208416697466799	0.629354039245814
ENSMUSG00000104093	93.6170718149913	0.282417408580073	0.121575694558788	2.31147567048745	0.0208065954976037	0.629354039245814
ENSMUSG00000019843	5234.43224701895	-0.182581097001915	0.078996324456176	-2.31155088479914	0.0208024459332243	0.629354039245814
ENSMUSG00000021798	276.142481903137	0.270439649505529	0.116745838400929	2.31188130905229	0.0207842250119381	0.629354039245814
ENSMUSG00000114535	25.719062937333	-0.220060659090971	0.0989698746635385	-2.31048140143727	0.0208615170459664	0.629354039245814
ENSMUSG00000060314	731.461223062103	0.227245776844086	0.0983717778418093	2.30949785542288	0.0209159705501612	0.630042193077548
ENSMUSG00000032420	383.587154532138	-0.254150771968791	0.110242498666289	-2.30618029620825	0.0211005600881597	0.634642374494484
ENSMUSG00000019947	2157.63502807007	-0.194822170517316	0.0845157400514971	-2.3053458800482	0.0211472099205355	0.63508611874477
ENSMUSG00000105677	85.3972293694565	-0.277683960308322	0.121249358876827	-2.30401672448103	0.0212217047798045	0.635777238072522
ENSMUSG00000032714	642.930494630237	0.234148592655098	0.10158816695974	2.30379623030507	0.0212340848434648	0.635777238072522
ENSMUSG00000096948	164.107038757144	-0.276364342185117	0.120262181685241	-2.3017599346805	0.0213487141508563	0.638249620807358
ENSMUSG00000017677	4063.45293075136	0.188114245547561	0.0817630212773055	2.30035567532488	0.0214280778268993	0.639661855489343
ENSMUSG00000140270	12.4160725457871	-0.16160922644972	0.0765289710663689	-2.29938103864948	0.0214833116966923	0.640350627534194
ENSMUSG00000085609	80.3421149555287	-0.258496864024187	0.115009518417742	-2.29774923185354	0.0215760657522088	0.640618475268039
ENSMUSG00000038893	554.542043905285	0.247387480436763	0.107574664515005	2.29762897252823	0.0215829152237366	0.640618475268039
ENSMUSG00000024426	1129.41063117702	-0.216738711714048	0.0943474398901387	-2.29752532465512	0.021588820094664	0.640618475268039
ENSMUSG00000031548	273.942413711444	0.267020067644382	0.116069053189068	2.29671774448798	0.0216348765263146	0.641029801362277
ENSMUSG00000026389	99.8158943227169	-0.277594320503473	0.121654833564607	-2.29461388190448	0.0217552620068007	0.643638962581589
ENSMUSG00000027849	422.680782180774	0.244129893556775	0.106416660314626	2.292838842342	0.0218572848646771	0.645697921276832
ENSMUSG00000023367	159.269348794525	0.2763727643044	0.120240184835624	2.29204536022229	0.0219030258335881	0.646046442211601
ENSMUSG00000091811	729.841536657878	0.222567971468474	0.0971212317522702	2.2911765855341	0.0219532026035628	0.646046442211601
ENSMUSG00000019768	36.648826773698	0.225902546820932	0.0967953203920613	2.29038739884714	0.0219988693596236	0.646046442211601
ENSMUSG00000020917	6385.80904203086	0.187051569052969	0.0816482413549968	2.2905213599609	0.0219911118017276	0.646046442211601
ENSMUSG00000053158	85.6528847885802	0.279655879628836	0.121492262449844	2.28899854702446	0.0220794368071523	0.647312927321344
ENSMUSG00000049985	215.983255698486	0.274677818458184	0.119713506882387	2.28852414360003	0.0221070157490088	0.647312927321344
ENSMUSG00000033658	1698.24204919428	-0.205621805720934	0.0898906293111121	-2.28788415933375	0.0221442680305497	0.647451572329331
ENSMUSG00000031381	610.555615811542	-0.243774946359689	0.106660090230537	-2.28654147131885	0.0222226008447969	0.648789157508434
ENSMUSG00000062309	159.069851727078	0.279595874808248	0.121823569011488	2.28467175236986	0.0223320821575025	0.650079075786597
ENSMUSG00000025885	127.26460784287	0.280051769176743	0.121881866790233	2.28467464015467	0.022331912702431	0.650079075786597
ENSMUSG00000060743	5827.18662109718	-0.180488711028313	0.0792266225185433	-2.27843195678218	0.0227008542212425	0.655067693332114
ENSMUSG00000035403	108.863061779721	0.278806312635556	0.121837215910817	2.27938601297072	0.0226441290361703	0.655067693332114
ENSMUSG00000043897	71.1971519723003	-0.271830194735686	0.120144693519248	-2.27939651296869	0.0226435054252023	0.655067693332114
ENSMUSG00000063919	3775.59663120631	-0.223063050530523	0.0978778551398412	-2.28045042204086	0.0225809880332736	0.655067693332114
ENSMUSG00000022076	303.812681669481	0.277951620490785	0.121291136835655	2.28094490870309	0.0225517070594308	0.655067693332114
ENSMUSG00000017493	358.26110331247	-0.261973274026558	0.115100076871081	-2.27873508281583	0.0226828179300277	0.655067693332114
ENSMUSG00000021684	768.864728300539	0.231903999314876	0.101784081101701	2.27737448345298	0.0227638725106557	0.655935550737577
ENSMUSG00000031837	201.074641963517	0.278932420893109	0.121746913108837	2.27514980361795	0.0228969448821039	0.658816574490709
ENSMUSG00000084996	27.0512948572413	0.231434723857683	0.0998447428424312	2.27308700056147	0.0230209376421905	0.661428411823455
ENSMUSG00000030788	3469.66130902437	-0.190367866296632	0.0838473871842167	-2.27077906143466	0.0231603561106269	0.664475288931832
ENSMUSG00000057123	25.1883813015798	-0.216748343097937	0.0990682264417434	-2.26615660816479	0.0234417963224516	0.668695711427413
ENSMUSG00000039410	247.333724113611	0.264556984105806	0.11648681597265	2.26728710499358	0.0233726926852105	0.668695711427413
ENSMUSG00000021221	2185.01253841309	-0.218759557680481	0.0965686812746007	-2.26638929155249	0.0234275586592217	0.668695711427413
ENSMUSG00000007039	885.070667178876	-0.231856942204835	0.102326719156207	-2.26682179649921	0.0234011140560845	0.668695711427413
ENSMUSG00000070570	13191.5709890072	-0.224592253318066	0.0992589786496768	-2.26461314202712	0.0235364297382644	0.670434696020862
ENSMUSG00000066538	188.963891720092	-0.271927930132739	0.120606283133254	-2.26171487194376	0.0237150252867727	0.674556954978473
ENSMUSG00000045193	1347.92431315931	0.216973609130788	0.0960402364779375	2.25823094200021	0.0239312651315768	0.679736690491905
ENSMUSG00000057329	696.931565197692	0.226082987825923	0.100183330832832	2.25589161542411	0.0240774197588164	0.680257525827687
ENSMUSG00000060802	3355.17924557969	0.209857215550425	0.0929716665816618	2.25625656348066	0.0240545679893167	0.680257525827687
ENSMUSG00000029219	41.1654181855851	0.126843905750755	0.0572468383340607	2.25712900155522	0.0240000151753163	0.680257525827687
ENSMUSG00000021130	2021.40987425898	0.203393410876367	0.0901420318734345	2.25575048895657	0.0240862616497674	0.680257525827687
ENSMUSG00000020027	572.785581159329	-0.243887795912473	0.108214639646629	-2.2551257202293	0.0241254386457312	0.680398879426564
ENSMUSG00000005936	2865.73904261184	-0.18314247084965	0.0812396229019116	-2.25452190371468	0.0241633542923304	0.680504310204513
ENSMUSG00000015484	69.5146679329772	0.272161937772877	0.119999473236902	2.25156443072718	0.0243498109546527	0.683820995653158
ENSMUSG00000113650	14.9583866803838	-0.176744200205762	0.0836405976414865	-2.25174793722539	0.0243382054334908	0.683820995653158
ENSMUSG00000127917	21.9784018202761	0.215297453439813	0.0939756712625564	2.2477886529782	0.0245896697637734	0.689268811737439
ENSMUSG00000020183	639.977870153367	-0.248054140364874	0.110497901246479	-2.24742256473006	0.0246130342597217	0.689268811737439
ENSMUSG00000026204	3579.91691641864	0.206572941480391	0.092054667025609	2.24307363924126	0.024892066237718	0.691405369968537
ENSMUSG00000034738	232.167285278804	-0.260577044572024	0.11660185070056	-2.23604078790366	0.0253490994966115	0.691405369968537
ENSMUSG00000037754	9745.06792595094	-0.235369419068049	0.105173404248983	-2.24090314361914	0.025032349584355	0.691405369968537
ENSMUSG00000037259	7344.76467045283	0.200272285385408	0.0891602849527642	2.24541805996792	0.0247413070952152	0.691405369968537
ENSMUSG00000027792	426.500788403182	-0.243732016192428	0.108947546955679	-2.23797067128571	0.025222967770284	0.691405369968537
ENSMUSG00000025825	1894.48601113363	0.209427985667262	0.0935357768137502	2.23823016883688	0.0252060492452191	0.691405369968537
ENSMUSG00000079598	3172.35238989131	-0.20116233986397	0.0899881974040653	-2.23609794038888	0.0253453563431693	0.691405369968537
ENSMUSG00000053004	225.668195067991	0.272601945647034	0.121036804153535	2.24363946932737	0.0248556076068022	0.691405369968537
ENSMUSG00000001773	663.515249223211	0.228393949422945	0.101977259286116	2.23886346114428	0.0251648015643629	0.691405369968537
ENSMUSG00000032875	3625.76336880689	0.181285754979007	0.0809652567954881	2.23877027956043	0.0251708670114964	0.691405369968537
ENSMUSG00000001119	493.8717667159	-0.256078623321777	0.114423956072523	-2.24125968869924	0.0250092585043616	0.691405369968537
ENSMUSG00000031557	265.353001091451	-0.2645834060684	0.118309325902059	-2.24011215912628	0.025083642356445	0.691405369968537
ENSMUSG00000114584	355.524731087881	-0.244102357688146	0.109114510032695	-2.23743560821056	0.0252578834380561	0.691405369968537
ENSMUSG00000037857	2799.89563802974	-0.205588789715163	0.0917534671499694	-2.2414587911403	0.0249963719753345	0.691405369968537
ENSMUSG00000017724	369.026859593046	-0.255279443757307	0.114133903728761	-2.23870925372511	0.0251748400377347	0.691405369968537
ENSMUSG00000021451	3991.65889099624	-0.176457140280191	0.0787948866093812	-2.23965324533317	0.0251134431135852	0.691405369968537
ENSMUSG00000046613	527.623708417636	0.267224888202739	0.11905898088474	2.23671768995762	0.0253047970785447	0.691405369968537
ENSMUSG00000103472	425.074714584759	-0.248018746543521	0.11080408256356	-2.23975572738213	0.0251067855192581	0.691405369968537
ENSMUSG00000038059	219.793760275707	-0.264550280436399	0.118175311528483	-2.24157337804944	0.0249889581611795	0.691405369968537
ENSMUSG00000033102	878.324730161341	0.211920164683627	0.0949213665779801	2.23203780268411	0.0256124645728292	0.69763308086129
ENSMUSG00000068373	6404.86965561746	-0.221540703684869	0.099389711542063	-2.23081422595229	0.0256934372244081	0.698732324322024
ENSMUSG00000078235	157.356649964892	0.27118152631946	0.121233889902937	2.22978427080855	0.025761768117902	0.698732324322024
ENSMUSG00000030317	3267.75190355411	-0.17904615747246	0.0803597411379767	-2.22825705727328	0.0258633781841862	0.698732324322024
ENSMUSG00000054474	131.104345938538	0.2711612850724	0.121251187261749	2.22991161431206	0.0257533111905214	0.698732324322024
ENSMUSG00000073424	155.234781943778	0.271252500741836	0.121352960899956	2.22838757059067	0.0258546812223254	0.698732324322024
ENSMUSG00000117992	44.9767463736338	0.2544002906149	0.112708356372216	2.22876024886415	0.0258298611338459	0.698732324322024
ENSMUSG00000020431	67349.2711856896	-0.181586959601883	0.0815348371063618	-2.22763373865861	0.0259049489082657	0.69890709717138
ENSMUSG00000031428	7915.32197744906	0.203551281500917	0.0914544311331767	2.22475587841204	0.0260976308148463	0.701932335184008
ENSMUSG00000020891	116.153476051747	0.272259478402187	0.121871060130201	2.22542899937684	0.0260524525730705	0.701932335184008
ENSMUSG00000025579	6076.47826296817	0.196495313650743	0.0883089266070264	2.22438072384241	0.0261228396550324	0.701932335184008
ENSMUSG00000028600	56.8505998606068	-0.254308172593709	0.116030355097586	-2.22209990297677	0.026276554840081	0.703215703522651
ENSMUSG00000034997	123.272628203803	0.271865674905396	0.12155805777804	2.22214025386382	0.0262738286277961	0.703215703522651
ENSMUSG00000052593	1264.43045964153	-0.199502481647729	0.0897760571983687	-2.22236591405004	0.0262585869362478	0.703215703522651
ENSMUSG00000028957	2610.62575458845	-0.195631215206019	0.0881338046136587	-2.2202084925794	0.0264046180949196	0.704221875198148
ENSMUSG00000112390	21.3983688102934	0.209432332570004	0.0925467613754386	2.22077958274009	0.0263658941201253	0.704221875198148
ENSMUSG00000060429	137.496611333823	0.271016798867637	0.121616122196845	2.21997805688231	0.0264202571831157	0.704221875198148
ENSMUSG00000044835	868.71603965595	0.214757274933334	0.096795803851009	2.21804425589067	0.0265518150455748	0.704613012101794
ENSMUSG00000035226	4272.7646752398	-0.236236234908241	0.106686402857245	-2.21737742711487	0.0265973109057519	0.704613012101794
ENSMUSG00000052676	775.995597660178	0.22280073418459	0.100370232409169	2.21897381170043	0.0264885062373352	0.704613012101794
ENSMUSG00000056144	61.9713343023083	0.263310921921214	0.117597244852968	2.21716421332349	0.0266118720858093	0.704613012101794
ENSMUSG00000050875	509.444945630716	0.266624689343419	0.119751654085669	2.21832143118039	0.0265329239398039	0.704613012101794
ENSMUSG00000007655	575.506424421755	-0.236671719188059	0.106828469989936	-2.21637129887726	0.0266660836603059	0.705110746029683
ENSMUSG00000030966	115.832553961533	0.270693205826512	0.121432270496512	2.21411038047087	0.0268211867320503	0.708271417800866
ENSMUSG00000054823	4776.30900457056	-0.182165396464948	0.0823532582333822	-2.21233898248421	0.026943251495092	0.710552424528181
ENSMUSG00000039106	293.849364180263	0.24632083102768	0.111322423314529	2.21137897938137	0.0270096042471384	0.711360092810545
ENSMUSG00000036880	549.213360481156	0.233495644433461	0.105545952212904	2.210738844895	0.0270539269154628	0.711586180731545
ENSMUSG00000031963	132.304367684105	0.269720035403195	0.121670136218897	2.2092241589516	0.0271590533009464	0.713408852605731
ENSMUSG00000046160	2288.92201096732	-0.225460285536639	0.102226324065522	-2.20731263662602	0.0272922250726995	0.715962441926905
ENSMUSG00000039959	2757.21019383856	-0.205596773796777	0.0932304899253159	-2.20613933872435	0.0273742450512958	0.71716920160046
ENSMUSG00000086272	21.1998980258547	0.207084724553108	0.0921332832452361	2.20469849096016	0.0274752591028118	0.717928805659969
ENSMUSG00000039934	843.929214201038	-0.214988323822834	0.0975504062528369	-2.20418395492931	0.0275114097091335	0.717928805659969
ENSMUSG00000038002	1785.7478992611	-0.203619433147629	0.0923965278489691	-2.20429175632792	0.0275038323327239	0.717928805659969
ENSMUSG00000105556	100.251338604847	-0.266628530451025	0.121660605903246	-2.20320840399516	0.0275800632525572	0.718778323850349
ENSMUSG00000042851	943.83601562316	0.215171211267894	0.0976540041380319	2.20264557381212	0.027619739114566	0.718871405895586
ENSMUSG00000041598	3555.14439776282	-0.180538286749655	0.0820134593836591	-2.2015973718074	0.0276937617500962	0.719857036822671
ENSMUSG00000002012	1179.81554200225	0.232856169141528	0.105776640121881	2.19915561565	0.0278668590806544	0.723412035404055
ENSMUSG00000078247	889.554003120793	-0.227377602943967	0.103521435721276	-2.1976435097408	0.0279745200690646	0.725261287884304
ENSMUSG00000036062	3358.78984926746	0.186547218904982	0.0849475399918752	2.1956285605742	0.0281185402745422	0.727101630397935
ENSMUSG00000036764	724.619991923858	0.220997990099623	0.100613286895748	2.19568554241458	0.0281144586857147	0.727101630397935
ENSMUSG00000025150	38.4186156991999	-0.229440892743451	0.107269814343608	-2.194191555205	0.028221641421656	0.728821144418407
ENSMUSG00000044244	2311.67547536857	0.226154038962474	0.103059505955596	2.19233023553862	0.0283556700649458	0.731333868734632
ENSMUSG00000038538	5438.60835524433	-0.193485803517995	0.088305470366783	-2.19178996002844	0.0283946764039298	0.731392499196178
ENSMUSG00000025892	24750.7574071063	-0.192754563250955	0.0880207226131138	-2.19068208245033	0.0284748065840406	0.732508881001076
ENSMUSG00000042607	64.0388409753299	0.256546988133983	0.115852103977504	2.18998211089546	0.0285255342314789	0.732866983332872
ENSMUSG00000116725	14.8112617308583	-0.168517854263612	0.0823689042326174	-2.18533249275221	0.0288644766370803	0.740619322578487
ENSMUSG00000061048	68.2840894463191	0.259154887956567	0.117272369836212	2.18452989863004	0.0289233327509893	0.741057238799771
ENSMUSG00000044712	450.330821156635	-0.232213967423721	0.106325606483929	-2.1840852993835	0.0289559807034414	0.741057238799771
ENSMUSG00000034245	3488.16176399442	0.189439405933345	0.0867766947412587	2.18256004604357	0.0290682247924071	0.742022338258485
ENSMUSG00000048281	52.5442139905026	0.247279839547663	0.111703291006105	2.18289327816272	0.029043670169908	0.742022338258485
ENSMUSG00000104713	62.1416507290956	0.260924133795772	0.118758507588563	2.18092776817288	0.0291887594843694	0.742244431792184
ENSMUSG00000038700	11.3008112952567	0.158356869332512	0.0714651742743132	2.18119179369412	0.0291692335501075	0.742244431792184
ENSMUSG00000117323	33.5926354550377	0.233507483702392	0.105365070932231	2.18172424804116	0.0291298902260898	0.742244431792184
ENSMUSG00000037465	417.260708331008	-0.238212300270433	0.109308303404157	-2.18023962507863	0.0292397037851622	0.742591507737711
ENSMUSG00000029875	545.201439704423	0.244450156738247	0.112054001656956	2.17857317381659	0.0293633908377269	0.744782770662396
ENSMUSG00000017830	94.8458526715448	0.26614395768804	0.121806277046966	2.17504395916471	0.0296268223626945	0.750508473363373
ENSMUSG00000089715	10850.6152244753	-0.164465794104013	0.0756527216928458	-2.1742022246635	0.0296899513850963	0.750971881466965
ENSMUSG00000087132	85.1123350767009	-0.259508228505772	0.120363872003772	-2.17379480892233	0.0297205485709391	0.750971881466965
ENSMUSG00000027339	2825.10672055547	-0.216121740428273	0.0995657088928174	-2.17215568243262	0.0298439221654317	0.75142316660449
ENSMUSG00000028078	3132.52956646805	-0.181132085723914	0.0834450758577977	-2.17092445174367	0.0299368836496168	0.75142316660449
ENSMUSG00000029648	2476.51926963869	0.203773462302833	0.0938782977668064	2.1696693887322	0.0300319006273405	0.75142316660449
ENSMUSG00000029120	3530.30049435536	-0.177061875401577	0.0815470177577342	-2.17154404634269	0.0298900713951476	0.75142316660449
ENSMUSG00000042606	919.566950243171	0.211188946849471	0.0973588654842587	2.16856401493693	0.0301157996559883	0.75142316660449
ENSMUSG00000039470	2266.34776375248	-0.186835233436842	0.0861577070328764	-2.16875824875843	0.030101042534197	0.75142316660449
ENSMUSG00000021972	4135.60377697539	-0.18707615198681	0.0862459663134301	-2.16961294876672	0.030036179607765	0.75142316660449
ENSMUSG00000039781	751.565116521861	0.211774037395845	0.0974669518053691	2.17214550244198	0.0298446897655511	0.75142316660449
ENSMUSG00000021614	1659.72913967073	-0.198174733047355	0.091392644096309	-2.16885267572268	0.0300938705901592	0.75142316660449
ENSMUSG00000024077	3701.3224237278	-0.208254978243281	0.095954093962851	-2.17154998698125	0.0298896228665988	0.75142316660449
ENSMUSG00000136721	88.4947392595428	0.264478555891521	0.121235845541628	2.16769127929149	0.0301821834337664	0.752136989173621
ENSMUSG00000020864	9555.35416610497	-0.165818773544515	0.0765276114845152	-2.16703657406321	0.0302320654538684	0.752438319064968
ENSMUSG00000028926	2871.73828419233	0.224522570584326	0.103560454104638	2.16604701651167	0.0303075943299889	0.753376417858189
ENSMUSG00000037266	11105.5399289641	0.170379032398277	0.0787271871847553	2.16383218053218	0.0304772314043297	0.753575199208979
ENSMUSG00000054910	61.4097941826345	0.258163973820757	0.118306374033984	2.16308891655402	0.0305343414040648	0.753575199208979
ENSMUSG00000032417	303.349321418092	0.25779942612036	0.118829576681978	2.16401866790561	0.0304629167245907	0.753575199208979
ENSMUSG00000021097	7078.1545357094	-0.206778345696828	0.0956106896998374	-2.1639796178983	0.0304659137059418	0.753575199208979
ENSMUSG00000034161	350.360785056872	0.235019084303183	0.108559884641242	2.1639298035455	0.0304697371890054	0.753575199208979
ENSMUSG00000036412	16.7963341944351	-0.175362621038383	0.0858530506224832	-2.16292232821735	0.0305471541148673	0.753575199208979
ENSMUSG00000049303	2516.10821190348	-0.199126398119997	0.092109158631027	-2.16248877525897	0.0305805213681309	0.753575199208979
ENSMUSG00000049686	248.224102383718	-0.24781126810218	0.114684602680456	-2.16148058638059	0.0306582350038091	0.754556387096222
ENSMUSG00000044338	30.5489097923332	-0.211199154012292	0.101150339114693	-2.15985478565391	0.030783912912639	0.756376835541675
ENSMUSG00000052512	2362.47848552639	-0.204506059207922	0.0947560988614933	-2.15905158732912	0.0308461649570509	0.756376835541675
ENSMUSG00000035179	36.9188403455478	0.237036080105971	0.108284608520702	2.15953370209505	0.0308087856034449	0.756376835541675
ENSMUSG00000020838	86.8634921927925	0.0549946627815898	0.0321418724114786	2.15780078884368	0.0309433235377221	0.757781914388001
ENSMUSG00000110277	402.961103487379	0.229552168043856	0.106368282386622	2.15733485539533	0.0309795830602096	0.757781914388001
ENSMUSG00000026278	368.859091457122	0.238137309181637	0.110357957696954	2.15641442240988	0.0310513195016988	0.758604690304692
ENSMUSG00000054520	101.787984994685	-0.25958019471327	0.12128738926132	-2.15384099666446	0.0312526434303072	0.761654079976557
ENSMUSG00000021595	2047.99728502757	0.182701042152399	0.0848132364744885	2.1539118564486	0.0312470849770921	0.761654079976557
ENSMUSG00000108591	382.424371930142	0.232932115414926	0.108180639512577	2.15183921646318	0.0314100199511731	0.764553676342064
ENSMUSG00000032537	1887.00261064421	-0.188875376628077	0.0878304314991706	-2.15066431462986	0.0315027049517696	0.765873453351262
ENSMUSG00000112278	79.7606106968676	-0.256145759706876	0.120158697492045	-2.14901059017615	0.0316335604689177	0.768116856703196
ENSMUSG00000001467	2579.0359564689	-0.228275817192342	0.106422107421732	-2.14772778136258	0.0317353870473102	0.769650781362964
ENSMUSG00000028195	107.38618692787	-0.23850164657916	0.113796019378601	-2.14629086997317	0.0318497795631948	0.7696741249874
ENSMUSG00000031727	12.3738802715087	0.169300614405925	0.077247249103781	2.14710228370157	0.0317851395434377	0.7696741249874
ENSMUSG00000020460	5026.93708474328	0.207284775029036	0.096523785357282	2.14625904984869	0.0318523167590587	0.7696741249874
ENSMUSG00000027016	2681.45953100218	-0.188197885133466	0.0877303485657067	-2.14559484649507	0.031905316967067	0.769820280712495
ENSMUSG00000007617	2565.90153976369	-0.190743850221521	0.0889367196046569	-2.14521461739649	0.0319356914202461	0.769820280712495
ENSMUSG00000020599	154.027503157058	0.262592840737234	0.121877642242278	2.14449934120376	0.0319928981614654	0.770266741587591
ENSMUSG00000040648	1497.84307985653	0.197399215918449	0.0920887997444085	2.14307752328927	0.032106873954313	0.772077255198461
ENSMUSG00000031937	96.2084163443611	0.256351569429452	0.118529360850769	2.14255984972901	0.0321484580415975	0.77214469006785
ENSMUSG00000031139	237.809063799017	0.255046081576248	0.118887016015282	2.1407140706595	0.0322971031213126	0.772408382572411
ENSMUSG00000125391	17.2330576398373	-0.179240856754786	0.0881307849967807	-2.14036268774936	0.0323254674672099	0.772408382572411
ENSMUSG00000032333	1214.07568358072	0.237423616378347	0.110802100647832	2.13953709196813	0.0323921952412216	0.772408382572411
ENSMUSG00000081534	198.526450171452	-0.254087386191307	0.118807163167851	-2.14147875587093	0.0322354498636141	0.772408382572411
ENSMUSG00000033306	1549.54762453551	-0.23512692911869	0.110061371086959	-2.13978028737031	0.0323725270190332	0.772408382572411
ENSMUSG00000063087	554.952049868624	-0.215348902621525	0.100625229108669	-2.13997170251948	0.0323570536775152	0.772408382572411
ENSMUSG00000019055	997.932065252068	-0.206827838835731	0.0969463763117971	-2.1337791213169	0.0328608657653235	0.782646768245642
ENSMUSG00000025395	543.753881787214	0.215668424213021	0.10117403289742	2.13105307045704	0.0330847703079668	0.785161932779411
ENSMUSG00000009828	1124.51117314391	-0.200666513891531	0.0941386234523392	-2.13185179569209	0.0330190320542183	0.785161932779411
ENSMUSG00000024395	315.822638245594	-0.252559182984547	0.11878165616845	-2.1311717103095	0.0330749986994249	0.785161932779411
ENSMUSG00000029298	227.59192998914	0.256400814496637	0.120071758688053	2.12956033990938	0.0332079282915898	0.787146500254577
ENSMUSG00000075028	424.799923302591	-0.231448592793691	0.10887931204358	-2.12669328479734	0.0334455758382978	0.790535853082004
ENSMUSG00000029826	416.262080957916	0.229587939764	0.107951636470104	2.12581547170235	0.0335186272610919	0.790535853082004
ENSMUSG00000015766	3817.64745175861	-0.175360233281473	0.0825104725739345	-2.12557016777474	0.0335390657868381	0.790535853082004
ENSMUSG00000046687	84.9949589315384	0.258737598629215	0.121045238998219	2.12544576766116	0.0335494347774744	0.790535853082004
ENSMUSG00000021690	3820.14539160067	-0.200494793990799	0.0943220335607993	-2.12665592298716	0.0334486823028412	0.790535853082004
ENSMUSG00000022372	1031.83249659903	-0.222710912285079	0.104903306765208	-2.12459344738149	0.0336205511054795	0.791275169103076
ENSMUSG00000048148	4849.55600445333	-0.199345802182515	0.0939634547439541	-2.12253283267242	0.0337930185830988	0.792523902247445
ENSMUSG00000062078	19827.3483092651	-0.177064880494523	0.0834364894225001	-2.12266903009935	0.0337815959494509	0.792523902247445
ENSMUSG00000024575	13.0052036584233	-0.155295770883107	0.0784766791995153	-2.1226769329604	0.0337809332520451	0.792523902247445
ENSMUSG00000007594	3147.68017774698	0.175955422942041	0.0829371578327607	2.12126830336268	0.0338992301602084	0.794079496141071
ENSMUSG00000000214	317.334947217066	0.243837613368079	0.114866676411634	2.120445211618	0.0339685173282413	0.794767507077101
ENSMUSG00000026185	9392.6583546572	-0.166123081567293	0.0784232880024733	-2.11858458075764	0.0341255899621887	0.795637730371357
ENSMUSG00000107756	121.71308951137	-0.255693860051955	0.121602418756774	-2.11867257234847	0.0341181478375567	0.795637730371357
ENSMUSG00000019929	1312.84395196142	-0.223684220613919	0.105654806391002	-2.11900621136624	0.0340899420242401	0.795637730371357
ENSMUSG00000080242	30.4728076679685	0.210170037163204	0.0976017618798315	2.11659901027338	0.0342938941969624	0.798058222495203
ENSMUSG00000030222	117.080273906508	0.258070626034855	0.121122560242986	2.11641450488893	0.0343095695071013	0.798058222495203
ENSMUSG00000026442	10905.5513467157	-0.181086000001903	0.0856711396405724	-2.11430718279423	0.0344890392824799	0.799431037431265
ENSMUSG00000070532	562.829633197592	0.224998154321343	0.106312552298722	2.11506807926444	0.0344241453488412	0.799431037431265
ENSMUSG00000063160	1584.12054740188	-0.181963827598926	0.0860493461908126	-2.11472028351357	0.0344537945549693	0.799431037431265
ENSMUSG00000025905	89.3224603640933	0.243260720174075	0.113603220351051	2.11240172733859	0.0346520069771037	0.801986332581527
ENSMUSG00000017418	1892.57243188507	-0.206983427421591	0.0980740884307373	-2.11160765484096	0.0347201154480074	0.801986332581527
ENSMUSG00000103621	33.4722985342256	-0.218703491783564	0.106082510294819	-2.11188311469831	0.0346964760132247	0.801986332581527
ENSMUSG00000025608	1130.44022339901	0.237258387397123	0.112185902264665	2.11106431734866	0.0347667839530264	0.802133760473591
ENSMUSG00000031755	1102.50657815967	0.191434440971947	0.0907261903346841	2.10975673872235	0.0348793145236902	0.803798647547681
ENSMUSG00000031367	2525.82150233361	0.176830254451017	0.0838635899963732	2.1082397441001	0.0350102570663288	0.803816899215051
ENSMUSG00000051527	996.59365418612	0.214264922982059	0.101613654804457	2.10751144886409	0.0350732703444674	0.803816899215051
ENSMUSG00000020553	81.0597157292619	0.254433270687858	0.11981474030712	2.10806897302868	0.0350250237737417	0.803816899215051
ENSMUSG00000009894	7133.154532508	0.179725652006097	0.0852616669328691	2.10741111485055	0.0350819589883923	0.803816899215051
ENSMUSG00000041180	568.101720624091	-0.212798431935189	0.100938154387796	-2.10822243866046	0.035011753239101	0.803816899215051
ENSMUSG00000020805	346.490238799581	-0.23921367271807	0.113677286347887	-2.10615015855983	0.035191311008697	0.804949553493412
ENSMUSG00000025013	66.8824294464136	-0.248729046911763	0.119138942534235	-2.10590911730964	0.0352122475562634	0.804949553493412
ENSMUSG00000109362	187.689966265999	0.257073583828667	0.121648689282596	2.10529774264444	0.0352653984951729	0.804951201216295
ENSMUSG00000025809	3441.83042047856	-0.176005474437177	0.0836266799997218	-2.10497855813905	0.0352931745598828	0.804951201216295
ENSMUSG00000063810	2343.04965306353	-0.205239799820524	0.0975901485910802	-2.10424072373141	0.0353574538356727	0.805431324101634
ENSMUSG00000021594	381.872300992528	-0.227177205338822	0.108004319765957	-2.10336677400141	0.0354337205431814	0.805431324101634
ENSMUSG00000025064	217.428134998602	0.246270118931303	0.116938854100788	2.10334548254881	0.0354355803281117	0.805431324101634
ENSMUSG00000039672	582.624263577623	0.249712085018404	0.118410944842837	2.10184652845329	0.0355667218238823	0.807490305855553
ENSMUSG00000021732	83.6175093976082	0.256498239116654	0.121395553661279	2.10126747557571	0.0356174931413238	0.807721988538607
ENSMUSG00000086697	18.950931636358	0.19702094944053	0.0919249585464786	2.09910171666028	0.0358079351558191	0.808621339265796
ENSMUSG00000015202	2666.58371796577	-0.172027574073595	0.0819819690511619	-2.09850895067425	0.0358602100633669	0.808621339265796
ENSMUSG00000053560	510.841575884397	-0.243362168290218	0.116242672893311	-2.09860182589315	0.0358520152769459	0.808621339265796
ENSMUSG00000031467	4372.56152377747	-0.169051646881705	0.0805203267561461	-2.09974006392833	0.0357517132136662	0.808621339265796
ENSMUSG00000044117	3655.94482241454	0.181217015234038	0.0863311037616831	2.09864054866837	0.0358485990690362	0.808621339265796
ENSMUSG00000025366	912.728788516563	0.193692989905433	0.0923389414816862	2.09739021970082	0.0359590461568002	0.809932769262498
ENSMUSG00000115632	37.5938029924714	0.224773296135386	0.105535903834367	2.09655269384681	0.0360331906822469	0.810685717146009
ENSMUSG00000110185	5343.24964197807	0.176907492696347	0.0844519746875046	2.09434891025316	0.0362289103324311	0.814169112448122
ENSMUSG00000006411	330.962911520136	0.245180054713536	0.116886361636786	2.09316418622742	0.0363345005510613	0.814222190702681
ENSMUSG00000037824	1038.47850238688	-0.191759239945485	0.0916204408691651	-2.09296541973821	0.0363522415668113	0.814222190702681
ENSMUSG00000037243	1419.83799919913	0.216009531035416	0.103123064114029	2.09294626682616	0.0363539514607344	0.814222190702681
ENSMUSG00000003420	851.669024561942	-0.207598224379526	0.099239142532283	-2.09216575918666	0.0364236903369503	0.814867526178671
ENSMUSG00000043687	21.4671089756373	0.196622450643409	0.0919862030583441	2.0907436600776	0.0365510489504208	0.816799029912264
ENSMUSG00000003418	116.185410927869	0.255162666837759	0.12137925920591	2.08958430923544	0.0366551572399888	0.818207215028494
ENSMUSG00000054942	5132.445602705	0.164025228815407	0.0785122943129456	2.08893081133503	0.0367139518068816	0.818389924001346
ENSMUSG00000115422	24.0798318735375	-0.192712472223844	0.0960379773272778	-2.08857999773707	0.0367455472882931	0.818389924001346
ENSMUSG00000033061	773.917365959809	0.227420995555503	0.106756561536148	2.08695418596921	0.036892276064369	0.819659140961751
ENSMUSG00000100303	20.8055420190481	0.193492357277213	0.0909286875885608	2.08716598861584	0.0368731327472611	0.819659140961751
ENSMUSG00000020836	1270.58890147156	0.209480961519872	0.100333680931228	2.08658092189859	0.0369260333204103	0.819659140961751
ENSMUSG00000073590	195.302376445204	0.248396397843314	0.118832801914487	2.08564114913615	0.0370111409978681	0.820633439207742
ENSMUSG00000054517	370.227632102125	-0.230030355180098	0.110436117554009	-2.08331772584632	0.037222272056192	0.820744915737364
ENSMUSG00000020758	444.153561754467	-0.221099328872226	0.106126885589491	-2.08335712945516	0.0372186828945981	0.820744915737364
ENSMUSG00000047804	1598.74194399658	-0.204181954143316	0.0980051447838833	-2.08438666333465	0.0371250099699808	0.820744915737364
ENSMUSG00000022893	967.047216330639	0.229017225229052	0.109754631541858	2.0841443587212	0.0371470381592419	0.820744915737364
ENSMUSG00000096727	26.9795481053134	0.215922022523637	0.101898431010763	2.08443949537827	0.0371202084256661	0.820744915737364
ENSMUSG00000052353	1291.08907433832	-0.226754895007959	0.109159206239301	-2.0799399232902	0.037531043579313	0.823903647968799
ENSMUSG00000062542	2565.31473305867	-0.181855525209966	0.0874279666972943	-2.08038637272617	0.0374901081691593	0.823903647968799
ENSMUSG00000074715	54.3849008216206	0.23566534452653	0.111857870421014	2.08039951172238	0.0374889040168176	0.823903647968799
ENSMUSG00000047161	63.820476739858	-0.236855815602483	0.115692716215591	-2.08073798712603	0.037457895034037	0.823903647968799
ENSMUSG00000066113	190.563869695101	0.248887356584115	0.119462591929455	2.07898183567237	0.0376190200352712	0.824017940508564
ENSMUSG00000000303	397.765249066016	-0.238260163421308	0.114712828332364	-2.0794097766304	0.0375797026690407	0.824017940508564
ENSMUSG00000041556	1009.51560786194	0.198436613866627	0.0954759063580397	2.077968782066	0.0377122345461609	0.825151980273198
ENSMUSG00000037509	2166.50367083882	0.204056215114645	0.0982358908686045	2.0761051136751	0.0378842303298539	0.828005389788935
ENSMUSG00000021514	1274.58386764278	-0.198317632550063	0.095630751277156	-2.07431651145656	0.0380499253449536	0.830714981955452
ENSMUSG00000026077	170.212260962419	0.247778253386125	0.119283672896697	2.0730589146099	0.0381667970054003	0.832353882995098
ENSMUSG00000003657	13450.0034204314	-0.179267146224939	0.0865718011427698	-2.07132813542199	0.0383281417004884	0.834958019035476
ENSMUSG00000086552	101.86072691201	-0.251272577084261	0.12185480064966	-2.07057386913834	0.0383986362338186	0.83557950388149
ENSMUSG00000040181	229.311094114669	-0.239409610905924	0.115910006546362	-2.06656588612219	0.0387750780806497	0.836687090694548
ENSMUSG00000026395	126.66814651975	0.251455953431003	0.121289936236934	2.06796172704928	0.0386436221827924	0.836687090694548
ENSMUSG00000048458	734.318125279351	-0.221839941555025	0.107312937151991	-2.06856392203041	0.0385870264028568	0.836687090694548
ENSMUSG00000102602	277.464849714939	-0.243162469785846	0.11794500142246	-2.06600797069525	0.0388277269751274	0.836687090694548
ENSMUSG00000025889	1456.38071877313	-0.201592290321314	0.0975115393168433	-2.06821301970209	0.0386199965047914	0.836687090694548
ENSMUSG00000031767	198.861229306723	0.243119814788727	0.117453458249431	2.06697338079108	0.038736662306469	0.836687090694548
ENSMUSG00000143907	1199.25019506526	-0.201751699208498	0.0975545407340607	-2.06857010315844	0.0385864458505131	0.836687090694548
ENSMUSG00000048826	152.85690718132	0.251265533408153	0.121168562592632	2.06738829054622	0.0386975807206058	0.836687090694548
ENSMUSG00000003546	982.405191416118	0.194674571269298	0.0942061170455236	2.06604751525999	0.0388239932680766	0.836687090694548
ENSMUSG00000056394	509.043299798842	0.214336768071707	0.103742004314876	2.06530662258551	0.0388939973547632	0.837209060898044
ENSMUSG00000024165	348.107120080976	-0.228529390455602	0.110693279573176	-2.06485163465756	0.03893704052876	0.8372304686481
ENSMUSG00000022842	475.471867800642	0.221355199418022	0.107162434497225	2.06415584510869	0.0390029424839068	0.837742813157572
ENSMUSG00000004500	433.688383221755	-0.21842573257133	0.105874342697295	-2.06296614331599	0.0391158450061514	0.839262489135215
ENSMUSG00000086567	105.886088542875	0.252180030451543	0.121851529186571	2.06068309850197	0.0393332831133695	0.843019375748438
ENSMUSG00000014158	262.774834464358	0.252019090603745	0.121690421192337	2.05958368925072	0.039438356841946	0.84436249793547
ENSMUSG00000046805	473.111457793368	0.217391134463357	0.105532589520058	2.05880369987148	0.039513047102054	0.845052933242746
ENSMUSG00000026765	131.457817442032	0.244330920679241	0.117374112840846	2.05817989746623	0.0395728675844458	0.845424212954828
ENSMUSG00000028634	1559.31339358906	-0.199127880432569	0.0968506020208473	-2.05686869256215	0.0396988582138358	0.846299749352981
ENSMUSG00000038260	205.395392326713	0.242605836523773	0.117732301274288	2.05723415372157	0.0396637077296439	0.846299749352981
ENSMUSG00000022449	407.918956237845	-0.226040209124999	0.110009655646416	-2.05567597875351	0.0398137588108351	0.847841445649774
ENSMUSG00000037111	17124.0003327086	-0.192534720943855	0.0937397681584913	-2.05498923919247	0.0398800440853246	0.848345681391985
ENSMUSG00000026502	1635.49514740916	-0.178861196597563	0.0870757098040566	-2.05424204002943	0.0399522713625759	0.848975106830576
ENSMUSG00000006403	1961.50156479428	-0.215119432239505	0.105319481685067	-2.04459538798638	0.0408947645756938	0.851125376426906
ENSMUSG00000036198	78.8970548995859	0.157733317386397	0.0752811601114686	2.05061327575201	0.0403046224952288	0.851125376426906
ENSMUSG00000043463	1012.96619302457	0.216030930384153	0.105430491665336	2.04760367037297	0.0405988494231455	0.851125376426906
ENSMUSG00000040339	2184.15182588004	-0.194701153533832	0.0948970303626857	-2.05251929747161	0.0401192215969058	0.851125376426906
ENSMUSG00000027956	359.324735229201	0.220646916905827	0.107887083257616	2.04438889551496	0.0409151434450443	0.851125376426906
ENSMUSG00000062353	300.32138912739	0.232146330994041	0.113298492224939	2.04723101961967	0.0406354071085951	0.851125376426906
ENSMUSG00000039683	196.417984842793	-0.24083967042547	0.117610568963694	-2.04913992770815	0.0404484341609587	0.851125376426906
ENSMUSG00000029310	1032.28996250188	0.187099184059689	0.0912602167326717	2.04992738407271	0.0403715174942078	0.851125376426906
ENSMUSG00000038507	608.368639700104	0.20703791617014	0.10117199452144	2.0457363329721	0.0407823190088355	0.851125376426906
ENSMUSG00000036560	1028.45309786944	-0.213091632403697	0.104240788257208	-2.04567888869984	0.0407879741446895	0.851125376426906
ENSMUSG00000019785	335.530043984576	0.237447345287529	0.115797113071775	2.04743203246219	0.0406156839351169	0.851125376426906
ENSMUSG00000051243	59.0325557883582	-0.239494897999972	0.118026658697272	-2.04827810863888	0.0405327567490431	0.851125376426906
ENSMUSG00000114277	95.3104223981153	0.250529301423207	0.121695718338117	2.0491078605338	0.0404515690293164	0.851125376426906
ENSMUSG00000032501	932.765623060463	-0.205207540229559	0.100211222504894	-2.04843919061802	0.0405169847604204	0.851125376426906
ENSMUSG00000023022	667.920530914472	-0.201053833168741	0.0983083812239487	-2.0450349015533	0.0408514173470906	0.851125376426906
ENSMUSG00000006369	499.647201697008	-0.211730526795641	0.103182986234626	-2.05185162011747	0.0401840848452765	0.851125376426906
ENSMUSG00000034413	36.5380849523613	-0.215062941870057	0.107277187263581	-2.0513543656229	0.0402324496907579	0.851125376426906
ENSMUSG00000024027	35.3261664628572	0.225670129551778	0.108977740415341	2.04402438621852	0.0409511380953732	0.851125376426906
ENSMUSG00000047259	10.9062235067267	0.149170578376221	0.0713615224912901	2.0450853792991	0.0408464414497687	0.851125376426906
ENSMUSG00000025094	362.713271494629	0.19888331610706	0.0948146506519227	2.04721057787836	0.0406374132859566	0.851125376426906
ENSMUSG00000064360	1253.93990402651	0.203978381243549	0.0997230055483811	2.04459384997785	0.0408949163309045	0.851125376426906
ENSMUSG00000122788	59.2527587845644	-0.220767084386463	0.110826713047276	-2.03984511349098	0.0413657548929906	0.858846241579078
ENSMUSG00000006442	836.860639876617	-0.193575035214026	0.0949504546617715	-2.03863233823553	0.0414867352461996	0.858865335360994
ENSMUSG00000001260	1222.5320027484	0.21906623993283	0.1073801131441	2.03810717867266	0.0415392154061894	0.858865335360994
ENSMUSG00000059246	14.8317050827336	0.160062776419558	0.0766328867745571	2.03930592984495	0.0414195041992652	0.858865335360994
ENSMUSG00000033618	2092.78287085763	-0.178355515606644	0.0875084882415256	-2.03844243426117	0.0415057062151537	0.858865335360994
ENSMUSG00000029084	975.524316538858	-0.218113473191109	0.107160528721295	-2.03703978822327	0.0416460549440881	0.860181120323379
ENSMUSG00000097503	14.827931794124	-0.157187608216256	0.0820499641051347	-2.03511813590419	0.0418389875699693	0.861055945631928
ENSMUSG00000042938	200.157515192209	0.24327494658154	0.11929228681531	2.0357138137305	0.0417791011624651	0.861055945631928
ENSMUSG00000089759	424.537737643085	0.217719473190868	0.106969829956152	2.03430928394567	0.0419204217184393	0.861055945631928
ENSMUSG00000040867	874.958108683618	0.229866010459628	0.112821457261407	2.03403683766446	0.0419478814355366	0.861055945631928
ENSMUSG00000024164	40.7354958409124	0.212913519376731	0.103106322280317	2.03438240927081	0.0419130540456517	0.861055945631928
ENSMUSG00000117869	190.769968550526	0.240692232837876	0.118071498384125	2.03579130782023	0.0417713156387477	0.861055945631928
ENSMUSG00000055862	802.741757746702	0.20972762075886	0.103081757797415	2.03329934987683	0.0420222888273726	0.861694946284053
ENSMUSG00000026156	575.524033284335	-0.204658508145909	0.101149745607877	-2.02327131690119	0.0430451824201438	0.862678777073625
ENSMUSG00000121134	825.636920166538	-0.216789772572439	0.106996365105545	-2.02784263762594	0.0425763111488267	0.862678777073625
ENSMUSG00000027227	716.702845485762	0.199281444084073	0.0985396544746593	2.02190743795307	0.0431859152232075	0.862678777073625
ENSMUSG00000037010	895.422585090185	0.211877465161626	0.104227765350201	2.0313013392629	0.0422244356128373	0.862678777073625
ENSMUSG00000027695	412.151977592665	-0.219935021323776	0.108528752498418	-2.02728154463471	0.042633627808318	0.862678777073625
ENSMUSG00000068762	63.6801909488916	0.241942384608411	0.118279024062995	2.02861437140154	0.0424975836166222	0.862678777073625
ENSMUSG00000120418	34.1957032068009	-0.211905916686458	0.107072348062073	-2.02364399027539	0.0430067953537212	0.862678777073625
ENSMUSG00000028842	4336.556675317	-0.181493475080898	0.0896786522481557	-2.02444529558318	0.0429243552178081	0.862678777073625
ENSMUSG00000036565	4638.83857303698	-0.192124313671021	0.0947944247476288	-2.02768475358448	0.0425924326957707	0.862678777073625
ENSMUSG00000036596	15.0454586329045	-0.151652171530085	0.0799429167213719	-2.02828176630377	0.0425314988328985	0.862678777073625
ENSMUSG00000029376	378.549816289143	0.233113178265811	0.115119510881908	2.02207458457874	0.0431686472029403	0.862678777073625
ENSMUSG00000107176	1766.09490230266	0.204945924448033	0.101145328281446	2.02494009002986	0.0428735163667996	0.862678777073625
ENSMUSG00000121009	92.8735602579867	-0.244777119830453	0.121532109832393	-2.02482024826313	0.0428858251250463	0.862678777073625
ENSMUSG00000030748	396.974249584315	0.221588487777983	0.109080477160784	2.03023937100932	0.0423322136590517	0.862678777073625
ENSMUSG00000020218	92.4932757292541	-0.245970669399167	0.12169386050721	-2.02988785121391	0.0423679402607696	0.862678777073625
ENSMUSG00000102665	12.4349805201177	-0.150146205500893	0.0788607257395319	-2.02716768561643	0.04264526667217	0.862678777073625
ENSMUSG00000040433	2295.30907793178	0.182582592177289	0.0899854992030081	2.02856802302801	0.0425023083150085	0.862678777073625
ENSMUSG00000032020	3916.94461036675	0.171555499890815	0.0847317545384021	2.02431099554007	0.0429381629900014	0.862678777073625
ENSMUSG00000056938	1032.0140206322	0.191001619740312	0.0942509050145491	2.02607030785155	0.0427575803090636	0.862678777073625
ENSMUSG00000005950	41.4389109082922	0.228839693596024	0.111640340885751	2.02670637742612	0.0426924498843553	0.862678777073625
ENSMUSG00000078974	974.335026080953	0.199160980239089	0.0981680574055554	2.02805371336255	0.0425547662567414	0.862678777073625
ENSMUSG00000020415	678.411685972896	0.207269493230424	0.101948701855698	2.03228279206436	0.042125035505029	0.862678777073625
ENSMUSG00000020708	4812.86705806576	0.156934744328971	0.0776135793021675	2.0218024688343	0.0431967626308274	0.862678777073625
ENSMUSG00000024256	446.774449064722	0.238586482626891	0.117294173931112	2.02949986415839	0.0424074028086019	0.862678777073625
ENSMUSG00000002504	2709.43442725176	-0.168024376903652	0.0831024364270552	-2.02206085093472	0.0431700658140627	0.862678777073625
ENSMUSG00000103897	234.177156655454	-0.23528761131022	0.116212253490651	-2.02550845730694	0.0428151809247447	0.862678777073625
ENSMUSG00000025019	699.932916092926	-0.234331149446175	0.116266252598946	-2.02078016918014	0.043302526548138	0.863924455009996
ENSMUSG00000028059	5698.59194381737	-0.167220365938234	0.0828210290685377	-2.01938514601081	0.043447204207419	0.86594322620012
ENSMUSG00000022525	455.147475534191	0.220814503959885	0.109325458252983	2.01840638784145	0.0435489546633576	0.867103236302114
ENSMUSG00000020709	255.309446096461	-0.241310239539161	0.119940520957141	-2.01709484266583	0.0436856167474286	0.868718262609721
ENSMUSG00000040771	702.861963347476	0.194123148515861	0.0962418241609491	2.01679101436452	0.0437173270621737	0.868718262609721
ENSMUSG00000045314	1485.95310954513	-0.185302744707569	0.0920193131895404	-2.01412120554251	0.0439968096624962	0.871433875631322
ENSMUSG00000021943	7198.3546471964	-0.197004405486023	0.0978913145606947	-2.01381411494493	0.044029053231134	0.871433875631322
ENSMUSG00000035164	1721.5707217302	0.192000411242647	0.0952682326146532	2.01470843628918	0.0439352077453014	0.871433875631322
ENSMUSG00000068114	673.985565232368	-0.199877200387815	0.0992352701470655	-2.01414409404356	0.0439944072387339	0.871433875631322
ENSMUSG00000026839	627.422788498806	0.201663803223214	0.100197636751777	2.01223249804255	0.0441954342592129	0.871809102570515
ENSMUSG00000033623	1981.30974297175	-0.172418779441817	0.0857394158285107	-2.01113950629692	0.0443107233087922	0.871809102570515
ENSMUSG00000040624	939.795867067807	-0.189526338260932	0.094148048762117	-2.01311763544493	0.0441022553710022	0.871809102570515
ENSMUSG00000034731	3676.31922735488	-0.207097071080935	0.103062002516007	-2.01132643238833	0.0442909883241892	0.871809102570515
ENSMUSG00000044177	155.209785085316	0.244592630967461	0.121193254478611	2.01173177553987	0.0442482191336443	0.871809102570515
ENSMUSG00000022651	11.960908815644	0.152559845803464	0.0739723090781483	2.0121837859038	0.0442005670324182	0.871809102570515
ENSMUSG00000025584	760.439219801348	-0.204156448799051	0.10160358663661	-2.00991055102921	0.0444406568508703	0.872640945323154
ENSMUSG00000057322	1642.14064838962	0.18243912651176	0.0907350218960648	2.01029900123541	0.0443995525379522	0.872640945323154
ENSMUSG00000050271	3809.39102311185	-0.165318141930392	0.0823356213303257	-2.0081211228635	0.0446304221656237	0.873926266666737
ENSMUSG00000041608	139.227177576507	0.244838119515946	0.121467318574238	2.00857675045565	0.0445820390094669	0.873926266666737
ENSMUSG00000021257	514.09506715649	0.210784392281208	0.104914838836873	2.0080517871137	0.0446377888202537	0.873926266666737
ENSMUSG00000028710	1393.57716861115	0.189428859535932	0.0943450613425569	2.00721325976715	0.0447269603446991	0.874371334722013
ENSMUSG00000111063	292.039987807045	-0.23164147160811	0.115501111423886	-2.00701233435539	0.0447483496600739	0.874371334722013
ENSMUSG00000063415	984.840698075548	-0.193075770044266	0.0962807762182764	-2.00551389590142	0.0449081366956465	0.875941908135537
ENSMUSG00000041703	2404.91245947026	-0.181358049789545	0.090469143957946	-2.0051071565294	0.0449515925739577	0.875941908135537
ENSMUSG00000116641	303.834714234742	-0.234466355943116	0.117115723343504	-2.00502189244659	0.0449607066503198	0.875941908135537
ENSMUSG00000031786	279.245517339334	0.242561839252189	0.12060140685008	2.00337418493155	0.0451371401998315	0.878519646645986
ENSMUSG00000033849	1179.65135129463	-0.217633378928808	0.108873512147702	-2.00153558089012	0.0453347033304126	0.878944385459108
ENSMUSG00000019960	738.855324975132	-0.21780625134749	0.108873548172056	-2.00229294198523	0.0452532346618158	0.878944385459108
ENSMUSG00000032596	77.356086347904	0.239149022215334	0.118266508759803	2.00181982482836	0.0453041129788334	0.878944385459108
ENSMUSG00000024331	89.8958464852795	-0.241329478286682	0.121265567554863	-2.00152783363253	0.0453355373344636	0.878944385459108
ENSMUSG00000035258	721.032025773889	-0.194633969348977	0.097266945611048	-2.00110679165289	0.0453808825975803	0.878967658949826
ENSMUSG00000021134	11541.8599364443	0.177135933210608	0.0885111860264555	2.00063313360216	0.0454319401778713	0.879101419710005
ENSMUSG00000040596	5016.07848583147	-0.193754979625534	0.0970043517997757	-1.99854151541506	0.0456579837453895	0.880022628842663
ENSMUSG00000041096	4311.82605241785	0.162756875209979	0.0814542538220724	1.99786960498822	0.0457307986750185	0.880022628842663
ENSMUSG00000054920	1821.13137011438	-0.184889760748715	0.092528251665039	-1.99866125589782	0.0456450177309946	0.880022628842663
ENSMUSG00000025813	1290.94214635747	-0.211889698913412	0.106169939440641	-1.99769143968631	0.0457501228504553	0.880022628842663
ENSMUSG00000035279	55.0141226437302	-0.227491960523298	0.115321103333761	-1.99768645390306	0.0457506637177078	0.880022628842663
ENSMUSG00000020473	1089.13022803538	-0.21719425042439	0.108855806751344	-1.9973338094618	0.0457889329255687	0.880022628842663
ENSMUSG00000117893	10.7272219263801	0.15231677420512	0.0743193656629088	1.99740928631628	0.0457807398599189	0.880022628842663
ENSMUSG00000043263	12.8324513931288	0.159054882384209	0.0776750567948985	1.99423413092938	0.0461264738294457	0.881995268626319
ENSMUSG00000042155	3025.81859875261	-0.170933867760764	0.0857398665423786	-1.99395151195867	0.0461573537194829	0.881995268626319
ENSMUSG00000064329	9756.23088259212	0.191678489147237	0.0960424171246146	1.99468836355427	0.0460768793118139	0.881995268626319
ENSMUSG00000105804	19.4001450403201	-0.173907375012194	0.0910600379401041	-1.99566443412357	0.0459704608342812	0.881995268626319
ENSMUSG00000107804	15.9321353736627	0.17382868686665	0.0854206455397241	1.99442710458093	0.0461053988821174	0.881995268626319
ENSMUSG00000037031	1274.5065586931	-0.178359872825765	0.0894303873611677	-1.99445207189916	0.0461026727556893	0.881995268626319
ENSMUSG00000070527	187.779149387089	-0.235365410832433	0.118185004462297	-1.99311585055525	0.0462487627225977	0.882063094421638
ENSMUSG00000050821	3389.55466065338	-0.169301963345593	0.0849563216824066	-1.99310908111851	0.0462495038208121	0.882063094421638
ENSMUSG00000097789	1182.86806655014	0.181391475173758	0.0910585942982256	1.99178560934514	0.0463945858566038	0.883983348316593
ENSMUSG00000074649	744.208417560712	0.195705158259211	0.0982937618924367	1.9906033728555	0.0465245091626822	0.884765522386022
ENSMUSG00000059213	87.6258299267729	-0.219684580451898	0.112936470793846	-1.99091379493533	0.0464903653390789	0.884765522386022
ENSMUSG00000019986	5665.46518973931	0.211720059779778	0.106294360388574	1.98954604327938	0.0466409649687535	0.885975353364217
ENSMUSG00000115742	12.3209818057141	-0.147078418329408	0.078717414741781	-1.98881508380923	0.0467216172483767	0.885975353364217
ENSMUSG00000064372	3009.16299654788	0.189403334448388	0.0951733612455357	1.98919149747617	0.0466800700398161	0.885975353364217
ENSMUSG00000045392	38.2228048804791	-0.213679408925843	0.109521651350359	-1.98738093262319	0.046880199040754	0.886605474947157
ENSMUSG00000027435	373.628321986216	-0.233775465442824	0.117929739293096	-1.98625574570825	0.0470049338170975	0.886605474947157
ENSMUSG00000066258	203.89255683315	0.236031201862291	0.118653039871238	1.98636194483414	0.0469931489870844	0.886605474947157
ENSMUSG00000058396	136.852157809104	-0.240591123122842	0.121325157854487	-1.98693772390483	0.0469292985176144	0.886605474947157
ENSMUSG00000022490	403.978260258691	-0.225599696206237	0.113608388705573	-1.98745005298404	0.0468725456573699	0.886605474947157
ENSMUSG00000067212	193.629741706062	0.240068636202915	0.120517055237155	1.98610183970005	0.0470220170530962	0.886605474947157
ENSMUSG00000015342	2144.06473046814	-0.205195200968199	0.103427726913335	-1.98563041502843	0.047074376682478	0.886752993495572
ENSMUSG00000059149	1486.63793660168	-0.185369621794586	0.0934936161166595	-1.98303336180705	0.0473637031384603	0.8888394846276
ENSMUSG00000026956	297.253011399198	0.221266564641439	0.111496298066302	1.98310395589984	0.047355818830384	0.8888394846276
ENSMUSG00000036913	2336.72707012486	-0.199902354341308	0.100832603728292	-1.98382222813781	0.0472756612501297	0.8888394846276
ENSMUSG00000054509	661.805384156207	0.22952196444413	0.115458334462559	1.98374011919115	0.0472848186452158	0.8888394846276
ENSMUSG00000046714	102.89355650078	-0.240019007651165	0.121713313085615	-1.98060060887654	0.0476360806123547	0.892231370791409
ENSMUSG00000001323	2307.85894404741	-0.167524795748002	0.0845803794554988	-1.98083369691916	0.0476099265459465	0.892231370791409
ENSMUSG00000034435	63.8458134293917	-0.230236370777831	0.117464467765394	-1.98021940830452	0.0476788799418442	0.892231370791409
ENSMUSG00000106651	52.5499770744718	-0.221633583601851	0.113853084295685	-1.97934701418991	0.047776949719899	0.893227085326676
ENSMUSG00000074652	309.090605549175	0.22046035366401	0.111361493975142	1.97846844823628	0.047875884596037	0.894210109681944
ENSMUSG00000028004	23.587561826957	0.19530370164599	0.0971121379230992	1.97808294306127	0.0479193504610835	0.894210109681944
ENSMUSG00000041986	7867.52201212567	0.15559467827832	0.0786878455850994	1.97711452981191	0.0480286857588134	0.895411200509114
ENSMUSG00000060988	5642.96641022784	-0.172283525999083	0.0872171859499368	-1.97585251539074	0.0481714835744244	0.895557805275783
ENSMUSG00000025402	983.074963324036	-0.210192218442313	0.106444369925193	-1.97613708632089	0.0481392530660753	0.895557805275783
ENSMUSG00000114016	23.1438389987834	-0.167271959030748	0.0894168884219337	-1.97596097988397	0.0481591967466092	0.895557805275783
ENSMUSG00000036040	54.818243361854	-0.223196981724685	0.114705428894507	-1.97460717215934	0.0483127445154703	0.897346134372696
ENSMUSG00000074748	6984.04965922185	-0.151412516092554	0.0767083305308787	-1.9740584669134	0.0483750952247132	0.897666841583657
ENSMUSG00000033208	17397.195735259	-0.160285868700221	0.0812501210965079	-1.97311794095703	0.0484821266838154	0.898426381207617
ENSMUSG00000022881	192.564788419044	0.234857050398585	0.118818782794109	1.97290601771404	0.0485062708953939	0.898426381207617
ENSMUSG00000060703	465.513688769424	-0.210086166473101	0.106579107096567	-1.97171428124279	0.0486422324144429	0.899061613661974
ENSMUSG00000028307	181.96837920185	-0.234738440889471	0.119195796203253	-1.97173301799788	0.0486400923227405	0.899061613661974
ENSMUSG00000054715	590.571069542756	-0.19923348210884	0.101059457351314	-1.97141847720754	0.0486760293067956	0.899061613661974
ENSMUSG00000026463	2529.43852303113	-0.184362541786675	0.093596782085685	-1.97046938761085	0.0487846000497284	0.89954471300178
ENSMUSG00000031065	15097.1601015994	-0.153285862852715	0.0778333121532214	-1.96967695373235	0.0488754058934803	0.89954471300178
ENSMUSG00000120241	444.220757228786	-0.206740936113107	0.104963270468936	-1.96957981666106	0.0488865466901655	0.89954471300178
ENSMUSG00000041540	818.633302190684	-0.223227429803486	0.113581390042923	-1.9688244427195	0.0489732544268962	0.89954471300178
ENSMUSG00000091472	36.0625421193569	0.217297281316442	0.108887001802807	1.96969967942383	0.0488727997574328	0.89954471300178
ENSMUSG00000020650	1679.55930728115	0.182551073455751	0.0926855112067007	1.96913499514581	0.0489375911741418	0.89954471300178
ENSMUSG00000055489	166.087402105809	0.236454219071725	0.119995311996324	1.96718201626411	0.0491622305336871	0.900565820934231
ENSMUSG00000031616	145.878400711777	-0.236715450276719	0.120469807295997	-1.9675924551876	0.0491149485403718	0.900565820934231
ENSMUSG00000086228	561.276532426908	0.198833540807808	0.101054058015494	1.96716202437717	0.0491645345465074	0.900565820934231
ENSMUSG00000058626	123.025244121116	0.138852748823686	0.0693143339341611	1.96588467856161	0.0493119332846298	0.902435573189582
ENSMUSG00000038855	3508.30909871242	0.157945339123008	0.0806649605143655	1.95781874492254	0.0502512850713046	0.904113890846879
ENSMUSG00000026566	1459.96115994573	-0.186890251720837	0.0952858449808554	-1.96186164985123	0.049778593769349	0.904113890846879
ENSMUSG00000082985	43.0851176397961	0.223244671881121	0.112810563703223	1.95769008577218	0.0502663892907184	0.904113890846879
ENSMUSG00000005803	284.890002957283	0.227373450781993	0.115624478260446	1.9639296315467	0.0495382529751753	0.904113890846879
ENSMUSG00000044150	689.121326431366	0.19592984939249	0.0999758592423988	1.95937718802096	0.0500686301813239	0.904113890846879
ENSMUSG00000025264	1470.44853336218	0.169821349519123	0.0867272034214506	1.95791738549495	0.0502397075241773	0.904113890846879
ENSMUSG00000028081	7959.75789373076	0.173396872174455	0.0883981469455639	1.96096049940123	0.0498836309371582	0.904113890846879
ENSMUSG00000028351	4545.40191573395	-0.157121776321616	0.0802136380457386	-1.95899593160325	0.0501132632412158	0.904113890846879
ENSMUSG00000028773	659.845102811724	-0.206560638392027	0.10527801486122	-1.96272548551484	0.0496780801474441	0.904113890846879
ENSMUSG00000066129	11323.8209421025	-0.154967986343003	0.0790805143110914	-1.95990678447797	0.0500066864980437	0.904113890846879
ENSMUSG00000095304	212.124473334315	-0.234130380243392	0.119750351065342	-1.95883602962193	0.0501319926275388	0.904113890846879
ENSMUSG00000032500	253.073536968688	0.226496522774099	0.115305685512254	1.96269641556129	0.0496814598801534	0.904113890846879
ENSMUSG00000123485	14.6665126017015	-0.150371400439943	0.0813868496406455	-1.96442983337422	0.0494802659467049	0.904113890846879
ENSMUSG00000043448	564.242341600385	-0.208940546645363	0.106634417618309	-1.96025936325482	0.0499654831337128	0.904113890846879
ENSMUSG00000021327	3730.30074792632	-0.154855059874874	0.0790493690565764	-1.95911509112797	0.0500993098505114	0.904113890846879
ENSMUSG00000022425	48135.5431938834	0.206525867125525	0.10522668804222	1.96049248473703	0.0499382555253274	0.904113890846879
ENSMUSG00000022772	1768.39658018794	-0.179797214943254	0.0915858666355861	-1.96348525474283	0.0495898161664016	0.904113890846879
ENSMUSG00000024174	414.549371347605	-0.213398521893093	0.108786421543742	-1.9619957890486	0.0497629745128102	0.904113890846879
ENSMUSG00000129437	319.130645479215	0.233712721025857	0.118804452700126	1.96179843862261	0.0497859555514744	0.904113890846879
ENSMUSG00000026238	8005.07293147554	-0.154688381767619	0.0791960667277871	-1.95348529897576	0.0507621175862701	0.910354328469354
ENSMUSG00000009551	62.4404141220169	0.230256691906005	0.117206344483274	1.94746744335283	0.051478719236514	0.910354328469354
ENSMUSG00000026728	4728.07287206155	-0.172469341575494	0.0884541220287346	-1.95030038859521	0.0511403263876764	0.910354328469354
ENSMUSG00000033308	175.353918276699	0.232917587599145	0.119299243994439	1.94954496383364	0.0512303786038258	0.910354328469354
ENSMUSG00000027965	11236.7814408161	-0.149125443038141	0.0764925056180964	-1.94976338660401	0.0512043273616898	0.910354328469354
ENSMUSG00000078532	4893.83654701242	-0.183599025353705	0.0940465773142251	-1.95303137442251	0.0508158776353167	0.910354328469354
ENSMUSG00000028763	478.271045909874	-0.210550929476669	0.107866228031975	-1.9524892137611	0.0508801503167243	0.910354328469354
ENSMUSG00000038342	1951.98566594678	-0.171997710664274	0.0882143506055084	-1.94997973757547	0.0511785341574574	0.910354328469354
ENSMUSG00000108325	164.803093718849	-0.234330603426436	0.120118938133685	-1.95334359779081	0.0507788946912007	0.910354328469354
ENSMUSG00000031776	4512.77112796148	-0.16993105612566	0.0872650873894157	-1.94771608262727	0.0514489446578057	0.910354328469354
ENSMUSG00000037419	5112.34324127686	0.159047062569783	0.0816155629701831	1.94845504644133	0.0513605387337814	0.910354328469354
ENSMUSG00000036466	7186.4565213255	-0.164322762713633	0.0843736903994156	-1.94797344400871	0.0514181407889364	0.910354328469354
ENSMUSG00000025235	1708.94101823009	0.169658079673153	0.0870293314930684	1.94920201819907	0.0512713040527306	0.910354328469354
ENSMUSG00000046215	48.4297175544238	0.224147062710256	0.113771702847762	1.94718625190664	0.0515124093178379	0.910354328469354
ENSMUSG00000110086	21.0761234296176	0.180003276179559	0.0902357341625448	1.95094756786741	0.0510632832817505	0.910354328469354
ENSMUSG00000038132	240.901784998307	-0.233521197828258	0.120319620915105	-1.94735113590638	0.0514926520154904	0.910354328469354
ENSMUSG00000092074	319.120475712782	-0.214673005961225	0.110267165473097	-1.94705813835878	0.051527764963335	0.910354328469354
ENSMUSG00000044906	1228.91489268065	0.178064682588965	0.0912754871642143	1.95058503772535	0.0511064285045542	0.910354328469354
ENSMUSG00000024856	823.393259496715	-0.195792170560241	0.10047965804179	-1.94894536196606	0.0513019500514107	0.910354328469354
ENSMUSG00000063796	743.050277900467	-0.204535870371707	0.104997802979319	-1.94886476366512	0.0513115770426928	0.910354328469354
ENSMUSG00000050379	3070.94004019785	0.1582896222145	0.0814145913971354	1.94404411637224	0.0518901313366316	0.912341921285004
ENSMUSG00000078349	659.723682573476	0.20516625287044	0.105495582910393	1.94362507433759	0.0519406798449949	0.912341921285004
ENSMUSG00000054423	8648.6290633267	0.170150564684829	0.0875230570533247	1.943540033268	0.0519509432677701	0.912341921285004
ENSMUSG00000003882	12.198536084618	-0.142144395271138	0.0778339394731325	-1.94538982711808	0.0517280781821982	0.912341921285004
ENSMUSG00000050697	1923.71952556376	0.174520384609486	0.0897477313280644	1.94420541097589	0.0518706855459118	0.912341921285004
ENSMUSG00000003526	1391.05080452456	0.182780989895844	0.0940252249446895	1.94345660704478	0.0519610134466975	0.912341921285004
ENSMUSG00000046329	10508.3901976065	-0.151689442800629	0.0779888378933483	-1.94525885180485	0.0517438318641603	0.912341921285004
ENSMUSG00000050854	316.324436318627	-0.220064484379342	0.113353757619049	-1.94212848473537	0.0521215479413347	0.91435430930389
ENSMUSG00000029086	1520.01219345974	-0.182132122557427	0.0938453885569487	-1.94111626954332	0.0522441760790581	0.915698758723703
ENSMUSG00000021981	2203.50578474224	0.183359113434165	0.0944479690226661	1.94058680826235	0.052308415455972	0.91601834665247
ENSMUSG00000021280	77.5602058276923	0.233608730600248	0.119403672828316	1.93965577110102	0.0524215381061426	0.916387397042499
ENSMUSG00000023915	1348.07661596787	0.193118394393999	0.0995143373454859	1.93973109077839	0.0524123790350417	0.916387397042499
ENSMUSG00000045007	693.32741667394	0.193628565904761	0.0998291977120064	1.93894774605777	0.0525077012494589	0.917088455770155
ENSMUSG00000142665	61.2340899196148	0.136769980063523	0.0692808014917794	1.93682033787598	0.052767308934718	0.91871349389876
ENSMUSG00000106959	34.67500236604	-0.199495972612954	0.105611215032013	-1.93629608954372	0.0528314474669319	0.91871349389876
ENSMUSG00000114515	21.8253212410553	0.186404640312304	0.0944813380458274	1.93664855972796	0.0527883177535786	0.91871349389876
ENSMUSG00000035781	2446.02845834694	-0.175830847611554	0.0907834606320679	-1.93722554879709	0.0527177784937766	0.91871349389876
ENSMUSG00000060147	1093.9490648388	0.183057078288126	0.0945006967058232	1.93664448100173	0.0527888166750914	0.91871349389876
ENSMUSG00000025739	2451.93547794374	-0.17453538732235	0.09023078471812	-1.93476991081063	0.0530185369921362	0.921162382242952
ENSMUSG00000034377	7821.6513263309	-0.15606374372212	0.0806955251835712	-1.93427762762253	0.0530790024165688	0.921408907686401
ENSMUSG00000041939	499.961264499765	-0.204668090962817	0.105919894233241	-1.93266230429361	0.0532778117634693	0.921845520747083
ENSMUSG00000050786	426.836063684759	0.208186004510319	0.107685927905367	1.93256873274331	0.0532893473145443	0.921845520747083
ENSMUSG00000045813	127.083454828161	-0.234389401941999	0.121875450908243	-1.93294560926537	0.0532428984914158	0.921845520747083
ENSMUSG00000055471	52.9311717266287	0.213866731801785	0.109177450615433	1.93283181426158	0.0532569197953161	0.921845520747083
ENSMUSG00000052131	43.2552799828593	-0.214364991756138	0.112651491340958	-1.93104381501877	0.0534776342230548	0.924299631089621
ENSMUSG00000062328	3000.25670754364	0.175048289685137	0.0906525015315719	1.93043047601075	0.0535535218415318	0.924808476484596
ENSMUSG00000039313	396.48964897942	0.210958104166513	0.109310313460227	1.92857623518768	0.0537834916583954	0.927974958761101
ENSMUSG00000131678	10.6592148031593	-0.133571509613667	0.0742169049491387	-1.92801362764397	0.0538534311397869	0.928377201233158
ENSMUSG00000109555	28.8301958525309	0.19808871473855	0.101132030361617	1.92732067882271	0.0539396780748981	0.929059628156831
ENSMUSG00000032057	27.5861281274419	0.187126009598989	0.095005561199405	1.92645079313952	0.0540481103968454	0.929319452600682
ENSMUSG00000085246	172.893310427263	-0.233456010037691	0.12175889353486	-1.92676583277786	0.054008819324367	0.929319452600682
ENSMUSG00000038116	4044.21486452512	0.166014576017919	0.086208591621884	1.92534710825181	0.0541859478560348	0.93001283189106
ENSMUSG00000040690	395.576287001456	0.228288559305676	0.118276009101223	1.9252839384749	0.0541938458965201	0.93001283189106
ENSMUSG00000036856	127.296354306899	-0.233801004097234	0.121849426668488	-1.9247628407673	0.0542590347643416	0.93001283189106
ENSMUSG00000025478	4633.50979589375	-0.18258714805877	0.0949228900474905	-1.92438285097237	0.0543066123966359	0.93001283189106
ENSMUSG00000024176	1143.14962411207	-0.174212137060998	0.0905351428184252	-1.92426018152712	0.0543219789809303	0.93001283189106
ENSMUSG00000097305	268.923419534295	0.218934714040626	0.113780433504852	1.92287330747286	0.0544959627415769	0.93218996060785
ENSMUSG00000030889	135.831778691592	0.23478894823931	0.121669602773513	1.92223914751763	0.0545756730315692	0.932730433646279
ENSMUSG00000032356	9269.96358525483	0.160078249839009	0.0832763442047066	1.92187690211199	0.0546212488389112	0.932730433646279
ENSMUSG00000025871	6403.86428818027	-0.151492887688657	0.0788498223818234	-1.92149166484246	0.0546697521880646	0.93275872820613
ENSMUSG00000100455	517.574598989704	0.198479463659427	0.103291796335073	1.9210933038733	0.0547199456517055	0.932815785848551
ENSMUSG00000079641	1649.66011194997	0.193103325556364	0.100500419446515	1.92029517619322	0.054820625344769	0.933732652899654
ENSMUSG00000049517	2900.51234201951	0.175819133548313	0.0915980942463528	1.91889205833061	0.0549979959084159	0.934672878597701
ENSMUSG00000022514	1519.38895546812	-0.177581564351294	0.092558443583775	-1.91900532368621	0.0549836601077048	0.934672878597701
ENSMUSG00000042514	24.4374781385838	0.186982184650998	0.095807083420371	1.91874467364359	0.0550166547996839	0.934672878597701
ENSMUSG00000025040	2763.93034296023	0.164803911209642	0.0858962584504156	1.91834260499928	0.0550675835013711	0.934740541428645
ENSMUSG00000013698	16281.2638672107	-0.144074956529932	0.0751556952597164	-1.9172216369239	0.0552097803847255	0.934763552075059
ENSMUSG00000036902	6160.24953366451	-0.174261575973287	0.0909139212632036	-1.91744739543788	0.0551811179108894	0.934763552075059
ENSMUSG00000001054	895.841054231913	-0.178471747938827	0.0930579712324201	-1.91779273586932	0.0551372972248077	0.934763552075059
ENSMUSG00000034310	129.589851328543	0.23456792142037	0.12185566870792	1.916811782593	0.0552618475195085	0.934850166491872
ENSMUSG00000026605	24.0198909519205	-0.182144343773924	0.0980387109757259	-1.91622997583474	0.0553358294519303	0.93510924981243
ENSMUSG00000015790	1682.23196359339	0.165139025763199	0.0861934588056161	1.91569217721846	0.0554042887532287	0.93510924981243
ENSMUSG00000022186	13505.7924180073	-0.148566096475085	0.0775666145811985	-1.91558409147196	0.0554180560885273	0.93510924981243
ENSMUSG00000031375	642.060705954341	-0.218293042366992	0.114245829373746	-1.91365837732995	0.055663820643602	0.93527703509444
ENSMUSG00000051674	2208.94478089278	0.18350455599885	0.0957983245850891	1.9147946317619	0.0555186993672731	0.93527703509444
ENSMUSG00000121489	263.624012161631	-0.222181880678628	0.116226292961389	-1.9129315976114	0.055756809836628	0.93527703509444
ENSMUSG00000040010	2553.92022445162	-0.20161952022506	0.105478396218149	-1.91336613375716	0.0557011967520486	0.93527703509444
ENSMUSG00000034285	1336.08973387737	0.169781344298351	0.0887314231148586	1.91319223541953	0.0557234471722441	0.93527703509444
ENSMUSG00000050334	4164.49861937492	-0.15610691244568	0.0815749615897116	-1.91390394097232	0.0556324307606873	0.93527703509444
ENSMUSG00000096753	19.0159442366873	0.172633122798855	0.0884758922711612	1.91422884237403	0.055590921965369	0.93527703509444
ENSMUSG00000097785	121.241984721161	0.233637776391847	0.121880148129415	1.91050916264914	0.0560676877851232	0.939700110681471
ENSMUSG00000007944	1066.02933088552	-0.194048213882423	0.10163829071007	-1.90989959802881	0.0561461418479192	0.940223574713137
ENSMUSG00000021282	11369.3641270344	0.152184000244369	0.0797540734676823	1.90788222743417	0.0564064398389263	0.942996325468398
ENSMUSG00000022313	365.458863675963	-0.213400972905698	0.111882347114569	-1.9082027063382	0.0563650219833034	0.942996325468398
ENSMUSG00000118401	52.2862861461502	0.220625367043669	0.114603922086381	1.90599871498673	0.0566503723742487	0.94342041711505
ENSMUSG00000026383	448.73458868079	-0.210341958747375	0.110363086332029	-1.90710771971178	0.0565066398006665	0.94342041711505
ENSMUSG00000050071	1176.09366417127	0.181065548344275	0.0949432793186067	1.90667357065007	0.0565628714996647	0.94342041711505
ENSMUSG00000029177	73.1000511091143	-0.227658880376221	0.120239533403116	-1.9048574718697	0.0567986007377667	0.94342041711505
ENSMUSG00000039910	3020.04376947401	-0.167290818850284	0.0878602665752072	-1.90439896263989	0.0568582442136538	0.94342041711505
ENSMUSG00000031883	1605.87203517371	-0.173594159723355	0.0910665520369479	-1.90649739092989	0.0565857038673465	0.94342041711505
ENSMUSG00000038884	1131.29285750866	0.206083544452242	0.108017692626504	1.90568310230374	0.0566913329340974	0.94342041711505
ENSMUSG00000010021	99.8184047419626	-0.231172908953828	0.121806157438696	-1.90472497144265	0.0568158312144946	0.94342041711505
ENSMUSG00000015599	4878.21666650568	-0.157690882441133	0.0827677757203665	-1.90548656939943	0.0567168516397307	0.94342041711505
ENSMUSG00000025993	359.060749990994	-0.213087508758902	0.112051513265029	-1.9030157063884	0.057038495813171	0.94510549312815
ENSMUSG00000029869	538.847386297699	0.22696784224601	0.118945232450949	1.90289127497455	0.0570547337019756	0.94510549312815
ENSMUSG00000063972	332.096576494732	0.21543656219222	0.11311773387125	1.90229072293758	0.0571331578370956	0.945617876720208
ENSMUSG00000052301	43.5937213155581	0.203552754656159	0.105362000405399	1.90075014817711	0.0573347465948373	0.946593813805808
ENSMUSG00000004665	314.864463884326	-0.217738055894628	0.114631871550901	-1.90098560362823	0.0573038983134254	0.946593813805808
ENSMUSG00000022742	1539.28159368042	-0.192591618667471	0.101349481027503	-1.90132815129374	0.0572590439559171	0.946593813805808
ENSMUSG00000022105	2896.26470438422	-0.162866328635105	0.0857361307961314	-1.89990862855506	0.0574451114964992	0.946845707787082
ENSMUSG00000114602	77.7912086769472	-0.22542350462485	0.119674400259284	-1.9002377591654	0.0574019251560456	0.946845707787082
ENSMUSG00000041199	1006.05985216547	0.177434050590486	0.0933960523670875	1.89945448689366	0.0575047453150363	0.947044651751602
ENSMUSG00000105561	24.4976197199088	-0.182447827924671	0.0989990898733457	-1.8974187716574	0.0577726900597726	0.947144770267554
ENSMUSG00000049241	90.1731788644632	-0.226660542601233	0.120314959768978	-1.89765081226518	0.0577420961213148	0.947144770267554
ENSMUSG00000138566	12.2657783280868	-0.135269429576276	0.0763763652958764	-1.89724024077727	0.0577962380530902	0.947144770267554
ENSMUSG00000020181	1083.29226036148	-0.205488846298449	0.108431011422404	-1.89724470542178	0.057795649074979	0.947144770267554
ENSMUSG00000024669	11.2447134952828	0.143966985505912	0.0741242037448475	1.89882418485589	0.0575875962237105	0.947144770267554
ENSMUSG00000024990	188.220049775875	-0.229045836884173	0.120917372042891	-1.89848899698207	0.0576316958552114	0.947144770267554
ENSMUSG00000055116	1444.70704988545	0.167770900980233	0.0884678421404671	1.89612924958899	0.0579429557231067	0.948768249508863
ENSMUSG00000037408	1030.70662528115	-0.171734718848688	0.0907532634382667	-1.8923013519838	0.0584508409180774	0.951959192153743
ENSMUSG00000042010	389.677673109479	0.202768282472059	0.107095134895287	1.89259298733769	0.0584120170681995	0.951959192153743
ENSMUSG00000053646	3489.58443482348	-0.162521542422386	0.0859081815885169	-1.89213866963618	0.0584725072574972	0.951959192153743
ENSMUSG00000048387	80.3888252527797	-0.221276038929756	0.118163475819324	-1.89254136966396	0.0584188870916056	0.951959192153743
ENSMUSG00000043460	1028.18394830709	0.192138553757355	0.101474891693537	1.89258709707732	0.0584128009949578	0.951959192153743
ENSMUSG00000098284	39.3214336354112	-0.205461965783829	0.110292636232205	-1.89369750771684	0.0582651723355192	0.951959192153743
ENSMUSG00000006457	18.9989145294346	0.173850311118591	0.0900304317572488	1.8922994845917	0.0584510895830134	0.951959192153743
ENSMUSG00000022895	3798.47115071438	-0.15231208166485	0.0805466362424355	-1.89114242383731	0.0586053346903106	0.953342172400959
ENSMUSG00000046999	28.5264204926592	0.194347508626313	0.101271432997024	1.88994831167217	0.0587648733282013	0.954377971319588
ENSMUSG00000031875	325.456009082329	-0.213710076122284	0.113112823942706	-1.89016606862161	0.0587357531864422	0.954377971319588
ENSMUSG00000108957	142.006625764821	-0.229007583090702	0.121635303353224	-1.88923507412664	0.0588603369114255	0.955149281371958
ENSMUSG00000120805	23.9214187273047	0.181269586195169	0.0940161019852802	1.8875085335514	0.059091959656494	0.955792046076727
ENSMUSG00000058420	151.985604541486	0.231090098251666	0.121885132203254	1.88783627799507	0.0590479332644792	0.955792046076727
ENSMUSG00000022801	2708.93700139782	-0.163737924126369	0.0867139480953289	-1.88851516653318	0.0589568237830815	0.955792046076727
ENSMUSG00000041215	1192.69076542908	-0.177526865840223	0.0940319699814859	-1.88818667635472	0.059000893858798	0.955792046076727
ENSMUSG00000120522	193.334311461311	-0.227026504815595	0.120625034707865	-1.88588002914351	0.0593111232834737	0.956229777892505
ENSMUSG00000028436	2521.70372601769	-0.16088599500354	0.0853102291102402	-1.88612303273161	0.0592783771800562	0.956229777892505
ENSMUSG00000126024	19.2454898396326	-0.158876236067609	0.0883996110480228	-1.88624901323496	0.0592614065034009	0.956229777892505
ENSMUSG00000021069	77.7925053987199	0.229083247651169	0.120782365441287	1.88659171499002	0.0592152619785896	0.956229777892505
ENSMUSG00000026697	326.972514073574	-0.219556830162002	0.117328611519476	-1.8750055165293	0.0607919646114358	0.956583579126929
ENSMUSG00000026600	1173.38464648863	0.169015740182176	0.089880593249371	1.88026950908694	0.0600713566059934	0.956583579126929
ENSMUSG00000087035	243.35184900909	-0.220645825392417	0.11787613954623	-1.8747840830983	0.0608224337830091	0.956583579126929
ENSMUSG00000026712	261.346100101604	-0.215577365133139	0.114980663584648	-1.87552586521533	0.0607204145684355	0.956583579126929
ENSMUSG00000079037	18198.1071413363	0.14058781872248	0.0747008775000969	1.88181393057718	0.0598612837081663	0.956583579126929
ENSMUSG00000035476	1008.26544533956	0.185465826758238	0.0990247221061571	1.87230133795145	0.0611649257793237	0.956583579126929
ENSMUSG00000104850	108.436962701033	0.23002484586054	0.121848777357833	1.88136366858814	0.0599224655274398	0.956583579126929
ENSMUSG00000039131	159.0605721736	0.226083278734125	0.120225662143897	1.87741074881907	0.060461819417165	0.956583579126929
ENSMUSG00000027797	17813.2133185961	-0.147566379026955	0.07844739018635	-1.88135132703268	0.0599241432339535	0.956583579126929
ENSMUSG00000028479	1008.95764964711	0.172018917381941	0.091348171073346	1.88293770442214	0.0597088107545944	0.956583579126929
ENSMUSG00000028780	830.097675290484	0.180226990476241	0.0964137231181255	1.86903080551926	0.0616185286401172	0.956583579126929
ENSMUSG00000045896	3643.83237248412	0.154283837811411	0.0825185641543709	1.86944808974115	0.0615604993325352	0.956583579126929
ENSMUSG00000029840	8964.22661234419	-0.176429748745266	0.0942695176662414	-1.87241409991126	0.0611493358370348	0.956583579126929
ENSMUSG00000001827	446.6689404499	0.225181090366252	0.119992780606398	1.86970378817849	0.0615249631881806	0.956583579126929
ENSMUSG00000006205	5596.95712101862	0.152872733455195	0.0814149158501443	1.87740922896643	0.0604620275638765	0.956583579126929
ENSMUSG00000019539	111.935442851236	-0.226683538370327	0.121768060674423	-1.86941037837385	0.0615657417743545	0.956583579126929
ENSMUSG00000030761	683.126191674419	0.188550928814245	0.100604969434316	1.87356808238767	0.0609899807068758	0.956583579126929
ENSMUSG00000019774	465.743082494718	-0.195645299726921	0.104317907721722	-1.87541935730243	0.0607350541536044	0.956583579126929
ENSMUSG00000138274	11.8700553380774	-0.135940202901942	0.0772126130749666	-1.87077021216972	0.0613769380941996	0.956583579126929
ENSMUSG00000005410	323.523041814266	0.214506173429705	0.11393585641956	1.88024003842548	0.0600753711544696	0.956583579126929
ENSMUSG00000031491	18.5863048524845	0.134910328864246	0.0699981024671316	1.88169920035279	0.0598768683862978	0.956583579126929
ENSMUSG00000091764	167.98879075564	0.224058917288295	0.119249232647865	1.87575900939721	0.0606883789472652	0.956583579126929
ENSMUSG00000015341	4465.29508922638	-0.166815536657363	0.0885177387160514	-1.88501748265827	0.0594274775157388	0.956583579126929
ENSMUSG00000031864	4009.63647061498	-0.14821733408365	0.0788780565139929	-1.87921744736129	0.0602148082579655	0.956583579126929
ENSMUSG00000021998	442.680686796971	0.198746015955712	0.106092643397826	1.87264416712005	0.0611175380259587	0.956583579126929
ENSMUSG00000022053	411.529815479161	0.216487658521277	0.115688923142466	1.86888273573017	0.0616391307327532	0.956583579126929
ENSMUSG00000049556	1070.41266411082	-0.182263227229903	0.0967217719518667	-1.88476061217959	0.0594621649424162	0.956583579126929
ENSMUSG00000000538	8788.4687860146	0.143149226575131	0.0763702998675457	1.87421226924428	0.0609011737198779	0.956583579126929
ENSMUSG00000035112	129.365113436635	-0.227526448877639	0.121291128632637	-1.8789515345697	0.0602511111640892	0.956583579126929
ENSMUSG00000021759	333.647663011861	0.21680574780267	0.115328969083668	1.87726273801612	0.0604820925659309	0.956583579126929
ENSMUSG00000044258	96.3297608141826	0.228914746729758	0.121832296234086	1.87197754708855	0.0612097098913698	0.956583579126929
ENSMUSG00000011171	483.778507613989	0.224749053757091	0.119195623280844	1.88006897511384	0.0600986781114141	0.956583579126929
ENSMUSG00000098620	41.7336559916885	0.202958218981398	0.106170324431499	1.88190745103273	0.0598485826030496	0.956583579126929
ENSMUSG00000115157	25.6720679146994	-0.182440723853183	0.100125886870326	-1.87316859664033	0.061045107302815	0.956583579126929
ENSMUSG00000072568	343.814154080577	0.215773737246008	0.115201533977363	1.87085362909014	0.0613653718462372	0.956583579126929
ENSMUSG00000041841	2490.41266595329	0.179769204613779	0.0959367569168158	1.87305582497146	0.0610606765730769	0.956583579126929
ENSMUSG00000122922	32.6466980131465	-0.193839065507803	0.105558509635896	-1.87651966793974	0.0605839565839545	0.956583579126929
ENSMUSG00000038127	4690.87615080113	-0.169540559007831	0.0906370833692468	-1.87112222171815	0.0613281421553848	0.956583579126929
ENSMUSG00000075033	767.70967008339	0.186820937606247	0.0994625420904348	1.87783497209127	0.0604037444469802	0.956583579126929
ENSMUSG00000091549	108.615719800859	0.229118163109749	0.121878447674061	1.87279518300612	0.0610966734206784	0.956583579126929
ENSMUSG00000024059	1256.31878276621	0.180309245252512	0.0957918505257565	1.88186313177182	0.0598546013668443	0.956583579126929
ENSMUSG00000024246	269.203784569644	0.214223485830853	0.113699810299788	1.8823254254575	0.0597918443994768	0.956583579126929
ENSMUSG00000007033	68.4191130758501	0.225722920326232	0.119823929325051	1.87295144379241	0.0610750903823329	0.956583579126929
ENSMUSG00000037578	130.463915042652	0.229765269076272	0.121877311323267	1.87735149342487	0.0604699349960048	0.956583579126929
ENSMUSG00000024827	1111.06760842627	-0.177497257218923	0.0949494280656808	-1.86964473293597	0.0615331689867507	0.956583579126929
ENSMUSG00000025184	578.092478187077	0.187889202666192	0.0997557952338164	1.88325163863789	0.0596662739646683	0.956583579126929
ENSMUSG00000035372	770.302866806613	-0.186482129717312	0.0993676039977922	-1.87697945635798	0.0605209095742833	0.956583579126929
ENSMUSG00000042532	3486.43822588086	-0.19756847578224	0.105455059212415	-1.87537537398433	0.0607411005438232	0.956583579126929
ENSMUSG00000035283	92.2915143726862	0.226287115337995	0.12039767541267	1.86588059660445	0.0620580728616735	0.96233511584796
ENSMUSG00000025027	1493.20773837596	-0.17120098202201	0.0917873822757142	-1.86546377499022	0.0621164252716242	0.962490384111525
ENSMUSG00000043015	368.370024208015	0.201643072089522	0.108104165119116	1.86441908200838	0.0622628752342582	0.963622476646298
ENSMUSG00000034998	2276.4703954751	-0.15626954031034	0.0838306753018752	-1.86425231153328	0.0622862803196116	0.963622476646298
ENSMUSG00000041193	90.4002742519767	0.227029069897137	0.121179751577011	1.86196817699738	0.0626075759820806	0.96543968211177
ENSMUSG00000020256	523.924943233701	-0.201484551100671	0.108237623686804	-1.86266556880718	0.0625093329802434	0.96543968211177
ENSMUSG00000020962	2107.06887557309	0.164212970235268	0.0881315072415346	1.86297198515764	0.062466207821401	0.96543968211177
ENSMUSG00000116766	20.258383148133	-0.162006794143821	0.0907944316966024	-1.86169439595901	0.0626461789607959	0.96543968211177
ENSMUSG00000045932	333.104103848102	0.222104102012526	0.119011916317704	1.86218077533326	0.0625776133019081	0.96543968211177
ENSMUSG00000027309	5851.99350349867	-0.158350211132116	0.0851620624816551	-1.85975833643518	0.0629197243979165	0.965783380608709
ENSMUSG00000070802	9013.98418828444	0.153545024977226	0.0825679161054299	1.8592919966704	0.0629857608057987	0.965783380608709
ENSMUSG00000055078	178.975434069344	0.162091757812183	0.0849555080629358	1.8599373248379	0.0628943938096316	0.965783380608709
ENSMUSG00000036446	255.083785794292	-0.214496132591168	0.115440945719176	-1.85917789596214	0.0630019268470034	0.965783380608709
ENSMUSG00000032788	2803.79913850465	-0.195916272553288	0.105451269291311	-1.85967770998812	0.0629311374749704	0.965783380608709
ENSMUSG00000034449	590.795544110243	-0.196424216045966	0.105687272223574	-1.85913492298425	0.0630080162428162	0.965783380608709
ENSMUSG00000022332	601.423979825743	0.196007618125012	0.10530042528681	1.86054419865659	0.0628085712648408	0.965783380608709
ENSMUSG00000026241	134.515439046606	0.224871399374882	0.121017837740708	1.85443003769094	0.0636776607512985	0.9674376822799
ENSMUSG00000081957	144.806892392389	-0.223796358845748	0.120735686779044	-1.85676007673687	0.0633452960060299	0.9674376822799
ENSMUSG00000033096	2082.52352445019	0.161349651016158	0.0868332378819101	1.85787279445812	0.0631870806208353	0.9674376822799
ENSMUSG00000027580	259.698504485405	0.217174394845559	0.116936526365033	1.85415180747026	0.0637174445652674	0.9674376822799
ENSMUSG00000085467	10.768568253664	0.142460973521425	0.0750065504656228	1.85304512108948	0.0638758916560213	0.9674376822799
ENSMUSG00000107858	15.5753508270718	-0.123682744736427	0.0730947585817456	-1.85251776221284	0.0639515093601529	0.9674376822799
ENSMUSG00000108456	78.6914908891558	0.224341717412626	0.120160766171039	1.85424844291303	0.0637036244498129	0.9674376822799
ENSMUSG00000062300	158.978638595068	-0.224239611539503	0.1211220572663	-1.85522969740361	0.0635634325661856	0.9674376822799
ENSMUSG00000005447	342.536004783329	0.209702752843296	0.113006818520389	1.85363979893615	0.0637907097218641	0.9674376822799
ENSMUSG00000020227	37.0564052074314	0.203820003692923	0.108382388134317	1.85476612002433	0.0636296320963164	0.9674376822799
ENSMUSG00000043251	163.868901427375	0.226163067185253	0.121569762187242	1.85305845378759	0.0638739808451221	0.9674376822799
ENSMUSG00000031791	2952.29052360551	-0.15141118557304	0.0816823050766627	-1.85378832639916	0.0637694492277578	0.9674376822799
ENSMUSG00000013584	427.990733357288	-0.209643375598879	0.113071431745709	-1.85554806487754	0.0635180021881249	0.9674376822799
ENSMUSG00000132411	10.5091621015688	-0.125874002158879	0.0728710824590304	-1.85433517453753	0.0636912228166923	0.9674376822799
ENSMUSG00000042628	1787.19811558164	-0.158488416914369	0.0855694141303851	-1.85224583849049	0.0639905292332193	0.9674376822799
ENSMUSG00000022765	1368.33766726336	-0.175160177006196	0.0943926486940945	-1.85600043498644	0.063453496055122	0.9674376822799
ENSMUSG00000062252	89.7604599570482	0.225109561222876	0.12061972264917	1.85326462727689	0.0638444385550232	0.9674376822799
ENSMUSG00000024539	2716.05753895652	-0.158506819202125	0.0855758549469795	-1.85250946609259	0.0639526995267174	0.9674376822799
ENSMUSG00000024600	13.5839601568908	-0.134363262914232	0.0774637730575316	-1.8517408549553	0.0640630443335194	0.967799146983843
ENSMUSG00000039887	811.364843098611	-0.178982176649238	0.0967165011409804	-1.85066761678702	0.0642173855565449	0.969395272036668
ENSMUSG00000079550	314.646311206659	0.210840336912361	0.113891536141736	1.84900105510344	0.0644576603649517	0.97058407307949
ENSMUSG00000109679	23.7857958658961	-0.172100068781568	0.0961430809462335	-1.84876937049873	0.0644911219267825	0.97058407307949
ENSMUSG00000043419	3401.97507243368	0.185421293753614	0.100196150482851	1.84943077452578	0.0643956351245356	0.97058407307949
ENSMUSG00000047497	23.8095791935201	-0.17249779249985	0.0963071851943605	-1.84954121867511	0.0643797016951372	0.97058407307949
ENSMUSG00000026385	7979.9477843179	-0.167650652426863	0.0907519419619074	-1.8479865101184	0.0646042943551333	0.971552949324063
ENSMUSG00000000197	4124.41652141554	0.165917074728663	0.0898268895801827	1.84659467626932	0.0648059063528085	0.973849359540204
ENSMUSG00000061983	2075.67268390372	0.162197263794457	0.0878668709660384	1.84564159453036	0.0649442628024866	0.974756797796467
ENSMUSG00000072676	1158.62656304178	-0.193755714951159	0.105056754880832	-1.84550436414618	0.0649642042426755	0.974756797796467
ENSMUSG00000090733	2771.90582866126	0.170857896364178	0.0925871528885693	1.84477001849973	0.0650710005018792	0.975624014301896
ENSMUSG00000023043	133.768417956341	0.225725832781009	0.121760665142396	1.8427090472144	0.065371502375176	0.979392011882716
ENSMUSG00000031168	1193.18359483455	-0.167538368509976	0.0909667128081292	-1.84181908510454	0.0655016174396432	0.980007972692361
ENSMUSG00000105382	54.0692446967592	-0.19881065877473	0.110357853486818	-1.84175459224245	0.0655110547764317	0.980007972692361
ENSMUSG00000006736	1143.29869307311	-0.175555321218944	0.095375177786222	-1.84088551072994	0.0656383381486046	0.980438822863365
ENSMUSG00000114759	72.5111316724516	-0.220093491268865	0.120246685434702	-1.84121964447759	0.0655893777041237	0.980438822863365
ENSMUSG00000102869	19770.5333231575	0.15360491779929	0.083471220289358	1.83983631230353	0.0657922725216781	0.980531390852644
ENSMUSG00000031928	736.25272290097	-0.190025884212166	0.103297959352527	-1.84026841592386	0.0657288399336624	0.980531390852644
ENSMUSG00000113852	1125.06890837766	-0.188645676612378	0.102579924550247	-1.83991793403393	0.0657802866300045	0.980531390852644
ENSMUSG00000068323	604.911753296698	0.21398761424692	0.114741143920227	1.83787580074651	0.0660807087301672	0.984055370035393
ENSMUSG00000039745	88.2487579302297	0.223290853980533	0.120793873912357	1.83755793594468	0.0661275719505477	0.984055370035393
ENSMUSG00000026608	3289.25704723625	-0.151023736423473	0.0822971265421884	-1.835303321206	0.0664607592567115	0.985080818690286
ENSMUSG00000001815	33.4338332864399	0.190371470512938	0.102227088474535	1.83293654560759	0.0668120081377019	0.985080818690286
ENSMUSG00000031176	5579.52111606673	0.15676396370107	0.0854660944317814	1.83386862337523	0.0666734981457201	0.985080818690286
ENSMUSG00000028639	4753.75084916344	-0.146900225664321	0.0801606839832256	-1.83275075393375	0.0668396457260095	0.985080818690286
ENSMUSG00000048899	925.808210239673	0.173997333101605	0.0947501253267547	1.83609562899082	0.0663435146554686	0.985080818690286
ENSMUSG00000072872	1014.73888383033	-0.17258857522885	0.094008726198229	-1.83604655526861	0.06635077156332	0.985080818690286
ENSMUSG00000133070	12.639611301728	0.142226538907066	0.0760315560084354	1.83439025989093	0.0665960844056539	0.985080818690286
ENSMUSG00000044976	54.0680899205616	0.213462769137475	0.115064429288362	1.83513509103625	0.0664856756756834	0.985080818690286
ENSMUSG00000031918	3409.27805504461	-0.146066324392958	0.0796778091067249	-1.83333536412352	0.0667527133494333	0.985080818690286
ENSMUSG00000136089	387.722642420128	-0.211963438010987	0.115658388661547	-1.83473864156716	0.0665444238808235	0.985080818690286
ENSMUSG00000051166	6205.66099480489	-0.172650799909506	0.0942006057466628	-1.83361196073174	0.0667116154925481	0.985080818690286
ENSMUSG00000087590	90.292627734021	0.22365827045977	0.121369539827075	1.83472430559414	0.0665465490700198	0.985080818690286
ENSMUSG00000024302	10413.9131687137	-0.156163646038803	0.085067929545601	-1.83616196502928	0.0663337060757502	0.985080818690286
ENSMUSG00000031432	1870.67797407213	0.154845301572318	0.0845370976007049	1.83153333286312	0.0670209771780053	0.985823275313524
ENSMUSG00000028072	13.0998862930307	0.145767625861201	0.077850070959229	1.83147549728251	0.0670296016919243	0.985823275313524
ENSMUSG00000032528	194.580897448919	-0.218165078121673	0.119267711243928	-1.83135070029054	0.0670482146876661	0.985823275313524
ENSMUSG00000097267	214.807588037323	-0.216543773910722	0.118429486041553	-1.8310835810194	0.0670880688086899	0.985823275313524
ENSMUSG00000135787	20.4289399372231	-0.164711391344713	0.0932818648342184	-1.83008112902665	0.0672378083115891	0.987294986203577
ENSMUSG00000029026	252.88039997996	0.215752819581549	0.117736070745143	1.82900974908778	0.0673981477826709	0.987684486799852
ENSMUSG00000040312	108.702587160035	0.22347810229834	0.121814537469438	1.82890961645322	0.0674131493928481	0.987684486799852
ENSMUSG00000024150	2045.2676217173	0.160720550181336	0.0878430676602502	1.82934943580153	0.0673472772703173	0.987684486799852
ENSMUSG00000026686	75.5000079954729	0.219110824678588	0.118896584084328	1.82708464550642	0.0676870435004801	0.988559568583551
ENSMUSG00000027030	3023.89173556236	0.159843626107901	0.0874774821948686	1.82685800672743	0.0677211215683774	0.988559568583551
ENSMUSG00000016256	933.671479658549	0.171425878590986	0.0937808368723496	1.82762657984369	0.0676056138670718	0.988559568583551
ENSMUSG00000006390	738.451833070507	-0.182615079624927	0.0999716287229419	-1.82687734826632	0.0677182127674341	0.988559568583551
ENSMUSG00000034206	324.16996517186	-0.204400193900214	0.111866140529657	-1.82805363651336	0.0675415022452674	0.988559568583551
ENSMUSG00000120099	10.3415512675116	-0.125261747797031	0.0733673552930151	-1.82649752995609	0.0677753529829613	0.988626412632779
ENSMUSG00000019888	217.688457738933	0.223264436866741	0.121796131056448	1.82511036931292	0.0679843757203555	0.990224509852229
ENSMUSG00000118280	83.820177968486	0.220783012040543	0.120325167727526	1.82538033448539	0.0679436548267577	0.990224509852229
ENSMUSG00000042116	1036.02679507595	0.183240104858247	0.100427133647353	1.82387733729214	0.0681706185498485	0.99030966275301
ENSMUSG00000037166	410.308249221946	-0.194541180453888	0.106627589903931	-1.82446897832479	0.068081202078035	0.99030966275301
ENSMUSG00000111977	415.749926740838	0.194553524599843	0.106695234399137	1.82283425963225	0.0683284971650043	0.99030966275301
ENSMUSG00000019763	1400.90980329302	-0.165473188295917	0.09076248050272	-1.82330593104742	0.0682570685205674	0.99030966275301
ENSMUSG00000032038	1130.00861932256	-0.169218642608773	0.0928741325278895	-1.82212527679876	0.0684359792042855	0.99030966275301
ENSMUSG00000085772	23.2760866442096	0.177137076051831	0.0951755803606224	1.82320633783627	0.0682721455323237	0.99030966275301
ENSMUSG00000054409	454.74217027733	-0.208196338911949	0.114430189992108	-1.82211292320616	0.0684378532443444	0.99030966275301
ENSMUSG00000049076	4871.75519754747	-0.160990597556238	0.0883519562954732	-1.82262751674859	0.0683598251134096	0.99030966275301
ENSMUSG00000100572	102.828652181944	-0.221509366873455	0.121885374047913	-1.82301459821901	0.0683011799241722	0.99030966275301
ENSMUSG00000027376	160.401187600162	0.217012603203609	0.119385813696604	1.81511823805152	0.0695057409954408	0.991312737245655
ENSMUSG00000026888	595.144643851482	-0.188356745995743	0.103505604320034	-1.82021890037066	0.0687256759499196	0.991312737245655
ENSMUSG00000063663	1545.0404128534	-0.1790640306196	0.0985999934471589	-1.81688909958054	0.0692340960864568	0.991312737245655
ENSMUSG00000028890	1368.52085403397	-0.159400536200021	0.0877842526927745	-1.81586865909981	0.0693905219664254	0.991312737245655
ENSMUSG00000058488	2184.15886116617	0.206444804963184	0.111658710042931	1.81819962951969	0.0690336266252945	0.991312737245655
ENSMUSG00000000149	2780.42949714538	-0.164764573619827	0.0907650461082298	-1.81569049888789	0.069417862329825	0.991312737245655
ENSMUSG00000054252	3841.87270890808	0.153700729398516	0.0844676701164876	1.8193686244957	0.068855210145355	0.991312737245655
ENSMUSG00000037621	143.692497530597	-0.220318448907466	0.121615219122255	-1.81593933400366	0.0693796786864751	0.991312737245655
ENSMUSG00000035429	48.2982691815527	0.210117548018727	0.11461977464258	1.81547905966706	0.0694503211492566	0.991312737245655
ENSMUSG00000120237	248.454420410024	0.217537829833167	0.119596198726429	1.81448889152139	0.0696024914202916	0.991312737245655
ENSMUSG00000000901	44.0901244538797	0.199761715272612	0.108286191140601	1.81564389986118	0.0694250148489013	0.991312737245655
ENSMUSG00000031803	38.2142801757872	0.197628069897523	0.107108534084394	1.81930214070785	0.068865346983777	0.991312737245655
ENSMUSG00000031822	1204.67967256311	-0.161903008664731	0.0891224994626457	-1.81665248850961	0.0692703409739202	0.991312737245655
ENSMUSG00000032540	603.78154529909	-0.195942442737988	0.107722021251642	-1.81998246739594	0.0687616749141183	0.991312737245655
ENSMUSG00000041958	2413.04957978481	-0.151494116574124	0.0833094888502753	-1.81856393871435	0.0689779836718675	0.991312737245655
ENSMUSG00000017466	3143.01037818695	0.192576719427513	0.106006173289241	1.8148397421919	0.0695485409687953	0.991312737245655
ENSMUSG00000020808	12.307231975563	-0.136016384800457	0.0789886863920695	-1.81892780456367	0.0689224452181188	0.991312737245655
ENSMUSG00000005917	10.732997524565	-0.117752571900446	0.0703713015237611	-1.81586599681784	0.0693909304535879	0.991312737245655
ENSMUSG00000040373	2247.558314306	-0.157919894586281	0.0870353726276849	-1.81466663906439	0.0695751548148414	0.991312737245655
ENSMUSG00000097265	83.2069964096858	-0.218278940682905	0.120837505786917	-1.81710406912868	0.0692011798271488	0.991312737245655
ENSMUSG00000035653	743.764201184237	0.188001138278791	0.103400735656347	1.81747721198516	0.0691440745024691	0.991312737245655
ENSMUSG00000038425	288.699465596646	0.204095407971531	0.112093256230394	1.8194835644836	0.0688376880418784	0.991312737245655
ENSMUSG00000037280	450.380342260944	0.192983082630047	0.106354739430191	1.81402091309715	0.0696745061326022	0.991629086208894
ENSMUSG00000031574	108.066940150433	-0.219769264932031	0.121795004960395	-1.81316417411915	0.0698065036422396	0.992563433707612
ENSMUSG00000079104	681.23043612158	0.181601721108842	0.100144931431819	1.81294790952723	0.0698398558899284	0.992563433707612
ENSMUSG00000063019	918.248695584651	-0.181730018354083	0.100343142578549	-1.81144966932323	0.0700712733198759	0.992677099933459
ENSMUSG00000028804	1060.02443799608	-0.196286317715744	0.108463561135742	-1.81161798239434	0.0700452444314975	0.992677099933459
ENSMUSG00000033763	15302.6724343468	-0.142751113915016	0.0788108919154162	-1.81155713079464	0.0700546539522103	0.992677099933459
ENSMUSG00000031849	86.3299182243089	0.220231015315255	0.120869351836178	1.81128250533039	0.0700971323643435	0.992677099933459
ENSMUSG00000022421	7656.68617889444	-0.17908156431058	0.0989042611507412	-1.8118009932508	0.0700169515993271	0.992677099933459
ENSMUSG00000043991	5373.61652935391	-0.195599921858892	0.108163440384534	-1.81081262148937	0.0701698618983705	0.993000796203592
ENSMUSG00000057337	116.45381347001	-0.219908866820257	0.121765950138174	-1.81036670450795	0.0702389390484275	0.993272383091789
ENSMUSG00000027678	1594.68429930907	-0.15553743932401	0.0859678922675313	-1.80931015556374	0.0704028321416234	0.993878772795068
ENSMUSG00000028051	239.233996640007	0.206970682585912	0.114386077242923	1.80821405136109	0.070573192530208	0.993878772795068
ENSMUSG00000034544	1984.4282643354	0.176596247949662	0.097592832899704	1.80877471929472	0.0704860093418894	0.993878772795068
ENSMUSG00000029334	86.6747581448577	0.208092448388372	0.113578871933025	1.80846227940643	0.0705345824628711	0.993878772795068
ENSMUSG00000020000	240.288641258914	-0.217748955369214	0.120748728122774	-1.80816183833386	0.0705813160932262	0.993878772795068
ENSMUSG00000020086	531.705555688106	-0.186191764189191	0.102929524049094	-1.80892650160603	0.0704624225776826	0.993878772795068
ENSMUSG00000060445	177.694675770645	-0.215995796007793	0.119684559469395	-1.80742461722189	0.0706960985188133	0.99479153187851
ENSMUSG00000053963	503.101388550935	0.198157633405495	0.109641933659653	1.80593639423905	0.0709282754440081	0.997353737546359
ENSMUSG00000042807	2593.72871624288	0.169786063531377	0.0940138139036679	1.80540748343527	0.0710109409901858	0.997811465106273
ENSMUSG00000100764	13.5854123397559	-0.0880832571154108	0.0809159155368541	-1.12204679448639	0.261842544160233	0.999831983216163
ENSMUSG00000100635	21.3405092747131	-0.0421074955121118	0.0948258333919837	-0.446917433463322	0.65493467607762	0.999831983216163
ENSMUSG00000100480	22.449883062124	0.0782043897461114	0.0945134906181753	0.818310634024516	0.413179835527733	0.999831983216163
ENSMUSG00000103540	53.733928818134	0.0885722925141368	0.109480320444255	0.803104334423659	0.42191443266459	0.999831983216163
ENSMUSG00000078184	25.190744197283	-0.00134106938799457	0.0969106619993916	-0.0138620294419855	0.988940054933522	0.999831983216163
ENSMUSG00000104157	79.2128430670562	0.123276348042587	0.121061589958562	1.01579369979574	0.309727636804986	0.999831983216163
ENSMUSG00000070695	606.587674092392	0.166342360486146	0.112145057338566	1.48195025177923	0.138353532523627	0.999831983216163
ENSMUSG00000061024	336.107811811657	0.00322330191262838	0.112228994721511	0.0287162098314268	0.977090928123167	0.999831983216163
ENSMUSG00000104154	529.019352436937	-0.0941190766614331	0.103748723596703	-0.907342067894904	0.364225934518175	0.999831983216163
ENSMUSG00000091844	23.4867668215551	-0.0497171643353815	0.0967107994430255	-0.518764648950115	0.603924872669572	0.999831983216163
ENSMUSG00000104391	67.1643480326583	-0.181807875603606	0.116727998691287	-1.57500727094936	0.115254766259163	0.999831983216163
ENSMUSG00000104097	60.4504115961403	0.0593272254441399	0.117325818653728	0.503970107513203	0.614282383135267	0.999831983216163
ENSMUSG00000104018	44.9561751928568	-0.11616964090953	0.113931147256455	-1.02652886713426	0.304642363941013	0.999831983216163
ENSMUSG00000067106	21.2023827467468	0.0279262980597636	0.0924172213453408	0.301130444495432	0.763315026489138	0.999831983216163
ENSMUSG00000103076	35.806170717068	-0.142490978833778	0.10799715418349	-1.33666263751887	0.181332782932146	0.999831983216163
ENSMUSG00000064435	10.4802863606549	-0.0278785136945963	0.0729086465809065	-0.387716460702873	0.698225872980609	0.999831983216163
ENSMUSG00000103543	32.4530905988172	-0.0725694411910699	0.104638339727006	-0.698529106692475	0.484846361617577	0.999831983216163
ENSMUSG00000041144	635.546824281911	-0.045862747495237	0.104424209074516	-0.439286410382169	0.660454019807708	0.999831983216163
ENSMUSG00000101337	67.7272383166468	-0.0388328165000645	0.119573463203523	-0.325247825118674	0.744993515369128	0.999831983216163
ENSMUSG00000100213	222.464041369752	0.0627696699400783	0.120557064125851	0.52021427472557	0.602914237139991	0.999831983216163
ENSMUSG00000100945	10.3998240982016	0.0257381377446067	0.0697428642762049	0.36457983388381	0.715425070433554	0.999831983216163
ENSMUSG00000100671	11.607199238284	-0.0266729490848121	0.073632723348769	-0.367598800850462	0.713172409097655	0.999831983216163
ENSMUSG00000099625	16.915548840306	-0.0301380879680149	0.0854648650934727	-0.355788478028398	0.721998978437845	0.999831983216163
ENSMUSG00000033671	3899.73306388755	-0.0579488032401876	0.0968204792078239	-0.59862965757443	0.549419874383401	0.999831983216163
ENSMUSG00000097408	12.9465152033173	0.054425273954558	0.0797935561532227	0.673539740994358	0.500603974729671	0.999831983216163
ENSMUSG00000104396	13.3360888899696	-0.0334415446041737	0.0791498545483301	-0.428038000788713	0.668623454078577	0.999831983216163
ENSMUSG00000098923	402.686818652723	0.0960509498960625	0.105775250941601	0.907953128822537	0.363902985899485	0.999831983216163
ENSMUSG00000103630	18.9347047083384	0.0118378746656398	0.0896880098085842	0.131934402024729	0.895036177582905	0.999831983216163
ENSMUSG00000104253	67.2976530849815	0.123155566314406	0.118035732817609	1.03896230671054	0.298822266899636	0.999831983216163
ENSMUSG00000054135	58.1531930607589	0.0874605945477865	0.115397626386076	0.753633132688885	0.451069543536798	0.999831983216163
ENSMUSG00000081214	10.8998270710915	0.0922183936984229	0.0749773866710416	1.20709374030937	0.22739604530791	0.999831983216163
ENSMUSG00000102801	30.0435066206319	-0.117939366147632	0.102102488360764	-1.17534043386881	0.239858544039581	0.999831983216163
ENSMUSG00000101589	26.5165496328391	0.0631111494933165	0.10005718023014	0.627208905041012	0.530522306718859	0.999831983216163
ENSMUSG00000042596	62.8370091521665	-0.00686730070970686	0.0276306033482316	-0.260677218039798	0.794341436152947	0.999831983216163
ENSMUSG00000099471	20.082881162919	0.0615478319136072	0.0921659343389517	0.661695051248753	0.50816667691138	0.999831983216163
ENSMUSG00000100204	10.3210919441788	-0.00108245743562871	0.0701147003929851	-0.0154804724666967	0.987648863341607	0.999831983216163
ENSMUSG00000099906	64.6249392150704	-0.0428775160317167	0.119034911532066	-0.36069768667302	0.718325454230915	0.999831983216163
ENSMUSG00000104415	68.3122332258987	-0.0883278741297615	0.119735009266583	-0.739590580829929	0.459548458736921	0.999831983216163
ENSMUSG00000100929	52.7016565667758	-0.0319788604944254	0.111279927651478	-0.288155431177745	0.773227763200599	0.999831983216163
ENSMUSG00000101122	11.2694848072201	-0.0318618746115887	0.0736545192735977	-0.439495156745914	0.660302790623867	0.999831983216163
ENSMUSG00000089670	29.6197897057643	-0.0688868390861873	0.0984660318740624	-0.707960347444376	0.478969882083243	0.999831983216163
ENSMUSG00000104164	13.6749636074537	-0.0867250231195912	0.0803284324251869	-1.11560062030702	0.264593126484333	0.999831983216163
ENSMUSG00000058603	112.619251102459	-0.0311184016026655	0.121866109117358	-0.255396253138862	0.798417064423603	0.999831983216163
ENSMUSG00000084106	920.845128302593	0.0666274756088736	0.0938838134544043	0.709648773916762	0.477921965853335	0.999831983216163
ENSMUSG00000103984	16.510461976076	-0.0231747497448529	0.0862808529918578	-0.270600339643878	0.786698434570996	0.999831983216163
ENSMUSG00000046994	1048.87313273109	-0.168562434573544	0.107080744315011	-1.57546584973742	0.115148955134126	0.999831983216163
ENSMUSG00000028033	144.270163313119	0.122349827108088	0.120656815717453	1.00996491416007	0.312512100043291	0.999831983216163
ENSMUSG00000082935	178.768275612202	0.116602723776551	0.118547907456801	0.982832203919433	0.325690029271105	0.999831983216163
ENSMUSG00000100215	136.596271786723	0.0996537840136266	0.121740282350378	0.817527058758471	0.41362729239197	0.999831983216163
ENSMUSG00000038349	1223.49862647854	0.0413137479745838	0.107703675976582	0.383534515759928	0.701323483314253	0.999831983216163
ENSMUSG00000026354	14.3128821813115	-0.0995845800414484	0.0814276431484795	-1.26901907790134	0.204434259810834	0.999831983216163
ENSMUSG00000100078	23.3631836835438	-0.0264005571885301	0.0960615919589483	-0.276035435117553	0.782520849850175	0.999831983216163
ENSMUSG00000089648	36.6735102162689	-0.117875678512717	0.107893083057251	-1.104316891459	0.269455698023956	0.999831983216163
ENSMUSG00000101468	13.6356110233676	-0.0313633838849608	0.0781673735602052	-0.404752092202867	0.685659747069225	0.999831983216163
ENSMUSG00000097970	52.4485705536837	-0.0564827204961732	0.116130257779123	-0.487457082827859	0.625934449536782	0.999831983216163
ENSMUSG00000039349	382.406613227179	-0.0987400725762378	0.106925990209435	-0.923433799920057	0.355781184359987	0.999831983216163
ENSMUSG00000073530	11.3345340157886	0.0780276247233854	0.0748700019736105	1.02487466187399	0.305422331685526	0.999831983216163
ENSMUSG00000090394	181.754354808743	-0.0524253300715584	0.118953855729423	-0.440841871005221	0.659327478595536	0.999831983216163
ENSMUSG00000102526	24.6471095799173	-0.00192784023553428	0.099533680696894	-0.0193782375800304	0.984539371044539	0.999831983216163
ENSMUSG00000103839	263.800479026422	0.00528407687182145	0.119904951425245	0.0440553404303775	0.964860291369269	0.999831983216163
ENSMUSG00000026147	45.4639903685141	-0.123595182555201	0.113664550908436	-1.09511910723516	0.273464458784031	0.999831983216163
ENSMUSG00000103200	28.4351586991739	0.0482803833085225	0.0995115922477509	0.481703613128841	0.63001650900988	0.999831983216163
ENSMUSG00000103632	46.185393141964	-0.154680971825833	0.114072667373023	-1.36794412767651	0.171329565665505	0.999831983216163
ENSMUSG00000104394	157.244830286765	-0.0416012786016175	0.119934548421801	-0.346970578427659	0.728613422303248	0.999831983216163
ENSMUSG00000104245	74.5777915356334	0.120778696604357	0.120782481164599	0.99717644625845	0.318678871650362	0.999831983216163
ENSMUSG00000070960	11.974952234569	0.027718783356407	0.0774924075438096	0.354236975696187	0.723161295232057	0.999831983216163
ENSMUSG00000091318	16.4145101545249	-0.0556654977655979	0.0845065840848725	-0.667899781269567	0.504197567032757	0.999831983216163
ENSMUSG00000103625	14.2315045492801	0.0026659808764799	0.0820443410529296	0.0324732297650282	0.97409466431981	0.999831983216163
ENSMUSG00000102254	12.1714645314583	-0.0828800216769187	0.0786396915028371	-1.08629639323132	0.277347882234049	0.999831983216163
ENSMUSG00000078190	10.8827539856243	0.0064894842154823	0.0732657483989746	0.0881432839715585	0.929762794600148	0.999831983216163
ENSMUSG00000103685	57.3632629753104	-0.107571356870147	0.117632113554177	-0.918367674720729	0.358426408137719	0.999831983216163
ENSMUSG00000098259	24.1701073750386	-0.0997892762885949	0.0987852394367843	-1.0250717847102	0.305329317625786	0.999831983216163
ENSMUSG00000049866	4070.05082522378	0.100848112262994	0.0861274346729647	1.17077085950167	0.241690893980337	0.999831983216163
ENSMUSG00000026012	61.7893763876406	0.00599370959757129	0.117280426121505	0.0511043791118684	0.959242346527912	0.999831983216163
ENSMUSG00000052062	252.294488527069	-0.0805667484020648	0.116775825394779	-0.690375878534026	0.489957841783762	0.999831983216163
ENSMUSG00000104002	47.150497673648	0.112123992232426	0.110532388784352	1.00635861743156	0.314243092627482	0.999831983216163
ENSMUSG00000104358	34.1791071108612	-0.157667375573162	0.104173127818325	-1.54638803449895	0.122010882179824	0.999831983216163
ENSMUSG00000104348	89.7774766096908	0.211821394922	0.121590221252726	1.73478298324526	0.0827792513759737	0.999831983216163
ENSMUSG00000103867	22.6168499948472	0.0571837526904117	0.0962338303564028	0.588944234657258	0.555898682826947	0.999831983216163
ENSMUSG00000104010	45.6179293774558	-0.0408444831423396	0.112399807917007	-0.364625221181883	0.715391185399841	0.999831983216163
ENSMUSG00000103443	19.5453296816994	0.0260311280756918	0.0878051231719551	0.295269169346723	0.767788266420207	0.999831983216163
ENSMUSG00000103320	57.3148131180544	-0.099475278323376	0.11498372873052	-0.869971688700399	0.384315876207827	0.999831983216163
ENSMUSG00000102302	296.597726565294	-0.0363113631518517	0.113052995366404	-0.32127995346035	0.747998246630736	0.999831983216163
ENSMUSG00000103763	12.7875922550852	0.00901544577158102	0.0791853995267658	0.113394662943247	0.909717670776231	0.999831983216163
ENSMUSG00000073616	1305.74913483797	0.0667086414238473	0.100612825698979	0.662898200095171	0.507395754572285	0.999831983216163
ENSMUSG00000051344	1845.61824047999	0.0756324091848813	0.0911560229984221	0.829652461979206	0.406735306156486	0.999831983216163
ENSMUSG00000065694	11.2221701514434	-0.0442501869069737	0.0664098565548876	-0.688224566695843	0.491311375798976	0.999831983216163
ENSMUSG00000103375	408.210564488451	-0.0441227471912792	0.105607311290229	-0.41780473247711	0.676089890514802	0.999831983216163
ENSMUSG00000102559	63.9461364914233	-0.0531094803778486	0.116951509816974	-0.455239031080536	0.64893728340056	0.999831983216163
ENSMUSG00000102374	59.1887001044734	-0.110401799988195	0.117179478601447	-0.94770449908637	0.343279909892017	0.999831983216163
ENSMUSG00000102776	56.3631698248854	-0.0891251170168099	0.115366582869416	-0.77709063507011	0.437105298757923	0.999831983216163
ENSMUSG00000082057	16.8939494483007	0.109886159229519	0.0876069976731279	1.23272842141206	0.217677104366784	0.999831983216163
ENSMUSG00000103706	26.3591279757251	-0.0350361094530622	0.100764964718561	-0.349527831269871	0.726693080433464	0.999831983216163
ENSMUSG00000103756	24.3489788776857	-0.0809422477457902	0.098966332872332	-0.827475893205627	0.407967380204283	0.999831983216163
ENSMUSG00000103804	42.5129739920584	-0.093262457345368	0.109042977074343	-0.862552288225231	0.388383672551711	0.999831983216163
ENSMUSG00000070524	18.2511968319391	-0.0619105850392853	0.0839530862009097	-0.752469712185192	0.451768637428276	0.999831983216163
ENSMUSG00000100454	12.4422305182805	0.00898046444842572	0.0771606120544414	0.116258987671723	0.907447288239617	0.999831983216163
ENSMUSG00000089838	98.8165098278	0.0169282111091341	0.121758158056925	0.138920460309673	0.889513002749062	0.999831983216163
ENSMUSG00000103046	109.602799418629	0.169004512299699	0.121856049798896	1.38321365992004	0.166599362496451	0.999831983216163
ENSMUSG00000089782	75.648124007593	0.0170557409254534	0.120525624403815	0.141365362859518	0.887581315872336	0.999831983216163
ENSMUSG00000089791	10.7468172038238	-0.0491253717936687	0.0746302234482424	-0.671035004936593	0.502198229998332	0.999831983216163
ENSMUSG00000102331	25.0711263131397	0.150679882833396	0.0990850530634665	1.49997358964157	0.133621243885476	0.999831983216163
ENSMUSG00000102348	13.9145776335792	0.0877503666934172	0.0816170993731384	1.05624172159339	0.2908577939397	0.999831983216163
ENSMUSG00000098104	14.5622254223215	0.0030038825574455	0.0816985276635563	0.0366429029362273	0.970769734888057	0.999831983216163
ENSMUSG00000103922	120.230868191786	0.0657926805206185	0.121711689815612	0.539978182813281	0.589212078437468	0.999831983216163
ENSMUSG00000102275	13.5977285124607	0.0576907852040388	0.0791201844996006	0.717983392939316	0.472767526600232	0.999831983216163
ENSMUSG00000103280	64.3446193937519	-0.100654352200438	0.119082246231386	-0.847731193657363	0.396587689973439	0.999831983216163
ENSMUSG00000041907	165.778184552332	0.0212292870476063	0.120451660224928	0.176211242091432	0.860127989071063	0.999831983216163
ENSMUSG00000041878	33.2043163537496	0.122894419191274	0.106978708503901	1.13828352195967	0.255002112384711	0.999831983216163
ENSMUSG00000103945	17.7835781805069	-0.0172274999470997	0.0869640752064463	-0.199106318212183	0.842179578962786	0.999831983216163
ENSMUSG00000103845	25.5627220797279	-0.0471403490784455	0.0978659339991024	-0.485637534184736	0.627224179508747	0.999831983216163
ENSMUSG00000103329	502.029477624771	-0.0448018206402736	0.11094750459637	-0.40391551750776	0.686274845017945	0.999831983216163
ENSMUSG00000102413	47.4387177435323	-0.0265437708579754	0.114490619145549	-0.232079363530518	0.816476372853967	0.999831983216163
ENSMUSG00000050229	1011.04379729409	-0.127291803425751	0.0941194209979925	-1.35255798917316	0.176196881248885	0.999831983216163
ENSMUSG00000102403	16.435367632866	-0.0820444861917551	0.0835698658848065	-1.00935424954452	0.31280477139407	0.999831983216163
ENSMUSG00000037872	2633.59350946819	-0.033292746874479	0.0973654984311003	-0.341952734116218	0.732386463002305	0.999831983216163
ENSMUSG00000103983	450.388180609864	0.0770653316494957	0.117774789014666	0.653829577904583	0.513221608262358	0.999831983216163
ENSMUSG00000102929	38.3112307776669	0.116649664239106	0.107970571445706	1.07124190596301	0.284060673554598	0.999831983216163
ENSMUSG00000104212	17.5021997767923	-0.0372203995799888	0.0889466556304488	-0.421483922286311	0.673401748996888	0.999831983216163
ENSMUSG00000090071	2710.94428531255	-0.138554511252018	0.0865444451611263	-1.60114642814642	0.109344491031155	0.999831983216163
ENSMUSG00000103653	203.829042693217	0.175635030697879	0.118675029292547	1.47777875097414	0.139467007701315	0.999831983216163
ENSMUSG00000026601	16.6814763979185	0.14622534206421	0.086944579487849	1.65028935066761	0.0988837693447973	0.999831983216163
ENSMUSG00000078193	125.013468349004	0.0857804309153697	0.121721614507021	0.703934479767096	0.481473577714495	0.999831983216163
ENSMUSG00000099342	12.8519344831871	-0.0346856772868205	0.0785642928261444	-0.447376382772913	0.654603325080116	0.999831983216163
ENSMUSG00000103272	14.4100342982542	0.00964604300766505	0.0829445561636423	0.116136665951976	0.9075442301852	0.999831983216163
ENSMUSG00000103928	187.771254723202	-0.141694587560913	0.119803922188976	-1.18440918617024	0.236251125614723	0.999831983216163
ENSMUSG00000040865	2399.57698348074	-0.12491798254569	0.0926606001759637	-1.34839812676899	0.177530366156362	0.999831983216163
ENSMUSG00000097433	80.2576923794187	0.0456656623264775	0.121250312476412	0.376194491045579	0.706772310638572	0.999831983216163
ENSMUSG00000121280	46.422947694002	-0.131804362925478	0.110990983458538	-1.20171648703645	0.229473391169957	0.999831983216163
ENSMUSG00002075149	28.5465747844285	0.0124565584465477	0.101821869988903	0.122330447818062	0.902637319207509	0.999831983216163
ENSMUSG00000085311	19.5387182008477	-0.00389639397809685	0.0925055203329654	-0.0421200535468928	0.966402993936985	0.999831983216163
ENSMUSG00000060244	40.3766761858166	0.036026769831594	0.11110745990595	0.323438077901399	0.746363495897276	0.999831983216163
ENSMUSG00000087823	13.9213189816773	-0.0982837651195329	0.082393637176669	-1.23050474116574	0.218508152672751	0.999831983216163
ENSMUSG00000077704	11.316761354935	0.0308374566665453	0.0745297466429375	0.408722821284975	0.682743084095769	0.999831983216163
ENSMUSG00000104379	14.4958091185525	-0.0798070480341266	0.0816739392722334	-1.00568753594537	0.314565900718658	0.999831983216163
ENSMUSG00000104416	38.5870286600981	-0.0652873596086503	0.106248165748113	-0.619789838634857	0.535396159452882	0.999831983216163
ENSMUSG00000103364	16.9691541899843	0.0077153582942348	0.0804244652026344	0.0955859942696121	0.923849389215588	0.999831983216163
ENSMUSG00000103013	17.0663347611109	0.0236708943204011	0.0848405034444994	0.277338205439868	0.78152042596233	0.999831983216163
ENSMUSG00000081984	28.671515283254	-0.0108197659775137	0.103621074043186	-0.104575671036554	0.916712520532276	0.999831983216163
ENSMUSG00000079139	986.165527477706	0.0156684421326669	0.0925691822052113	0.169262852582472	0.86558989368512	0.999831983216163
ENSMUSG00000097680	82.9503847558789	0.155195994773352	0.121059898140071	1.27695215477872	0.201619139359377	0.999831983216163
ENSMUSG00000054412	40.9967030294623	0.0188597349598368	0.10682796060431	0.176490352280638	0.85990872748156	0.999831983216163
ENSMUSG00000050625	39.0100512697319	0.00732951932540996	0.108269103165864	0.0677394666980687	0.945993031566942	0.999831983216163
ENSMUSG00000047369	36.3501852864741	-0.0678880655555357	0.10171420274429	-0.674870598449633	0.499757981786336	0.999831983216163
ENSMUSG00000104293	10.444011075106	-0.0306208315675924	0.0727950652505146	-0.425018219679114	0.670823392941952	0.999831983216163
ENSMUSG00000102964	23.4122225072595	-0.0960643242237678	0.0979406461530797	-0.994762179715487	0.319851944579895	0.999831983216163
ENSMUSG00000103400	80.3627248417058	-0.142692157711498	0.119752768165536	-1.19802701728564	0.230906499201927	0.999831983216163
ENSMUSG00000084093	197.823492106125	-0.0801590509333903	0.117762029259145	-0.680850544270717	0.495966064115772	0.999831983216163
ENSMUSG00000102752	176.614645612522	-0.0824356294149036	0.119312514756921	-0.691072871081326	0.489519747882449	0.999831983216163
ENSMUSG00000086825	20.8085413125498	0.063272997199642	0.0925556278922134	0.676018481059071	0.499028911407164	0.999831983216163
ENSMUSG00000121369	10.9009148566467	-0.053177137898808	0.0754372953637396	-0.719917648084147	0.471575701343884	0.999831983216163
ENSMUSG00000103427	13.4293774570683	-0.0617588512988748	0.0813043981936777	-0.774674457955243	0.438532047536105	0.999831983216163
ENSMUSG00000060424	54.3545895377657	0.0368085469589657	0.11669528692873	0.314915229233502	0.752826018236843	0.999831983216163
ENSMUSG00000097063	115.687081074116	0.09809216028359	0.121764903780846	0.804315348594913	0.421214875637249	0.999831983216163
ENSMUSG00000045515	2186.94259868465	0.138655477267647	0.0870128618774195	1.59332860999997	0.111086491691645	0.999831983216163
ENSMUSG00000099784	15.9369402408711	0.0413492869646597	0.0864353797526559	0.473872457954746	0.635590860594392	0.999831983216163
ENSMUSG00000096992	24.8835464964666	0.0105555092362011	0.09579784508863	0.110013493109763	0.912398673916679	0.999831983216163
ENSMUSG00000097881	131.059630634215	-0.0148478465252792	0.121576094506574	-0.122186125639725	0.902751614256296	0.999831983216163
ENSMUSG00000122455	15.0573111301644	-0.0172699924492494	0.0839010433938387	-0.206693025612428	0.836249604544337	0.999831983216163
ENSMUSG00000122495	12.8224037206005	0.00883852457995555	0.0792566150508595	0.11112744306913	0.911515287094598	0.999831983216163
ENSMUSG00000122814	21.415868752513	-0.0100671831391592	0.0916666105935579	-0.109854698152432	0.912524610652863	0.999831983216163
ENSMUSG00000122855	25.7286817537438	-0.114449209582475	0.0953043238019373	-1.22909705984807	0.219035417392236	0.999831983216163
ENSMUSG00000097089	17.2447732894225	0.0207844574836302	0.0867984092226219	0.237969188784649	0.811904991588188	0.999831983216163
ENSMUSG00000102336	22.2842861908849	-0.0761250955197346	0.0903530334111658	-0.860227142080877	0.389663845728825	0.999831983216163
ENSMUSG00000097403	21.6854633325763	0.0948996328737859	0.0942986440869384	0.992430429141865	0.320987601356078	0.999831983216163
ENSMUSG00000101942	543.463241757026	0.0119468702808373	0.118766414133404	0.100564654529977	0.919896056017513	0.999831983216163
ENSMUSG00000120092	38.8108112595826	0.145954755372408	0.109276480828064	1.32196065975301	0.186181251290211	0.999831983216163
ENSMUSG00000102852	35.6785092749579	-0.0932503475177474	0.108169442129929	-0.868916657794874	0.384892717626257	0.999831983216163
ENSMUSG00000101840	91.3521588841643	0.0221775095577332	0.117611016025571	0.188136176446937	0.850769902713163	0.999831983216163
ENSMUSG00000085653	82.3339533866408	0.0773082455581213	0.121156005406026	0.6371064015084	0.524055539086121	0.999831983216163
ENSMUSG00000123678	23.2937599303454	0.0260410579307202	0.0944574153573362	0.275206991825162	0.783157215604004	0.999831983216163
ENSMUSG00000124180	10.3376603034204	-0.00194952500828222	0.0738097261854102	-0.0264466083083437	0.978901119081255	0.999831983216163
ENSMUSG00000099964	210.835353588025	-0.0842370001699866	0.117501767166491	-0.717025082741206	0.473358619967223	0.999831983216163
ENSMUSG00000124359	29.2495228876289	-0.0418648142915839	0.0999795352543149	-0.420703577730019	0.673971548308713	0.999831983216163
ENSMUSG00000124428	22.3353740053267	0.000241320644215028	0.0948061410120122	0.00254448179156986	0.99796979945398	0.999831983216163
ENSMUSG00000051295	20.9501664762205	0.013405946522968	0.0868427249688491	0.153352462447387	0.878120330847585	0.999831983216163
ENSMUSG00000097615	48.2219672498689	-0.0310807012601612	0.111384190151877	-0.279714271275113	0.779696728328118	0.999831983216163
ENSMUSG00000103435	112.468599782403	-0.107995734889822	0.121474356480723	-0.89228189218908	0.372241857515679	0.999831983216163
ENSMUSG00000087082	40.2480131011675	0.043087283325496	0.110867787291997	0.387224282453732	0.698590174888168	0.999831983216163
ENSMUSG00000084799	512.356097407902	-0.101369973030256	0.108749553078021	-0.932351463928912	0.35115491935384	0.999831983216163
ENSMUSG00000124989	26.2923187065919	-0.0149248275650591	0.101113652867398	-0.14783761936759	0.882470919570951	0.999831983216163
ENSMUSG00000102202	12.0535169536781	-0.0741900651131226	0.0753189660954667	-1.0177438463038	0.308799704238371	0.999831983216163
ENSMUSG00000099843	67.983667085317	0.0509905514293378	0.11932123079043	0.426620485459851	0.669655774400624	0.999831983216163
ENSMUSG00000100763	15.9398256546584	0.122902212382736	0.0869337190925819	1.38793233862522	0.165157649398865	0.999831983216163
ENSMUSG00000100594	51.1480271898157	0.0138379939873344	0.116071086773475	0.119092604598131	0.905201989721808	0.999831983216163
ENSMUSG00000126033	11.5064792716341	-0.0189909369252086	0.0761594529520093	-0.250928980033511	0.801869018234822	0.999831983216163
ENSMUSG00000097649	68.9154756015848	0.0219732637775454	0.119617707377998	0.183545170970721	0.854370279415565	0.999831983216163
ENSMUSG00000104507	11.7335710652496	-0.000919835741467698	0.0772885267432604	-0.0118832423396556	0.99051876754853	0.999831983216163
ENSMUSG00000121274	20.3302917188064	-0.0206242082851962	0.0941223686653623	-0.219747660045014	0.826067684410538	0.999831983216163
ENSMUSG00000126610	22.6793050509685	-0.021113443090064	0.0932621911142626	-0.227738588174349	0.819849471565378	0.999831983216163
ENSMUSG00000126648	47.2693722581747	0.0485709727656597	0.114162394605999	0.424605627972197	0.671124189622648	0.999831983216163
ENSMUSG00000127057	17.8067162208445	-0.0871720435940785	0.0881806028344339	-1.00858733523192	0.313172583672619	0.999831983216163
ENSMUSG00000090260	11.2290295135483	-0.0105406633280296	0.0755231416677387	-0.140282823959838	0.888436534619733	0.999831983216163
ENSMUSG00000127142	12.2484717685672	0.0232892498960787	0.0768364686658376	0.300875641434795	0.763509325480359	0.999831983216163
ENSMUSG00000127144	13.4880488692907	-0.0130580454231271	0.0795865883122762	-0.165096294602748	0.868868189470533	0.999831983216163
ENSMUSG00000127189	56.1173011727031	0.10769561771908	0.113290514937579	0.945004332485539	0.344656664161952	0.999831983216163
ENSMUSG00000104117	241.220009091505	-0.155562251580374	0.120810825838855	-1.29052397909006	0.196868791684656	0.999831983216163
ENSMUSG00000128256	31.4923947947726	0.166663158605598	0.104212239007572	1.57670618622705	0.114863146304672	0.999831983216163
ENSMUSG00000128260	12.1819302542918	-0.0609688028530384	0.0741059805190843	-0.848264559884171	0.396290649994952	0.999831983216163
ENSMUSG00000097899	56.3435173971313	-0.025264334111435	0.117276494961507	-0.215724992629061	0.829202118581515	0.999831983216163
ENSMUSG00000128701	209.939010709642	-0.0609370795924825	0.120916518316169	-0.504638423895421	0.613812817106665	0.999831983216163
ENSMUSG00000097893	12.8774950108423	-0.00237200977770055	0.0807663322479608	-0.0293855134842884	0.976557126381226	0.999831983216163
ENSMUSG00000079671	25.9299751049827	-0.0782485029390262	0.0999846791630051	-0.791672714591504	0.428551535977592	0.999831983216163
ENSMUSG00000089829	10.8571112227178	-0.0897309745973255	0.0754567739886484	-1.23643825801537	0.21629570258153	0.999831983216163
ENSMUSG00000089706	28.185178649256	0.0654341407002528	0.0933650299069445	0.694037262797536	0.487658840789703	0.999831983216163
ENSMUSG00000101799	21.2046749459117	-0.0594838856994772	0.0928042937359063	-0.647231456351443	0.517482155533973	0.999831983216163
ENSMUSG00000093436	32.6313797911097	0.142102260936862	0.105782648342501	1.32863893024054	0.183967121788714	0.999831983216163
ENSMUSG00000098206	284.768662494895	-0.0128644230310647	0.117774777318793	-0.10926832773681	0.912989666950802	0.999831983216163
ENSMUSG00000103961	20.7460136435658	0.0811180008900945	0.0948107235943831	0.847016355010356	0.396986005444968	0.999831983216163
ENSMUSG00000121653	35.946937661471	-0.0651531683424828	0.106732480129883	-0.614138199522709	0.539124007492476	0.999831983216163
ENSMUSG00000121483	36.853835690693	0.0863913565569871	0.10874332684357	0.789135700931691	0.430032697815967	0.999831983216163
ENSMUSG00000130163	10.3312694839535	-0.0610743045061886	0.0710571554916622	-0.884953261373568	0.376181840025962	0.999831983216163
ENSMUSG00000090031	478.627137780999	-0.104672825796557	0.105995012154504	-0.987582412993723	0.323357202981905	0.999831983216163
ENSMUSG00000100147	1143.69223106698	-0.156939769285185	0.0983180129744956	-1.59660451022854	0.110353892927777	0.999831983216163
ENSMUSG00000104011	41.5486060963956	0.0542987789781397	0.110578928071406	0.489161862904497	0.624727107113639	0.999831983216163
ENSMUSG00000102234	24.2196419395684	-0.0470558843978816	0.0990764447945061	-0.478026825695746	0.632631112063757	0.999831983216163
ENSMUSG00000100811	10.8040868135161	0.0836560958748874	0.0752375498168941	1.09095966590211	0.275290630848052	0.999831983216163
ENSMUSG00000120194	12.5593207062767	0.091564275703756	0.0766134210353709	1.17395281911432	0.240413924213557	0.999831983216163
ENSMUSG00000079045	87.3645521382677	-0.0779482669229737	0.120982373037914	-0.645169608120775	0.518817278984884	0.999831983216163
ENSMUSG00000085391	11.7962403352313	0.129955646163274	0.0755900446611379	1.67305112698945	0.0943172315431314	0.999831983216163
ENSMUSG00000132578	11.6871634306169	0.00189486486315784	0.0735240465832317	0.025799044176896	0.97941762423269	0.999831983216163
ENSMUSG00000101968	36.7677872907879	-0.0928956514815835	0.10926937210261	-0.85693252197582	0.391482177972649	0.999831983216163
ENSMUSG00000133147	79.7286423049894	-0.0350940593015338	0.116720467866031	-0.300950299821761	0.763452393501186	0.999831983216163
ENSMUSG00000133391	49.689745824425	-0.0311576042142795	0.114288509688591	-0.273386116435166	0.784556423920932	0.999831983216163
ENSMUSG00000089767	23.4510262143659	-0.0202147088989283	0.0932542717211395	-0.217516754621817	0.827805651257548	0.999831983216163
ENSMUSG00000121798	172.242469667612	-0.0329341897457104	0.119731436520567	-0.275130476796394	0.7832159976758	0.999831983216163
ENSMUSG00000097934	25.6779307119117	-0.0010236385886705	0.0993027314844941	-0.0103210120619088	0.991765170024399	0.999831983216163
ENSMUSG00000085054	63.2251445717791	0.0209753301410524	0.118014545744445	0.177584634930514	0.859049192283943	0.999831983216163
ENSMUSG00000133968	17.4483086699443	0.0532803261562562	0.0894848899140975	0.589837713838708	0.555299455642118	0.999831983216163
ENSMUSG00000055833	137.22176654336	0.0262151866927332	0.120983135490036	0.216624529232581	0.828500968053437	0.999831983216163
ENSMUSG00000121277	131.639226809244	0.100594171815879	0.121885669181755	0.823963071793245	0.409960540939065	0.999831983216163
ENSMUSG00000134304	14.2519436548651	-0.0795078782521889	0.0789323000589328	-1.04236315942368	0.297243340024224	0.999831983216163
ENSMUSG00000100053	12.2669362852007	0.0203212069130744	0.0769725998003949	0.261699165195519	0.79355338418742	0.999831983216163
ENSMUSG00000097113	91.355674525645	0.187067706339677	0.12149852559791	1.53357705636157	0.125133736333807	0.999831983216163
ENSMUSG00000120105	13.4130857557148	0.0552328975055418	0.0766265901083143	0.707459398126668	0.479281035765044	0.999831983216163
ENSMUSG00000135017	22.3584528903711	0.0419960882698658	0.0949060862993942	0.439182357844132	0.660529407284424	0.999831983216163
ENSMUSG00000135509	42.6305784617025	-0.081390242726664	0.106124197548797	-0.772732801096275	0.439680530133685	0.999831983216163
ENSMUSG00000085894	91.5791641906204	0.087725684097892	0.121788324066364	0.719259285162456	0.471981177142922	0.999831983216163
ENSMUSG00000097760	70.4318724116645	-0.0572840909549837	0.119963270840319	-0.478418627363729	0.632352278260502	0.999831983216163
ENSMUSG00000135719	13.1374853760742	-0.0206026036080279	0.0803623166203158	-0.257966057208242	0.796433103245828	0.999831983216163
ENSMUSG00000098234	303.230314531845	0.00430209966624609	0.118460862802569	0.0363194779411617	0.971027619033893	0.999831983216163
ENSMUSG00000120403	17.3075125223823	0.035852035350999	0.089564530330348	0.397903080433822	0.690701629277683	0.999831983216163
ENSMUSG00000097251	149.657233785519	0.0872624696932346	0.121442918429597	0.71747722381231	0.473079685109378	0.999831983216163
ENSMUSG00000136396	36.5674636133015	0.138890479563525	0.108912010870235	1.26325892515279	0.206496142492858	0.999831983216163
ENSMUSG00000119944	10.3770723652506	0.0282435607769158	0.071070207209237	0.392492196589614	0.69469457599138	0.999831983216163
ENSMUSG00000120832	11.7792341344609	0.117106551653469	0.0750370982560794	1.5191629739488	0.128721478643658	0.999831983216163
ENSMUSG00000136785	29.5737294409729	-0.0555451175587614	0.103047072793422	-0.542769457323357	0.587288544827278	0.999831983216163
ENSMUSG00000085526	16.1835696230981	-0.0361189777965735	0.0842128180715439	-0.434255015455019	0.66410326639965	0.999831983216163
ENSMUSG00000102923	25.4306990176533	-0.0409604262758427	0.0989375370836419	-0.415777024916655	0.677573172309692	0.999831983216163
ENSMUSG00000137055	25.7982134641119	-0.140858364689949	0.100159009221999	-1.43540530910622	0.151171633998077	0.999831983216163
ENSMUSG00000097892	108.919548408894	0.106846650232948	0.121885748779832	0.874688461585475	0.381743439974138	0.999831983216163
ENSMUSG00000102432	26.2563387987287	0.0229985922302515	0.0918656183958953	0.24861846498974	0.803655923899335	0.999831983216163
ENSMUSG00000137954	61.6179985260438	0.045110423266286	0.116191958004435	0.386921601985533	0.698814248271302	0.999831983216163
ENSMUSG00000138259	20.233838750726	0.0137648880657325	0.0916820958464164	0.149888929647782	0.880852245905774	0.999831983216163
ENSMUSG00000097316	323.222946691484	-0.00958643338585935	0.115101969460039	-0.0832657012946719	0.933640271960639	0.999831983216163
ENSMUSG00000096950	13.7243583598977	0.000210008590515834	0.0807089384014064	0.00260273303100982	0.997923321843311	0.999831983216163
ENSMUSG00000087589	25.6199345391098	-0.0214023623024106	0.100350287816783	-0.213908396456033	0.830618492356025	0.999831983216163
ENSMUSG00000138589	12.0876018560839	0.0278472093485578	0.0788203749473001	0.350587106832745	0.725898130597918	0.999831983216163
ENSMUSG00000138613	38.6822327394911	0.0330656295593983	0.108038202199187	0.305110149775368	0.760282261148171	0.999831983216163
ENSMUSG00000138827	12.5418041631126	-0.0075454456928488	0.0775414500138926	-0.0975332100236017	0.922302962157446	0.999831983216163
ENSMUSG00000139117	10.7111920727545	0.0114263942309983	0.0716100928707776	0.158556583218526	0.87401823753484	0.999831983216163
ENSMUSG00000099899	36.9648673930352	-0.00262328127692757	0.108322491634747	-0.0242373866141092	0.980663256676169	0.999831983216163
ENSMUSG00000102014	23.0370731412037	-0.0211500507480541	0.0973213054534526	-0.218062267411265	0.827380596181871	0.999831983216163
ENSMUSG00000097784	17.1476132270053	0.0935226533490258	0.0821896664591728	1.11661313902306	0.264159771308958	0.999831983216163
ENSMUSG00000121223	14.7779222394318	0.0456626431884662	0.0843503302543683	0.535586634878255	0.592244267696266	0.999831983216163
ENSMUSG00000104435	90.1724231947775	0.0849302427016284	0.121420364581382	0.697765705965101	0.485323729209729	0.999831983216163
ENSMUSG00000101583	28.5539584535294	0.0719974999534676	0.100861414846371	0.70729108692018	0.479385603335037	0.999831983216163
ENSMUSG00000100280	15.3306687315469	0.0639767730529311	0.0841695861143022	0.74904248439233	0.453831599368089	0.999831983216163
ENSMUSG00000073485	12.002207727004	0.0317332658741153	0.0730334024045427	0.428091594771721	0.668584435975645	0.999831983216163
ENSMUSG00000140926	37.6576528804914	0.125343251745027	0.109306181045398	1.13655427263249	0.255724665178559	0.999831983216163
ENSMUSG00000141093	17.7077064575312	-0.0890648041404556	0.0811771082119161	-1.13515327350567	0.256311103616402	0.999831983216163
ENSMUSG00000120002	59.1071407486026	-0.0875754984437251	0.117365642812891	-0.749416888188255	0.453605975126744	0.999831983216163
ENSMUSG00000097482	21.7951134501363	0.0398446678848549	0.0920402248852644	0.429394197788414	0.667636375572988	0.999831983216163
ENSMUSG00000141363	47.6992802582084	-0.0602470497358006	0.111096120711537	-0.544497104699886	0.586099440244216	0.999831983216163
ENSMUSG00000141370	119.736959276597	-0.0766989246993701	0.121873597647916	-0.63040526946109	0.52842946407466	0.999831983216163
ENSMUSG00000097814	21.0678772930863	0.030297525221723	0.0944047054911703	0.319579926339947	0.749286793428759	0.999831983216163
ENSMUSG00000100253	29.0984045210131	0.0275210562702008	0.101699880007949	0.269828862558585	0.787291917012473	0.999831983216163
ENSMUSG00000142124	31.6311835409112	-0.0350637264629321	0.100637564111087	-0.350260737766524	0.72614302791942	0.999831983216163
ENSMUSG00000120798	145.642837978462	-0.153238261468351	0.121382902495347	-1.26448598941264	0.206055646342734	0.999831983216163
ENSMUSG00000142294	24.1320974381893	-0.0103216651977382	0.0952213389223175	-0.108590989895915	0.913526907512761	0.999831983216163
ENSMUSG00000142299	12.6870748669996	0.0864504963145419	0.0770083557610962	1.09663566423473	0.272800690607347	0.999831983216163
ENSMUSG00000102840	10.6284164339601	-0.0446625410539917	0.0733904696784612	-0.621014495428155	0.534590085815801	0.999831983216163
ENSMUSG00000142916	35.0270315801997	-0.0524332537149381	0.107142145028421	-0.491819816813621	0.622846726121838	0.999831983216163
ENSMUSG00000073538	45.7110793079679	-0.129547842386751	0.106744846981694	-1.23239886604314	0.217800124307369	0.999831983216163
ENSMUSG00000104237	18.1926586722804	0.0792583454036803	0.0826953245355656	0.944446210507369	0.344941676726098	0.999831983216163
ENSMUSG00000143478	13.1282516915508	-0.029570285545752	0.0772516882977076	-0.386513634331084	0.6991163069432	0.999831983216163
ENSMUSG00000073627	48.2606413057999	-0.10685887912335	0.114354904503313	-0.939813767719279	0.347313095506738	0.999831983216163
ENSMUSG00000097573	27.6522723180651	0.00563188860979911	0.101003438440061	0.0556799210015587	0.955596795403187	0.999831983216163
ENSMUSG00000109887	67.9114492509916	0.0413032532139638	0.119654055135482	0.344581694128604	0.730408869824385	0.999831983216163
ENSMUSG00000025961	53.5372265628415	0.0421190644207419	0.115706515751828	0.363588439365769	0.716165360831311	0.999831983216163
ENSMUSG00000092085	75.1296931281812	-0.0688792085579987	0.120164985582984	-0.5745795682201	0.56557567354008	0.999831983216163
ENSMUSG00000026473	45448.5074453996	0.106255718263459	0.0782658992975085	1.35747752631112	0.174629529553291	0.999831983216163
ENSMUSG00000126204	25.3029186181824	0.039167015425156	0.095810429356023	0.405872150992514	0.684836541376891	0.999831983216163
ENSMUSG00000101188	830.37626606512	-0.136882286859683	0.0947596001922767	-1.44456277956445	0.148580733846494	0.999831983216163
ENSMUSG00000100009	11.6917666786891	0.0256699819518435	0.0776288988110201	0.328256356303775	0.742717840105855	0.999831983216163
ENSMUSG00000102824	256.666453722489	0.109203042260503	0.11944499292286	0.913302969273254	0.361083221147938	0.999831983216163
ENSMUSG00000053925	163.29326847536	0.0208363078687048	0.121075708101527	0.171992944736362	0.863443075632071	0.999831983216163
ENSMUSG00000101299	15.1190501065377	-0.00304300133439411	0.0816838399026132	-0.0373734675605975	0.970187227705765	0.999831983216163
ENSMUSG00000103114	13.057757832658	-0.0551924988359877	0.0760007962429265	-0.745928661799844	0.455710510133695	0.999831983216163
ENSMUSG00000100627	32.2701247240308	-0.0107910165699191	0.10464435920747	-0.103178263158295	0.917821491311922	0.999831983216163
ENSMUSG00000120413	139.648526891368	-0.0135002220331785	0.121588076935396	-0.111058420262569	0.911570020531867	0.999831983216163
ENSMUSG00000099568	10.9311601186502	0.0388600618994838	0.0727337352482714	0.527364051771002	0.597940802222103	0.999831983216163
ENSMUSG00000102548	639.050078001535	-0.0399942914171431	0.100975225280655	-0.396083402052822	0.692043502394257	0.999831983216163
ENSMUSG00000101905	13.0553225326728	0.0427979960785369	0.0754225075999042	0.560639885093847	0.575043055685195	0.999831983216163
ENSMUSG00000101344	10.3573500883887	0.0352594642224613	0.0688589834108935	0.502442597952506	0.61535622090161	0.999831983216163
ENSMUSG00000073478	101.10922598965	0.0133628054404207	0.121883100103699	0.109615797706644	0.912714081401722	0.999831983216163
ENSMUSG00000097325	17.3094295344993	0.036170377918014	0.0881655007472945	0.408219318323406	0.683112666571771	0.999831983216163
ENSMUSG00000135923	19.9200168702605	-0.000776955143240191	0.0921171004280894	-0.00842888268394683	0.993274804274868	0.999831983216163
ENSMUSG00000086240	22.2128265802065	-0.00677338741370525	0.0962476846947927	-0.0703706979517961	0.943898613061088	0.999831983216163
ENSMUSG00000102976	827.219857990555	-0.112561313395462	0.103810634074009	-1.08468959294708	0.27805915872253	0.999831983216163
ENSMUSG00000127021	16.6188990975744	0.0499221892887628	0.0872046257410706	0.567706494535354	0.570234280896698	0.999831983216163
ENSMUSG00000122244	16.4416534595744	-0.059804796000315	0.0873364494052022	-0.694014861517381	0.487672888939033	0.999831983216163
ENSMUSG00000100131	402.764776127149	-0.09608879689308	0.0688462667765084	-1.55856695031975	0.119098910439915	0.999831983216163
ENSMUSG00000067736	74.3504230841298	0.0330849192777685	0.119877236532416	0.275920977983534	0.782608761034793	0.999831983216163
ENSMUSG00000101111	314.688305396223	0.147255827987067	0.114240378509071	1.28830329809185	0.197640405512279	0.999831983216163
ENSMUSG00000100862	704.480722881329	-0.103136288092045	0.115086116782683	-0.905579542866396	0.365158440683947	0.999831983216163
ENSMUSG00000102070	262.497178015107	0.148738955804609	0.113709442145363	1.30736988202055	0.191087120997775	0.999831983216163
ENSMUSG00000101249	326.118680443365	-0.0930690429291572	0.112905296912654	-0.824573691663709	0.409613662609878	0.999831983216163
ENSMUSG00000102250	10.639575398526	-0.0242860673037817	0.0671674746133495	-0.367763431817867	0.713049638156446	0.999831983216163
ENSMUSG00000102317	10.6833741652617	0.0134954194208788	0.0668721882723393	0.20100758849427	0.840692640411355	0.999831983216163
ENSMUSG00000102465	39.25814447012	0.103023975686464	0.109436939416806	0.934808256438332	0.349887123837101	0.999831983216163
ENSMUSG00000102386	19.0309901276348	0.0490425224732574	0.0897621517515975	0.54218551867839	0.587690710305849	0.999831983216163
ENSMUSG00000104516	14.0830847949659	-0.100656165259698	0.082147177799734	-1.26581653152078	0.205578775075715	0.999831983216163
ENSMUSG00000118426	20.5914954025508	0.0263181730498335	0.0893887798751485	0.292593513457376	0.769832872409528	0.999831983216163
ENSMUSG00000119961	34.2709499568209	0.139686387320046	0.107785266386477	1.28269171921666	0.199600102181127	0.999831983216163
ENSMUSG00000097819	22.7090400825761	-0.0259476518709048	0.0897214635328374	-0.290028154770058	0.771794698470619	0.999831983216163
ENSMUSG00000103973	29.5548068650628	-0.0358067979133465	0.0975262232916465	-0.370017823957328	0.711369209872005	0.999831983216163
ENSMUSG00000081051	301.660859311051	0.0804864020159235	0.114830660432631	0.70054587932549	0.483586463654446	0.999831983216163
ENSMUSG00000104374	19.3632171589875	-0.022170218042144	0.0899452196462612	-0.247402428477762	0.804596794941745	0.999831983216163
ENSMUSG00000048538	20.1252355783937	0.0540891968909351	0.0908134891073858	0.588927277870494	0.555910058238419	0.999831983216163
ENSMUSG00000097797	22.0692051335786	0.00613799411714379	0.0928354310405586	0.0659396779659984	0.947425850858223	0.999831983216163
ENSMUSG00000086350	398.371359834958	0.00895565571613995	0.107833616782059	0.0830416262962421	0.933818440898555	0.999831983216163
ENSMUSG00000104126	15.2640262622226	-0.0100805224009984	0.0840719816361237	-0.120067602075647	0.904429596487205	0.999831983216163
ENSMUSG00000039630	25971.57905872	0.0255061015618575	0.0862876458618636	0.29558297910289	0.767548573814905	0.999831983216163
ENSMUSG00000104279	57.5804636214257	0.0164053436426556	0.117787814387393	0.139152706321443	0.889329479700508	0.999831983216163
ENSMUSG00000133847	105.189541402105	0.0724131225758341	0.121879368359519	0.593308292988531	0.552974849801076	0.999831983216163
ENSMUSG00000102605	10.4043451110224	-0.00651076338102495	0.0713021685108624	-0.0912398407350026	0.927302018629134	0.999831983216163
ENSMUSG00000134510	104.539777505795	-0.0520188736188306	0.121084041918386	-0.430409555322942	0.666897745748897	0.999831983216163
ENSMUSG00000120584	38.8640872417315	0.143137051480267	0.109263127892577	1.29614324098451	0.194926139900503	0.999831983216163
ENSMUSG00000059058	61.104505565748	-0.0117912987374692	0.117903623026293	-0.100039313631768	0.92031311421474	0.999831983216163
ENSMUSG00000079465	87.7752843936979	0.119459921054717	0.121125751695169	0.982893228660571	0.325659990814061	0.999831983216163
ENSMUSG00000101450	111.601637160707	-0.193204942978144	0.121829708234495	-1.5908775868325	0.111637127557008	0.999831983216163
ENSMUSG00000113880	16.6737829420586	-0.0189629357142159	0.0841144124287401	-0.226463446986229	0.820840985829487	0.999831983216163
ENSMUSG00000097435	28.8290129224738	0.0855628300351281	0.0970953394976846	0.871150684886972	0.383671882529735	0.999831983216163
ENSMUSG00000082588	11.6432580926641	-0.0385672208920302	0.0737209127709932	-0.533352124684312	0.593789851632546	0.999831983216163
ENSMUSG00000102425	19.4876426586793	0.0758033023580188	0.0922206562609178	0.814126493837546	0.415572489655548	0.999831983216163
ENSMUSG00000101693	302.561389748239	0.169630989692699	0.114130679759877	1.48542848470333	0.137430354726472	0.999831983216163
ENSMUSG00000067780	32.3017931601192	-0.0677307209941584	0.105274825367211	-0.648309513504107	0.516784782068274	0.999831983216163
ENSMUSG00000041945	36.9206210503844	-0.0294657554695997	0.108815164666937	-0.271483709131848	0.78601902761984	0.999831983216163
ENSMUSG00000040124	605.021929005767	0.120923236326662	0.0989607234911047	1.22184807166456	0.221765085800159	0.999831983216163
ENSMUSG00000079283	178.793339143036	0.163344260778616	0.119473273753972	1.36531418611462	0.17215432215316	0.999831983216163
ENSMUSG00000084989	38.0887056238843	0.032516061132988	0.108044215725739	0.300469972825815	0.763818697087024	0.999831983216163
ENSMUSG00000040693	40.6074849490875	0.0482686728898183	0.106525501977354	0.451756188611809	0.651444634774654	0.999831983216163
ENSMUSG00000042708	159.427503155237	-0.0617873103613901	0.119970243991823	-0.515113504538472	0.606473706394284	0.999831983216163
ENSMUSG00000047021	187.230083559681	0.0942885637503503	0.118205892777773	0.797178560380396	0.425347335708649	0.999831983216163
ENSMUSG00000026197	384.194587506348	0.0860352744202854	0.110473116495288	0.77861682177336	0.436205466874114	0.999831983216163
ENSMUSG00000079445	16.0286968157424	0.0860223142776897	0.0783055923199013	1.07944494083383	0.280389425995637	0.999831983216163
ENSMUSG00000041498	11.3240731601483	0.0531355481103382	0.0750686526908398	0.695314743164313	0.486858076854441	0.999831983216163
ENSMUSG00000047180	19.7421089020905	0.0649436614154619	0.091566281327542	0.701370033396317	0.483072118217389	0.999831983216163
ENSMUSG00000026495	962.359405491605	0.0268308881638481	0.103092225666144	0.260266309181919	0.794658358665435	0.999831983216163
ENSMUSG00000054702	93.9560165913769	-0.0746964394647283	0.121458119977079	-0.615965693779981	0.537917162050484	0.999831983216163
ENSMUSG00000026547	261.859401186947	-0.095642681530752	0.117164416686015	-0.816549314596573	0.414186030564253	0.999831983216163
ENSMUSG00000040848	1245.02750005774	-0.0268597173859998	0.0895379340547797	-0.299982277438329	0.764190673996191	0.999831983216163
ENSMUSG00000036206	451.575392381558	-0.12223968302884	0.108285634728941	-1.1289724290053	0.258909464608588	0.999831983216163
ENSMUSG00000026301	34.8879287050885	0.105354864752034	0.106058570140327	0.986359303522775	0.323956828036024	0.999831983216163
ENSMUSG00000025997	370.921880847529	-0.0853268060304353	0.11294399882181	-0.755634259059086	0.449868509629593	0.999831983216163
ENSMUSG00000018417	849.764695234166	-0.0682892193979846	0.0971931942309701	-0.702691807269976	0.48224783443972	0.999831983216163
ENSMUSG00000026027	1105.12987321407	-0.096293578941254	0.0921642115877596	-1.04483126735801	0.296100961016688	0.999831983216163
ENSMUSG00000026483	140.757879018134	-0.0668038854737069	0.121284631997671	-0.551334405328682	0.581404457413155	0.999831983216163
ENSMUSG00000026466	2201.76182257643	0.0802198250198899	0.084857404000517	0.945294076256815	0.344508761832049	0.999831983216163
ENSMUSG00000041889	1778.36928573768	-0.0243372429147617	0.0882206923007404	-0.27586536320827	0.782651478123093	0.999831983216163
ENSMUSG00000026312	3024.42862956213	-0.0215283442577368	0.0878236000226489	-0.245141998192023	0.806346484947929	0.999831983216163
ENSMUSG00000023150	9586.24326876926	-0.0592651502308725	0.0869602225679672	-0.681589142905072	0.495498782059153	0.999831983216163
ENSMUSG00000040113	11.5237994893793	0.050065858043932	0.0743118685270835	0.665503454500229	0.505728534769212	0.999831983216163
ENSMUSG00000026470	1862.6985671642	-0.012985409855786	0.084084113002897	-0.15443326192648	0.877268129009443	0.999831983216163
ENSMUSG00000034353	1075.35179725389	0.00365470899904927	0.0949618127294197	0.0384879575882603	0.969298632823491	0.999831983216163
ENSMUSG00000062209	2235.13827084203	-0.0510731085638825	0.100020209266669	-0.510730923904407	0.60953948385671	0.999831983216163
ENSMUSG00000006299	2336.21441197527	0.0406039051414358	0.083737652269582	0.484881745395587	0.627760232021522	0.999831983216163
ENSMUSG00000014226	2893.86375692084	0.0684293091202545	0.101755075907331	0.672338506947266	0.501368220756608	0.999831983216163
ENSMUSG00000032649	138.464871201782	0.00686703717670714	0.121760010497825	0.0563798669000296	0.955039195326679	0.999831983216163
ENSMUSG00000033276	317.97535169458	0.0413305919548189	0.110675992045807	0.373376226251955	0.708868450945448	0.999831983216163
ENSMUSG00000025977	10.4252945590012	-0.00367650245268176	0.0727313080044962	-0.0506929632385849	0.959570183963727	0.999831983216163
ENSMUSG00000050122	19.0771187750731	0.132385386955934	0.0907592310435051	1.43243253697101	0.152020072389012	0.999831983216163
ENSMUSG00000026288	180.049932685949	0.0548962695120281	0.11853524597549	0.462974849669268	0.643382394651442	0.999831983216163
ENSMUSG00000042901	497.368563036765	-0.0965292727104132	0.102611138115411	-0.940781054036343	0.346817071874128	0.999831983216163
ENSMUSG00000003134	1135.71904460725	-0.0522672412582363	0.0940001235095195	-0.55603721308979	0.578185415582957	0.999831983216163
ENSMUSG00000089844	23.2316260876984	-0.0436500955650444	0.0963807979259027	-0.456646039230555	0.647925481951607	0.999831983216163
ENSMUSG00000067028	1990.1065339138	-0.00982632828402642	0.120017516409673	-0.0819220722190591	0.934708682339052	0.999831983216163
ENSMUSG00000033364	1361.71074095985	-0.031617406461206	0.0967946875161342	-0.326677750204019	0.743911630513393	0.999831983216163
ENSMUSG00000026307	558.07827513985	0.0214963723379657	0.100992434471896	0.212848208452907	0.831445360286791	0.999831983216163
ENSMUSG00000044768	1369.24243823765	0.00471627957254915	0.0909385752302064	0.0518612540757674	0.95863924747508	0.999831983216163
ENSMUSG00000042182	8950.44955526949	0.0285196696613065	0.0816417280472295	0.349317421354769	0.726851020899473	0.999831983216163
ENSMUSG00000026458	9727.92302677384	-0.0471756975899691	0.0826863736916095	-0.570565606602766	0.568294138044077	0.999831983216163
ENSMUSG00000026611	63.3019802557562	0.0244332494914906	0.11918992313341	0.204891390304376	0.837656982065234	0.999831983216163
ENSMUSG00000026439	2699.13079980165	0.0678262211794808	0.0813623751293032	0.833603643465406	0.404504371820815	0.999831983216163
ENSMUSG00000048495	582.71315864728	-0.0109055203747277	0.0994508728277684	-0.10965760095518	0.912680927095907	0.999831983216163
ENSMUSG00000026622	428.142697373123	0.120695578419563	0.108116064460452	1.11613819517939	0.264362984962853	0.999831983216163
ENSMUSG00000028354	2820.27650867385	-0.0320109676307957	0.0901434848494121	-0.355127966199484	0.722493726362862	0.999831983216163
ENSMUSG00000026414	13.4103255524338	-0.0121613766860758	0.0765465643643867	-0.159364516224941	0.873381693540417	0.999831983216163
ENSMUSG00000026782	4520.78406308363	-0.0306778040726236	0.0796909586185012	-0.384966751309921	0.700262049291978	0.999831983216163
ENSMUSG00000026020	1917.11352376595	-0.0567589154852783	0.0894653711989206	-0.634467080670353	0.525776043841331	0.999831983216163
ENSMUSG00000045174	2084.40760200966	0.0435276775123018	0.0843849337576787	0.515803227669822	0.605991848026856	0.999831983216163
ENSMUSG00000061518	3511.36524626456	-0.022800448258098	0.0882656671009788	-0.258324797401496	0.796156250006917	0.999831983216163
ENSMUSG00000118219	162.142442215972	-0.0921173555221918	0.120933373805428	-0.762203568617627	0.445938516558029	0.999831983216163
ENSMUSG00000047330	48.2949537597134	0.00100454907039464	0.111321097935799	0.00903504478394195	0.992791175339367	0.999831983216163
ENSMUSG00000042197	2837.52247217138	-0.0338259658290864	0.0894676686411444	-0.378105562923132	0.705352175943947	0.999831983216163
ENSMUSG00000073609	514.445343169931	0.0835172333949592	0.105439444092608	0.791934572598607	0.428398826917894	0.999831983216163
ENSMUSG00000025927	1799.97059255706	-0.0844646167798316	0.104712346914057	-0.806943767293568	0.419698881433071	0.999831983216163
ENSMUSG00000038608	1457.51820200282	-0.143448517681255	0.0910018525488701	-1.57652028582332	0.114905947458807	0.999831983216163
ENSMUSG00000026163	23402.1451737169	-0.0357811131323871	0.076023358808345	-0.470673158216945	0.637874155348132	0.999831983216163
ENSMUSG00000042305	3082.73458675656	0.0137638857829365	0.0822258676594141	0.167389753506269	0.867063386949906	0.999831983216163
ENSMUSG00000026667	11108.1352381136	0.0777064870860306	0.0901840974794164	0.86151569503143	0.388954080711477	0.999831983216163
ENSMUSG00000005338	34122.7029055098	-0.113645549301296	0.0932586405985188	-1.21896908032597	0.222855928234577	0.999831983216163
ENSMUSG00000026103	13665.9666352089	-0.0130424796994052	0.09864274671365	-0.132224667448987	0.894806590615052	0.999831983216163
ENSMUSG00000037138	1077.02705633474	-0.0481096198753395	0.0925399169598146	-0.5199096246154	0.603126566863732	0.999831983216163
ENSMUSG00000026005	1330.49739959426	-0.0989336233832978	0.0904795773195706	-1.09350526707845	0.274172017697336	0.999831983216163
ENSMUSG00000060771	772.285964429708	-0.066705574628609	0.0993754798279552	-0.671306029539339	0.502025594346326	0.999831983216163
ENSMUSG00000026492	912.290942388855	0.0912618217742613	0.0941481647704022	0.96930793685024	0.332391570460688	0.999831983216163
ENSMUSG00000050840	955.906692287696	0.0112432973913215	0.107952102893869	0.104144282790833	0.917054849313564	0.999831983216163
ENSMUSG00000057715	557.150416804489	0.0948332823947733	0.119347826049617	0.793571858948789	0.427444720455406	0.999831983216163
ENSMUSG00000025917	2350.37412605906	0.0459364584154255	0.0910811882147559	0.504312285761922	0.614041945374031	0.999831983216163
ENSMUSG00000026576	45273.4682629523	0.0403423579762744	0.0790203020926125	0.510510660299752	0.609693748082065	0.999831983216163
ENSMUSG00000016494	758.766696970959	-0.109617511786883	0.105421047838394	-1.04006149893613	0.298311329538364	0.999831983216163
ENSMUSG00000015355	16.7356961233208	0.0780067305566485	0.0860799621418982	0.895170178344674	0.370696123691316	0.999831983216163
ENSMUSG00000051703	1013.00284558505	-0.0941470125561215	0.109392337736303	-0.861130900357814	0.389165952137768	0.999831983216163
ENSMUSG00000073650	70.4622705070022	0.105150116414609	0.120073222575633	0.872815119054361	0.382763857418033	0.999831983216163
ENSMUSG00000026602	13.3477302497779	-0.0908253475958537	0.0790639635053228	-1.19081199565423	0.233727398641663	0.999831983216163
ENSMUSG00000041577	917.404583766987	0.0505802433607448	0.108699237201692	0.465142363575435	0.641829510190632	0.999831983216163
ENSMUSG00000041779	85.8618567675719	0.0262148630597566	0.120979013374704	0.216403945755441	0.82867289087122	0.999831983216163
ENSMUSG00000039783	19.3784218237609	0.0123510587399983	0.0908300672943904	0.135666109740123	0.892085240471769	0.999831983216163
ENSMUSG00000048234	869.364452237361	-0.161078013067771	0.100723397245549	-1.59957916753831	0.109691973009757	0.999831983216163
ENSMUSG00000025777	6166.88539710459	0.0578708530896245	0.0858161116536979	0.674313851975158	0.500111799298886	0.999831983216163
ENSMUSG00000026202	9054.8763591634	-0.0402099324684378	0.0857295151062818	-0.469059009814093	0.639027457203704	0.999831983216163
ENSMUSG00000026698	885.185562740648	-0.0379247012053814	0.0927859630593815	-0.408736251011353	0.682733227416076	0.999831983216163
ENSMUSG00000056220	246.723380457964	-0.143652541979409	0.115940141431945	-1.23964335663748	0.215107336626675	0.999831983216163
ENSMUSG00000026174	1336.86573750388	-0.0626439137610252	0.0878906824063748	-0.712754285469505	0.475997818196625	0.999831983216163
ENSMUSG00000026649	104.276972857762	0.174524870076361	0.121830860081585	1.42841987070063	0.153171043134232	0.999831983216163
ENSMUSG00000026100	24.8824961819959	0.0729764686858243	0.0992800101394344	0.728416845929006	0.46635845416222	0.999831983216163
ENSMUSG00000026275	4009.68281747385	-0.0458838595966522	0.0889942571468171	-0.515621713876251	0.606118641633323	0.999831983216163
ENSMUSG00000051223	8641.90932482706	-0.0347604840586412	0.0893280874545389	-0.38916071249426	0.697157264088459	0.999831983216163
ENSMUSG00000026404	309.409568048681	0.00875334998324517	0.111700953253697	0.0783714408538719	0.937532590536649	0.999831983216163
ENSMUSG00000026623	13265.1832603159	0.0507149767641755	0.0965082358975621	0.525421773352892	0.599290020688195	0.999831983216163
ENSMUSG00000026564	13.5072903293688	0.0172368362955405	0.0808689356732138	0.212181769377453	0.831965228864885	0.999831983216163
ENSMUSG00000025903	1644.50798627539	-0.0756466809177152	0.0939723630259565	-0.80505974640335	0.420785203178167	0.999831983216163
ENSMUSG00000025940	1600.80598346339	-0.0827318202662928	0.0894691156882641	-0.924749124438553	0.355096419973417	0.999831983216163
ENSMUSG00000026126	28.6327508361439	0.0169357834660914	0.102306768221519	0.165026283775387	0.86892329422163	0.999831983216163
ENSMUSG00000067851	6028.8945281328	-0.0310123598843221	0.0915102566683061	-0.338919795873755	0.734670151161838	0.999831983216163
ENSMUSG00000039395	1233.49436104013	-0.0416950952482796	0.0908599818823904	-0.458914754942532	0.646295382644453	0.999831983216163
ENSMUSG00000041782	22.8713363440085	0.0319155058402827	0.0956765232472089	0.332073549221456	0.739833722571336	0.999831983216163
ENSMUSG00000062580	2926.39410248622	-0.054450175531167	0.0845084375632094	-0.644347602764893	0.519350053726894	0.999831983216163
ENSMUSG00000036707	8646.65733267449	0.0769434691315584	0.0804190566812722	0.956713871215759	0.338711694841335	0.999831983216163
ENSMUSG00000063681	24.1154101215869	0.0202101008147437	0.0963732595598361	0.209257586464357	0.834247159857856	0.999831983216163
ENSMUSG00000026634	3057.4477891478	-0.00203344263273784	0.0838554288038082	-0.0242489057466135	0.980654068438689	0.999831983216163
ENSMUSG00000009772	79.7867748086363	-0.011064231957657	0.120540651964679	-0.0917792345207176	0.926873442868154	0.999831983216163
ENSMUSG00000044340	4190.06056527636	-0.0229214371135343	0.0802220205067737	-0.285730294955591	0.775084699569117	0.999831983216163
ENSMUSG00000001143	2027.99603486352	-0.154217666368433	0.0925158290317918	-1.66725294287653	0.0954641193610543	0.999831983216163
ENSMUSG00000026617	2506.75618383295	-0.104693744646621	0.0851850454961281	-1.22908948884439	0.219038255674843	0.999831983216163
ENSMUSG00000026563	772.361469507461	0.011650426405676	0.0963276082662878	0.120943184003205	0.903736037310673	0.999831983216163
ENSMUSG00000026577	1099.01257869385	-0.112811789750835	0.090951358124649	-1.24039126080862	0.2148307118328	0.999831983216163
ENSMUSG00000041670	8941.55303742344	-0.0932278859040281	0.094392083187948	-0.987907625124252	0.323197890715696	0.999831983216163
ENSMUSG00000041926	1164.87194608158	-0.00180347274127958	0.0986303307649073	-0.0182831835474934	0.985412942810596	0.999831983216163
ENSMUSG00000042671	41673.3323503722	-0.104137009433635	0.0917261450386175	-1.13558960670805	0.256128360638503	0.999831983216163
ENSMUSG00000079330	23.1375833327898	0.109057843684517	0.097126398242494	1.10791546235231	0.267898327150261	0.999831983216163
ENSMUSG00000025935	1562.24403793097	-0.0450757465230907	0.0882340776470353	-0.510873043578708	0.609439957869021	0.999831983216163
ENSMUSG00000026399	246.446746459507	0.135571216749549	0.114672691513688	1.18153926819297	0.237388563453772	0.999831983216163
ENSMUSG00000033845	1134.59207597572	0.0300183560740236	0.0954077123913045	0.314613385408099	0.75305521482722	0.999831983216163
ENSMUSG00000025963	21.1036890151882	0.0294025282513216	0.0944959916464851	0.309920396572003	0.756621491745318	0.999831983216163
ENSMUSG00000025912	604.570984575232	0.16740849208343	0.110502686769457	1.51393863363421	0.13004140439989	0.999831983216163
ENSMUSG00000025971	723.798803338781	0.0180858294367984	0.0962499820395872	0.187904264440248	0.850951699746212	0.999831983216163
ENSMUSG00000038949	3861.80638701802	-0.072227352592051	0.0801590940813086	-0.901095562281435	0.367537512222292	0.999831983216163
ENSMUSG00000038026	5682.50724469597	0.069624656130227	0.081593025417165	0.853267023943171	0.393511242577301	0.999831983216163
ENSMUSG00000026504	912.756980859822	0.0856625793083302	0.0956509472345092	0.895486847709273	0.370526893428559	0.999831983216163
ENSMUSG00000053286	1237.94420809948	-0.00718496263620645	0.0889481467662799	-0.0807758347624805	0.935620226322943	0.999831983216163
ENSMUSG00000026080	3420.64000174498	-0.0267581335838923	0.0824709300668684	-0.324461221624723	0.745588876220997	0.999831983216163
ENSMUSG00000026073	13.470277997349	0.113988966971444	0.0793611899073965	1.40378816491589	0.160381939260026	0.999831983216163
ENSMUSG00000033569	4380.5864297743	0.0483004474923283	0.0904006240817946	0.534258585496855	0.593162641048375	0.999831983216163
ENSMUSG00000025934	68.4293924335191	0.060576901965843	0.119879009713491	0.504551034967708	0.613874208479399	0.999831983216163
ENSMUSG00000026436	935.800531139698	-0.0216195244578664	0.096219241135013	-0.224681091209592	0.822227375566452	0.999831983216163
ENSMUSG00000032719	62.0472830548169	-0.0796863800259676	0.118099099597877	-0.676988915624256	0.498412987163037	0.999831983216163
ENSMUSG00000026544	110.039908422442	0.123217459647212	0.121873242351195	1.00896433687203	0.312991738034084	0.999831983216163
ENSMUSG00000026123	11443.1226624172	0.0616176134834692	0.0795545208724643	0.774488317918323	0.438642073872687	0.999831983216163
ENSMUSG00000038323	987.389779254587	0.0611013278097534	0.101109199239483	0.604232802900754	0.545688874900936	0.999831983216163
ENSMUSG00000010311	23.745380469198	-0.0271737390716319	0.0962171443941912	-0.28346088832027	0.776823559224567	0.999831983216163
ENSMUSG00000026171	1067.7671906776	0.0199269902041198	0.0984841469294082	0.202328168107655	0.839660180361625	0.999831983216163
ENSMUSG00000026687	1425.9237506776	0.0171101053564721	0.087968501554616	0.194502928550867	0.845782102864839	0.999831983216163
ENSMUSG00000048960	6800.75078068524	-0.145388774288207	0.12127393054157	-1.20788644858866	0.227090942809822	0.999831983216163
ENSMUSG00000026196	18.4689374501313	-0.0572383427529866	0.0901406184170326	-0.642740942138346	0.520392209940327	0.999831983216163
ENSMUSG00000026678	4890.91727454784	-0.0667813730058123	0.08269634006177	-0.807605269101091	0.419317852511017	0.999831983216163
ENSMUSG00000026037	1266.39520089458	-0.0272126071037093	0.089963182717962	-0.302492139208056	0.762276924967085	0.999831983216163
ENSMUSG00000037503	3112.84746604608	-0.0827470804635719	0.0901071227220284	-0.918449435364348	0.358383619717566	0.999831983216163
ENSMUSG00000026207	4453.56386770031	0.037482774762675	0.0844995847710685	0.443564252422418	0.657357655689432	0.999831983216163
ENSMUSG00000058407	2098.99271388746	0.0161133548860023	0.0864200482517449	0.186450902813582	0.852091177532117	0.999831983216163
ENSMUSG00000026380	59.6546538552577	-0.165283548193625	0.116668814260712	-1.42751339463892	0.153431967075837	0.999831983216163
ENSMUSG00000037470	2578.13688177532	0.016338509226323	0.0895456619066963	0.182457213644888	0.855223929254946	0.999831983216163
ENSMUSG00000026516	3491.08754947677	-0.117800300569818	0.0821302205706847	-1.43441488780903	0.15145390161035	0.999831983216163
ENSMUSG00000026313	1800.25106609426	0.0752502906381919	0.0990108650768836	0.759861933981812	0.447337117450963	0.999831983216163
ENSMUSG00000026639	154.07276738672	0.0769961381834201	0.12073735797498	0.637341541499324	0.523902397561113	0.999831983216163
ENSMUSG00000026484	1573.31691623077	-0.0514962446738587	0.0865611825854283	-0.594916919311555	0.551899007078457	0.999831983216163
ENSMUSG00000073702	2246.40796255366	0.102756287769035	0.0991283422109157	1.03629115112539	0.30006633313663	0.999831983216163
ENSMUSG00000026620	2420.36633291268	-0.100804458514429	0.0834449462336254	-1.20808992377042	0.227012675113128	0.999831983216163
ENSMUSG00000026112	2816.41262783681	-0.0651104281636973	0.0808749767421505	-0.805100349253828	0.420761774285769	0.999831983216163
ENSMUSG00000026596	2003.49646754867	-0.102281404717414	0.0947527604950147	-1.07966211947794	0.280292668191164	0.999831983216163
ENSMUSG00000053483	1189.86582762437	-0.0447122018243925	0.0931969977986693	-0.479766565874644	0.631393389180219	0.999831983216163
ENSMUSG00000030768	165.782498852955	0.156360664766176	0.119764171317427	1.30414999166097	0.19218244668986	0.999831983216163
ENSMUSG00000025956	444.87012145903	0.0774511566753099	0.10599139947494	0.730635041860003	0.465002102190696	0.999831983216163
ENSMUSG00000006010	2650.86797356117	0.0500163141775211	0.0905142924599406	0.552553797900318	0.580568986461129	0.999831983216163
ENSMUSG00000004031	1148.84167824508	-0.126026925937999	0.0969418818910927	-1.30023755399699	0.193519563154545	0.999831983216163
ENSMUSG00000005681	23.557041807975	0.158783288049737	0.0970156766949058	1.60824352113518	0.107781854882348	0.999831983216163
ENSMUSG00000037461	1891.99701979058	-0.105956994271198	0.0942833394995291	-1.12397156251922	0.261025090172392	0.999831983216163
ENSMUSG00000052760	13.5008646905746	0.0182593261476288	0.0820917748750099	0.221429423988098	0.824758083959458	0.999831983216163
ENSMUSG00000026433	174.889213848391	-0.0626119909322984	0.119934295294122	-0.522332743340835	0.601438675113784	0.999831983216163
ENSMUSG00000053333	825.851307875596	-0.0322210433049254	0.0948618607745518	-0.339671130583843	0.734104204883443	0.999831983216163
ENSMUSG00000056536	993.014312043445	-0.0569058190626555	0.0924960966888617	-0.615240219859247	0.538396090043598	0.999831983216163
ENSMUSG00000052423	477.717121890331	-0.0462486870401684	0.105888258798502	-0.43682444802279	0.662238667282741	0.999831983216163
ENSMUSG00000033684	627.570142327546	0.0267652310631695	0.100434878160883	0.266475620608936	0.789872932765656	0.999831983216163
ENSMUSG00000033952	21.0994739772848	-0.0898187966099705	0.0945714356133254	-0.965778763971692	0.334154896954089	0.999831983216163
ENSMUSG00000038174	7824.93486268885	-0.153812990291193	0.0910459366156249	-1.68995784538247	0.0910360196816889	0.999831983216163
ENSMUSG00000026705	1092.45433377397	0.0990315598052165	0.090544580624272	1.09368815076488	0.274091772884351	0.999831983216163
ENSMUSG00000055866	3335.12267271321	-0.137755775576292	0.0925679094973366	-1.48858482383022	0.136596730372446	0.999831983216163
ENSMUSG00000041605	34.8163346899118	-0.126469366200138	0.107705916584837	-1.18762546467153	0.234981000741829	0.999831983216163
ENSMUSG00000025978	1309.83233017372	-0.110772561497488	0.0904435928223192	-1.22483430333142	0.220637657406082	0.999831983216163
ENSMUSG00000026603	813.203658156526	-0.0228179465346298	0.0994288351671472	-0.229495756815071	0.818483618204032	0.999831983216163
ENSMUSG00000026553	9402.92187328686	0.0528968210090345	0.0761020860089028	0.695052109069879	0.487022645936773	0.999831983216163
ENSMUSG00000040710	531.043501419734	0.0510037837015941	0.112580473410487	0.450896974095123	0.652063804483056	0.999831983216163
ENSMUSG00000036251	20.2503054059436	0.00470493806719507	0.0932233903484481	0.0504453348196568	0.959767510388734	0.999831983216163
ENSMUSG00000008136	112.29783133716	-0.0794474261592637	0.121798899777576	-0.653136079548212	0.513668554181867	0.999831983216163
ENSMUSG00000025979	2953.65008800909	-0.0796941994947205	0.0839419388524917	-0.949454083981408	0.34238971436279	0.999831983216163
ENSMUSG00000039384	1115.23997887089	-0.0250826092614699	0.0967003603171286	-0.259400582644271	0.795326180211165	0.999831983216163
ENSMUSG00000067653	66.9465737687655	-0.141819656520747	0.119150428092806	-1.19581398396498	0.231769157606873	0.999831983216163
ENSMUSG00000035131	911.556416092611	0.0157228034429246	0.100813929464291	0.155951155327874	0.876071522434908	0.999831983216163
ENSMUSG00000026273	533.73330601027	-0.100677838165007	0.105432779770226	-0.954929798847249	0.339613199151161	0.999831983216163
ENSMUSG00000038331	27.6347363061282	-0.0435284502281537	0.101539099346084	-0.430444766438266	0.666872136932418	0.999831983216163
ENSMUSG00000038576	2782.04189872135	0.102420310298302	0.0853017777821732	1.2005879144106	0.229911091420443	0.999831983216163
ENSMUSG00000067071	409.246765279717	0.0666684488024296	0.10691950562847	0.62352125478819	0.53294203929445	0.999831983216163
ENSMUSG00000025980	7308.51043755927	-0.0344058505055796	0.0849133166528948	-0.405208757319917	0.685324068385259	0.999831983216163
ENSMUSG00000001138	1884.33234208289	0.0331448318356096	0.0929376182090576	0.356602426412767	0.721389460744799	0.999831983216163
ENSMUSG00000056050	5653.82808735774	-0.0460344434083762	0.0892893092690769	-0.51560977183888	0.606126983971864	0.999831983216163
ENSMUSG00000038793	16.1849138487936	-0.0299235142061445	0.0870671311643385	-0.346325675137944	0.729097975167991	0.999831983216163
ENSMUSG00000041684	1064.11569951669	-0.00982385074729385	0.0931036412281099	-0.105517913680592	0.915964856276129	0.999831983216163
ENSMUSG00000026117	17.7060645248436	0.0347941738599064	0.0865455335987353	0.398788020304461	0.690049404840779	0.999831983216163
ENSMUSG00000004768	1550.11142257889	-0.0125434101084628	0.089971395136111	-0.139420499159792	0.889117874567886	0.999831983216163
ENSMUSG00000026425	8097.46578087746	-0.0805592424975121	0.0900332001978787	-0.894910336899189	0.3708350205641	0.999831983216163
ENSMUSG00000045259	67.3616187617753	0.06553995391321	0.119145577020296	0.548922666601748	0.583058522134674	0.999831983216163
ENSMUSG00000079144	146.650260720341	0.00110620182480328	0.121294158447712	0.00911896012365672	0.992724223343624	0.999831983216163
ENSMUSG00000016493	412.810235163051	0.0786884794745293	0.108111798348615	0.727762862543261	0.466758761728817	0.999831983216163
ENSMUSG00000026578	835.395431841109	0.0496262632068798	0.101010127012861	0.491269563457636	0.623235803938325	0.999831983216163
ENSMUSG00000026175	25.1549792541278	0.0803389566754377	0.0999711792115731	0.797153223945929	0.425362048472038	0.999831983216163
ENSMUSG00000034212	10.8717153643716	0.00844040604722903	0.0739408053345792	0.113779287282998	0.909412758304391	0.999831983216163
ENSMUSG00000010175	2700.73104689865	-0.126109874823417	0.0925101864091848	-1.36352027969643	0.172718597563011	0.999831983216163
ENSMUSG00000026274	225.439419490189	-0.0867332942430446	0.117347546121812	-0.739356837351012	0.459690344497834	0.999831983216163
ENSMUSG00000026036	793.376844134358	-0.0299481947490272	0.101668837783762	-0.294555544751904	0.768333426254346	0.999831983216163
ENSMUSG00000038496	232.518716000698	-0.0415884379283483	0.118905863794857	-0.349750754747403	0.726525759556061	0.999831983216163
ENSMUSG00000042046	3091.00698171939	-0.0150661080678026	0.0871164039855146	-0.172947644007997	0.862692581373155	0.999831983216163
ENSMUSG00000016194	2554.42934875032	-0.0529778415821464	0.0865734998508597	-0.611976781208184	0.540553119697632	0.999831983216163
ENSMUSG00000016526	147.95588475461	0.0794069053861149	0.120894818023939	0.656350796041501	0.511598441403719	0.999831983216163
ENSMUSG00000002881	1914.23840780875	-0.118560595272497	0.105807175660141	-1.12115070900262	0.262223716874408	0.999831983216163
ENSMUSG00000026616	18.3789728873238	0.074471806378233	0.0887945904409398	0.82994434253155	0.40657025250141	0.999831983216163
ENSMUSG00000041763	2918.61432139341	0.0421583863364431	0.0853972900359834	0.493663567788933	0.621543798925733	0.999831983216163
ENSMUSG00000026237	35.6949601530967	0.0567433764989934	0.107038033990954	0.527907203633766	0.597563744639379	0.999831983216163
ENSMUSG00000058665	205.417283940699	-0.13435090018601	0.118765127890577	-1.13240680611435	0.257463444758414	0.999831983216163
ENSMUSG00000026102	3531.92541428132	-0.0949793728634705	0.0930964816248705	-1.02042628342582	0.307526333856327	0.999831983216163
ENSMUSG00000042429	2447.06877047705	0.0233663004326539	0.0914078504393163	0.255616506106013	0.798246971716056	0.999831983216163
ENSMUSG00000026004	629.385168770516	-0.142815800751023	0.10761189654976	-1.32791872553516	0.184204957899468	0.999831983216163
ENSMUSG00000025920	3483.40858768016	0.108026404453716	0.0799600439741172	1.35091552625317	0.176722494029973	0.999831983216163
ENSMUSG00000039246	141.057353946062	-0.0273790252278322	0.121008565240091	-0.226352524896075	0.820927249317219	0.999831983216163
ENSMUSG00000041801	497.215123217593	0.146251470740383	0.110847950963917	1.31857761534072	0.187310361301457	0.999831983216163
ENSMUSG00000037624	600.31678530169	-0.115357859187703	0.104699912679044	-1.10202584358737	0.270450436375692	0.999831983216163
ENSMUSG00000026199	630.145184053171	0.0887682973424916	0.0986077241639956	0.900163583671869	0.368033202697481	0.999831983216163
ENSMUSG00000005674	252.734142944432	-0.0568133556438204	0.11682761029382	-0.486338979492208	0.626726846783106	0.999831983216163
ENSMUSG00000048402	263.600136116054	0.0145864780041262	0.113819683138972	0.12815620072397	0.898025360931231	0.999831983216163
ENSMUSG00000062590	718.561816709148	-0.0137186026776518	0.101761642773682	-0.134809100749071	0.892762810169423	0.999831983216163
ENSMUSG00000056870	237.567454851663	0.0470410098776338	0.115778623597265	0.406181667014676	0.6846091234125	0.999831983216163
ENSMUSG00000026223	14596.8217009054	0.100386737745261	0.0811072298095014	1.23756248968949	0.215878330194481	0.999831983216163
ENSMUSG00000040918	862.886853520842	0.0347694271905213	0.0960285980599857	0.362060605602707	0.717306741493576	0.999831983216163
ENSMUSG00000026388	34.9716400450789	-0.0770663306752575	0.107422212376733	-0.722938614298694	0.4697175986509	0.999831983216163
ENSMUSG00000026511	2023.75794061711	0.103681123529086	0.0863346942890767	1.20083153354809	0.229816557111926	0.999831983216163
ENSMUSG00000026260	4208.22660897075	-0.0272212261310603	0.0818977767517635	-0.332385624627966	0.739598091991088	0.999831983216163
ENSMUSG00000026604	362.9771305767	-0.142400517804094	0.107914749776612	-1.31963340829944	0.186957443070663	0.999831983216163
ENSMUSG00000025930	12.3182233913449	-0.0373283849168176	0.0792730528776471	-0.476690657506488	0.633582416508193	0.999831983216163
ENSMUSG00000025939	2961.5492774566	-0.0460789525471812	0.0867703847042408	-0.531072780219476	0.595368345795439	0.999831983216163
ENSMUSG00000042699	6100.54432222376	0.0374570585898249	0.105494434853564	0.35499572952755	0.722592790498504	0.999831983216163
ENSMUSG00000037375	32.6573079887349	-0.0631220773240425	0.105388645609689	-0.603530032828786	0.546156142458621	0.999831983216163
ENSMUSG00000038463	88.5778672177525	0.157929206959017	0.121631773715674	1.29486837365754	0.195365640218114	0.999831983216163
ENSMUSG00000003051	12.1541523557705	0.0733496828655405	0.0788365043782912	0.915314300147149	0.360026654004009	0.999831983216163
ENSMUSG00000055013	6667.79921806921	-0.0371385762466781	0.0941886328423773	-0.394335427822751	0.693333410311321	0.999831983216163
ENSMUSG00000026051	955.137904153403	0.0827306953451985	0.118201753751262	0.696172778285151	0.486320633174363	0.999831983216163
ENSMUSG00000041439	2958.4409960131	0.0753485844995795	0.0940176675221969	0.801328143585648	0.422941702097558	0.999831983216163
ENSMUSG00000026179	4265.00058426632	0.142911897547256	0.0820169004731147	1.74224717664534	0.081465202159363	0.999831983216163
ENSMUSG00000025964	7348.30474310097	0.0591476933513166	0.0901769090350086	0.655840320091663	0.51192687066495	0.999831983216163
ENSMUSG00000048096	59.3926905779883	0.0249280188695129	0.117381524103765	0.212020409826578	0.832091111539648	0.999831983216163
ENSMUSG00000004707	11.0721880479358	0.0613305380103573	0.0746416028542856	0.809479205315014	0.418239559260125	0.999831983216163
ENSMUSG00000026303	227.595386204982	-0.0884980167061513	0.120400072297154	-0.735797791009389	0.461853765761341	0.999831983216163
ENSMUSG00000025995	1278.63642573553	-0.0199464331832053	0.0930461676691636	-0.214373715122	0.830255637497009	0.999831983216163
ENSMUSG00000004880	947.970429079852	0.0210701698409248	0.0945837560341403	0.222757556493342	0.823724203000835	0.999831983216163
ENSMUSG00000038733	5379.89362226341	-0.127437003024283	0.0929659210858735	-1.3711846101163	0.170317414462169	0.999831983216163
ENSMUSG00000026131	18787.3294078567	-0.00968944574741339	0.102522460325752	-0.094514526659938	0.924700443494842	0.999831983216163
ENSMUSG00000094410	2841.68069651402	-0.187229395818418	0.10765121703106	-1.74128779254056	0.0816331449284575	0.999831983216163
ENSMUSG00000026039	30.7991629972061	-0.00470114262829428	0.10435200102769	-0.0450430885019473	0.964072964130357	0.999831983216163
ENSMUSG00000090553	578.804632858763	0.0560864864132017	0.108025988974921	0.519090074463749	0.603697929543655	0.999831983216163
ENSMUSG00000026083	4339.15181798301	0.0759141089503863	0.102995526896682	0.736834013671063	0.461223295872312	0.999831983216163
ENSMUSG00000026437	578.518992001881	0.143138989526795	0.109205956302023	1.30998030523445	0.190202498288026	0.999831983216163
ENSMUSG00000026342	693.437557691771	0.00547897054390961	0.100499299653404	0.0545175627648645	0.95652281633473	0.999831983216163
ENSMUSG00000026200	261.770580276913	0.113780392968857	0.115589699771127	0.983555517764994	0.32533410542999	0.999831983216163
ENSMUSG00000025907	6626.17783470064	-0.0399540786795976	0.0948774850695149	-0.421162946096406	0.673636099734385	0.999831983216163
ENSMUSG00000041879	6592.15048835231	-0.0183924378255543	0.0809413175223073	-0.227236116277279	0.820240145428324	0.999831983216163
ENSMUSG00000026172	503.972023009319	-0.0907254954506787	0.103082566512547	-0.880115813628247	0.378796573271863	0.999831983216163
ENSMUSG00000003458	2018.52037284582	-0.0764148568675758	0.0880587888924418	-0.867802907403453	0.385502238142331	0.999831983216163
ENSMUSG00000026208	322.894481871369	-0.078998473196695	0.117972318395833	-0.670144148540533	0.50276590364154	0.999831983216163
ENSMUSG00000002459	366.959996011711	-0.0886080333098801	0.115876625334744	-0.765039654055624	0.444247932172461	0.999831983216163
ENSMUSG00000026245	2069.72764732499	0.0891382065851337	0.0875500040311568	1.01807060897424	0.308644401678347	0.999831983216163
ENSMUSG00000073678	2202.17194651775	0.0349371284126312	0.10164050047349	0.343707049697867	0.731066608947836	0.999831983216163
ENSMUSG00000026003	1964.73796412934	0.0579288496778741	0.0892325609843708	0.649145826050751	0.51624412389404	0.999831983216163
ENSMUSG00000026670	1601.08696186822	0.0477986923548636	0.0885682808023168	0.539676502316468	0.5894201475642	0.999831983216163
ENSMUSG00000052428	1451.05600055047	0.0780729607014304	0.0909820723979523	0.858070370361726	0.390853607188745	0.999831983216163
ENSMUSG00000037995	22.9823953565248	0.053910361106816	0.0962741429165875	0.55648644197197	0.577878360378994	0.999831983216163
ENSMUSG00000026111	1688.47725745306	0.018893904700516	0.0938392679151516	0.20133688183249	0.840435165452561	0.999831983216163
ENSMUSG00000050534	12.3934478122543	0.0188308710271815	0.0703778431574278	0.266749681844646	0.789661898807225	0.999831983216163
ENSMUSG00000061816	30.3615932823586	0.0920739128580888	0.104770902432174	0.871659928345055	0.383393926968455	0.999831983216163
ENSMUSG00000062510	24.2428150096865	0.0214369700672828	0.0939018357715443	0.227279790806771	0.820206186539472	0.999831983216163
ENSMUSG00000026452	15308.0473998475	0.0459309125057429	0.0919693397087473	0.499362420841589	0.617524088017185	0.999831983216163
ENSMUSG00000026188	657.81244569501	-0.0556646073773744	0.102462600783285	-0.543312674317003	0.586914539253975	0.999831983216163
ENSMUSG00000057072	21.8268697376443	0.0427690477832105	0.0952756136649071	0.445617691007222	0.655873429299871	0.999831983216163
ENSMUSG00000025982	18016.605258768	0.0378336566003289	0.0841010827315261	0.449837642930057	0.652827513054493	0.999831983216163
ENSMUSG00000033227	116.225866824497	-0.0833065004094822	0.121773275869204	-0.684666757584724	0.493554230516898	0.999831983216163
ENSMUSG00000026494	4106.74903600241	-0.106074112082562	0.0972297828786229	-1.09130334218076	0.275139427617041	0.999831983216163
ENSMUSG00000063558	412.187265971379	-0.0258347605834983	0.106395317527083	-0.242805937877417	0.80815573544447	0.999831983216163
ENSMUSG00000033964	1820.75721119577	0.00445225530580646	0.102029292347403	0.0436397225123777	0.965191587857416	0.999831983216163
ENSMUSG00000033813	2823.10585067499	-0.0854746753447583	0.0938976273778368	-0.910435239767695	0.362593020196216	0.999831983216163
ENSMUSG00000026113	9010.28622998735	-0.0289270452216627	0.0863083159843443	-0.335176376983658	0.737492040839823	0.999831983216163
ENSMUSG00000026239	1337.48138754031	-0.0525302332907299	0.0936248281251909	-0.561082785239141	0.574741103021581	0.999831983216163
ENSMUSG00000073643	933.299739157262	0.0439150028443225	0.0980011499940444	0.44805332668297	0.654114711107693	0.999831983216163
ENSMUSG00000070644	146.13258573527	0.0745066626934963	0.120456470669088	0.618105224121833	0.536505978868089	0.999831983216163
ENSMUSG00000058715	89.8689831095652	0.189349930013936	0.121708453322213	1.55002924697553	0.121134496362618	0.999831983216163
ENSMUSG00000026319	4535.02366164331	0.040025834195816	0.0857051934210916	0.467001459664603	0.64049883374688	0.999831983216163
ENSMUSG00000025968	6270.26826483433	0.0307406606278016	0.0825372072147636	0.372437125976939	0.709567416304986	0.999831983216163
ENSMUSG00000066877	752.778085342689	-0.0639238234065876	0.0973863164067822	-0.65640584481337	0.511563030777489	0.999831983216163
ENSMUSG00000058076	4115.61326409506	-0.118730708643359	0.080335812588025	-1.47803416973814	0.139398632561349	0.999831983216163
ENSMUSG00000032883	7517.55368593538	0.0970249378309655	0.0798868579667157	1.2144260056409	0.224585089772963	0.999831983216163
ENSMUSG00000026150	7529.68339079264	0.0174163551438976	0.0838806215840019	0.2076292390168	0.835518472417383	0.999831983216163
ENSMUSG00000026248	762.452056121319	0.0855969320779498	0.0957683081610877	0.893769211297558	0.371445385628776	0.999831983216163
ENSMUSG00000025958	4397.09706811464	-0.0337688311702944	0.0926230229896263	-0.364615628984108	0.715398346650626	0.999831983216163
ENSMUSG00000079164	13.5812268274626	-0.0672046116457359	0.0752370518583896	-0.919903889910656	0.357622985948704	0.999831983216163
ENSMUSG00000026255	1258.68433698377	-0.121432237350665	0.0918328847882692	-1.32238684980522	0.186039365518	0.999831983216163
ENSMUSG00000026049	175.920857244466	0.0312560530336378	0.121563053351162	0.257083125760213	0.797114603566522	0.999831983216163
ENSMUSG00000016481	1301.38832528141	-0.122616084872978	0.0906462778580899	-1.3527641903433	0.17613097621118	0.999831983216163
ENSMUSG00000062963	1681.93516553529	0.0397138116595974	0.0875596423211778	0.453555519523661	0.650148774526182	0.999831983216163
ENSMUSG00000026240	535.525973083132	-0.0167909048443217	0.105359409896513	-0.159364363151429	0.873381814134283	0.999831983216163
ENSMUSG00000049690	164.078421892057	-0.0289932038883441	0.120322930210112	-0.241030696357876	0.809531325497669	0.999831983216163
ENSMUSG00000026632	1001.06190455133	-0.0131196528497179	0.0971857575362006	-0.135005773691704	0.892607309381773	0.999831983216163
ENSMUSG00000041483	2627.89992380327	-0.0236848846837256	0.0959914532600813	-0.246760903728074	0.805093269242171	0.999831983216163
ENSMUSG00000053161	26.2769155009636	-0.0772748102076303	0.100888896466681	-0.773509768900858	0.43922074959283	0.999831983216163
ENSMUSG00000026335	1960.77530622371	0.183630932822644	0.110217494890714	1.66407647591651	0.096097147434226	0.999831983216163
ENSMUSG00000043629	226.59351664314	-0.0376252124529607	0.116697643710299	-0.322523931884706	0.74705581055903	0.999831983216163
ENSMUSG00000033488	630.448875146277	-0.104508286043083	0.101141780118937	-1.03331211145805	0.301457861179526	0.999831983216163
ENSMUSG00000049353	32.5627256882735	0.0591042442840723	0.106400060596631	0.552406432682381	0.580669924362432	0.999831983216163
ENSMUSG00000064246	309.083875895172	0.13967155158369	0.114277389437994	1.22160322766967	0.221857707469021	0.999831983216163
ENSMUSG00000040782	2984.13446708993	-0.0928576093235401	0.0874625284466146	-1.0618134464071	0.288320384233219	0.999831983216163
ENSMUSG00000040225	7520.20429154963	0.0157886481392535	0.103742066152866	0.152183180906951	0.879042459139591	0.999831983216163
ENSMUSG00000026471	358.652095387841	0.0559975757182554	0.108789787613609	0.514706620508697	0.606758046381929	0.999831983216163
ENSMUSG00000001305	302.595053442762	0.0243755446652153	0.114374072359448	0.213122560126489	0.831231368417345	0.999831983216163
ENSMUSG00000026058	377.620980667408	-0.053106592311036	0.108322258652074	-0.490339867630291	0.623893420120187	0.999831983216163
ENSMUSG00000038147	82.8825353350579	-0.0254471336852991	0.121115056245587	-0.210347516749813	0.83339645175949	0.999831983216163
ENSMUSG00000052534	3685.22599122125	0.0153016701345326	0.0866128462857705	0.176664693422549	0.859771775166386	0.999831983216163
ENSMUSG00000067081	82.1320233466418	0.180769235316885	0.120460739719292	1.49415314600751	0.13513559572749	0.999831983216163
ENSMUSG00000026696	3864.95867258681	-0.0354474396272834	0.0817414034443559	-0.433667345112285	0.664530022916204	0.999831983216163
ENSMUSG00000026333	413.849348664077	0.0928467051128671	0.110659273078609	0.838602545956869	0.40169238151035	0.999831983216163
ENSMUSG00000033793	4535.53250888272	0.0856335262685136	0.0896376983815131	0.955197759880841	0.339477698450849	0.999831983216163
ENSMUSG00000059498	200.300740736372	0.0408832653668967	0.119777315954051	0.341075876667246	0.733046461160162	0.999831983216163
ENSMUSG00000039318	2534.59799386198	-0.00488801213438045	0.0909130949813606	-0.053767159173746	0.957120674838164	0.999831983216163
ENSMUSG00000003464	3442.77677764246	-0.0789284183218627	0.0846712520228959	-0.932230197866367	0.351217572415299	0.999831983216163
ENSMUSG00000020423	853.654605577979	-0.0198518085979841	0.111035970986845	-0.178801684982512	0.858093422181063	0.999831983216163
ENSMUSG00000041809	105.323007429488	0.0670879617248209	0.121863868733173	0.550021675835266	0.582304506476301	0.999831983216163
ENSMUSG00000032908	2611.61369813682	-0.0301307489511414	0.0927326071196223	-0.324934580479746	0.745230584307467	0.999831983216163
ENSMUSG00000026173	467.370097278676	0.124290369538957	0.104856230162287	1.18523847648946	0.235923171009127	0.999831983216163
ENSMUSG00000045954	599.655449364307	-0.0900826102456965	0.100586713812018	-0.895549105969154	0.370493627834903	0.999831983216163
ENSMUSG00000026500	273.045612926634	0.0430765204091905	0.118502051646074	0.363508107386758	0.716225357723227	0.999831983216163
ENSMUSG00000026014	1772.16098212903	-0.0678291828312802	0.0887787331254042	-0.764083389899255	0.444817550001255	0.999831983216163
ENSMUSG00000026610	4061.85515351289	-0.0605413100089842	0.0905465401048101	-0.668701932497023	0.503685634539179	0.999831983216163
ENSMUSG00000079434	59.1984398027193	-0.163935759859778	0.117742616507596	-1.40186251958629	0.160956304645104	0.999831983216163
ENSMUSG00000026227	283.480184070957	0.187583737356866	0.117886917318192	1.58883813912297	0.112096940250927	0.999831983216163
ENSMUSG00000026098	401.213694491779	0.106401110713835	0.109106007033391	0.975020659268294	0.329550012293083	0.999831983216163
ENSMUSG00000044816	16.9230348504082	0.075737388086211	0.0873517700421981	0.855873938278614	0.392067511927646	0.999831983216163
ENSMUSG00000070643	296.770681407281	-0.0482612102475908	0.11147962241212	-0.432962846106501	0.665041761831859	0.999831983216163
ENSMUSG00000055567	20014.2616995743	0.0423223558354177	0.0844148023673702	0.501333130965259	0.616136692134544	0.999831983216163
ENSMUSG00000015829	3670.95600195232	-0.180713933094172	0.10852784401062	-1.66720192066185	0.0954742609644631	0.999831983216163
ENSMUSG00000026121	961.026519554049	-0.12520086440714	0.0920757546838723	-1.35974521365068	0.173910564897345	0.999831983216163
ENSMUSG00000026224	120.916810845063	-0.0557420906726999	0.121767527508897	-0.458108475665585	0.646874509967609	0.999831983216163
ENSMUSG00000026021	2939.47382129636	0.0761504774117858	0.0887914842668081	0.857554041202584	0.391138761997568	0.999831983216163
ENSMUSG00000026281	1321.61291600779	-0.0851449016657893	0.0983324169133046	-0.865974826979932	0.386503966560475	0.999831983216163
ENSMUSG00000034292	854.983772725286	0.0394007406001794	0.0960909857621515	0.410043656162813	0.681773923271313	0.999831983216163
ENSMUSG00000037447	501.763426159235	-0.166200954230493	0.103020617147971	-1.61329307630692	0.106680850057496	0.999831983216163
ENSMUSG00000034343	2019.56534269301	-0.0481303856380228	0.0837847291370356	-0.574462916818673	0.565654587751441	0.999831983216163
ENSMUSG00000067158	98.7509102505789	0.156645307116419	0.121070301374066	1.28827129521172	0.197651541616593	0.999831983216163
ENSMUSG00000039239	491.306477196148	0.0554201392000011	0.108081277444638	0.512683670156091	0.608172614386107	0.999831983216163
ENSMUSG00000054387	7628.53160353764	-0.0411147216783242	0.0763355591222006	-0.538620199710652	0.590148946673598	0.999831983216163
ENSMUSG00000006542	22.4031662777097	0.0160055481933305	0.0892682244813203	0.17875798268336	0.858127738748241	0.999831983216163
ENSMUSG00000016181	744.777479955363	-0.0479821119961383	0.103521979059825	-0.463516968450175	0.642993854939976	0.999831983216163
ENSMUSG00000047067	264.329926859178	0.120859871200326	0.115026466040397	1.05019556994836	0.293628205907029	0.999831983216163
ENSMUSG00000026344	241.469917126315	-0.107155738184853	0.114887257828739	-0.933003748866585	0.350818032754333	0.999831983216163
ENSMUSG00000026189	162.858420350571	0.131027652497555	0.120068289422875	1.09012573273409	0.275657762397134	0.999831983216163
ENSMUSG00000038079	905.747401557127	0.053034515318054	0.0950599431012426	0.557863575648194	0.576937545709564	0.999831983216163
ENSMUSG00000037568	70.9235893671238	0.0874346500005885	0.119354318431616	0.730892024970874	0.464845107601431	0.999831983216163
ENSMUSG00000055980	1451.14305948649	0.0258575921725718	0.0997675639421404	0.259175416104562	0.795499898301871	0.999831983216163
ENSMUSG00000026162	109.249463239405	-0.0642937981497661	0.121885325931297	-0.527810817710047	0.597630648137258	0.999831983216163
ENSMUSG00000038806	1079.02850323568	-0.102996784866662	0.0929256092460122	-1.10846627815567	0.267660494897256	0.999831983216163
ENSMUSG00000034432	2464.28475690793	0.0447000669916518	0.0847852737105625	0.527195065541829	0.59805813498291	0.999831983216163
ENSMUSG00000026434	6551.46975761662	0.0689492365591831	0.0913743149910753	0.754475907873116	0.450563506550598	0.999831983216163
ENSMUSG00000033740	5467.56582328119	-0.0716665699345915	0.0911201665577107	-0.786627899733773	0.431499722073921	0.999831983216163
ENSMUSG00000025902	197.07349975189	-0.0368765529220401	0.117507089937707	-0.313833187060958	0.753647737220141	0.999831983216163
ENSMUSG00000055214	2023.81138560028	0.034746194900112	0.116610410927114	0.297164489186454	0.766340931453981	0.999831983216163
ENSMUSG00000045005	68.1196550788087	0.00818923079026705	0.118349890838239	0.0692455966482556	0.944794129308139	0.999831983216163
ENSMUSG00000055184	119.503422688069	-0.0512287599200125	0.121766101743978	-0.421126112238657	0.673662994851757	0.999831983216163
ENSMUSG00000026480	82.1645086385633	0.00310420097879339	0.12110106618793	0.0256359229421198	0.979547733113908	0.999831983216163
ENSMUSG00000039323	1752.44346398078	0.0518968010152762	0.106307340099821	0.484723911896682	0.627872202183872	0.999831983216163
ENSMUSG00000045210	3272.32338311185	0.0524445918828591	0.0941642993056791	0.556899468348931	0.577596117894107	0.999831983216163
ENSMUSG00000070871	537.107123281496	-0.0775203391751177	0.102143481571201	-0.758934193006481	0.447891923446568	0.999831983216163
ENSMUSG00000043716	5734.76477894085	0.152486296051941	0.0899421793104872	1.69491496958287	0.0900915523364114	0.999831983216163
ENSMUSG00000018189	1627.4900728572	0.16053255225649	0.0935007252226293	1.71655259337519	0.0860609506297901	0.999831983216163
ENSMUSG00000026017	699.725993373377	0.0806781099261624	0.0981730931638977	0.821751398731237	0.411218399647438	0.999831983216163
ENSMUSG00000046404	976.93224847224	-0.0906502563723681	0.0999082091019494	-0.907466582727715	0.364160113303996	0.999831983216163
ENSMUSG00000016200	1451.66744700711	-0.0776535398671178	0.0946060492673101	-0.820927528871178	0.411687549372813	0.999831983216163
ENSMUSG00000026276	4479.77824731983	-0.103908354822182	0.0822678564812299	-1.26316973696763	0.206528186237903	0.999831983216163
ENSMUSG00000040843	1901.05451445087	-0.0255176533026469	0.0861775455147124	-0.2961064933352	0.767148755272681	0.999831983216163
ENSMUSG00000041396	175.814300491611	0.0895915157291639	0.118660475290408	0.754683752799737	0.450438757323007	0.999831983216163
ENSMUSG00000026594	2205.10573118944	-0.0526836277157392	0.087520075425569	-0.602002919744999	0.547172193873119	0.999831983216163
ENSMUSG00000009907	2439.79664708676	-0.0110559520645978	0.0858680788792181	-0.128758204539452	0.897548978104252	0.999831983216163
ENSMUSG00000057363	1449.17011859283	-0.0627465739555231	0.0973894245219585	-0.644339044319831	0.519355602284538	0.999831983216163
ENSMUSG00000025991	57.7475708830645	-0.0785145008786738	0.116935441254113	-0.67386242271313	0.500398784290855	0.999831983216163
ENSMUSG00000025909	481.191132413703	0.160560483324435	0.116841652923439	1.37234999746395	0.16995450814288	0.999831983216163
ENSMUSG00000048865	71.6204588572281	0.00194321283083463	0.118049172882707	0.0164749998748147	0.986855446591441	0.999831983216163
ENSMUSG00000026443	2960.96995705633	0.0443194018370691	0.090029399971361	0.492241201628177	0.622548840946151	0.999831983216163
ENSMUSG00000026277	5516.94032269777	0.058528779003924	0.0880436928838128	0.664703367344882	0.506240239634979	0.999831983216163
ENSMUSG00000026048	1456.05993836993	0.00649246419356712	0.087538786165636	0.0741678575749605	0.940876821326308	0.999831983216163
ENSMUSG00000026170	336.8098650955	0.0204650470447256	0.109927931400515	0.186160384971353	0.852318989079572	0.999831983216163
ENSMUSG00000052331	686.878520458629	0.055489273021116	0.0984594436685511	0.563572631152119	0.573045017313953	0.999831983216163
ENSMUSG00000026571	2800.48041245589	-0.0516695351665672	0.0813231293153365	-0.635378133589247	0.525181825843019	0.999831983216163
ENSMUSG00000026514	215.444129020707	-0.102640920389986	0.0964791641498516	-1.09530381446338	0.273383556941679	0.999831983216163
ENSMUSG00000026427	1490.86950903432	-0.065382031300827	0.0920704300049706	-0.710160686993911	0.477604496554139	0.999831983216163
ENSMUSG00000025983	17.3691165538628	0.0680774303525109	0.0890658421129986	0.75629746004517	0.449470870637039	0.999831983216163
ENSMUSG00000026309	1892.48655866355	-0.0491148453182778	0.0874465143607942	-0.561664818460193	0.574344408748136	0.999831983216163
ENSMUSG00000144322	14.5189821886706	-0.0045169478291445	0.0812064048668198	-0.0557102808136384	0.955572609318909	0.999831983216163
ENSMUSG00000033007	68.8632678557099	0.0116779449667468	0.108650047713827	0.107360128147311	0.914503284760416	0.999831983216163
ENSMUSG00000033557	3087.97580962871	0.117482772832617	0.0844560430135909	1.39092354341077	0.164248612654549	0.999831983216163
ENSMUSG00000007122	73.9505070628767	0.0541853809129559	0.120088012874253	0.450493044664947	0.652354968235221	0.999831983216163
ENSMUSG00000026482	1183.80152012134	0.0330924196887476	0.0927864470826613	0.356631854615053	0.721367427019871	0.999831983216163
ENSMUSG00000039377	11.525614160495	0.0147390414782019	0.0761314826887907	0.192267763561794	0.847532468231155	0.999831983216163
ENSMUSG00000026097	606.277062780558	0.177331191641897	0.101305538488155	1.7499837083343	0.0801211249701801	0.999831983216163
ENSMUSG00000026627	528.866808799075	-0.00553836123241921	0.102801559692732	-0.0538771520835504	0.957033040216703	0.999831983216163
ENSMUSG00000055067	1158.37389930847	0.0518373829214958	0.0956936177316292	0.541664316886551	0.588049775730862	0.999831983216163
ENSMUSG00000066595	1067.46280554787	0.0940986778253654	0.0934251642244453	1.00712801442772	0.313873260319293	0.999831983216163
ENSMUSG00000026356	2726.49782454491	-0.0115775338422236	0.0860627891755256	-0.134527562287212	0.892985417625665	0.999831983216163
ENSMUSG00000026034	9599.14234231056	0.0343501693179925	0.0928248055050456	0.370026712522451	0.711362587086578	0.999831983216163
ENSMUSG00000025932	296.416259077904	-0.0755469936052528	0.11706590765057	-0.645587304928565	0.51854666110293	0.999831983216163
ENSMUSG00000079436	921.131715508795	-0.0754487352427542	0.0974501005478759	-0.774237887787471	0.438790126751858	0.999831983216163
ENSMUSG00000009633	172.322797830731	0.117952100832856	0.119580421948194	0.985469041857152	0.324393730813996	0.999831983216163
ENSMUSG00000052748	816.813658972662	0.00934374244436528	0.103913863674166	0.0899271413467522	0.928345112852279	0.999831983216163
ENSMUSG00000025946	25.2201928366161	-0.0978960544212412	0.098838258042557	-1.00409183477307	0.315334350745208	0.999831983216163
ENSMUSG00000026496	3125.85141841039	-0.0789968942862918	0.0854224968748774	-0.924863509832081	0.355036909716847	0.999831983216163
ENSMUSG00000038633	3732.69592721563	-0.074055121324994	0.0835844255397765	-0.886044270876983	0.375593671626361	0.999831983216163
ENSMUSG00000025959	2883.75819692117	-0.118174798998216	0.0867969400631421	-1.36168592182445	0.173297026054099	0.999831983216163
ENSMUSG00000026526	3399.19625302261	-0.020376491959729	0.09058664229619	-0.224946881122354	0.822020597892861	0.999831983216163
ENSMUSG00000022995	5068.02439794416	-0.00299509158007968	0.0867661394267284	-0.0345190321491142	0.972463265931174	0.999831983216163
ENSMUSG00000041040	1629.11153224636	-0.057751048518654	0.0928655662952025	-0.621927174190233	0.533989755760157	0.999831983216163
ENSMUSG00000025916	12.127036038444	0.00116102066596601	0.0764010489879291	0.0151626535249954	0.98790241640468	0.999831983216163
ENSMUSG00000048814	5510.71035518496	-0.0391180114766924	0.0932116928126111	-0.419705277607162	0.674700769197129	0.999831983216163
ENSMUSG00000026365	1916.79743485396	0.0291868696637187	0.0904057696434684	0.322840916476072	0.746815723924555	0.999831983216163
ENSMUSG00000067336	7466.69415550084	-0.0379438802259186	0.0907530603244496	-0.418135877247775	0.675847775057402	0.999831983216163
ENSMUSG00000038473	1550.54658200671	-0.124351522162231	0.0998997226787972	-1.24519756025817	0.213059139207703	0.999831983216163
ENSMUSG00000054976	1216.02807991666	0.0691018962197662	0.0979180473413222	0.705641103502572	0.480411356006382	0.999831983216163
ENSMUSG00000070939	2647.08768550756	-0.0845198902302644	0.0853113974389882	-0.990794001601886	0.321786178894612	0.999831983216163
ENSMUSG00000073491	16.1362963622451	0.110012271353057	0.0839203349432445	1.2858852884342	0.198483098728482	0.999831983216163
ENSMUSG00000073725	8679.45913478136	-0.0544001117201609	0.0836980236342617	-0.649998270734166	0.515693338622491	0.999831983216163
ENSMUSG00000033544	12.6958920815491	0.0123894900646619	0.0772741264102565	0.159953000600493	0.872918097509283	0.999831983216163
ENSMUSG00000040713	2411.13724371503	0.0901986947372125	0.0888680143705948	1.01488324589526	0.310161485484289	0.999831983216163
ENSMUSG00000073490	23.6978605025911	-0.0368052928867404	0.0960051731484586	-0.385107978454691	0.70015741709545	0.999831983216163
ENSMUSG00000026374	3916.54237421666	0.0138810580311936	0.0792494914791664	0.175156073472025	0.860956998965582	0.999831983216163
ENSMUSG00000026311	1387.32902606924	-0.0449175536980777	0.0919084608632878	-0.488749765924963	0.625018866212135	0.999831983216163
ENSMUSG00000026203	3718.30648058535	0.0433732089000287	0.0800057402894147	0.542111783559879	0.587741501614947	0.999831983216163
ENSMUSG00000026096	560.255724866813	0.0577226132427197	0.10081916036969	0.572532097563103	0.566961546987648	0.999831983216163
ENSMUSG00000041426	1085.992537314	-0.0613274966855023	0.0911109151586595	-0.673135922620291	0.500860822078117	0.999831983216163
ENSMUSG00000040170	263.718325368654	-0.0947812975586681	0.0972203642710602	-1.00046208951958	0.317086935258435	0.999831983216163
ENSMUSG00000026305	1617.02286366183	0.0813862301375555	0.089786328017795	0.906401758703346	0.36472324227109	0.999831983216163
ENSMUSG00000026663	3057.06158031969	-0.0732231966037329	0.0900394472897941	-0.813342167770102	0.416021906883456	0.999831983216163
ENSMUSG00000026641	1540.37701260896	0.0406847601281244	0.0880724164785319	0.461925382183678	0.644134831231698	0.999831983216163
ENSMUSG00000047539	2886.78628052706	-0.0385788223355146	0.0812105108938974	-0.475055034654536	0.634747747033307	0.999831983216163
ENSMUSG00000025986	4414.62990156704	0.0181597527364757	0.0910188078005071	0.199512803738217	0.841861628748321	0.999831983216163
ENSMUSG00000042115	681.46825726111	0.114374078197612	0.108270265144381	1.05585760166381	0.291033277089296	0.999831983216163
ENSMUSG00000026023	11.0174801006696	-0.0197067015918279	0.0738051674577733	-0.268723840575356	0.788142204260701	0.999831983216163
ENSMUSG00000026626	1611.31812356353	0.0705618234438304	0.0870031491511741	0.811006433443117	0.417361976213296	0.999831983216163
ENSMUSG00000045216	2003.25520320449	-0.0735022124275225	0.0847882586413427	-0.866915930946318	0.385988074035282	0.999831983216163
ENSMUSG00000073676	1531.63209311981	-0.0132278285500217	0.0993379075829154	-0.133165298760724	0.89406265396016	0.999831983216163
ENSMUSG00000004364	7923.13683777245	0.0316954193877844	0.0914786219706193	0.346458781094357	0.728997956151315	0.999831983216163
ENSMUSG00000016918	2038.31822083636	0.122831443148796	0.0845103499684646	1.45332956162348	0.146132273300325	0.999831983216163
ENSMUSG00000026280	2532.33837296894	-0.0908832336043929	0.0845382362560528	-1.07510368474323	0.282328309955163	0.999831983216163
ENSMUSG00000032968	1331.43465535513	0.0591190464465044	0.102161299802347	0.578530368569847	0.562906100429459	0.999831983216163
ENSMUSG00000026219	7279.93277232812	-0.000226747643976445	0.0899500008160939	-0.00252016895794287	0.997989198226361	0.999831983216163
ENSMUSG00000026107	425.308623500104	0.190049568627868	0.110465795478737	1.71949757637554	0.0855238085822036	0.999831983216163
ENSMUSG00000070942	15.0925757877631	-0.019403441420442	0.0847487593467866	-0.229717167850676	0.818311553611322	0.999831983216163
ENSMUSG00000045648	93.8790077274496	0.126144268309853	0.0811836808161748	1.51432177811784	0.129944247647812	0.999831983216163
ENSMUSG00000025950	1281.91158686477	-0.0496029557720185	0.108641721142658	-0.45671460195815	0.647876194020441	0.999831983216163
ENSMUSG00000026042	266.06370881233	-0.124247658114585	0.115185594508227	-1.07928240210182	0.280461855374613	0.999831983216163
ENSMUSG00000049339	6045.01101802865	-0.0913939500663559	0.0818033858760662	-1.11732838548087	0.263853942960961	0.999831983216163
ENSMUSG00000026435	90.4905958243015	-0.173684321378535	0.120791539853229	-1.44527882619407	0.148379582840962	0.999831983216163
ENSMUSG00000042772	4485.82219533198	-0.138494183253464	0.0787980883152277	-1.75772685258326	0.0787939965838197	0.999831983216163
ENSMUSG00000089872	1221.38569137436	0.0181531664474726	0.0956226535195948	0.18984415343015	0.84943125557133	0.999831983216163
ENSMUSG00000026615	5561.8345409075	-0.0157395889584478	0.0839984376061284	-0.187384290829511	0.851359338555403	0.999831983216163
ENSMUSG00000026426	5277.33464988399	0.0594036773561043	0.0774188596693341	0.767275271512337	0.44291786773623	0.999831983216163
ENSMUSG00000067879	415.96366427197	-0.0161071398210972	0.117599433450482	-0.137003564688529	0.891027977468884	0.999831983216163
ENSMUSG00000026361	2880.30956431431	0.0273911360576448	0.0940515912298118	0.291226021305394	0.770878462531737	0.999831983216163
ENSMUSG00000047216	676.614754778898	0.011750889860572	0.110711864265316	0.106150532997097	0.915462918060863	0.999831983216163
ENSMUSG00000003135	1274.41423873627	-0.0892332480921747	0.0946263170490801	-0.943071930479313	0.345644112030922	0.999831983216163
ENSMUSG00000041859	106.345182803482	-0.0556903245641249	0.121879984065589	-0.457230159246656	0.647505622972202	0.999831983216163
ENSMUSG00000026469	3971.03898024505	-0.0452281108557016	0.0968308181780296	-0.4671494447795	0.64039296071102	0.999831983216163
ENSMUSG00000009418	2555.93815794948	-0.076553578479928	0.0884244437829253	-0.865847143928639	0.386573992011442	0.999831983216163
ENSMUSG00000057335	7350.8922005347	-0.00384854091336991	0.0899543301323777	-0.0427833630853356	0.965874226180396	0.999831983216163
ENSMUSG00000047361	123.938904425086	0.165851337359066	0.121829620574493	1.35703764629667	0.174769249015608	0.999831983216163
ENSMUSG00000026708	107.430684177534	0.0435127018798395	0.1218754885197	0.356672198849494	0.721337220529658	0.999831983216163
ENSMUSG00000040836	335.968171199724	0.103605251343526	0.111087247463484	0.932529580768874	0.351062906735587	0.999831983216163
ENSMUSG00000026192	904.011025996327	0.131025291058254	0.0964567058345895	1.35823825407338	0.174388095781226	0.999831983216163
ENSMUSG00000045382	78.3788746015442	-0.0723920380502332	0.117450847526517	-0.619398754439033	0.535653701492819	0.999831983216163
ENSMUSG00000006412	1011.4247176451	0.163129326348493	0.0918294737541977	1.77627947855195	0.0756868639103663	0.999831983216163
ENSMUSG00000026475	412.34070176746	-0.0898834719399146	0.111567062508147	-0.805758761840938	0.420381960147427	0.999831983216163
ENSMUSG00000026490	16299.398331072	0.0268247752791024	0.0912509965102452	0.293951685089908	0.76879482280126	0.999831983216163
ENSMUSG00000026568	2015.0927274299	-0.0351924512774789	0.0886727407975417	-0.396894062431342	0.691445582873327	0.999831983216163
ENSMUSG00000033159	1149.24982084282	-0.000468157213530942	0.100448153240453	-0.00465966547476517	0.996282138313185	0.999831983216163
ENSMUSG00000045968	25.3017356881253	-0.0669765941143695	0.0980486483995386	-0.68914002210324	0.490735156317614	0.999831983216163
ENSMUSG00000016262	471.308534211846	-0.122356393872038	0.107778512408258	-1.13544474540124	0.256189020717165	0.999831983216163
ENSMUSG00000056055	13.4763406247857	-0.0253138268474808	0.0800911592140137	-0.318760177500106	0.749908377927863	0.999831983216163
ENSMUSG00000079658	5012.51640431263	-0.0106137954512542	0.0778343649503702	-0.136364306150888	0.89153328961596	0.999831983216163
ENSMUSG00000037499	373.206997576362	0.146460110442189	0.109151088725078	1.34122880757855	0.179846175988224	0.999831983216163
ENSMUSG00000026548	16.0561400747092	0.014268349551021	0.0829590563527038	0.170882033274791	0.864316524232878	0.999831983216163
ENSMUSG00000026618	1697.878424519	0.0123258983115716	0.0898256013677332	0.137223669643866	0.890854002214021	0.999831983216163
ENSMUSG00000026213	1069.00871651354	0.00388676138081231	0.0969876182826888	0.0400739669075328	0.96803415652286	0.999831983216163
ENSMUSG00000026087	1308.47607323496	0.0241251630798842	0.0922956709206331	0.261380383048856	0.7937991834164	0.999831983216163
ENSMUSG00000036907	28.1210080881562	0.0199701632865163	0.0937313274032291	0.212512221030125	0.831707444514804	0.999831983216163
ENSMUSG00000026035	369.270374395071	0.00432087811586363	0.108222314525144	0.0399286691725851	0.968149994628518	0.999831983216163
ENSMUSG00000005886	4847.7733162443	-0.00564979870004854	0.0894817174349746	-0.0631398188413152	0.949655166688478	0.999831983216163
ENSMUSG00000018196	2258.4263169969	-0.0438261215612442	0.0919425337140455	-0.476690249513213	0.633582707077593	0.999831983216163
ENSMUSG00000034088	7968.85778092834	0.0268338972991815	0.0820432958187088	0.3270627346571	0.743620436570382	0.999831983216163
ENSMUSG00000026628	60.2859938610636	0.0363624860051156	0.110819055366161	0.327547578090909	0.743253763612493	0.999831983216163
ENSMUSG00000039354	2668.97867491447	0.134412720216257	0.0859576809098074	1.56350626237063	0.117933563872759	0.999831983216163
ENSMUSG00000042207	2306.76799462693	-0.0637122382100743	0.0939605654087271	-0.678171106324694	0.497663210183073	0.999831983216163
ENSMUSG00000054770	613.79096014758	0.038910174031057	0.101728209843833	0.38245611225841	0.70212307634594	0.999831983216163
ENSMUSG00000026510	1540.31400782988	-0.00463523434168709	0.0894219774986668	-0.0518354861869064	0.958659779659352	0.999831983216163
ENSMUSG00000026095	129.031673393806	0.0672807874685082	0.121769559118818	0.552222230026832	0.580796105645374	0.999831983216163
ENSMUSG00000026289	2288.69614595312	0.00389003821460042	0.0909420878555912	0.0427749950896966	0.965880896768345	0.999831983216163
ENSMUSG00000014980	721.551515624561	0.104340347209847	0.100302657902988	1.04006479357768	0.298309798968159	0.999831983216163
ENSMUSG00000051590	197.125330118846	-0.106160153648503	0.117526470650309	-0.903741554223059	0.366132459276019	0.999831983216163
ENSMUSG00000010609	601.4876670943	-0.0254559148773667	0.100503811988341	-0.253295015234288	0.800040247809212	0.999831983216163
ENSMUSG00000026270	1192.97218554894	-0.112587175742112	0.0919698512719124	-1.22425557908102	0.220855828504585	0.999831983216163
ENSMUSG00000026589	18.397495729767	0.0113665841684962	0.0904860518598004	0.125341706762654	0.900253035293297	0.999831983216163
ENSMUSG00000072258	815.748992867764	-0.010493120864551	0.0954903507844829	-0.109885601191777	0.912500101969882	0.999831983216163
ENSMUSG00000062169	1892.83084101789	-0.0513475120634175	0.0883918487686336	-0.580927924657319	0.561289031078594	0.999831983216163
ENSMUSG00000058729	579.427355593697	-0.0374206474939536	0.100683950646446	-0.371691020051427	0.710122911729076	0.999831983216163
ENSMUSG00000003721	2357.05590793106	0.0572396310806561	0.0838697985999365	0.682462781442405	0.494946369232532	0.999831983216163
ENSMUSG00000070034	32.0312199036049	0.116662179511527	0.106085561156136	1.08891642423076	0.276190742748311	0.999831983216163
ENSMUSG00000026259	507.032203699627	-0.0219148123864081	0.117703193306008	-0.186214476066424	0.852276572244432	0.999831983216163
ENSMUSG00000055322	2023.10381900983	0.0583843668619885	0.0845484011406038	0.690523166537293	0.489865246496095	0.999831983216163
ENSMUSG00000042684	101.344807765213	-0.00370708779765256	0.121568583302151	-0.0305042270982437	0.975664922214504	0.999831983216163
ENSMUSG00000026064	61.23791485393	0.063218234574577	0.111064338161574	0.567471243886166	0.5703940583007	0.999831983216163
ENSMUSG00000038776	1454.00558527193	0.0294183963721359	0.0889073126350641	0.330881563051124	0.740733948852317	0.999831983216163
ENSMUSG00000004451	719.97338770616	-0.0541620591034444	0.0966218067323903	-0.560558214217476	0.575098744007296	0.999831983216163
ENSMUSG00000056211	5930.19936123898	-0.137712352983417	0.0826501329195613	-1.66644310771268	0.0956251908426902	0.999831983216163
ENSMUSG00000046330	2881.95239303667	0.108337225104589	0.0922453162812571	1.17421926943352	0.240307209671792	0.999831983216163
ENSMUSG00000026090	1182.49632730277	0.097156445645339	0.092661222859678	1.04837413582999	0.294466265119263	0.999831983216163
ENSMUSG00000060679	1564.50150104131	-0.0225264866171944	0.0870635495544972	-0.258739202062938	0.795836470351189	0.999831983216163
ENSMUSG00000036815	8351.10890401913	0.0166822371506082	0.0958374810800402	0.174062853417886	0.861816066178994	0.999831983216163
ENSMUSG00000026694	485.567005188497	0.0374925587096757	0.106308948118198	0.352672308139114	0.724334121962616	0.999831983216163
ENSMUSG00000073557	3790.07570798127	-0.102380687838262	0.0865506610546989	-1.18303846195088	0.236793904560677	0.999831983216163
ENSMUSG00000026709	700.838924156877	-0.0625425279395176	0.0979937416586721	-0.63825809596473	0.523305684826921	0.999831983216163
ENSMUSG00000026234	12093.9448468095	0.0349072450991151	0.101373746786147	0.344294906358174	0.730624514544531	0.999831983216163
ENSMUSG00000026032	1539.27926853668	0.0380400950607285	0.0970109397472431	0.392099173273418	0.694984938342185	0.999831983216163
ENSMUSG00000033257	2119.83781237048	-0.018917920069388	0.0873911543070057	-0.216478649378795	0.828614665928858	0.999831983216163
ENSMUSG00000026339	1479.04627152831	0.00805989251185187	0.0967083670960885	0.0833461209188435	0.933576328648833	0.999831983216163
ENSMUSG00000025938	137.051534457135	-0.0244525993749815	0.121853033235503	-0.200893453682284	0.840781886572011	0.999831983216163
ENSMUSG00000036104	3943.48124091787	0.107088721007777	0.0860009193294842	1.24505540391894	0.213111385352379	0.999831983216163
ENSMUSG00000026269	1237.34850488383	-0.0607005694803761	0.0998693845370551	-0.607848767882549	0.543287781195571	0.999831983216163
ENSMUSG00000016179	467.228599232039	0.061077920100756	0.103523524756056	0.589962500009179	0.555215790768856	0.999831983216163
ENSMUSG00000047343	22.9125111181606	-0.0650332509957874	0.0941275511957907	-0.700255800027616	0.483767569619819	0.999831983216163
ENSMUSG00000037035	264.014545340092	0.178000472433292	0.115649944657659	1.53798936341026	0.124051215519691	0.999831983216163
ENSMUSG00000026029	79.555225631524	-0.0510764932681785	0.120884030516572	-0.423071496253869	0.672243098024378	0.999831983216163
ENSMUSG00000038034	2686.60472121431	0.026559700281327	0.0825750291401668	0.321635653449218	0.747728730368551	0.999831983216163
ENSMUSG00000026674	609.721247896035	-0.169156106316007	0.107479579630539	-1.5744993713216	0.115372046758639	0.999831983216163
ENSMUSG00000060985	84.1566883238061	0.085625416823335	0.120824480069249	0.707107893581805	0.479499430952465	0.999831983216163
ENSMUSG00000026360	709.845860182312	0.085156812963069	0.112403814080895	0.757230651881809	0.4489116894733	0.999831983216163
ENSMUSG00000056763	1969.64639814367	-0.0734906033975594	0.0848989553523695	-0.865654679132432	0.386679560464505	0.999831983216163
ENSMUSG00000041075	2026.31613261164	0.0812877773728389	0.0974363659859923	0.834086729729465	0.404232112503386	0.999831983216163
ENSMUSG00000073633	92.0295900502496	0.0175927621017657	0.121797695620689	0.144395763322518	0.885187962130301	0.999831983216163
ENSMUSG00000026421	8605.0710278892	-0.0167277651016346	0.0849723153528509	-0.196864349689337	0.843933692521714	0.999831983216163
ENSMUSG00000027520	615.58529053932	0.132117216633832	0.112811804686317	1.15825030673116	0.246761904137509	0.999831983216163
ENSMUSG00000026341	5537.63608136797	0.0257370782328312	0.080460218331877	0.319866361379441	0.749069638952567	0.999831983216163
ENSMUSG00000025967	3572.54515419315	0.0923358421670765	0.0899808041836824	1.02602410304005	0.30488022295405	0.999831983216163
ENSMUSG00000009905	2161.53530034274	-0.0318662263596391	0.0888761788719227	-0.358562512075941	0.719922395351207	0.999831983216163
ENSMUSG00000034066	300.514482341793	-0.073891750051382	0.114542973104243	-0.645420965647314	0.518654420444056	0.999831983216163
ENSMUSG00000043230	11.4135870687593	0.0217588655903377	0.0337912224326566	0.623960452696753	0.532653557365973	0.999831983216163
ENSMUSG00000026116	3520.81481609663	0.0376336306875843	0.0817544790686349	0.460313659549885	0.645291098011209	0.999831983216163
ENSMUSG00000042111	662.060036840851	0.0626743431029829	0.100305727898186	0.624787827429253	0.532110320842451	0.999831983216163
ENSMUSG00000025962	973.974772199178	-0.00504850783835801	0.0969974994275081	-0.0520491422482618	0.9584895366002	0.999831983216163
ENSMUSG00000050711	8004.22116333014	0.178073418775879	0.105522571287336	1.68594744548585	0.0918059223177043	0.999831983216163
ENSMUSG00000026078	1075.44740707609	0.0159923722871672	0.0916725278879945	0.174452597927538	0.861509780828699	0.999831983216163
ENSMUSG00000038702	387.325808380683	0.0396864333931768	0.112793617455462	0.351845174186265	0.724954377883416	0.999831983216163
ENSMUSG00000036975	407.188284159465	0.0732498474020847	0.10910521952753	0.671196370448908	0.50209544056406	0.999831983216163
ENSMUSG00000025931	18087.417184821	-0.105607617255412	0.088586801814174	-1.19238000156151	0.233112278164328	0.999831983216163
ENSMUSG00000036766	20603.3324797757	0.0894052107882278	0.0966596176412675	0.924692953089966	0.355125646038848	0.999831983216163
ENSMUSG00000014602	27764.0325280766	0.0103355383283643	0.0970880240930281	0.106452739586023	0.915223150615134	0.999831983216163
ENSMUSG00000040423	3594.19173270741	-0.0607697710703171	0.0938973208868388	-0.64729508552451	0.517440981581392	0.999831983216163
ENSMUSG00000026479	78.4216866497714	0.0118708611310499	0.1190560761214	0.0997260376816023	0.920561828502991	0.999831983216163
ENSMUSG00000026585	10020.3612846868	0.0217950685770851	0.0829629931115768	0.262703005009612	0.79277950045674	0.999831983216163
ENSMUSG00000049439	642.758031659185	-0.0800639527595848	0.0996785693609289	-0.803220020099768	0.421847576017587	0.999831983216163
ENSMUSG00000026407	21.3882415542709	0.0139419573119847	0.0923098633315211	0.150968111768119	0.880000870669359	0.999831983216163
ENSMUSG00000026584	470.626510832144	0.0676206632671667	0.103643989138432	0.652402950220302	0.514141261650438	0.999831983216163
ENSMUSG00000046101	78.5804055431812	-0.0966942460230932	0.121106939811028	-0.800227817115022	0.423578815807752	0.999831983216163
ENSMUSG00000026000	4361.88206340908	0.0683015107905197	0.0861908780089138	0.792381459188787	0.428138286935586	0.999831983216163
ENSMUSG00000039372	662.683246959599	-0.0649325510999337	0.116988203853535	-0.555432156581259	0.578599102716913	0.999831983216163
ENSMUSG00000026499	2255.68187942582	-0.0418042143661506	0.0836681365468774	-0.499655790190505	0.617317466982913	0.999831983216163
ENSMUSG00000026229	4278.62469177887	0.0991689291682129	0.0812349547633855	1.2206787326645	0.222207683148966	0.999831983216163
ENSMUSG00000026142	581.297382067702	0.0499660740863431	0.101467591226213	0.492442733879196	0.622406395689402	0.999831983216163
ENSMUSG00000026279	355.8567883538	0.0101030004208249	0.108974179420496	0.0927140506349622	0.926130734300514	0.999831983216163
ENSMUSG00000026525	275.532005799857	0.137067137394787	0.116001378090514	1.18090864529448	0.237639016558064	0.999831983216163
ENSMUSG00000046836	3411.76671539863	0.00109600379523084	0.0842199885228531	0.0130142211132722	0.989616447013983	0.999831983216163
ENSMUSG00000062729	982.464787577028	-0.050124781182031	0.104193771991596	-0.48110735172603	0.630440203300695	0.999831983216163
ENSMUSG00000048126	90.7402490625236	0.0392435140987047	0.11858897289202	0.330474443689825	0.741041499900463	0.999831983216163
ENSMUSG00000026418	89.4375050265298	-0.00113574923358987	0.119853487164648	-0.00948234610480518	0.992434295821197	0.999831983216163
ENSMUSG00000026187	713.901758097906	0.0686914517616028	0.0966216479525332	0.710930765509	0.477127140098688	0.999831983216163
ENSMUSG00000047528	11.4680232253306	0.0613257744228181	0.0747429860773029	0.808057360665671	0.419057562180575	0.999831983216163
ENSMUSG00000026565	2099.08691740963	-0.126925445784703	0.100321827849559	-1.26573624707073	0.205607526567888	0.999831983216163
ENSMUSG00000073664	3421.4194153579	-0.0200721773363424	0.0964437946082039	-0.208139535901512	0.835120017898499	0.999831983216163
ENSMUSG00000026688	1766.15821079359	0.0178756843038593	0.0983474907644498	0.18175516217787	0.855774873718426	0.999831983216163
ENSMUSG00000006014	411.091303297441	-0.139087617147128	0.110013577020087	-1.26465145574681	0.205996298879589	0.999831983216163
ENSMUSG00000026556	520.932874683805	0.102467905737644	0.108147167489859	0.947311518305427	0.343480063205569	0.999831983216163
ENSMUSG00000058248	2141.2883251375	0.0254364582856768	0.0910758197767609	0.279285579464682	0.780025672092199	0.999831983216163
ENSMUSG00000047496	4469.88454011687	-0.113722343753606	0.1095481860681	-1.0389556684759	0.298825354322812	0.999831983216163
ENSMUSG00000006304	3733.05428820248	-0.0290628999241944	0.0795019746580434	-0.365565807221222	0.714689093452008	0.999831983216163
ENSMUSG00000052726	72.5327336202906	0.00227922274517872	0.111993224739647	0.0203730380483251	0.983745791906145	0.999831983216163
ENSMUSG00000066842	245.075149573114	-0.106150461023722	0.116946573460831	-0.908426928330624	0.363652703886205	0.999831983216163
ENSMUSG00000026249	4884.1759432952	0.128607414292274	0.0946450564088401	1.35840530391236	0.174335112213337	0.999831983216163
ENSMUSG00000042510	151.260508046846	-0.0360604824197436	0.120406885822561	-0.299635688939078	0.764455058401475	0.999831983216163
ENSMUSG00000026701	6110.73528871485	0.0912564414185358	0.076881143783865	1.1869116882595	0.235262456447636	0.999831983216163
ENSMUSG00000051951	735.827892224774	-0.207267001176136	0.11722794724429	-1.77282594882135	0.0762575521930333	0.999831983216163
ENSMUSG00000025921	935.830711645655	-0.0439598065567124	0.0974264143771338	-0.451242503505827	0.651814779194096	0.999831983216163
ENSMUSG00000026384	12606.5817020301	-0.120251043661896	0.0958728919185369	-1.25473879494513	0.209573597550787	0.999831983216163
ENSMUSG00000073481	1139.43823065518	0.0473785145017269	0.0905640875057183	0.523145253841935	0.600873175600094	0.999831983216163
ENSMUSG00000026135	1598.8393000147	-0.0430998768048805	0.0859618818566831	-0.501390031407407	0.616096654092974	0.999831983216163
ENSMUSG00000033124	1963.44777698581	-0.0423870232258001	0.0872851604550147	-0.485640304113432	0.627222215264339	0.999831983216163
ENSMUSG00000019699	5787.28084357381	-0.0960598303740048	0.0853080808352054	-1.12617877956109	0.260089853731787	0.999831983216163
ENSMUSG00000050777	26.0042988698914	-0.0167734204261789	0.0959293910586666	-0.175179181726721	0.860938841955832	0.999831983216163
ENSMUSG00000033722	359.028678845792	0.046829663789215	0.110108242436824	0.42522686223498	0.670671303833751	0.999831983216163
ENSMUSG00000026393	2240.7801926263	-0.140691958518968	0.0862890860625108	-1.63066337436433	0.102961368816939	0.999831983216163
ENSMUSG00000040612	699.453568999495	-0.10819695607453	0.100659745220414	-1.07497089082622	0.282387761076972	0.999831983216163
ENSMUSG00000026094	4803.98855069702	-0.154258101590975	0.087015584179918	-1.77316024413711	0.0762021576449707	0.999831983216163
ENSMUSG00000026638	51.6824419752624	-0.0335842069259932	0.113741498486828	-0.295966446985312	0.767255705470934	0.999831983216163
ENSMUSG00000025925	798.682955286792	-0.013857225878722	0.0991781517971417	-0.139729158946593	0.888873986901954	0.999831983216163
ENSMUSG00000051285	7270.26996355385	0.0177094518359103	0.0881033986898708	0.20100463971518	0.840694946143213	0.999831983216163
ENSMUSG00000041303	1591.19896001823	0.0278287063926736	0.0884374646720974	0.314672271267623	0.753010499802065	0.999831983216163
ENSMUSG00000053024	13154.9163214487	-0.175725886009819	0.0995751333846713	-1.76594545215593	0.077405000726388	0.999831983216163
ENSMUSG00000040723	213.940610081147	-0.107989547314481	0.116906804691535	-0.923954586405798	0.355509960832391	0.999831983216163
ENSMUSG00000026158	9790.71431495592	0.0715434902606672	0.0834856820677965	0.856883490922464	0.391509277514474	0.999831983216163
ENSMUSG00000044783	2918.43355889566	0.0839723155732082	0.0869143221360308	0.966042606195995	0.334022861799383	0.999831983216163
ENSMUSG00000026656	100.427891241184	0.0412293390529815	0.121401087553966	0.338977462522184	0.734626708387039	0.999831983216163
ENSMUSG00000042066	6994.62428629217	0.00869419791758527	0.079966718409573	0.108722070437473	0.91342293594434	0.999831983216163
ENSMUSG00000042793	311.273318968886	0.0971297497003558	0.110662043128767	0.877585854305609	0.3801685086354	0.999831983216163
ENSMUSG00000025911	344.00891230265	0.143432596590283	0.113710368382154	1.26070514697829	0.207415098873582	0.999831983216163
ENSMUSG00000013973	370.014336816066	0.0172835914767482	0.10811094960383	0.159870830574299	0.872982826768445	0.999831983216163
ENSMUSG00000042215	281.165617771332	-0.064635848598734	0.113807587443578	-0.568011274052597	0.570027312644723	0.999831983216163
ENSMUSG00000001674	882.89008834381	0.0379906607301804	0.0977801665917106	0.388521661199405	0.697630027285872	0.999831983216163
ENSMUSG00000048174	133.801512764943	0.122643600619075	0.121703355085846	1.00572731122003	0.314546761675063	0.999831983216163
ENSMUSG00000026153	3200.01995683574	-0.0676794649610087	0.0839537914416037	-0.806207002652757	0.420123501669114	0.999831983216163
ENSMUSG00000026586	746.927348517141	-0.158415791084482	0.105155159081787	-1.5071094559711	0.131782603403779	0.999831983216163
ENSMUSG00000026491	4748.06682794657	-0.0342170233273425	0.0950975778731138	-0.359848413532538	0.71896049623235	0.999831983216163
ENSMUSG00000026154	362.103119184133	0.161243498864137	0.111545840863864	1.44476207829832	0.148524726170276	0.999831983216163
ENSMUSG00000043019	3930.8379493408	0.0107576302055217	0.0895592067815897	0.120118522779088	0.904389259571841	0.999831983216163
ENSMUSG00000026018	1041.4925852344	0.0328041098525534	0.0964013726626972	0.340285520210992	0.733641520427376	0.999831983216163
ENSMUSG00000046062	3343.28550030371	-0.0685279624818558	0.0895299926439831	-0.765509557800227	0.443968177259973	0.999831983216163
ENSMUSG00000026429	96.0255010282142	0.016640990972288	0.121245237631452	0.137302264446871	0.890791880619661	0.999831983216163
ENSMUSG00000026456	513.239655060824	0.116992533849053	0.104334403460144	1.1211322015574	0.262231593524208	0.999831983216163
ENSMUSG00000043467	1274.14252890103	-0.192527142383202	0.109559363245861	-1.75948565770398	0.0784950541919314	0.999831983216163
ENSMUSG00000037395	1134.52676693004	0.0294925931017076	0.090038754061301	0.327550040150666	0.743251901776982	0.999831983216163
ENSMUSG00000025915	843.287167724564	0.105229114378442	0.107378484459863	0.979571552039013	0.327297653101213	0.999831983216163
ENSMUSG00000048874	4984.26877001074	-0.0156945342004105	0.098815235441253	-0.158838124096712	0.87379641140597	0.999831983216163
ENSMUSG00000034220	1811.00681852946	-0.0338206808509689	0.0889754387068646	-0.380112562557419	0.703861860879116	0.999831983216163
ENSMUSG00000006576	3990.56380421963	0.0106483881230309	0.0859065826532634	0.123953245800661	0.901352293927564	0.999831983216163
ENSMUSG00000026675	808.806128673578	-0.0159617802196686	0.102307404233503	-0.156033471711018	0.876006637725075	0.999831983216163
ENSMUSG00000025779	32.5759172215848	0.030771629707343	0.104617195397731	0.293626917532347	0.769043004785753	0.999831983216163
ENSMUSG00000026072	384.955402298244	0.12184096784933	0.113600858296848	1.07159697017216	0.28390109481175	0.999831983216163
ENSMUSG00000025969	497.724379078272	0.165089338838626	0.103619684342363	1.59295858941319	0.111169481186812	0.999831983216163
ENSMUSG00000039997	202.1900913199	-0.0901754572041296	0.117956582619443	-0.764959255363051	0.44429580722184	0.999831983216163
ENSMUSG00000041642	1319.12436290904	-0.0372635157225347	0.0975586044861296	-0.381993936186982	0.702465862426461	0.999831983216163
ENSMUSG00000026321	69.5507654178666	-0.184686893711471	0.118399415583369	-1.57089733155931	0.116206498536857	0.999831983216163
ENSMUSG00000026377	933.406582245447	0.017381106655278	0.0963870356183422	0.180331922608076	0.856891995839889	0.999831983216163
ENSMUSG00000036086	159.577330426705	0.0374090418975082	0.120435830065787	0.310596325475827	0.756107520971526	0.999831983216163
ENSMUSG00000026347	2398.76316743963	-0.149700885844316	0.0934242884525079	-1.60273748876583	0.10899262309547	0.999831983216163
ENSMUSG00000026176	1486.35880748929	-0.0662604416825507	0.0968268438688682	-0.684367143283131	0.493743358303046	0.999831983216163
ENSMUSG00000025949	2884.42341249699	0.0388792687987737	0.0890358349241356	0.436655940704725	0.662360886565037	0.999831983216163
ENSMUSG00000039748	17.0957937718077	-0.073923134414805	0.0879687420356425	-0.854645164052389	0.392747616499138	0.999831983216163
ENSMUSG00000051185	1556.65744348686	0.0419607494764335	0.0924966691843655	0.453621636125838	0.650101178121279	0.999831983216163
ENSMUSG00000042751	8279.62044969188	-0.0262204103776583	0.102147096973562	-0.256718473994668	0.797396109200881	0.999831983216163
ENSMUSG00000026082	1735.44400948484	-0.0133612825366339	0.0905563627069625	-0.14755332987775	0.882695289176509	0.999831983216163
ENSMUSG00000033701	1048.86860458796	0.0486235691911672	0.0935907537142998	0.51950372385214	0.603409516758868	0.999831983216163
ENSMUSG00000058267	1103.9978313137	-0.00607089015020675	0.0950575129210982	-0.0638643321359409	0.949078253108568	0.999831983216163
ENSMUSG00000042229	1377.7382566611	-0.129439312723537	0.0884679876967442	-1.46314827819983	0.143426809880185	0.999831983216163
ENSMUSG00000032997	2006.27057456863	0.022297089960087	0.0866218167734676	0.257402331101937	0.79686820354158	0.999831983216163
ENSMUSG00000064302	3304.62868479882	-0.0175455517350792	0.0965445583503504	-0.181742964054662	0.855784446984127	0.999831983216163
ENSMUSG00000026134	330.425193861866	-0.0201096316599481	0.112164755144838	-0.179313127830891	0.857691839394552	0.999831983216163
ENSMUSG00000013997	319.869719486012	0.0390724073457226	0.113158193635776	0.345166595916771	0.729969129888877	0.999831983216163
ENSMUSG00000026489	1374.24414574398	0.151725764519697	0.0915313890644051	1.65741942271625	0.0974347072786814	0.999831983216163
ENSMUSG00000026271	31.1058180741883	0.122697993231105	0.103960110728753	1.16800333245937	0.242805420681394	0.999831983216163
ENSMUSG00000026725	31.9672056589525	-0.021474737533994	0.103727490973611	-0.207797380982328	0.835387177654728	0.999831983216163
ENSMUSG00000026721	6454.29008585987	0.0183760166153315	0.0856306177364951	0.214593157770816	0.830084528974366	0.999831983216163
ENSMUSG00000026198	35.0339731775559	0.031566853203551	0.108652004865365	0.289754291170885	0.772004218712178	0.999831983216163
ENSMUSG00000005501	1338.31638832802	0.00553264591327646	0.0920640336946801	0.0600940727712497	0.952080710676632	0.999831983216163
ENSMUSG00000056268	1007.18905797638	0.028014384984061	0.0952070807403624	0.29425131923954	0.768565868362499	0.999831983216163
ENSMUSG00000026220	432.918762775732	-0.181671860299738	0.108475087644985	-1.67505058898709	0.0939243063552159	0.999831983216163
ENSMUSG00000053153	101.442106867176	0.0755918415344006	0.121455323968437	0.621493678722253	0.534274852356405	0.999831983216163
ENSMUSG00000042349	79.3638511471961	0.161688544551844	0.120474006692354	1.33529016489583	0.181781396319009	0.999831983216163
ENSMUSG00000026254	1943.96783894103	-0.0944466379853979	0.0929933253595122	-1.01578625922278	0.309731180754769	0.999831983216163
ENSMUSG00000026141	1159.31445228644	-0.0298762365516975	0.0969196612560241	-0.308285002615351	0.757865476867422	0.999831983216163
ENSMUSG00000053461	10.7217921035033	-0.0248684073337934	0.0742796269175205	-0.337437559072785	0.735787075137033	0.999831983216163
ENSMUSG00000041570	8091.20954580174	-0.0382016367405644	0.0942197450722105	-0.405496803435545	0.6851123676191	0.999831983216163
ENSMUSG00000033021	1914.90707384732	0.0858434701820302	0.0942504803600035	0.91063851467757	0.36248587024749	0.999831983216163
ENSMUSG00000016528	1171.17203109521	0.0745970265926541	0.0931743950159552	0.800552274350368	0.423390889430779	0.999831983216163
ENSMUSG00000092083	468.56048409344	-0.167783298497647	0.109243924254217	-1.53669752540867	0.124367397394067	0.999831983216163
ENSMUSG00000026546	48.0487559658696	0.0395309553928822	0.114009716462953	0.34595947560841	0.729373170088575	0.999831983216163
ENSMUSG00000006005	6396.40755828818	0.0455470100628023	0.103570696603883	0.439682308209489	0.66016721795828	0.999831983216163
ENSMUSG00000079610	353.327138129475	0.142214594892473	0.113779281074335	1.24877956408138	0.211745710466035	0.999831983216163
ENSMUSG00000026349	6352.93617764967	-0.0595094176052001	0.0772040177038537	-0.770837806259877	0.440803075127089	0.999831983216163
ENSMUSG00000026457	3094.66480818517	-0.0721625301104998	0.0823901345354147	-0.875894827638877	0.381087211665595	0.999831983216163
ENSMUSG00000026411	1768.00486659142	0.0326014480693513	0.0900631247477662	0.361963069947722	0.71737962776969	0.999831983216163
ENSMUSG00000010290	2184.44450699528	-0.0109758880333565	0.0864626420526394	-0.126946577713838	0.898982681144981	0.999831983216163
ENSMUSG00000015843	27.9052689327682	0.0498390561575984	0.0956512981527991	0.517935727098628	0.604503113850676	0.999831983216163
ENSMUSG00000019230	260.762542171652	-0.0278599103158158	0.0531250004711124	-0.549621963327682	0.582578691235755	0.999831983216163
ENSMUSG00000026226	18.7624780394095	-0.00740902356426471	0.0910158816755329	-0.0814992929182712	0.935044887179191	0.999831983216163
ENSMUSG00000026209	923.611936809443	0.0551141672658896	0.0969650995727513	0.568329537021545	0.569811226352906	0.999831983216163
ENSMUSG00000026587	4044.89153460701	0.0500613788731477	0.091081617056838	0.549590079729314	0.582600564541502	0.999831983216163
ENSMUSG00000007097	50821.7449693444	0.0380181444475672	0.0864562689428077	0.439710824217238	0.660146561919384	0.999831983216163
ENSMUSG00000032666	4170.63136566032	-0.00792084197839676	0.108035242436033	-0.0733202072489479	0.941551311917184	0.999831983216163
ENSMUSG00000070031	23.5491520266962	-0.0234619429606265	0.0932834752233356	-0.252230068235253	0.800863238148838	0.999831983216163
ENSMUSG00000026527	2593.51222468086	-0.0365447045374934	0.0820397729271663	-0.44545865535077	0.655988331915171	0.999831983216163
ENSMUSG00000048000	3533.17646698248	-0.0200526044029988	0.0878556424582499	-0.22825457197945	0.819448338664474	0.999831983216163
ENSMUSG00000015222	27039.8510302561	0.0302703797395607	0.0949188227349551	0.318882392881811	0.749815696319545	0.999831983216163
ENSMUSG00000091476	75.5817223054035	-0.0572652583975984	0.120745077834421	-0.474936699510539	0.634832092318536	0.999831983216163
ENSMUSG00000026554	4661.53365512378	0.0343833217026906	0.0823809564965982	0.417361311138672	0.676414149090662	0.999831983216163
ENSMUSG00000026159	5098.09615085692	-0.0952378546096112	0.0812289435206473	-1.17256629579953	0.240969771928877	0.999831983216163
ENSMUSG00000040297	2183.25475094025	0.0859047910605458	0.0884816650654814	0.970806882050751	0.331644454884905	0.999831983216163
ENSMUSG00000044337	286.389567593731	-0.0972200744368557	0.115159414037073	-0.844443178924728	0.398421802474519	0.999831983216163
ENSMUSG00000015961	3038.89974241636	0.123693274833798	0.0855805351439078	1.44517391402312	0.148409041637232	0.999831983216163
ENSMUSG00000064294	65.2730508897107	0.0377769214046476	0.119464723165096	0.315755620789159	0.752188005449094	0.999831983216163
ENSMUSG00000010453	3774.27557108764	0.0447393214335415	0.0837118514373279	0.534425869709653	0.593046924682247	0.999831983216163
ENSMUSG00000026031	1253.68116462426	-0.112056670460643	0.105921114204719	-1.05842732874066	0.289860665626168	0.999831983216163
ENSMUSG00000060568	1575.22842591599	-0.150551580372442	0.0891282553914476	-1.68928533311579	0.091164762721274	0.999831983216163
ENSMUSG00000026353	3413.72441535524	-0.01672136092683	0.0872164711145351	-0.191724898462213	0.847957701630725	0.999831983216163
ENSMUSG00000060715	33.4756863449322	0.0985334320250723	0.107138416170288	0.913008312241059	0.36123816985065	0.999831983216163
ENSMUSG00000026201	469.682302358418	-0.0655354893863777	0.106811931999192	-0.613542925163742	0.539517409074334	0.999831983216163
ENSMUSG00000026447	676.701386622903	-0.0539156006917934	0.103051625641457	-0.523180021732709	0.600848982841506	0.999831983216163
ENSMUSG00000013593	6945.47322445624	0.066037211261699	0.0825026028843541	0.800368206014355	0.423497496244559	0.999831983216163
ENSMUSG00000066800	97.3595941798072	0.00571624349990896	0.121474505292733	0.0470789074138235	0.962450338139452	0.999831983216163
ENSMUSG00000026567	42.1615822317084	-0.0332215984433043	0.111220490880409	-0.299284853491526	0.764722710425446	0.999831983216163
ENSMUSG00000037434	1116.42169546448	-0.0253616492999749	0.0977019546185567	-0.259593775057078	0.795177138545407	0.999831983216163
ENSMUSG00000026409	1445.73586198098	-0.0390738809925755	0.0883876278998465	-0.442082546274842	0.65842947395355	0.999831983216163
ENSMUSG00000078185	836.536698510508	0.0785746778243731	0.106318543215548	0.738928562678304	0.459950377206796	0.999831983216163
ENSMUSG00000026211	532.170406250242	-0.119573876916345	0.10937572219916	-1.09354418350725	0.274154940792086	0.999831983216163
ENSMUSG00000050565	2858.38388321032	-0.149115382067707	0.0841796215384343	-1.77159971783771	0.0764610265773158	0.999831983216163
ENSMUSG00000026155	1233.45662297757	-0.128470236255933	0.0921581937746509	-1.39416998174211	0.163266280402687	0.999831983216163
ENSMUSG00000006301	1556.19583992615	0.0094292171816637	0.0887458415755738	0.10624707024713	0.915386325611562	0.999831983216163
ENSMUSG00000044708	11168.9704078833	0.0308491782986865	0.0976778843993974	0.315793376493896	0.752159345849155	0.999831983216163
ENSMUSG00000018199	7174.16680136135	-0.0135787418614577	0.098010999055573	-0.138550638440623	0.889805251790424	0.999831983216163
ENSMUSG00000004872	282.570799224478	-0.12992296486234	0.116177697808209	-1.11903673888635	0.263124465973794	0.999831983216163
ENSMUSG00000026430	145.498581124953	0.128723299254328	0.121654241326206	1.05613792329798	0.290905206620751	0.999831983216163
ENSMUSG00000037860	141.131823622692	0.0131241218232099	0.121471594122921	0.108001221963744	0.913994722894196	0.999831983216163
ENSMUSG00000026088	454.11234668466	0.0644601844236511	0.113257171994679	0.568970975373071	0.569375837233873	0.999831983216163
ENSMUSG00000096141	22.5425302676481	0.0292713944215544	0.0880334453208623	0.331358025204585	0.740374066645819	0.999831983216163
ENSMUSG00000090272	151.330624831324	-0.141954254192774	0.121202491889955	-1.17280294504993	0.240874836864259	0.999831983216163
ENSMUSG00000026614	380.625282654019	-0.190661414573636	0.108437031364298	-1.75855743632054	0.0786527078493261	0.999831983216163
ENSMUSG00000025933	714.50039872347	0.0919468384577042	0.0968909876847318	0.948935674250956	0.342653329203722	0.999831983216163
ENSMUSG00000049608	20.6054134989717	-0.0925281414100089	0.0907772721177637	-1.04321455266426	0.296848934959186	0.999831983216163
ENSMUSG00000008475	2234.7182595683	-0.0731611119525383	0.0895233281525064	-0.817301989151523	0.41375587031343	0.999831983216163
ENSMUSG00000040265	10858.0805941635	0.114324579839907	0.0898140073439698	1.27262766166188	0.203150197994442	0.999831983216163
ENSMUSG00000026640	2866.49000864388	-0.0655089586154143	0.0868737772779744	-0.754134988384175	0.450768169942183	0.999831983216163
ENSMUSG00000042686	1416.11116959168	-0.0724080243509446	0.0957992710595492	-0.755952230927445	0.449677836643587	0.999831983216163
ENSMUSG00000036155	3243.8372912573	-0.0400979624968822	0.0935648468883347	-0.428598657659897	0.668215322580509	0.999831983216163
ENSMUSG00000026520	422.897001548671	0.0269071571562091	0.109140156873782	0.246490120663292	0.805302851138073	0.999831983216163
ENSMUSG00000061584	10.8479271695544	0.0204191624039298	0.0734561743424796	0.276410361555559	0.782232899249908	0.999831983216163
ENSMUSG00000026283	478.02615208816	0.153097452326208	0.104738093050295	1.46145036445306	0.14389188767866	0.999831983216163
ENSMUSG00000026455	1796.40175141756	-0.0306742382543993	0.0870089725101013	-0.35255446084315	0.724422482921613	0.999831983216163
ENSMUSG00000079470	805.842548102538	-0.154670086158254	0.095992049451209	-1.61130178074688	0.107113962836503	0.999831983216163
ENSMUSG00000013275	3462.61627743457	-0.0375530132187641	0.0795659600136339	-0.471982644232778	0.636939176804142	0.999831983216163
ENSMUSG00000026110	1808.66081829945	0.0347656066728025	0.08678200158163	0.40060623739978	0.688710052676988	0.999831983216163
ENSMUSG00000026509	3542.51447139564	0.101602573871421	0.0824982356427072	1.23147461909158	0.218145403690835	0.999831983216163
ENSMUSG00000038866	1389.02463494481	-0.151596278932819	0.0960842574372996	-1.57810048405484	0.114542527034382	0.999831983216163
ENSMUSG00000038235	295.958085689173	0.113715193953204	0.115104174149694	0.987200002027757	0.323544600814921	0.999831983216163
ENSMUSG00000063659	26323.8312953344	-0.022429472922592	0.091069058563309	-0.246302087660986	0.805448393998629	0.999831983216163
ENSMUSG00000026637	42.6725777958793	-0.038060665795869	0.110696823840149	-0.344759177041463	0.730275425528655	0.999831983216163
ENSMUSG00000070565	2520.83585420947	0.0323970992495198	0.0938971057996695	0.345013768866565	0.730084019517995	0.999831983216163
ENSMUSG00000026575	358.389946254313	-0.0411733710797381	0.109998077834077	-0.374391805010896	0.708112839021222	0.999831983216163
ENSMUSG00000026019	1523.25264396268	0.0787916114764801	0.0887420994139358	0.887844043266391	0.374624647862943	0.999831983216163
ENSMUSG00000026127	1341.81767409099	0.0176019408156566	0.0923927139999936	0.190510129625731	0.848909406252746	0.999831983216163
ENSMUSG00000037351	7954.754758056	0.00303650475608573	0.0766789801530119	0.0396006086256632	0.968411542207997	0.999831983216163
ENSMUSG00000038936	4021.15845550533	-0.0264540956269379	0.0892222050301345	-0.29651261244291	0.766838636472381	0.999831983216163
ENSMUSG00000041406	231.498885521968	0.0433986672345568	0.115657119301444	0.375222996324229	0.707494628951841	0.999831983216163
ENSMUSG00000037318	14.3195871297511	0.0107969527194931	0.0815209779647313	0.131926584495169	0.895042361020805	0.999831983216163
ENSMUSG00000042251	216.847620336074	0.163465583315582	0.119597048177868	1.36470710672701	0.172345125098853	0.999831983216163
ENSMUSG00000026659	378.153905698577	-0.0678054959373439	0.10819941721776	-0.626658903634656	0.530882847983333	0.999831983216163
ENSMUSG00000026519	1257.58008167637	-0.0627289943427454	0.0958540542007072	-0.654465351881651	0.512812042573404	0.999831983216163
ENSMUSG00000038305	393.535309029359	0.165793680756582	0.11578445266674	1.43034642779143	0.15261761577028	0.999831983216163
ENSMUSG00000039210	884.903497878718	-0.0657296166746442	0.0992841535669565	-0.662135135150094	0.507884620175682	0.999831983216163
ENSMUSG00000026177	36.8933999507526	0.0626152815977482	0.109898024679774	0.567259527790047	0.570537869757446	0.999831983216163
ENSMUSG00000025937	1056.01536630258	-0.0834251318516883	0.0947129022154258	-0.880889005834562	0.378377898648725	0.999831983216163
ENSMUSG00000101586	319.263398489057	0.115066610850921	0.118291509065253	0.971387182650998	0.3313555087839	0.999831983216163
ENSMUSG00000026024	9072.42947027909	-0.107373648938162	0.0893788846352844	-1.20157596647547	0.22952785765941	0.999831983216163
ENSMUSG00000050600	13.9098035813504	-0.00106289384285804	0.031960277494526	-0.0333904308829654	0.973363240458415	0.999831983216163
ENSMUSG00000075324	133.557890197041	-0.0021985231430368	0.120999937550685	-0.0181686421601493	0.985504318437065	0.999831983216163
ENSMUSG00000082127	35.0917558854724	-0.107195864310991	0.104881514889929	-1.03660919984638	0.299918024016333	0.999831983216163
ENSMUSG00000049999	239.962699712659	-0.0321022948079657	0.116629778917022	-0.275326132472115	0.783065689199079	0.999831983216163
ENSMUSG00000074676	14.0969518901488	0.0979220556948256	0.0826183204680046	1.16624815281441	0.243514128924284	0.999831983216163
ENSMUSG00000098488	103.419208802376	-0.110671088819043	0.12021373584543	-0.924106567906804	0.355430834066102	0.999831983216163
ENSMUSG00000063611	44.0870021825951	-0.132255382201998	0.111615569033882	-1.19586883546713	0.231747748425164	0.999831983216163
ENSMUSG00000074899	19.9949523591361	-0.0359660729383018	0.0929273146517584	-0.38906634937888	0.697227065501029	0.999831983216163
ENSMUSG00000082953	17.7406288580808	0.0474118265199497	0.0884720722529372	0.531596995756617	0.595005145962154	0.999831983216163
ENSMUSG00000082345	12.8243574548269	-0.0749261555669565	0.0754852068630418	-1.02795359505955	0.303971656844741	0.999831983216163
ENSMUSG00000027015	72.2189204912185	0.0250056734901343	0.119280073623018	0.209531896334854	0.834033038285872	0.999831983216163
ENSMUSG00000104406	11.0223248648516	-0.019497958185797	0.0744865103851424	-0.263437308276572	0.792213537976705	0.999831983216163
ENSMUSG00000026726	56.4566713400397	0.0789636930904693	0.115964214958234	0.678086913931428	0.497716587386137	0.999831983216163
ENSMUSG00000103050	11.9301329934989	0.00854411326762779	0.0765673244069822	0.11154092759538	0.91118741253917	0.999831983216163
ENSMUSG00000104271	42.2440216210002	0.011883649954563	0.110880959581979	0.107169405065015	0.914654586834012	0.999831983216163
ENSMUSG00000081967	21.0361528604945	-0.0440977844224462	0.0940221469858013	-0.472773957734196	0.63637445556787	0.999831983216163
ENSMUSG00000085001	32.7839654589998	0.0204182158203264	0.103046636786047	0.197523398234698	0.843417972969135	0.999831983216163
ENSMUSG00000086231	195.62576419986	-0.109622211791882	0.121118888189528	-0.906515847567784	0.364662880708361	0.999831983216163
ENSMUSG00000082321	178.411727207496	0.0739309456212633	0.120667459870386	0.612291834921942	0.540344690879444	0.999831983216163
ENSMUSG00000043415	684.113455905877	-0.0958123882890722	0.10736297054094	-0.892644572070106	0.372047541863359	0.999831983216163
ENSMUSG00000055494	89.8352496952187	0.125368294622814	0.121663760647765	1.02764193974524	0.304118288300862	0.999831983216163
ENSMUSG00000033268	12.9363676156768	0.0648991742473582	0.0786501069982405	0.814422995774147	0.415402669373054	0.999831983216163
ENSMUSG00000081219	20.7439321609461	-0.0295939755774315	0.0946400980349297	-0.314058899230859	0.753476304962481	0.999831983216163
ENSMUSG00000102323	16.752059688562	0.011936538891578	0.0873730164427943	0.136148173760571	0.891704144899318	0.999831983216163
ENSMUSG00000074629	86.3311599970053	0.203932795430671	0.120556247171053	1.68183837508395	0.0926001851061661	0.999831983216163
ENSMUSG00002075925	10.3393601353934	-0.0384711736484746	0.0721520561767964	-0.542455419369902	0.587504810661467	0.999831983216163
ENSMUSG00000026786	73.2805007305432	0.0327012495407562	0.119486188249587	0.273141085230818	0.784744765592326	0.999831983216163
ENSMUSG00000082329	86.1588068690526	-0.118627733707064	0.12136952246593	-0.979562023796578	0.327302358419303	0.999831983216163
ENSMUSG00000087445	36.4490449531238	0.125876756401978	0.101819725234072	1.21861403431625	0.222990719797337	0.999831983216163
ENSMUSG00000081406	95.0631881659699	0.119955112866161	0.121530101044955	0.98447821600331	0.324880437139011	0.999831983216163
ENSMUSG00000075273	553.131417059445	0.092669185739376	0.100333175292352	0.923566399866041	0.355712114455491	0.999831983216163
ENSMUSG00000075271	181.916004638879	0.0289370865767168	0.119844571794911	0.241374478574474	0.809264891202975	0.999831983216163
ENSMUSG00000091337	6186.22915366318	0.0654324818814165	0.0767951482267252	0.852003232331243	0.394212298034496	0.999831983216163
ENSMUSG00000081648	23.9822732295879	-0.022363458054245	0.0954341174464872	-0.234918141005954	0.814272269047444	0.999831983216163
ENSMUSG00000102704	47.5707138160113	0.137247804947893	0.108239775596853	1.2516363615953	0.21070239863055	0.999831983216163
ENSMUSG00000074622	107.507203806191	0.185920087586929	0.121880252360519	1.52054721160244	0.128373502530553	0.999831983216163
ENSMUSG00000098889	18.7953301545301	0.0692287565832157	0.0910972268258442	0.75254491741164	0.451723428447943	0.999831983216163
ENSMUSG00000087536	20.7263833363416	0.117348140867136	0.09345332165503	1.23529708399648	0.216719958595034	0.999831983216163
ENSMUSG00000085845	258.57512068052	-0.1484775209393	0.116232512943228	-1.27832983693193	0.201133151711764	0.999831983216163
ENSMUSG00000054582	27.298831566989	-0.0635990426542042	0.10101579000757	-0.635137403114466	0.525338804581978	0.999831983216163
ENSMUSG00000081476	17.9778144582695	-0.0825713684091303	0.08542735065905	-0.990871748817822	0.321748208889967	0.999831983216163
ENSMUSG00000082820	41.5193090183145	0.0627567085689394	0.109256346017265	0.572133391777774	0.567231608571776	0.999831983216163
ENSMUSG00000103957	11.3015850638371	-0.0246374004424432	0.0762720856338716	-0.325999785934445	0.744424517089378	0.999831983216163
ENSMUSG00000058620	51.0062521572219	-0.0563286402753641	0.115887942977875	-0.487581420100841	0.625846358661681	0.999831983216163
ENSMUSG00002075137	21.5203496055547	-0.118779045129892	0.0940690316753307	-1.29182139304269	0.196419004954899	0.999831983216163
ENSMUSG00000075012	1096.02286911833	0.0547054185233188	0.0906242834650085	0.603632474409406	0.54608801732781	0.999831983216163
ENSMUSG00000081487	10.2662650395518	-0.0487425815935161	0.0731623428072303	-0.680933046191259	0.495913856759946	0.999831983216163
ENSMUSG00000081400	58.0921879739393	0.0564804138423888	0.116742248457914	0.482599316359156	0.629380264622661	0.999831983216163
ENSMUSG00000100255	12.2777062906227	0.108522648825318	0.0751327527187372	1.4183470419465	0.156089468840976	0.999831983216163
ENSMUSG00000085566	323.727846471603	-0.0847783711798348	0.11266084737889	-0.752641724873259	0.451665237234718	0.999831983216163
ENSMUSG00000102424	25.1092114026111	0.129957622255925	0.0988534248669186	1.29874239622634	0.194032349165887	0.999831983216163
ENSMUSG00000027316	411.282930554214	-0.0431874247726192	0.106849559372676	-0.404181363915502	0.686079356860633	0.999831983216163
ENSMUSG00000027322	19.8902868178439	-0.00951626605703545	0.0930859928365846	-0.102437623852955	0.918409321216124	0.999831983216163
ENSMUSG00000063684	884.677481438687	0.0979263782503122	0.0971809892619945	1.00757614610992	0.313657985236888	0.999831983216163
ENSMUSG00000104277	85.4793165198414	-0.109514449641687	0.118885434956799	-0.925276130753858	0.35482229146725	0.999831983216163
ENSMUSG00000074577	10.5034864184961	-0.0183327797733	0.0724580217469256	-0.254920164044915	0.798784761998036	0.999831983216163
ENSMUSG00000074971	365.702495270788	-0.170060471530435	0.108450774823089	-1.5683362446022	0.116802681530736	0.999831983216163
ENSMUSG00000037482	13.4485172131224	-0.0383362865518763	0.0802244811114438	-0.483110015424718	0.629017623091543	0.999831983216163
ENSMUSG00000074939	11.0075822970643	-0.0264871845670762	0.0721002594163351	-0.371832824943079	0.710017322402352	0.999831983216163
ENSMUSG00000086905	10.9856018913897	-0.00307697580250317	0.0728164901621648	-0.0424485435284471	0.966141131058598	0.999831983216163
ENSMUSG00000081344	110.793956325141	-0.041448199246206	0.121881677585558	-0.340340636655125	0.733600018068549	0.999831983216163
ENSMUSG00000083879	40.5374631140735	-0.0278651780054588	0.111037743625187	-0.251630230543699	0.801326889716222	0.999831983216163
ENSMUSG00000096006	27.319913420101	-0.0781874389923603	0.10191966874902	-0.773972254415695	0.438947199077489	0.999831983216163
ENSMUSG00000026923	667.037436689315	0.0733122723008654	0.105628167167079	0.694000528640963	0.487681877396546	0.999831983216163
ENSMUSG00000081787	128.523788481039	0.033030994816348	0.121326997625438	0.272191000166116	0.785475161516864	0.999831983216163
ENSMUSG00000083716	19.2959928058328	-0.0383601920417986	0.0908394452601671	-0.425934207330432	0.670155788064251	0.999831983216163
ENSMUSG00000068154	28.7815986976005	0.12942384268046	0.101283929562712	1.26155760344726	0.20710801999824	0.999831983216163
ENSMUSG00000053164	44.3211573833409	-0.0505968708626816	0.112732072725385	-0.450070017813872	0.652659954751732	0.999831983216163
ENSMUSG00000055926	93.7353171151785	-0.0296715023684747	0.121786857160936	-0.243711163671859	0.807454526672316	0.999831983216163
ENSMUSG00000082809	12.8438788615276	0.0935730526935602	0.0800962062058083	1.14810323582115	0.250925948535062	0.999831983216163
ENSMUSG00000074704	11.047349965172	-0.0450376647796758	0.0762126056407717	-0.600646310845651	0.548075585685849	0.999831983216163
ENSMUSG00000082029	284.064670956665	-0.182968536988909	0.11281973090497	-1.62203583851748	0.104795674726388	0.999831983216163
ENSMUSG00000082536	227.04166597661	0.0125192779633569	0.117667764017092	0.106404356910977	0.915261536389256	0.999831983216163
ENSMUSG00000049252	1313.92491982554	0.0918998167159837	0.111088050572448	0.826842623024152	0.408326267923953	0.999831983216163
ENSMUSG00000069495	2841.89935818824	0.0404604862221013	0.0893191733554263	0.452973080142132	0.650568126033297	0.999831983216163
ENSMUSG00000087701	40.2921722608653	0.0768461502419438	0.104016722115557	0.732646381121371	0.463774134765021	0.999831983216163
ENSMUSG00000082132	12.8665434920341	0.0459566689351961	0.0801143967229956	0.56831083506174	0.569823923064765	0.999831983216163
ENSMUSG00000083287	13.6371123144857	-0.099673446421058	0.0801589353465754	-1.2892293144584	0.197318376615256	0.999831983216163
ENSMUSG00000075334	75.8648452247494	0.0533128515573625	0.119501537305116	0.445583577145986	0.655898075740024	0.999831983216163
ENSMUSG00000110205	33.5933969513448	-0.0649925294061998	0.106551692393576	-0.613808595974975	0.539341816276352	0.999831983216163
ENSMUSG00000081157	11.6885151752629	-0.0102110575846847	0.0773643715331696	-0.132429870472428	0.894644289517031	0.999831983216163
ENSMUSG00000118479	11.0455727651409	-0.0765982787874051	0.0743893834627228	-1.06759098803555	0.285705050542188	0.999831983216163
ENSMUSG00000037514	1676.63449125368	-0.0551094308639321	0.0858766753402175	-0.641732451875567	0.521046914668401	0.999831983216163
ENSMUSG00000065563	10.7560730088771	-0.0983569065353256	0.0748645018313472	-1.37582650138897	0.16887535456944	0.999831983216163
ENSMUSG00000082044	79.4110026001475	-0.0389108095512878	0.120143721624381	-0.324435894116903	0.745608048516314	0.999831983216163
ENSMUSG00000074918	1232.49511018485	0.0461943703081575	0.0892522705735704	0.517557541183942	0.604767012141507	0.999831983216163
ENSMUSG00000064585	30.4997052087454	0.0522087633566641	0.10167516495807	0.509835471375053	0.610166732712848	0.999831983216163
ENSMUSG00000074643	26.5737766938006	0.0602501355959434	0.100638938086293	0.595145548855563	0.551746184054905	0.999831983216163
ENSMUSG00000103285	41.305422642104	0.0369456305139083	0.110437137424122	0.333986514696745	0.738389734681964	0.999831983216163
ENSMUSG00000089824	689.099499311975	0.0306281931627928	0.100187173926662	0.305712401567311	0.759823630028134	0.999831983216163
ENSMUSG00000083116	30.6581697752501	-0.0652113506785814	0.102621101073069	-0.64107642458402	0.521473030494326	0.999831983216163
ENSMUSG00000084094	35.085601288398	-0.022503803872674	0.1074023288518	-0.210176286314367	0.833530086977953	0.999831983216163
ENSMUSG00000087006	481.412222155285	-0.0927834110447961	0.104756049084473	-0.88570181517953	0.375778229929725	0.999831983216163
ENSMUSG00000056501	51.5437908257737	0.1256031834878	0.116227021724212	1.07518755022469	0.282290768203095	0.999831983216163
ENSMUSG00000074671	544.40399790823	0.119634292674462	0.100911538804933	1.18543713872294	0.235844655054138	0.999831983216163
ENSMUSG00000099041	20.34875623544	-0.0214947354066822	0.0910666566861172	-0.236640190458536	0.812935938117002	0.999831983216163
ENSMUSG00000075419	550.40448092999	-0.0277784514496683	0.105764708105426	-0.262627903947715	0.792837390579293	0.999831983216163
ENSMUSG00000089762	79.9398972191021	0.0893927680852035	0.115462222474925	0.769818197267548	0.441407743707237	0.999831983216163
ENSMUSG00000087739	31.6221449160019	0.0298326540010289	0.104798130013851	0.284090311382733	0.776341171613806	0.999831983216163
ENSMUSG00000083964	16.6105467122768	0.0689975564862525	0.0859335805934568	0.791896469713129	0.428421045602073	0.999831983216163
ENSMUSG00000078897	17.7036935716681	0.0158632591604198	0.0881497697311471	0.179676527930364	0.857406521529396	0.999831983216163
ENSMUSG00000095545	26.8040220825855	-0.0912027230544479	0.0922068656970212	-1.01305095843953	0.311035821229934	0.999831983216163
ENSMUSG00000083325	189.826821055469	-0.0759108373789842	0.118738605836272	-0.639666973396567	0.522389131219801	0.999831983216163
ENSMUSG00000087616	40.2541058911915	0.0563575213173905	0.110637345554953	0.507709633439269	0.611656991518778	0.999831983216163
ENSMUSG00000084050	14.2586354681861	0.0332895212216751	0.0798833792478116	0.413657640990568	0.679124853069821	0.999831983216163
ENSMUSG00000080888	18.6738648987969	-0.0787764287903155	0.0896214100577495	-0.89668162758878	0.369888826997843	0.999831983216163
ENSMUSG00000074527	83.6675257222757	0.108904556153071	0.120793395155103	0.89931441801183	0.368485209756863	0.999831983216163
ENSMUSG00000082765	24.8183727143691	-0.0608382390576895	0.0955706792711411	-0.64454070930543	0.519224868235135	0.999831983216163
ENSMUSG00000082724	16.7510815525054	-0.0429049034609979	0.0879513676596066	-0.492421241392147	0.622421586147144	0.999831983216163
ENSMUSG00000102553	157.274766711641	-0.0213899161628763	0.120994388723777	-0.176786081016105	0.85967642258598	0.999831983216163
ENSMUSG00000103926	18.6651243033305	0.0396945707859866	0.0901742360684784	0.437848466150763	0.661496134863343	0.999831983216163
ENSMUSG00000103901	165.83639141019	-0.0774452915028856	0.120509440979053	-0.643141994828161	0.52013196725723	0.999831983216163
ENSMUSG00000061531	20.0043823690784	0.00718227091686218	0.0925253875769866	0.0774921350098013	0.938232047813951	0.999831983216163
ENSMUSG00000054074	339.963071916804	-0.000578849422368931	0.116742234136777	-0.00495681721819595	0.996045048266438	0.999831983216163
ENSMUSG00000056718	79.336448227142	-0.0517595553552927	0.119964225218702	-0.431809201708519	0.66588009116117	0.999831983216163
ENSMUSG00000026736	15.1822092907122	0.0374083611869667	0.0849124550630132	0.437401519804257	0.66182018212699	0.999831983216163
ENSMUSG00000102591	16.7515070078906	0.00135721281295055	0.086167404910872	0.015751778941588	0.987432418487805	0.999831983216163
ENSMUSG00000084241	42.6720563331469	-0.123808510786664	0.109602745642878	-1.14100400875774	0.253868254792104	0.999831983216163
ENSMUSG00000087612	11.2277055056005	-0.0454545955421332	0.0749649688737701	-0.617904708438533	0.536638155089346	0.999831983216163
ENSMUSG00000049086	288.729882450761	0.0619880164221243	0.115107978108148	0.538232367362126	0.590416636880185	0.999831983216163
ENSMUSG00000082357	16.6099590018249	-0.0863958489874136	0.0871459194370625	-1.0123676312095	0.311362308984122	0.999831983216163
ENSMUSG00000109946	571.448025635107	0.0285958670996793	0.104491297096094	0.273629239871962	0.784369561112138	0.999831983216163
ENSMUSG00000106961	17.8883884010781	-0.0875588881234535	0.0892454680125302	-1.00233744351443	0.316180644101749	0.999831983216163
ENSMUSG00000086671	14.8467509736811	0.0528614042641291	0.0822687126672047	0.634594934365259	0.525692632820171	0.999831983216163
ENSMUSG00000118521	14.2492219626054	-0.069198881807238	0.0787142181209793	-0.905746747085207	0.365069913318925	0.999831983216163
ENSMUSG00000040495	27.5170280290218	-0.0599647541831169	0.10216372066598	-0.591115937851826	0.554442741706219	0.999831983216163
ENSMUSG00000098651	19.1522218127326	0.0246696215908565	0.0884291062271135	0.277163884635976	0.781654269552064	0.999831983216163
ENSMUSG00000095332	577.612811144449	-0.0769607051670892	0.103982632077982	-0.740149987074135	0.459208990438308	0.999831983216163
ENSMUSG00000065883	37.6478818658512	0.0913117519433835	0.107228696114361	0.843918804850323	0.398714779203506	0.999831983216163
ENSMUSG00000053675	102.839294549098	-0.15170409806452	0.120960647860826	-1.25901853540351	0.208023637018599	0.999831983216163
ENSMUSG00000079103	32.6784672099051	-0.0184770504378873	0.106422980657406	-0.173911393626203	0.86193509826358	0.999831983216163
ENSMUSG00000027209	51.3696677593829	-0.178149933021711	0.105101531905522	-1.74493639391809	0.0809959414212228	0.999831983216163
ENSMUSG00000089662	30.3781666226637	-0.0919800849172075	0.101193915444122	-0.921701171063206	0.356684469569909	0.999831983216163
ENSMUSG00000081087	23.3469244740839	0.0346937730858807	0.0937122964758769	0.368813508102323	0.712266735394721	0.999831983216163
ENSMUSG00000051817	503.662206179367	-0.0494863249248143	0.104563770564826	-0.473323630751788	0.635982305479628	0.999831983216163
ENSMUSG00000074682	406.477787772948	0.089797175797257	0.106883326608618	0.839999921128384	0.400908430743239	0.999831983216163
ENSMUSG00000088139	28.8102855181756	0.170484053784969	0.0993313474849658	1.68377033133475	0.0922260630653055	0.999831983216163
ENSMUSG00000042814	223.332236395594	0.120957965352608	0.115704474828488	1.04487831182593	0.296079214770314	0.999831983216163
ENSMUSG00000035513	219.318079122289	-0.175232387205883	0.117146903888875	-1.49661513197817	0.134493430453704	0.999831983216163
ENSMUSG00000083863	22.3745673085542	0.0243991812036905	0.0965447223926421	0.252079715962478	0.800979448117266	0.999831983216163
ENSMUSG00000083563	122.45712349428	0.151065028043663	0.1218081586905	1.23725532456953	0.215992307995411	0.999831983216163
ENSMUSG00000025314	2806.37477050251	-0.112231952890337	0.0903595463594299	-1.24224818278745	0.214145007217507	0.999831983216163
ENSMUSG00000081700	70.2317268801937	-0.0580352783168551	0.119490300631164	-0.486667819810386	0.626493753636891	0.999831983216163
ENSMUSG00000085274	20.3950049037404	-0.120369470622284	0.0937825080663528	-1.31450378387728	0.188676725572801	0.999831983216163
ENSMUSG00000086382	13.9444523652749	0.0554628838701496	0.0824203701490648	0.665223121359367	0.505907794036374	0.999831983216163
ENSMUSG00000086544	25.1732703148474	0.0146165229480316	0.0972787434367316	0.149680389725119	0.881016780594543	0.999831983216163
ENSMUSG00000087694	214.180123661788	0.098238373985499	0.118693218001752	0.827322839795137	0.408054101609345	0.999831983216163
ENSMUSG00000087264	12.8316497912674	-0.0124905236825936	0.0799303773152646	-0.157027226886392	0.875223390328487	0.999831983216163
ENSMUSG00000075302	44.5984626726008	0.137581425400077	0.113837270350769	1.20058712597697	0.229911397410219	0.999831983216163
ENSMUSG00000078137	34.5032784400459	-0.0374194657437468	0.088639050054095	-0.427105271550371	0.66930265352436	0.999831983216163
ENSMUSG00000122142	118.304826976925	0.0543477893434248	0.121712310329044	0.446198211574563	0.655454074677324	0.999831983216163
ENSMUSG00000054457	281.846206253897	-0.0152133363790158	0.111860265065491	-0.136002260027427	0.891819494323463	0.999831983216163
ENSMUSG00000087268	29.5081921071234	0.0799772742446053	0.10197355094596	0.778891179670222	0.43604382015685	0.999831983216163
ENSMUSG00000121236	14.3503251583607	0.0317052874778742	0.0805271354318434	0.391333754498684	0.695550551758415	0.999831983216163
ENSMUSG00000056329	44.3118807235625	-0.0181497982555043	0.110776683116153	-0.163824938463091	0.869868958858245	0.999831983216163
ENSMUSG00000122419	32.4313072675366	-0.00705499585384291	0.105762594021026	-0.0666825770019149	0.946834404974061	0.999831983216163
ENSMUSG00000054181	13.597150109871	0.0562313585307079	0.0799062161276229	0.693170770136147	0.488202389325656	0.999831983216163
ENSMUSG00000122566	31.8389737597271	-0.139837599191592	0.103081665531943	-1.38326030576755	0.166585064487666	0.999831983216163
ENSMUSG00000122568	10.6476481596519	0.0110117370066208	0.0728731671202167	0.150288090925762	0.880537328342372	0.999831983216163
ENSMUSG00000052368	16.0197873091044	-0.0479621437311625	0.0859246084786199	-0.565610048110147	0.571658895691451	0.999831983216163
ENSMUSG00000085704	116.775619639278	0.00691766243798542	0.121666887409737	0.056846282031862	0.954667645790366	0.999831983216163
ENSMUSG00000052248	37.3669519008971	-0.0718656302033163	0.106880857749639	-0.676432385976051	0.498766161014727	0.999831983216163
ENSMUSG00000123343	43.5099658323037	-0.0240102084486383	0.111844661086799	-0.215258801716673	0.82956554814071	0.999831983216163
ENSMUSG00000124557	10.3844062909938	-0.00551686705780349	0.0738047563078882	-0.0747696064548627	0.940398024640596	0.999831983216163
ENSMUSG00000085043	49.9878236065621	-0.0680046628409245	0.114887340113895	-0.593696615105582	0.552715047423544	0.999831983216163
ENSMUSG00000124586	20.0045744642814	0.0652167433227966	0.0864010134811945	0.747602356268902	0.454700043060265	0.999831983216163
ENSMUSG00000027196	56.3772367484202	-0.0503349946151296	0.116100914562404	-0.434273262647548	0.664090017331651	0.999831983216163
ENSMUSG00000085767	231.137066362917	-0.0634556443286609	0.117845814295213	-0.538656472621029	0.590123913191549	0.999831983216163
ENSMUSG00000086166	19.3705917306794	0.0968675519060607	0.0921981550946341	1.03554838279928	0.300412883429896	0.999831983216163
ENSMUSG00000085428	63.3233328281371	-0.0433931456033027	0.116635058527727	-0.372840106190329	0.709267451144894	0.999831983216163
ENSMUSG00000121196	24.9682717512693	0.00960169379124491	0.0948273189788815	0.100943434136269	0.91959536371987	0.999831983216163
ENSMUSG00000098051	451.247297449574	0.0329592045523428	0.116058483779081	0.283845455883045	0.776528817763148	0.999831983216163
ENSMUSG00000125173	36.7944325257169	-0.0210343430094897	0.108103877619486	-0.19482528802364	0.845529724632661	0.999831983216163
ENSMUSG00000125495	53.6344857913958	-0.155575245403538	0.115351870265132	-1.36186353012724	0.173240957561489	0.999831983216163
ENSMUSG00000125525	21.8835688902214	-0.0310823364235632	0.0950026173052294	-0.328625811471232	0.742438535973144	0.999831983216163
ENSMUSG00000086358	16.9538227362459	-0.000628166118054792	0.0880653686987878	-0.0071389330537717	0.994304003917969	0.999831983216163
ENSMUSG00000125602	66.8421785202181	-0.0654319429474854	0.11901977306277	-0.551112179237135	0.581556776927243	0.999831983216163
ENSMUSG00000125807	18.1231819989875	0.024761472707031	0.0894359786416017	0.275253030153738	0.783121847614942	0.999831983216163
ENSMUSG00000087040	866.826541000922	-0.012633556505569	0.10278559091622	-0.122927580227105	0.902164445393609	0.999831983216163
ENSMUSG00000125992	166.860353734676	0.0232637306804868	0.119044385579626	0.195395267080269	0.845083521527308	0.999831983216163
ENSMUSG00000099632	76.4216747742862	0.157125450487126	0.11969775403583	1.30574904601389	0.19163791300573	0.999831983216163
ENSMUSG00000120684	20.7339587781946	0.0664214369419723	0.09358820944474	0.703154744933822	0.481959318456219	0.999831983216163
ENSMUSG00000121001	1545.35332347799	-0.0214182869455686	0.0911152554681577	-0.235065339298751	0.814158020228082	0.999831983216163
ENSMUSG00000126148	37.7393820005822	0.0351176599026253	0.109247296671132	0.320572443071746	0.748534423522852	0.999831983216163
ENSMUSG00000087018	80.670753902139	0.0802684885931606	0.120094594615018	0.666477525192394	0.50510592444561	0.999831983216163
ENSMUSG00000126242	45.5676851788297	-0.0375532824214924	0.110988981442226	-0.338800723835468	0.734759855953168	0.999831983216163
ENSMUSG00000074507	14.5172615019725	0.0258912843381779	0.0814759356397365	0.315141731497203	0.752654044441448	0.999831983216163
ENSMUSG00000126654	38.263339757645	-0.178749936242198	0.109908905208085	-1.64961064134446	0.0990225971184115	0.999831983216163
ENSMUSG00000126686	154.65217794556	0.0798040284496584	0.12183326002263	0.653935250602612	0.513153522092689	0.999831983216163
ENSMUSG00000126843	23.4663244272356	0.00910998669819854	0.0838088595874865	0.10812318268983	0.91389797882763	0.999831983216163
ENSMUSG00000126984	64.0222736616428	0.00123427888570775	0.11664317552075	0.010573222655311	0.991563946067704	0.999831983216163
ENSMUSG00000039798	35.4671235836067	-0.0245000797790707	0.106818188596393	-0.229796532415426	0.818249879360024	0.999831983216163
ENSMUSG00000086638	61.0227110274214	0.000825723928208814	0.118036922769411	0.00699255082329522	0.994420797124068	0.999831983216163
ENSMUSG00000121215	23.473629786797	0.0750261580418023	0.0984300739883446	0.75581767378907	0.449758518727805	0.999831983216163
ENSMUSG00000075514	196.03660084256	0.0283313984807484	0.119013623780047	0.238000641531764	0.8118805966279	0.999831983216163
ENSMUSG00000127854	11.0373717152273	0.0744695913974813	0.0749864414448586	0.975876624904601	0.329125607012116	0.999831983216163
ENSMUSG00000086152	12.3410427579676	0.058177707129687	0.0792751044035487	0.724050128014799	0.469034960692297	0.999831983216163
ENSMUSG00000127977	149.106623176121	0.0710097459050696	0.121795554608421	0.58157097001622	0.560855701564854	0.999831983216163
ENSMUSG00000128129	12.1013565534281	0.00375782382993183	0.0788853156392558	0.0475872965972791	0.962045156406917	0.999831983216163
ENSMUSG00000085631	41.9360720616802	-0.0290932799188595	0.109400988682235	-0.266349699123473	0.789969900605503	0.999831983216163
ENSMUSG00000128616	19.5178834800138	-0.00098806536578414	0.0917279672538764	-0.0107796446620511	0.991399254522361	0.999831983216163
ENSMUSG00000128623	16.4443216932178	-0.0154101945381763	0.0847613203156748	-0.18218213465354	0.855439792851378	0.999831983216163
ENSMUSG00000084839	14.3671370484921	-0.0257872856637709	0.0817381487241803	-0.317121070528532	0.75115173742809	0.999831983216163
ENSMUSG00000084938	15.6072797391377	0.154135990755068	0.0861193542934451	1.75337759602686	0.0795372140474114	0.999831983216163
ENSMUSG00000128922	14.2283596170711	-0.0341813988696088	0.0827330830443609	-0.416814669079749	0.676813971974361	0.999831983216163
ENSMUSG00000073236	201.776475960829	-0.0303073037350764	0.118142360855071	-0.25652355673783	0.797546593178529	0.999831983216163
ENSMUSG00000074555	11.1770782883223	0.0476231180036904	0.0732978284851434	0.640780107436017	0.52166555904363	0.999831983216163
ENSMUSG00000129119	20.3898152270956	0.109794545132155	0.0894156403020748	1.20819658078967	0.226971656667987	0.999831983216163
ENSMUSG00000087362	14.3592725626074	-0.0602111545574769	0.0830043154160274	-0.737650561180175	0.460726822110145	0.999831983216163
ENSMUSG00000129222	285.648033555289	0.0206022677158318	0.121311373194568	0.169674309671465	0.865266278996414	0.999831983216163
ENSMUSG00000087115	24.0063878275235	-0.0110724862732032	0.0982859136630843	-0.112742214248497	0.910234932458292	0.999831983216163
ENSMUSG00000086171	124.805512273733	0.0703448406177282	0.121455867906575	0.578646218541374	0.562827911939823	0.999831983216163
ENSMUSG00000129687	14.4668758008041	0.10077883461056	0.0837128085694179	1.18438071103586	0.23626239223255	0.999831983216163
ENSMUSG00000058812	11.2877578656279	-0.086657051707925	0.0763418134836323	-1.17690481498542	0.239233500041175	0.999831983216163
ENSMUSG00000097187	32.9836682012401	0.0883752940609857	0.106470140067393	0.823622490180345	0.410154092928402	0.999831983216163
ENSMUSG00000086820	13.8353227510191	-8.45960773446465e-05	0.082276667922702	-0.00102820948846511	0.999179607668438	0.999831983216163
ENSMUSG00000130268	33.446406946712	-0.0780306267857739	0.106184610016485	-0.741355527624142	0.458477901856886	0.999831983216163
ENSMUSG00000074737	50.2853276607964	-0.0545714693698982	0.115029881159604	-0.475476508806827	0.634447373047645	0.999831983216163
ENSMUSG00000130762	34.6506203356975	0.0413444321181421	0.104279171708286	0.394221073412424	0.693417828549113	0.999831983216163
ENSMUSG00000086029	95.0124164539944	-0.0483515595750335	0.121146919518702	-0.39965028125768	0.689414116731789	0.999831983216163
ENSMUSG00000131059	72.3479610749344	0.208069794465116	0.119591113120954	1.72896171509967	0.0838159473272367	0.999831983216163
ENSMUSG00000086756	13.1289765623314	0.108596225490223	0.0802578148059142	1.32903233146278	0.183837303382556	0.999831983216163
ENSMUSG00000087377	11.0544826983031	-0.10347848879616	0.0750710592976816	-1.44790120889405	0.147644681520773	0.999831983216163
ENSMUSG00000131510	139.852126640391	-0.104245018605704	0.120951005841729	-0.862604665126058	0.388354864540851	0.999831983216163
ENSMUSG00000131531	15.509096776497	0.0644256445164635	0.0860956226881008	0.739435400409947	0.459642652818856	0.999831983216163
ENSMUSG00000131743	11.6987644669275	-0.0126265076057217	0.0762286138330181	-0.165987145349072	0.868167066365155	0.999831983216163
ENSMUSG00000085316	92.1018755987553	0.0345450451456988	0.121584723437261	0.283990062586915	0.776417996166637	0.999831983216163
ENSMUSG00000131776	10.9651676529979	0.0777848672483735	0.0753135117196915	1.01352274146105	0.31081053928481	0.999831983216163
ENSMUSG00000131785	26.6420977374134	-0.019433959143173	0.0997968169100524	-0.195340222865405	0.845126610242668	0.999831983216163
ENSMUSG00000085397	152.857407224934	0.113917588614087	0.120629050351021	0.943670651595407	0.345337975905745	0.999831983216163
ENSMUSG00000087029	16.1318641441978	-0.0422197787735179	0.0869622488782236	-0.489888870277261	0.624212539116992	0.999831983216163
ENSMUSG00000132161	22.098730279997	-0.041772521246421	0.0939418750377088	-0.448608976449142	0.653713757228922	0.999831983216163
ENSMUSG00000085151	65.3767408328331	0.106468890813638	0.117855858170618	0.898538800358118	0.368898369292276	0.999831983216163
ENSMUSG00000120340	43.2134754824285	-0.025084816647356	0.111444966009956	-0.225338564295691	0.821715901057394	0.999831983216163
ENSMUSG00000132591	79.2816647991848	0.0860752383069201	0.119900093258691	0.716276684457241	0.473820520556397	0.999831983216163
ENSMUSG00000086453	37.3497186735985	-0.0934274572242885	0.109544828665505	-0.859604938252713	0.390006851949183	0.999831983216163
ENSMUSG00000086537	12.5765139246038	-0.0179869758072327	0.0795129372919108	-0.227691447706881	0.819886121564216	0.999831983216163
ENSMUSG00000087674	74.169100962432	0.129627103601066	0.119199780521934	1.08225756579909	0.279138095745519	0.999831983216163
ENSMUSG00000132887	73.2054379197986	-0.179885692428755	0.11965491500637	-1.51165449642054	0.1306217802139	0.999831983216163
ENSMUSG00000133032	19.677134409823	0.0359086482261011	0.0925671656151279	0.385253659580115	0.700049491001711	0.999831983216163
ENSMUSG00000133091	18.8190478632622	-0.0465228276381747	0.0847759317180192	-0.554977144275463	0.578910293758044	0.999831983216163
ENSMUSG00000133238	11.4343623118491	0.0297697816682018	0.0764911019858356	0.385381822710716	0.699954547910117	0.999831983216163
ENSMUSG00000087519	51.9577261224921	-0.0150465153200118	0.113615459550574	-0.132499937273512	0.894588872635951	0.999831983216163
ENSMUSG00000085929	89.4442433985472	-0.0968787298632159	0.121184802726176	-0.801100723177499	0.423073337590449	0.999831983216163
ENSMUSG00000133896	10.3673528847525	0.077702176962905	0.07208523613894	1.05946670078089	0.289387286659806	0.999831983216163
ENSMUSG00000086714	55.5752008768709	-0.0886186393577903	0.116695635860409	-0.762112321325939	0.445992969647783	0.999831983216163
ENSMUSG00000134028	30.1475167137272	-0.0299126514894291	0.102091582555492	-0.293848611073573	0.768873587690833	0.999831983216163
ENSMUSG00000134250	41.6312131464691	0.0348140500602892	0.109410685748156	0.316888312789856	0.751328350414737	0.999831983216163
ENSMUSG00000109877	18.4382366667382	0.0614010369889291	0.0898339382108379	0.676171627967964	0.498931683864214	0.999831983216163
ENSMUSG00000086822	15.7433254214616	-0.00812973832044958	0.08384752429443	-0.0973254136856146	0.922467974597595	0.999831983216163
ENSMUSG00000134776	15.8191130064039	0.0572442852246649	0.0848162467037414	0.668011991906592	0.504125937754356	0.999831983216163
ENSMUSG00000134779	231.903255048136	-0.139028925646101	0.12045101884221	-1.15639451669308	0.247519823421627	0.999831983216163
ENSMUSG00000087222	16.2966170752978	0.0373422498632356	0.08177381931412	0.45222520754784	0.651106750319815	0.999831983216163
ENSMUSG00000135486	17.5701374774294	-0.0365948832266304	0.0884783176597664	-0.416960562162148	0.676707254486144	0.999831983216163
ENSMUSG00000086980	10.4972252502045	0.0982035267008215	0.0732880484054278	1.30802747720227	0.190863989726553	0.999831983216163
ENSMUSG00000135543	40.3062231672513	-0.0738029770239854	0.10543990353701	-0.707231451786858	0.479422656148337	0.999831983216163
ENSMUSG00000135622	22.3583747733378	-0.0389995065419191	0.0945240463333036	-0.415541033359624	0.677745883099483	0.999831983216163
ENSMUSG00000121891	12.0243125942098	-0.0071394452355925	0.0786812751397633	-0.0908644522243207	0.927600296323533	0.999831983216163
ENSMUSG00000135879	15.2731821521637	0.108270302319792	0.0831390937607879	1.27914703235444	0.200845284030528	0.999831983216163
ENSMUSG00000086999	40.6322252355922	-0.0627744080092282	0.11019651907814	-0.573067062633626	0.566599287628912	0.999831983216163
ENSMUSG00000085439	12.3464326838707	0.0864571778963235	0.0774520991390205	1.09164317931267	0.274989969202902	0.999831983216163
ENSMUSG00000136297	40.1574634796653	0.0204931958103568	0.111615436264968	0.183304319451813	0.854559245389345	0.999831983216163
ENSMUSG00000120315	28.0153106278675	0.0436534951117964	0.0998229298854236	0.434234764616124	0.664117970414194	0.999831983216163
ENSMUSG00000136462	14.3460379420433	0.0324214899199523	0.0830225053318325	0.387702446605339	0.698236245014413	0.999831983216163
ENSMUSG00000121095	15.3243325245034	-0.101561250145846	0.0845751824795169	-1.23917157248593	0.2152819658139	0.999831983216163
ENSMUSG00000136702	44.3179401607201	0.0202506860482245	0.112232218266237	0.180372204490267	0.856860374031915	0.999831983216163
ENSMUSG00000136994	14.3326444671448	0.0205456937986814	0.0831984619941199	0.245380635835586	0.806161721129184	0.999831983216163
ENSMUSG00000137197	21.5425141609578	0.115244652457251	0.094889988617138	1.19800337344944	0.230915703687233	0.999831983216163
ENSMUSG00000085735	26.7075141894278	-0.0089295087288215	0.0918581312659448	-0.0976103280024627	0.92224172311318	0.999831983216163
ENSMUSG00000086779	108.363765908658	-0.177570627642772	0.121774690998976	-1.46344389281282	0.143345955678188	0.999831983216163
ENSMUSG00000137256	37.5305048590564	0.0960539718274121	0.109506676296926	0.871393833400175	0.38353915167967	0.999831983216163
ENSMUSG00000084946	217.918648255405	0.0682066795993793	0.116416874793354	0.585618729813789	0.558131758969412	0.999831983216163
ENSMUSG00000137449	11.4171597856598	-0.016005653496093	0.0744603748166223	-0.216091729758337	0.828916246125259	0.999831983216163
ENSMUSG00000137458	38.0173551241826	0.0890118404367059	0.105876613185048	0.835640987833098	0.403356902910415	0.999831983216163
ENSMUSG00000137581	86.8091895836286	-0.0519472094067843	0.120953770883203	-0.430270954589678	0.666998552936274	0.999831983216163
ENSMUSG00000137637	163.727466899937	-0.000178175492817241	0.119673521329225	-0.00148771130823966	0.998812978554093	0.999831983216163
ENSMUSG00000137662	51.9330546136692	-0.00494770110934929	0.113861056461413	-0.0434987438364258	0.965303965853289	0.999831983216163
ENSMUSG00000137706	13.4890221381542	0.0548620919476814	0.0812871298755863	0.667948008151536	0.504166780908864	0.999831983216163
ENSMUSG00000138097	22.9936153791659	-0.0688300542074163	0.0953135874895392	-0.731881447777197	0.464240930663578	0.999831983216163
ENSMUSG00000086340	20.1534569346121	-0.0493707309989568	0.0928059801664149	-0.536267754935192	0.591773512483814	0.999831983216163
ENSMUSG00000085315	22.0443142291757	-0.0106656058211813	0.0953269859582462	-0.112200764431191	0.910664223069932	0.999831983216163
ENSMUSG00000087301	399.057012005729	0.108818298563416	0.113685687147875	0.956809809960658	0.33866325987725	0.999831983216163
ENSMUSG00000085386	25.0614050437297	0.0317577498860294	0.0964620692892369	0.328455782841058	0.742567071578989	0.999831983216163
ENSMUSG00000046085	101.228622866393	-0.00745549565465402	0.121804487577049	-0.061229546782248	0.951176398942296	0.999831983216163
ENSMUSG00000074758	32.9960884072751	0.0433488893586031	0.10706580106285	0.403548040082194	0.686545101342209	0.999831983216163
ENSMUSG00000087617	12.9518277611622	0.0176464452701872	0.080237014635078	0.218555969002976	0.826995955166599	0.999831983216163
ENSMUSG00000139319	12.7359966361366	0.0247889709100785	0.0804509133234227	0.306286611021604	0.759386432536614	0.999831983216163
ENSMUSG00000087595	56.947416799473	-0.0211499208382216	0.117882923094997	-0.179511700051749	0.85753593123616	0.999831983216163
ENSMUSG00000139464	10.4374559955896	0.00754415652884541	0.0739645332669331	0.101877215215375	0.918854135472135	0.999831983216163
ENSMUSG00000139617	46.4658879171465	-0.00171752545710633	0.114187944509355	-0.0150356372551681	0.988003749173484	0.999831983216163
ENSMUSG00000054057	98.7085574469246	0.0888830199514176	0.121831445861076	0.728367182289987	0.466388846916692	0.999831983216163
ENSMUSG00000139712	120.328433684347	0.0145736451108158	0.121678808085774	0.119659691737727	0.904752732195288	0.999831983216163
ENSMUSG00000087269	72.4796613506939	-0.0373949683551676	0.119394648759343	-0.313372562111677	0.753997627427056	0.999831983216163
ENSMUSG00000139788	41.5067622393855	-0.17213501202195	0.110642737484436	-1.5768950470583	0.114819676395374	0.999831983216163
ENSMUSG00000086308	32.5458544323958	0.0325498371999303	0.105239727170941	0.308420310876047	0.757762528913975	0.999831983216163
ENSMUSG00000045464	99.0150913350357	-0.0731516605561378	0.12187432664285	-0.600861609334883	0.547932165114363	0.999831983216163
ENSMUSG00000140023	16.3425666506539	0.0519185751319134	0.0860051095738948	0.596633073610075	0.550752384698811	0.999831983216163
ENSMUSG00000068062	24.504908978068	0.061874935524538	0.0990764975859577	0.620231663376023	0.535105278156739	0.999831983216163
ENSMUSG00000120026	15.2960191986473	-0.0206501443962962	0.0846424405957609	-0.245379831860836	0.806162343583838	0.999831983216163
ENSMUSG00000075027	25.2116433769245	-0.127163322993502	0.0983877271627832	-1.31858718998793	0.187307158590711	0.999831983216163
ENSMUSG00000140336	18.6540899122937	0.00242004391490973	0.0876953547366717	0.0275425305437714	0.978027018233128	0.999831983216163
ENSMUSG00000084843	30.9372485728472	0.0441338895559655	0.105327161569921	0.417620144073921	0.676224866287986	0.999831983216163
ENSMUSG00000086495	26.6138162664735	-0.0197380439021632	0.100940436246939	-0.19609225558686	0.844537957736428	0.999831983216163
ENSMUSG00000140457	40.0494958602331	0.116851280910576	0.106876325370938	1.08206532008639	0.279223504299612	0.999831983216163
ENSMUSG00000109780	69.5680893273058	-0.0543214036141952	0.119242061252242	-0.456166399408309	0.648270325479966	0.999831983216163
ENSMUSG00000140518	74.9160038263647	-0.0598132790573735	0.120614767594313	-0.496725224716194	0.619382831818264	0.999831983216163
ENSMUSG00000140545	11.645597707753	-0.0199968272503386	0.074678952901247	-0.269770105526462	0.787337122731591	0.999831983216163
ENSMUSG00000140700	13.8415166080899	-0.00255134240002919	0.0820602560742697	-0.0310887162234208	0.975198788470524	0.999831983216163
ENSMUSG00000140787	27.1801065289344	-0.0166439151193934	0.0956670663257817	-0.174566500839085	0.861420272803539	0.999831983216163
ENSMUSG00000140971	12.1681860403091	-0.045516563138038	0.0778319403427598	-0.59382517983917	0.552629045885008	0.999831983216163
ENSMUSG00000060029	33.4192692578307	-0.0673322923297657	0.104959161107671	-0.646017997262521	0.518267700070421	0.999831983216163
ENSMUSG00000063714	268.843906316077	0.0177917644025466	0.116253390238378	0.152986350960574	0.878409038936337	0.999831983216163
ENSMUSG00000121739	19.0895517937758	-0.125031076002881	0.0913932496514156	-1.40804150505663	0.159118780278423	0.999831983216163
ENSMUSG00000141392	11.04250520099	-0.0442132220445517	0.0751216966062519	-0.598459243531741	0.54953354579569	0.999831983216163
ENSMUSG00000141454	11.3623077960919	-0.0242566375244791	0.0750930846888374	-0.326428870240788	0.744099897447434	0.999831983216163
ENSMUSG00000087405	10.7926519400372	-0.0371649205296447	0.0749784863710319	-0.50338483168238	0.614693733936655	0.999831983216163
ENSMUSG00000141497	19.899050168945	0.0312671645246098	0.0851984980956948	0.363095885105535	0.716533258381344	0.999831983216163
ENSMUSG00000141666	25.1000701142495	-0.0124961606069432	0.0997244428000999	-0.125457667513312	0.900161236616504	0.999831983216163
ENSMUSG00000141680	10.5744610941726	-0.031020805759845	0.0731223503395503	-0.429638911393092	0.667458327252607	0.999831983216163
ENSMUSG00000102674	12.2185148016202	0.000816428347053021	0.0787557156118516	0.0103589311973582	0.991734916548986	0.999831983216163
ENSMUSG00000086006	99.573905958758	-0.123847708570698	0.121587463362282	-1.02189555191876	0.306830337953636	0.999831983216163
ENSMUSG00000141873	13.1190527143569	-0.0956683934583002	0.0783581461090783	-1.27203628073589	0.203360228899849	0.999831983216163
ENSMUSG00000085741	188.679201574997	0.08083849993005	0.120866728255508	0.668091593299132	0.504075127731506	0.999831983216163
ENSMUSG00000120507	224.280622142644	0.155051581479622	0.116181627411252	1.33347440140837	0.182376170632351	0.999831983216163
ENSMUSG00000085436	111.24736812521	0.113057453391778	0.121848075438564	0.925358948794546	0.354779224844068	0.999831983216163
ENSMUSG00000142736	15.7397134445648	0.0142245671560054	0.0867067191541974	0.163659769826205	0.869998989465177	0.999831983216163
ENSMUSG00000052403	11.1780262617917	-0.0564395992609069	0.0736465194124055	-0.784751552276859	0.432599250587006	0.999831983216163
ENSMUSG00000142883	10.7027499332552	-0.00135570645429172	0.0702175777591142	-0.0192410864953354	0.984648781377992	0.999831983216163
ENSMUSG00000100747	14.0154764618582	-0.0488291842661508	0.0786743540630123	-0.630073831724751	0.528646279770992	0.999831983216163
ENSMUSG00000084781	75.9186279381066	-0.0255345079275876	0.120787145578414	-0.211561311679244	0.832449294876861	0.999831983216163
ENSMUSG00000121238	105.004121701915	0.0560777230474791	0.121874360027924	0.459538417756028	0.645847570436842	0.999831983216163
ENSMUSG00000143175	40.9706443332313	-0.0800055016404726	0.101357892907145	-0.797613148418845	0.425095018486353	0.999831983216163
ENSMUSG00000086509	75.9328555221749	-0.203012318252104	0.120400037629289	-1.69508120361005	0.0900600174010464	0.999831983216163
ENSMUSG00000075277	13.5077087021249	0.0768882974781624	0.0808976037043933	0.93714251080463	0.348685256849498	0.999831983216163
ENSMUSG00000085656	25.0889915960232	-0.139116804690465	0.0994317556897508	-1.42786215865739	0.153331537375113	0.999831983216163
ENSMUSG00000143341	12.1729234842988	-0.0598607835510856	0.074666386369936	-0.82633651993929	0.408613222478787	0.999831983216163
ENSMUSG00000086904	13.375578319858	0.0661303173558492	0.0808441033679071	0.806563129402003	0.419918223308889	0.999831983216163
ENSMUSG00000085247	15.6449009427111	-0.0719760888357751	0.0831996799751818	-0.884420480386594	0.376469271260816	0.999831983216163
ENSMUSG00000143865	28.4862385700135	0.128535857544351	0.101155080393012	1.25755585478116	0.208552427051915	0.999831983216163
ENSMUSG00000120298	119.206844062122	-0.0852814489513411	0.121589879639133	-0.703496293286654	0.481746515955154	0.999831983216163
ENSMUSG00000061897	71.4430777575057	-0.00334179314707155	0.119690249461239	-0.0279279629727792	0.977719605910962	0.999831983216163
ENSMUSG00000083773	240.962320821258	-0.103078141403544	0.115203540683156	-0.894882423546271	0.370849943420964	0.999831983216163
ENSMUSG00000087179	43.8629412310209	-0.105468258272579	0.112905615447618	-0.940070375351085	0.347181463356485	0.999831983216163
ENSMUSG00000142054	20.4648166412396	-0.0656076452441946	0.0931487261722249	-0.713167793728107	0.47574193286813	0.999831983216163
ENSMUSG00000130204	30.294373796397	0.0654971634961507	0.103378963588639	0.62987518475744	0.528776249805681	0.999831983216163
ENSMUSG00000081999	30.927823430098	-0.00517413028070572	0.104642757123631	-0.0494704007690305	0.960544425072239	0.999831983216163
ENSMUSG00000081272	1255.8933546063	-0.0811363062415066	0.0908399851029243	-0.893212191497171	0.371743550506834	0.999831983216163
ENSMUSG00000085401	15.0358067860782	-0.0266793239933424	0.0821577632531313	-0.326850725161727	0.743780791450081	0.999831983216163
ENSMUSG00000084067	52.6043628649098	0.125026670898297	0.114475136366409	1.0859474976114	0.277502221160034	0.999831983216163
ENSMUSG00000129910	18.9767159036793	0.0182794117175524	0.090595023459291	0.200778268877601	0.84087195583481	0.999831983216163
ENSMUSG00000083111	17.5784072009516	0.0606360622527538	0.0877346752266087	0.685047548703247	0.493313916862487	0.999831983216163
ENSMUSG00000128045	16.3123483763734	-0.100948954235215	0.0859440573821451	-1.20760339125363	0.227199854157526	0.999831983216163
ENSMUSG00000079499	155.65347461689	-0.0981984315820225	0.120987549854052	-0.812189521910894	0.416682890990083	0.999831983216163
ENSMUSG00000085911	19.5949738957278	-0.0990357008080706	0.0907220290325058	-1.11729039816579	0.263870179607166	0.999831983216163
ENSMUSG00000086129	32.7324755817849	0.0772624854001123	0.105986404529628	0.724776686236164	0.468589040558395	0.999831983216163
ENSMUSG00000086555	39.6644000991488	0.193806037670343	0.106369493507129	1.79594953005838	0.0725025441350861	0.999831983216163
ENSMUSG00000087017	11.5133184159912	0.0537473765864783	0.0761071497015889	0.697814504060321	0.485293207311165	0.999831983216163
ENSMUSG00000087056	25.098086427889	0.111664130577378	0.099066369554878	1.11418079023652	0.265201634752539	0.999831983216163
ENSMUSG00000120369	208.349279176851	0.0440474464261572	0.116718792453888	0.377264183732492	0.705977286253419	0.999831983216163
ENSMUSG00000137503	17.4228303775405	0.074060049064015	0.0878834759052865	0.832718538635544	0.405003486568885	0.999831983216163
ENSMUSG00000137773	27.6427512979133	0.1309007262397	0.0992700144682868	1.30055230215319	0.193411742635863	0.999831983216163
ENSMUSG00000085862	93.2200062916154	0.16017358248351	0.121790300575259	1.31190813093554	0.189551133748358	0.999831983216163
ENSMUSG00000087624	12.2542026991682	0.0463297903138927	0.0773655274744937	0.591097805596411	0.55445489010532	0.999831983216163
ENSMUSG00000087461	41.7794881095065	0.149925008361741	0.110993693945419	1.33946241134706	0.180420183393347	0.999831983216163
ENSMUSG00000087508	216.414919277129	0.0719518345672523	0.11859479219696	0.606573467534259	0.544134012668612	0.999831983216163
ENSMUSG00000070461	565.354195900182	-0.134621288986079	0.102914695445702	-1.30812786456866	0.190829943765148	0.999831983216163
ENSMUSG00000126005	32.1359744501236	0.0964051478222792	0.103006461671029	0.926789718108968	0.354035724402074	0.999831983216163
ENSMUSG00000132811	100.63068142118	0.00469342246954361	0.121809760128763	0.0385275375679982	0.969267075974403	0.999831983216163
ENSMUSG00000098024	65.6859387243716	-0.0287412912863624	0.118853099615461	-0.2419980483379	0.808781675494184	0.999831983216163
ENSMUSG00000121869	23.2446085949209	0.0784915598317863	0.0941455560508611	0.824208768255686	0.40982094575016	0.999831983216163
ENSMUSG00000085218	81.6242286951087	0.0137239716173728	0.12125848182934	0.113147253939713	0.909913812277057	0.999831983216163
ENSMUSG00000121260	13.0190756207993	0.0292675317292194	0.0802577995456091	0.361693244547122	0.717581275834079	0.999831983216163
ENSMUSG00000142501	34.8027437140952	-0.0303108093893589	0.107986401155453	-0.281443225067433	0.778370468532461	0.999831983216163
ENSMUSG00000142420	20.6697466277921	0.0896429619539105	0.0895025923336514	0.986820878491299	0.323730457515224	0.999831983216163
ENSMUSG00000010492	53.8807541597578	0.0981592879327352	0.115441559660772	0.847222241779941	0.396871258474269	0.999831983216163
ENSMUSG00000121225	143.421748459245	-0.194498296193897	0.120817511065629	-1.61187088478542	0.106990039059268	0.999831983216163
ENSMUSG00000083397	38.8262105413716	0.00562792481080296	0.108958698059712	0.0516076575814685	0.958841317605298	0.999831983216163
ENSMUSG00000121871	249.639546305819	-0.0466480944591877	0.120486597567248	-0.387272122990238	0.698554761094844	0.999831983216163
ENSMUSG00000088378	11.6415152854361	0.0496159087872535	0.0770992453443202	0.634530628628073	0.525734584670419	0.999831983216163
ENSMUSG00000085182	11.2764312717696	0.0538645525758823	0.0723414866230953	0.731731065775746	0.464332731111904	0.999831983216163
ENSMUSG00000075312	34.6207657097519	0.0597399195485539	0.108443235096472	0.548589215571724	0.583287388464538	0.999831983216163
ENSMUSG00000123181	73.3524538568028	-0.0479899859851849	0.120537944441072	-0.398617558764141	0.690175021689444	0.999831983216163
ENSMUSG00000135461	33.320919068857	0.083648571063851	0.104694246581158	0.791564794256635	0.428614481638934	0.999831983216163
ENSMUSG00000085498	15.6349907529623	-0.0530802275856856	0.0860540782489973	-0.625060966388221	0.531931045281739	0.999831983216163
ENSMUSG00000081888	11.8382017872144	0.0329449133800762	0.0770540670455997	0.423245131875983	0.672116421581128	0.999831983216163
ENSMUSG00000133716	19.1267581219083	0.0162967409066958	0.0922089083527498	0.176125382898366	0.860195439954107	0.999831983216163
ENSMUSG00000139543	29.9491228610254	0.0298166550395971	0.103440190616241	0.287108951524558	0.774028898275527	0.999831983216163
ENSMUSG00000074576	182.319732836851	-0.0191976386368227	0.119226967320798	-0.161020807125021	0.872077012762286	0.999831983216163
ENSMUSG00000128695	31.1624412446597	0.0392376841886208	0.100730457020885	0.388320389087328	0.697778950522605	0.999831983216163
ENSMUSG00000121504	552.465028015672	0.0987045029744884	0.101253782893116	0.974785745210618	0.329666549460484	0.999831983216163
ENSMUSG00000074807	123.811914208251	0.0581090888173475	0.121832494344126	0.476667972866654	0.633598572404812	0.999831983216163
ENSMUSG00000090248	21.1632668115774	0.0680158749090693	0.0937571382251895	0.718016463990741	0.472747135367935	0.999831983216163
ENSMUSG00000079051	42.3228411033355	-0.0951173252256441	0.110755699974289	-0.864271123413446	0.387438969305135	0.999831983216163
ENSMUSG00000087151	23.9413355406737	0.0604168403212929	0.0969545466093741	0.617938734388724	0.536615724659891	0.999831983216163
ENSMUSG00000082274	29.279430433669	0.0580066421472504	0.103834853582639	0.555868993814029	0.578300415920226	0.999831983216163
ENSMUSG00000121866	97.6818030642416	-0.0490779209810843	0.121837955597783	-0.403243085682444	0.686769406382044	0.999831983216163
ENSMUSG00000085385	421.839798057743	-0.00230272406522845	0.110439519547414	-0.020845700732244	0.983368741735487	0.999831983216163
ENSMUSG00000044349	53306.758442828	0.114773110849259	0.100552808832568	1.14088682241452	0.253917023836323	0.999831983216163
ENSMUSG00000135970	10.4112037241522	0.0174260265766526	0.0735751427398082	0.235037195068862	0.8141798642318	0.999831983216163
ENSMUSG00000086496	679.218540360219	-0.110490006906579	0.102617856480446	-1.07682801462839	0.28155710729423	0.999831983216163
ENSMUSG00000083097	155.717314006134	0.00764413691673076	0.120254111772373	0.0635713464011552	0.94931154783706	0.999831983216163
ENSMUSG00000027481	10.6138626726414	0.00248815358769206	0.0740297605484265	0.0336105744794493	0.973187689818428	0.999831983216163
ENSMUSG00000122225	158.100893589437	0.0877234428990832	0.0518140516760594	1.69061226656488	0.0909108803150607	0.999831983216163
ENSMUSG00000084383	31.1583529957214	-0.0838139834167914	0.103636396470534	-0.817108149147134	0.413866626324499	0.999831983216163
ENSMUSG00000078202	12.6249084204613	0.0652272524684094	0.0758807430516554	0.843698703686544	0.39883779211433	0.999831983216163
ENSMUSG00000064919	14.8139754776435	0.0225812187973405	0.0837280750717321	0.268533199453917	0.788288923484823	0.999831983216163
ENSMUSG00000036731	258.179673375203	-0.0426616551891374	0.116551634930541	-0.366069393794284	0.714313294980493	0.999831983216163
ENSMUSG00000044628	2909.58869724436	0.0865085113708885	0.0873193742387863	0.990596310331526	0.32188274007243	0.999831983216163
ENSMUSG00000078201	69.0733804029164	0.0592643264913055	0.119397562945976	0.495036952123923	0.620574036821233	0.999831983216163
ENSMUSG00000085830	352.631650666092	0.0344460373601007	0.117067097898895	0.29407591184027	0.76869989704077	0.999831983216163
ENSMUSG00000124529	35.561412407292	-0.0426102889651177	0.104786373593737	-0.4081434749148	0.683168343921827	0.999831983216163
ENSMUSG00000120059	24.2930633246581	0.151214142797597	0.0931095669565632	1.5937158454787	0.110999693560402	0.999831983216163
ENSMUSG00000120226	26.0603600282644	0.0183406041692102	0.0986156474284606	0.185554490938871	0.852794144639903	0.999831983216163
ENSMUSG00000103532	46.2597886587626	-0.0570243495171331	0.113581120399627	-0.503512523502476	0.614603977650403	0.999831983216163
ENSMUSG00000087528	270.398283234765	-0.105262066319793	0.116370972639641	-0.905277669195748	0.36531830361819	0.999831983216163
ENSMUSG00000056738	62.0327584966572	-0.0884760546458556	0.115709513096226	-0.768527659187632	0.442173764756529	0.999831983216163
ENSMUSG00000075256	389.40137727267	0.18434034158852	0.10820377804849	1.70299247825564	0.0885694760354881	0.999831983216163
ENSMUSG00000042854	193.162312878666	-0.160580753601284	0.118788296387914	-1.35308129923791	0.176029659242627	0.999831983216163
ENSMUSG00000008200	3062.89225195276	-0.0284038848269118	0.08186211318474	-0.346977344962622	0.728608338791479	0.999831983216163
ENSMUSG00000055632	11.6032829787987	-0.0936851842254982	0.0771584528716462	-1.26165249148056	0.207073859068038	0.999831983216163
ENSMUSG00000039787	305.462942934533	0.0130448595152682	0.11776842762855	0.110730632945333	0.911829953769556	0.999831983216163
ENSMUSG00000026883	8444.87922447201	-0.129819918418579	0.0941394419365323	-1.37946797831428	0.167750512624055	0.999831983216163
ENSMUSG00000074743	734.286155577816	-0.159778523979106	0.110209755575083	-1.45072266566683	0.146857101418065	0.999831983216163
ENSMUSG00000026773	1456.0734912878	0.123653883940723	0.0895282900389719	1.38099388971563	0.167280839406865	0.999831983216163
ENSMUSG00000054580	56.5424850978834	-0.0454416445264097	0.117034477690917	-0.388976169460476	0.697293774952568	0.999831983216163
ENSMUSG00000033955	1405.0140623072	-0.0363651845648195	0.0882307882370508	-0.412171222079151	0.680213928621945	0.999831983216163
ENSMUSG00000027654	159.022556820579	-0.0869681422127121	0.120933340982734	-0.719816740164717	0.471637836544798	0.999831983216163
ENSMUSG00000075023	16.1184331982148	0.0147766804434045	0.0842196183749784	0.174871228487373	0.861180818230663	0.999831983216163
ENSMUSG00000039678	1797.55378150525	-0.146247180670625	0.0934467025050484	-1.56532477174855	0.117506777618176	0.999831983216163
ENSMUSG00000027207	540.044428777675	0.0425554584720239	0.106249294208998	0.400515032344404	0.688777213800655	0.999831983216163
ENSMUSG00000039117	1525.98622296415	-0.0490805956573292	0.0880056183009454	-0.557701051564571	0.577048539503538	0.999831983216163
ENSMUSG00000026939	446.495058325185	-0.000861063135317802	0.10862113506777	-0.00792602771689837	0.993676011070443	0.999831983216163
ENSMUSG00000027304	2578.7181750383	-0.0501077673557014	0.10161047242046	-0.493231520721578	0.621849008276324	0.999831983216163
ENSMUSG00000078905	72.2023527689542	0.037963024229791	0.116905109656131	0.3245082649728	0.745553265991247	0.999831983216163
ENSMUSG00000026874	19.7240927103472	0.0776943162074258	0.0918285168256358	0.835443537529996	0.403468025070039	0.999831983216163
ENSMUSG00000118663	372.450611412378	0.016661350174813	0.110206913509715	0.151158952489332	0.879850329332455	0.999831983216163
ENSMUSG00000002458	140.070780654668	0.00571247453966481	0.121675602358995	0.0469405892678318	0.962560578174574	0.999831983216163
ENSMUSG00000017817	13.1832191572387	0.00366404861997063	0.0754566031497707	0.0484865079004382	0.961328516931072	0.999831983216163
ENSMUSG00000026960	551.856172475172	0.0127035709695812	0.102364944249447	0.124106164066772	0.9012312176751	0.999831983216163
ENSMUSG00000026965	2798.68286375198	-0.0165453406637582	0.0866613284121783	-0.190918920717848	0.848589116240407	0.999831983216163
ENSMUSG00000002109	446.252813788483	0.104414702981465	0.103965673354702	1.00425331533642	0.315256529680297	0.999831983216163
ENSMUSG00000027312	6124.32749729143	-0.0793326279521732	0.0888779728516731	-0.892728486567146	0.372002591339481	0.999831983216163
ENSMUSG00000040794	2386.52819201348	-0.0924318471264715	0.0864056259445168	-1.06980400402403	0.284707539646031	0.999831983216163
ENSMUSG00000026893	344.659917479622	0.0516874233774118	0.109887009623664	0.470315502963037	0.638129622983577	0.999831983216163
ENSMUSG00000016921	7277.81595542759	0.0718547111639152	0.0847371253395393	0.847888397295306	0.396500126849976	0.999831983216163
ENSMUSG00000067786	2548.26703386536	-0.0573492845235703	0.108823769062	-0.527189908503293	0.598061715850719	0.999831983216163
ENSMUSG00000027333	2043.43807234302	0.122903424495121	0.0865062506275043	1.420601397974	0.155432671856123	0.999831983216163
ENSMUSG00000070544	5248.12216005881	-0.0567608256319064	0.0935641524210748	-0.60674082135503	0.544022926914836	0.999831983216163
ENSMUSG00000032869	1059.59160932651	0.123098443073115	0.0916551151299428	1.34294725441611	0.179289053699391	0.999831983216163
ENSMUSG00000052155	785.436187671934	-0.0199479806880416	0.102581642420622	-0.194487030237021	0.845794550212426	0.999831983216163
ENSMUSG00000051730	558.67982950344	0.00506368405974414	0.104416704662101	0.0484932902717938	0.961323111739951	0.999831983216163
ENSMUSG00000036792	2164.44372410784	-0.0280247221985445	0.0862052529475509	-0.325103458696993	0.745102771364511	0.999831983216163
ENSMUSG00000036641	336.26978070867	0.00316402450535736	0.115620307257919	0.0273721485755189	0.978162912139634	0.999831983216163
ENSMUSG00000068479	831.952329291821	-0.0529178360142978	0.0992642264721315	-0.53315447672996	0.593926651159148	0.999831983216163
ENSMUSG00000027368	12.4719654378903	0.00659400506244563	0.0792021368262754	0.0830772998740712	0.933790075515136	0.999831983216163
ENSMUSG00000045822	130.383818106661	-0.0704585466901881	0.121482872700674	-0.580636254301973	0.561485632605017	0.999831983216163
ENSMUSG00000027540	1433.18883907506	-0.126504764871406	0.0907318760036714	-1.39441480164015	0.163192380918863	0.999831983216163
ENSMUSG00000074766	191.96947199964	-0.169214519336064	0.118194050307415	-1.43280252729013	0.151914278897838	0.999831983216163
ENSMUSG00000035295	25.3731535956308	0.121075946567064	0.0960086200608207	1.24193527949107	0.214260442136687	0.999831983216163
ENSMUSG00000046854	89.4011323873203	0.0271543336057661	0.119185685620468	0.227654129996886	0.81991513500537	0.999831983216163
ENSMUSG00000039849	381.922500004868	-0.10197502079715	0.109130359263408	-0.934455209532909	0.350069130142806	0.999831983216163
ENSMUSG00000015619	23.9322960862808	0.0357074437818742	0.0466114716538242	0.74416616098942	0.456775957190442	0.999831983216163
ENSMUSG00000027420	19.5654815636539	0.0877294778316961	0.0891739927271202	0.968979442932392	0.332555445998527	0.999831983216163
ENSMUSG00000039483	840.888219561016	-0.0187527821645468	0.100681465220867	-0.186253290113821	0.852246135537493	0.999831983216163
ENSMUSG00000027427	1664.26383078732	-0.0561292370253653	0.0976023387756206	-0.575140873656964	0.565196026602249	0.999831983216163
ENSMUSG00000048038	225.374095098118	-0.0501257236109408	0.116284203660992	-0.431061968320441	0.666423313047325	0.999831983216163
ENSMUSG00000027496	13.5856909004262	0.00364580359965143	0.0798068234059241	0.0455918847257651	0.963635537498499	0.999831983216163
ENSMUSG00000059540	886.82014403839	0.131400258120465	0.110325895046124	1.19007475527282	0.23401701146608	0.999831983216163
ENSMUSG00000026664	3752.44445388879	0.0892631721711301	0.0830595056255703	1.07460966359281	0.282549523509646	0.999831983216163
ENSMUSG00000026826	1590.35906564848	-0.0838856653809562	0.0735268837344603	-1.22444883133509	0.220782957862838	0.999831983216163
ENSMUSG00000039671	4655.23617608919	0.0418936266592744	0.0809587096965838	0.517455817045545	0.604838004105647	0.999831983216163
ENSMUSG00000002718	3259.43726813451	-0.0554147927179335	0.0850518061092833	-0.651584996304885	0.514668929259743	0.999831983216163
ENSMUSG00000027650	850.717976244443	0.112692010096491	0.0939056380846552	1.19999455912663	0.230141453533785	0.999831983216163
ENSMUSG00000026657	2084.19658529244	-0.0880950004339923	0.0927496308368364	-0.949976988728798	0.342123945188465	0.999831983216163
ENSMUSG00000074646	45.8888995213011	0.0530149347105007	0.113094582971235	0.467411243026785	0.640205680238956	0.999831983216163
ENSMUSG00000026840	338.231288429879	-0.169112150797534	0.110107776711895	-1.53594132970579	0.124552770428451	0.999831983216163
ENSMUSG00000035109	536.13465997129	-0.0029999577393773	0.112748333595924	-0.0266044765827141	0.978775202728068	0.999831983216163
ENSMUSG00000035877	4358.76792750242	-0.108591454305668	0.0914413231838121	-1.18781453007373	0.234906488588019	0.999831983216163
ENSMUSG00000027639	1033.36089046954	0.0410557355087951	0.0998551942335721	0.411087259374885	0.681008551843	0.999831983216163
ENSMUSG00000016253	761.727302965088	0.0345535478269024	0.096300879903118	0.358798667477134	0.719745709583604	0.999831983216163
ENSMUSG00000035236	4450.91940131379	-0.0938501738268763	0.0850750923681666	-1.10327659970662	0.269907065365878	0.999831983216163
ENSMUSG00000027217	487.169232304201	0.0530220381735929	0.105406606835502	0.499326979128941	0.617549051786154	0.999831983216163
ENSMUSG00000026988	397.392408040826	-0.0757767470499744	0.108370178837293	-0.699314807781908	0.484355314979197	0.999831983216163
ENSMUSG00000027274	834.812561984504	-0.155022426386641	0.105850029107898	-1.46534746539976	0.142826142654981	0.999831983216163
ENSMUSG00000070880	20799.0645065581	0.0680840666921059	0.0863735353551787	0.788166401690313	0.430599378949627	0.999831983216163
ENSMUSG00000026843	1592.31712750391	0.0221821652110917	0.0870296440653954	0.254874949030746	0.798819685201664	0.999831983216163
ENSMUSG00000027075	10.4151893096383	-0.0719933849424569	0.0711905740016335	-1.05168406003803	0.292944526617895	0.999831983216163
ENSMUSG00000006418	2544.71710371186	0.0373790912460449	0.0889687701897767	0.420116478571763	0.674400365229164	0.999831983216163
ENSMUSG00000027573	1938.38603646909	0.0241670698539707	0.0862428752471315	0.280213869742443	0.779313426244705	0.999831983216163
ENSMUSG00000014355	4629.38908253379	-0.0151936876908046	0.0811160900623996	-0.187310921517523	0.85141686040334	0.999831983216163
ENSMUSG00000026942	646.121291662591	-0.0608560521990532	0.0996200864505762	-0.610882501679334	0.54127736994201	0.999831983216163
ENSMUSG00000015090	34622.8686814255	-0.158275681289963	0.0917622329888964	-1.72550291555168	0.0844368788191296	0.999831983216163
ENSMUSG00000027490	72.4883253270772	-0.133252562531809	0.118130281401816	-1.13401927045682	0.256786464766593	0.999831983216163
ENSMUSG00000017858	1161.10284479862	0.00898231355900698	0.0918073173833141	0.0978380222078479	0.922060914847838	0.999831983216163
ENSMUSG00000048222	754.468017904176	0.0652343887438788	0.0998090122193615	0.653585910337391	0.51337862408876	0.999831983216163
ENSMUSG00000014959	2446.83653068218	0.0419904225517154	0.0896329270743515	0.468441300340318	0.639469039109871	0.999831983216163
ENSMUSG00000038990	1117.48482347672	0.124304646610143	0.0936862562730896	1.32660640520881	0.184638915933728	0.999831983216163
ENSMUSG00000039834	1046.63971100956	-0.0827148330077525	0.0944232520059751	-0.876032487360292	0.381012372800581	0.999831983216163
ENSMUSG00000027341	1019.17473568061	0.0712531746730858	0.0992894115158998	0.717477386780417	0.473079584587407	0.999831983216163
ENSMUSG00000044364	183.132478172577	0.0587069678700221	0.118430885417479	0.49555463390615	0.620208666867878	0.999831983216163
ENSMUSG00000043909	3093.00099295374	0.0743014048797744	0.0863724686335203	0.860185218132598	0.389686951641225	0.999831983216163
ENSMUSG00000027611	76.2676072679763	-0.0324870130527599	0.120510249027715	-0.269721605670127	0.787374437458414	0.999831983216163
ENSMUSG00000027642	4525.36661641152	0.0413523187321778	0.0790342673050616	0.52320379484392	0.600832440902371	0.999831983216163
ENSMUSG00000027655	528.755620239891	0.0896557186107532	0.10110597039378	0.886690682911918	0.375245455925781	0.999831983216163
ENSMUSG00000038400	665.436326833051	-0.106090089564326	0.0978919116696917	-1.08374864995921	0.278476258577363	0.999831983216163
ENSMUSG00000002728	929.761004804994	-0.0147026031222134	0.0952678057419437	-0.154329259373104	0.877350128030645	0.999831983216163
ENSMUSG00000039463	1657.29237218908	0.159418711701043	0.0890584004437612	1.7897224727333	0.0734985378245096	0.999831983216163
ENSMUSG00000026885	568.588314960948	-0.0140866151152533	0.100816314379438	-0.139718653506069	0.888882287607614	0.999831983216163
ENSMUSG00000003283	38.910530446539	-0.0429641141209243	0.108672644187179	-0.39684283095818	0.691483364027773	0.999831983216163
ENSMUSG00000036186	1395.89050567619	0.00546111103838999	0.0912932831731205	0.0598207132745614	0.952298428310638	0.999831983216163
ENSMUSG00000061171	198.224598865474	0.0603115837138512	0.117322276163851	0.51388726492201	0.607330811728518	0.999831983216163
ENSMUSG00000049044	8290.65447981297	0.0112336929798634	0.0775761704980719	0.144808170565571	0.884862331048009	0.999831983216163
ENSMUSG00000000359	28.2958948348008	0.0721600421445671	0.102337790438327	0.699594868702546	0.484180348000401	0.999831983216163
ENSMUSG00000026787	6079.04627111485	0.0723364762965683	0.100521961604296	0.719420841064726	0.471881659513312	0.999831983216163
ENSMUSG00000027411	2032.74529717424	0.103314675363055	0.0890215133156892	1.16040265609802	0.245884905865691	0.999831983216163
ENSMUSG00000017009	4106.57028293338	-0.106606329330776	0.107163325604181	-0.995424695674455	0.319529752522626	0.999831983216163
ENSMUSG00000027255	1013.25106428065	-0.0523771101742959	0.09256596142158	-0.565829622798872	0.571509607050135	0.999831983216163
ENSMUSG00000036890	842.243059182827	-0.0157634250768626	0.0954908896207351	-0.165074386878478	0.86888543273055	0.999831983216163
ENSMUSG00000017412	18976.8803169854	-0.0201019510289118	0.081096597395898	-0.247882505479619	0.804225316157493	0.999831983216163
ENSMUSG00000017707	12256.4454720434	-0.0342349195455822	0.0762986726285951	-0.448708263009993	0.653642123102135	0.999831983216163
ENSMUSG00000004105	281.679764070109	-0.160218857368121	0.114190996266344	-1.40337992863165	0.160503574982987	0.999831983216163
ENSMUSG00000027422	2271.4432620133	-0.00968853219892285	0.10002151579106	-0.0968697464466752	0.922829834625105	0.999831983216163
ENSMUSG00000027479	3820.72827225091	-0.092753534369069	0.0826921365071479	-1.12176503651615	0.261962355776819	0.999831983216163
ENSMUSG00000035268	366.801756506391	0.0218407429068192	0.10884962126469	0.200620085936028	0.840995651073482	0.999831983216163
ENSMUSG00000064289	1624.07090585975	-0.0358515100269249	0.0868145183990186	-0.412978533661296	0.67962234129854	0.999831983216163
ENSMUSG00000027082	227.324135114216	-0.176019747557852	0.115885228071159	-1.51961626896068	0.128607446610501	0.999831983216163
ENSMUSG00000089917	813.280792792927	0.156845173747994	0.100461196491697	1.56073420450484	0.11858647729236	0.999831983216163
ENSMUSG00000027472	1567.01000515129	0.0291453005680103	0.0884937689823151	0.329337313878754	0.741900743366944	0.999831983216163
ENSMUSG00000027323	127.646762830641	0.161135982656109	0.121734325623111	1.32045949353401	0.186681651525302	0.999831983216163
ENSMUSG00000075284	576.969129065055	-0.170693935580256	0.100660954060963	-1.69575120858935	0.0899330061376579	0.999831983216163
ENSMUSG00000038740	3873.20036897355	-0.0971534077930967	0.0848928397458806	-1.14453169453992	0.25240320138851	0.999831983216163
ENSMUSG00000090100	5985.02872935611	0.0934921575517154	0.0942299759661956	0.991957969341846	0.321218028940727	0.999831983216163
ENSMUSG00000025781	8845.53215294262	0.0269048718366917	0.0846556359971327	0.317803955557049	0.750633650046363	0.999831983216163
ENSMUSG00000017999	1112.53835723697	-0.0923294260391887	0.101193496684227	-0.912531352086732	0.361489073052817	0.999831983216163
ENSMUSG00000027080	604.025395450007	-0.053803853348811	0.101241516643028	-0.531420605784225	0.595127345484737	0.999831983216163
ENSMUSG00000051373	825.606831025808	-0.0448593763264808	0.0952819946810126	-0.470805294326933	0.637779783438179	0.999831983216163
ENSMUSG00000027466	2800.21688496604	-0.0384660149276461	0.0868263738920946	-0.443034783145674	0.657740575864376	0.999831983216163
ENSMUSG00000017679	1574.2526672163	-0.0553725075363172	0.0907816072935791	-0.609978050588617	0.541876347597892	0.999831983216163
ENSMUSG00000027167	818.904240042496	-0.0583097976038874	0.0980421617582821	-0.594786507019231	0.551986187979126	0.999831983216163
ENSMUSG00000017740	15031.9147409286	0.0390884956714362	0.0833064730870852	0.469189445727186	0.63893422885044	0.999831983216163
ENSMUSG00000042410	2484.83855263796	-0.0392456317035148	0.0879938519601098	-0.446026549178309	0.655578068314837	0.999831983216163
ENSMUSG00000026740	1314.68142349785	-0.0643087109061792	0.0910168807216109	-0.706600413894678	0.479814831663654	0.999831983216163
ENSMUSG00000027637	715.548940674481	-0.100621792270317	0.0972930696954307	-1.03419515544518	0.301044938492415	0.999831983216163
ENSMUSG00000038765	31.5703532940853	0.183229621855253	0.104964581442846	1.72261195949853	0.0849587208143426	0.999831983216163
ENSMUSG00000027395	1001.82297323149	0.0646309989283219	0.0985814292040878	0.655523393283772	0.512130829901625	0.999831983216163
ENSMUSG00000027523	35753.5458730657	0.0797281697521885	0.0802243038806688	0.993725914120102	0.320356322985227	0.999831983216163
ENSMUSG00000017667	1127.42595413729	0.0174014832398343	0.0927236812544431	0.18767453075039	0.85113179699647	0.999831983216163
ENSMUSG00000026821	3992.24745081852	-0.0177609112279846	0.0831361164557872	-0.213637556289137	0.830829709782165	0.999831983216163
ENSMUSG00000027433	2461.51980970327	0.0533129469081386	0.0835535417230939	0.638050806951345	0.52344060753932	0.999831983216163
ENSMUSG00000027405	2432.57089807094	0.0829869072315028	0.0928370188405025	0.8937663891698	0.371446895900119	0.999831983216163
ENSMUSG00000017929	1955.88461566859	0.0174604317982044	0.0897549894789986	0.19452704148425	0.845763224076926	0.999831983216163
ENSMUSG00000005506	10398.2381870887	-0.0692856765789406	0.0805944970166698	-0.859744119620337	0.389930108626258	0.999831983216163
ENSMUSG00000026679	62.3383908838691	0.0229739622443691	0.116409615711787	0.197336420836766	0.843564279961888	0.999831983216163
ENSMUSG00000038848	3170.11944607367	-0.0540886065943942	0.0861803137661687	-0.627661919653225	0.530225436394439	0.999831983216163
ENSMUSG00000042604	195.140063539668	0.0825073480843571	0.1212815060421	0.679866447958308	0.496589028005249	0.999831983216163
ENSMUSG00000034683	11.4879523109728	0.0872651489939916	0.0766116596171503	1.11558259556167	0.26460084546166	0.999831983216163
ENSMUSG00000027519	2406.91035985459	-0.0441836627693924	0.0862150058528557	-0.512506506256535	0.6082965679579	0.999831983216163
ENSMUSG00000039943	14497.0885831719	-0.0652121780395785	0.104079546741075	-0.626773598116634	0.53080765229208	0.999831983216163
ENSMUSG00000026926	2691.09660332958	-0.0972706026243778	0.0832852380374991	-1.16798189587278	0.242814067611785	0.999831983216163
ENSMUSG00000026944	15104.827326379	0.0964487804317515	0.0786754592501383	1.22579251256663	0.22027676554662	0.999831983216163
ENSMUSG00000026817	3280.77967205434	0.0148741301265274	0.0820394080230725	0.181304871352046	0.856128282609881	0.999831983216163
ENSMUSG00000027551	375.12034935154	0.005376345924987	0.112996849117419	0.0475805094302455	0.962050565655351	0.999831983216163
ENSMUSG00000033411	2705.35435469416	-0.0733215552176139	0.0848689759799761	-0.863996565602946	0.387589777204557	0.999831983216163
ENSMUSG00000027331	54.5435555959611	-0.0480585100004599	0.116648900962768	-0.41275751351212	0.679784282370111	0.999831983216163
ENSMUSG00000027569	917.410880592882	0.0649038720385605	0.101347209892656	0.640320544680101	0.521964226804786	0.999831983216163
ENSMUSG00000016024	427.136021538301	0.130598070721706	0.119523758546138	1.09029653466608	0.275582541198927	0.999831983216163
ENSMUSG00000048482	917.279894567867	-0.0544001406120964	0.117978653152262	-0.463002561496314	0.643362531056275	0.999831983216163
ENSMUSG00000026797	38838.8107542485	0.0225993407741196	0.0795408020478455	0.284115988287472	0.776321494754573	0.999831983216163
ENSMUSG00000047617	1721.15285968213	-0.00576425557560991	0.0993253293668004	-0.0580304565479896	0.953724368579944	0.999831983216163
ENSMUSG00000039001	1918.13139412146	0.14698397034287	0.101534703855091	1.44689317000782	0.147926846351751	0.999831983216163
ENSMUSG00000002102	4377.33892888266	0.0401039163683706	0.0852831861963848	0.470222959596097	0.638195732283954	0.999831983216163
ENSMUSG00000038369	3423.05893602678	-0.0347946879624142	0.0859430218698733	-0.404875773638335	0.685568827007511	0.999831983216163
ENSMUSG00000029419	9433.75251721895	-0.0840538967151814	0.0845862528583689	-0.993811716313381	0.320314541011868	0.999831983216163
ENSMUSG00000067847	386.649162409893	-0.0462870883157795	0.111239497512537	-0.416164904092963	0.677289339146959	0.999831983216163
ENSMUSG00000015087	5318.20994496618	-0.0485352394966476	0.0778881618327347	-0.623157896534701	0.533180766572052	0.999831983216163
ENSMUSG00000014353	2479.75606526555	0.054804478651686	0.0831052666664612	0.659440585170828	0.509612887544435	0.999831983216163
ENSMUSG00000027009	509.334260697511	0.112225816869991	0.10351004336922	1.08402968773366	0.278351635989655	0.999831983216163
ENSMUSG00000027646	1753.37779726278	-0.0407999557752773	0.0912594162125891	-0.447085758526386	0.654813141301859	0.999831983216163
ENSMUSG00000038696	1595.31771092216	-0.0888722592847864	0.0871087980640803	-1.0202865825224	0.307592564864543	0.999831983216163
ENSMUSG00000026971	16.1247314110667	0.0137607917299695	0.0860504342379457	0.159219982324691	0.873495561066412	0.999831983216163
ENSMUSG00000027221	867.742714624966	0.0916206578807667	0.0959974273102602	0.954304791324843	0.339929383441664	0.999831983216163
ENSMUSG00000027286	985.405507631567	-0.000640514289924106	0.096697475901898	-0.00662313965712689	0.99471553775825	0.999831983216163
ENSMUSG00000027067	4173.97955938141	0.0285208437462363	0.0791067606762066	0.360529624502877	0.718451106900926	0.999831983216163
ENSMUSG00000027242	343.694655900463	0.0509100358201891	0.11052749717859	0.46060611681637	0.645081222290633	0.999831983216163
ENSMUSG00000039262	11883.6461290183	0.0198278274321656	0.0984372723054252	0.201413175959464	0.840375513394006	0.999831983216163
ENSMUSG00000047909	1521.6949869037	0.0634497872411765	0.0913124786073085	0.694822131806205	0.487166776603503	0.999831983216163
ENSMUSG00000049401	1576.345737314	-0.0915499791219108	0.0871145569536743	-1.05096215939276	0.293275969677217	0.999831983216163
ENSMUSG00000027314	86.0872106230251	-0.0354551574064651	0.121535771521812	-0.291990191883208	0.77029412311046	0.999831983216163
ENSMUSG00000027305	1007.68916642881	-0.100370346349814	0.0927537293446987	-1.08217877238122	0.279173098964512	0.999831983216163
ENSMUSG00000026655	7125.41344603542	0.0925394208822309	0.0852203878801523	1.08575596105065	0.277586974941706	0.999831983216163
ENSMUSG00000061311	93.4011870208961	0.201008097205515	0.121451663316465	1.64838435143428	0.0992738251302332	0.999831983216163
ENSMUSG00000017737	79.8699899658735	0.129778098991117	0.120141622049688	1.07656387383908	0.281675150867758	0.999831983216163
ENSMUSG00000063235	707.272435493195	0.0673750238713261	0.0992866249999953	0.678508526516391	0.49744931946854	0.999831983216163
ENSMUSG00000027641	268.072718889558	0.0446028656047792	0.11251475370207	0.396382659581737	0.69182275636755	0.999831983216163
ENSMUSG00000042821	14.2078909858761	-0.0786576277076156	0.0825727730890784	-0.976317176510375	0.328907310636985	0.999831983216163
ENSMUSG00000026849	793.672362037345	-0.0287334035458941	0.0992585195898877	-0.289475171028436	0.77221777759777	0.999831983216163
ENSMUSG00000034278	224.865075717431	0.0694983274306395	0.116577820684602	0.595854101833497	0.551272697534617	0.999831983216163
ENSMUSG00000009216	398.957328593298	0.0420577438174609	0.104455843707009	0.400114202565501	0.68907240391109	0.999831983216163
ENSMUSG00000027560	226.316723475163	-0.00255873316636479	0.119341560786198	-0.0214314732509719	0.982901467303415	0.999831983216163
ENSMUSG00000027570	1741.1241501599	-0.0481588957517163	0.0896299976729732	-0.537320873792389	0.591045989255791	0.999831983216163
ENSMUSG00000004085	427.317817491949	-0.00983498807304966	0.108216708369432	-0.0908882559473273	0.927581381964161	0.999831983216163
ENSMUSG00000035829	682.292266908479	-0.0768333188833532	0.104152149341684	-0.737796648666577	0.46063803013708	0.999831983216163
ENSMUSG00000017144	535.700180030198	0.0758045215761341	0.112258252426848	0.675124509148108	0.499596663326699	0.999831983216163
ENSMUSG00000017670	7949.47584477043	-0.0795033403615935	0.0770944169278818	-1.03130250029391	0.30239898621248	0.999831983216163
ENSMUSG00000027245	128.419348177363	-0.0332532436776126	0.121337663327072	-0.274124642344585	0.783988837053696	0.999831983216163
ENSMUSG00000051154	1372.98356635337	0.0343429968583851	0.102300117581085	0.335651299160548	0.737133834793181	0.999831983216163
ENSMUSG00000027194	2262.68462049874	0.0179880415204478	0.0834250068677192	0.215619861956274	0.829284072361375	0.999831983216163
ENSMUSG00000050558	24.4825332795954	0.163111083168481	0.0930366786268157	1.72557058654807	0.0844246947683605	0.999831983216163
ENSMUSG00000003660	5359.60172732319	0.0328126351353726	0.083829703551422	0.391408423821343	0.695495366695553	0.999831983216163
ENSMUSG00000052533	639.046647162166	-0.0422497415837979	0.104498096430963	-0.40431620012133	0.685980214097871	0.999831983216163
ENSMUSG00000026986	544.496228628365	0.159244981331487	0.103655544646095	1.53603847383314	0.124528944560396	0.999831983216163
ENSMUSG00000039983	454.973253192751	-0.0573526920253258	0.104090856774398	-0.550980427669325	0.581647091670769	0.999831983216163
ENSMUSG00000070883	149.467981875443	-0.060445331200375	0.120390483623823	-0.502318328071171	0.615443618800743	0.999831983216163
ENSMUSG00000026669	31.1536850881856	-0.0172483828323538	0.104608352639143	-0.165229848105691	0.868763072745969	0.999831983216163
ENSMUSG00000026961	34.3843976828821	-0.0696446241912364	0.105679660881315	-0.663155640987684	0.507230878115409	0.999831983216163
ENSMUSG00000041997	1917.28235775334	0.0839302654882022	0.0932182404981941	0.900275593318174	0.367973606248657	0.999831983216163
ENSMUSG00000068130	336.042939003594	-0.0236995343689351	0.114897591830865	-0.206302863278544	0.836554342069846	0.999831983216163
ENSMUSG00000075040	445.954718846401	-0.0956154152565278	0.111161434451924	-0.860306383531543	0.389620174970834	0.999831983216163
ENSMUSG00000037843	648.371243311264	0.152028538114978	0.118631803221275	1.27909788382894	0.200862588734358	0.999831983216163
ENSMUSG00000002733	1769.14526927815	0.0732340435126405	0.0870856790921842	0.840918339859626	0.400393683349419	0.999831983216163
ENSMUSG00000026768	74.6758278196301	-0.035723211152191	0.119462598588406	-0.299200854660176	0.764786797223908	0.999831983216163
ENSMUSG00000026824	4754.99983146937	0.0209398363324333	0.0786061162048133	0.266387094751052	0.789941103168974	0.999831983216163
ENSMUSG00000032679	492.605786030966	0.0135522948803803	0.116624163037797	0.116187662546676	0.907503814389835	0.999831983216163
ENSMUSG00000055177	29.4848299062134	-0.0293228160078207	0.102015234856259	-0.287979807899052	0.773362195188968	0.999831983216163
ENSMUSG00000000392	104.997429371764	0.0349847378298243	0.12178501086873	0.286977160769297	0.774129808097482	0.999831983216163
ENSMUSG00000023393	19.3844481320477	0.0791487011372539	0.0899790634053356	0.86760539472365	0.38561039214736	0.999831983216163
ENSMUSG00000027230	211.505468618353	-0.083060746280051	0.119461185872895	-0.695534129141007	0.48672063049851	0.999831983216163
ENSMUSG00000005802	3322.45885020005	0.0182944511362562	0.088876858295139	0.2058402432545	0.836915704685983	0.999831983216163
ENSMUSG00000026807	33.2341261035306	0.0101042724622102	0.10739670628153	0.0940436108210302	0.925074513799035	0.999831983216163
ENSMUSG00000027387	506.815726294768	0.00980198137387604	0.106399617241976	0.0921140449765625	0.926607429618387	0.999831983216163
ENSMUSG00000027099	1353.09141284724	0.108042560241976	0.0904603311350388	1.19427042172455	0.23237220387514	0.999831983216163
ENSMUSG00000050700	302.457988402804	0.169087559694293	0.118352117381249	1.42616820951171	0.15381979366782	0.999831983216163
ENSMUSG00000035778	103.597759738323	0.0667681334236934	0.121549345274141	0.548211968344728	0.58354636508409	0.999831983216163
ENSMUSG00000023206	96.8388230562538	0.108361313478962	0.121872283366646	0.887721122970909	0.374690780728365	0.999831983216163
ENSMUSG00000026811	3501.80421658442	-0.0398434165861181	0.0827535321951064	-0.481482776480675	0.63017341799471	0.999831983216163
ENSMUSG00000002111	43.1019318592338	0.0139912223319895	0.112946200301551	0.123739860917308	0.901521249730615	0.999831983216163
ENSMUSG00000027010	5220.64743897999	0.0190056092773755	0.0831899000034714	0.228456095905806	0.819291684017438	0.999831983216163
ENSMUSG00000016933	2768.21753640462	0.0336564063961824	0.0862137983109872	0.390365375510405	0.696266387300311	0.999831983216163
ENSMUSG00000068394	402.063161430654	0.00189994749359605	0.1105475256808	0.0171901448726417	0.986284924281431	0.999831983216163
ENSMUSG00000048388	7005.78249105734	0.0250798026497584	0.0810994317584913	0.309242368014795	0.757137167260297	0.999831983216163
ENSMUSG00000027184	11354.0202015576	-0.0108137428490679	0.0802609021190459	-0.134733864310033	0.89282229745763	0.999831983216163
ENSMUSG00000027276	222.144318835977	0.0755173470002198	0.118653991265674	0.636272190522754	0.524599027479519	0.999831983216163
ENSMUSG00000074519	2164.83861293385	-0.0170486453584854	0.0917402604887142	-0.185845053098337	0.852566272662471	0.999831983216163
ENSMUSG00000075316	185.044938800932	0.186104411522798	0.12153319902306	1.52768448940504	0.126590892970047	0.999831983216163
ENSMUSG00000046020	1126.96954925723	-0.00700640302634138	0.0915383858803834	-0.0765391058314814	0.938990203251509	0.999831983216163
ENSMUSG00000026870	34.8070784583344	0.0597551146823557	0.106479648062122	0.557715202436177	0.577038874942542	0.999831983216163
ENSMUSG00000075304	122.684284371954	-0.0356688279633794	0.121746784399429	-0.293052978294332	0.769481657495441	0.999831983216163
ENSMUSG00000023572	3522.54954216016	0.0888441413474722	0.0854873249769081	1.03914689775294	0.298736422683721	0.999831983216163
ENSMUSG00000057182	302.636577612634	0.0640447392812496	0.0832310934300617	0.755504430164912	0.449946375171277	0.999831983216163
ENSMUSG00000074797	1205.54654286483	-0.00687428917142651	0.0954720894918432	-0.0720046291640506	0.94259822387608	0.999831983216163
ENSMUSG00000027581	14122.0603852069	0.0783454235801277	0.0898717691141696	0.871609488955404	0.38342145232195	0.999831983216163
ENSMUSG00000040272	198.891280340468	0.149334651718106	0.118995540572292	1.2537106349392	0.209947200999189	0.999831983216163
ENSMUSG00000027469	94.3002569953811	0.171463453397771	0.121754533325787	1.40383427702357	0.160368204343661	0.999831983216163
ENSMUSG00000027620	13414.6594734529	0.0350812758145995	0.0800163467002623	0.438412746926556	0.661087107777059	0.999831983216163
ENSMUSG00000059555	129.723962825922	0.15667106318457	0.121748670910561	1.28352271296784	0.199309007413198	0.999831983216163
ENSMUSG00000040812	496.234154338561	0.0934802727367599	0.111105006267999	0.840944427862717	0.400379067574664	0.999831983216163
ENSMUSG00000044991	445.450360980779	-0.0440629491452865	0.109058939841995	-0.404112860085151	0.686129728628882	0.999831983216163
ENSMUSG00000051396	296.808097076029	-0.0970616799862464	0.114725854853905	-0.846547658485978	0.397247298932986	0.999831983216163
ENSMUSG00000004113	2192.66313513041	-0.107644190671439	0.0906694870556257	-1.18736883080675	0.23508216892673	0.999831983216163
ENSMUSG00000027661	97.2813781768527	0.00102521945891414	0.121749923655415	0.00842081770667406	0.993281238967352	0.999831983216163
ENSMUSG00000026749	852.673482820283	-0.0590316883270479	0.0949060789240258	-0.622006006690864	0.533937918314161	0.999831983216163
ENSMUSG00000027160	468.627006876248	-0.143233634703932	0.103181657074422	-1.38817637452466	0.165083344525155	0.999831983216163
ENSMUSG00000017897	231.143462984782	-0.164648216366179	0.117547674740293	-1.40156376876035	0.161045552612806	0.999831983216163
ENSMUSG00000027327	805.137681705222	0.156911788907001	0.0950960844264255	1.64984236073692	0.0989751821953621	0.999831983216163
ENSMUSG00000079442	2758.36929505808	-0.0841894462010835	0.0891556434194223	-0.944378991936532	0.344976012941087	0.999831983216163
ENSMUSG00000015776	1220.07737158671	0.0254236524537139	0.0910228504588554	0.279310278844002	0.780006718696742	0.999831983216163
ENSMUSG00000019715	2591.66600718912	0.0251006571743352	0.0814230939116159	0.308270991492546	0.757876137337188	0.999831983216163
ENSMUSG00000074656	3100.73519354341	-0.0164985373118681	0.0838461998525685	-0.196775103484433	0.844003534730844	0.999831983216163
ENSMUSG00000058835	4193.26713671565	-0.0515035935165874	0.079235752726129	-0.650026352274863	0.515675199644726	0.999831983216163
ENSMUSG00000027502	1901.90610943193	0.053882146071661	0.0850966798188752	0.633169737100448	0.526622805925435	0.999831983216163
ENSMUSG00000027239	797.813468424301	-0.16069885403532	0.094846213759824	-1.69430249901938	0.090207815953876	0.999831983216163
ENSMUSG00000068115	392.017866360701	0.0167712781757691	0.11224870874754	0.149436309110671	0.881209362847932	0.999831983216163
ENSMUSG00000005102	1255.3666385517	0.0664608664865346	0.0911095209700993	0.729435597659099	0.465735249315621	0.999831983216163
ENSMUSG00000108976	35.0868960931868	0.0573575526920911	0.104269104810344	0.547900621505198	0.583760142064445	0.999831983216163
ENSMUSG00000090093	549.818775098485	-0.125244307220355	0.103856174461025	-1.20617606224506	0.227749611744639	0.999831983216163
ENSMUSG00000027613	911.390994041772	-0.00425403308297509	0.0987276794364658	-0.0430869239977053	0.965632242758234	0.999831983216163
ENSMUSG00000070866	620.812410790532	0.0676748793245168	0.10782806144631	0.627520063438098	0.530318388781558	0.999831983216163
ENSMUSG00000026924	3121.12062994955	-0.0452168457056572	0.0826364414447971	-0.547196794347081	0.584243538285642	0.999831983216163
ENSMUSG00000027318	17.160951373867	0.0586708447486819	0.0791886905670316	0.73008093942701	0.46534071144855	0.999831983216163
ENSMUSG00000027635	182.990074380623	-0.140642264929312	0.11875982166677	-1.18529545697194	0.235900649100487	0.999831983216163
ENSMUSG00000025780	3133.1413187118	-0.159932005340344	0.0987898531289936	-1.61971953271143	0.105292538378114	0.999831983216163
ENSMUSG00000015846	1016.43788757812	-0.00556302759008023	0.0929129522836789	-0.0598730948925172	0.952256708606075	0.999831983216163
ENSMUSG00000047907	368.085276855005	0.153694123448424	0.11121586323982	1.38138773838538	0.167159773949487	0.999831983216163
ENSMUSG00000036352	1872.73087464093	-0.109387351814512	0.0883773275683225	-1.23781135276694	0.215786017926518	0.999831983216163
ENSMUSG00000068615	399.524756590529	-0.100501074542079	0.109247246116923	-0.920151408460499	0.357493642826221	0.999831983216163
ENSMUSG00000039844	4476.03576589304	-0.0263444503902067	0.0827536443458552	-0.318352339739122	0.750217686392641	0.999831983216163
ENSMUSG00000079056	2629.86426371273	-0.170716430927292	0.10332949269201	-1.65330580372159	0.0982686424255241	0.999831983216163
ENSMUSG00000037703	2902.82087200214	-0.146870556382083	0.0959876300972158	-1.53060054069733	0.125868148023591	0.999831983216163
ENSMUSG00000051319	681.324714392856	0.00791854234415494	0.101256212513055	0.0782043535174134	0.937665499020136	0.999831983216163
ENSMUSG00000014361	1435.77680639347	-0.102118511475615	0.115854030881041	-0.890093927460723	0.373415453381196	0.999831983216163
ENSMUSG00000027379	15.168723846176	-0.0076185387796208	0.084651839171385	-0.0901205972133776	0.928191381609003	0.999831983216163
ENSMUSG00000026930	4578.82742625557	-0.0793194735973686	0.0820250666713452	-0.967080646555644	0.333503719564791	0.999831983216163
ENSMUSG00000074796	23.2075017553764	-0.0348848057567421	0.0961814641415651	-0.364971160527133	0.715132934074511	0.999831983216163
ENSMUSG00000027187	2089.46020086679	-0.0622540108476344	0.0833881649471065	-0.746575272003506	0.455319979549725	0.999831983216163
ENSMUSG00000059173	236.032092622235	0.107208698076864	0.121512396448483	0.880747133718686	0.378454699403703	0.999831983216163
ENSMUSG00000025816	1472.16535836521	-0.0187000444538092	0.0928135715097995	-0.201473944919946	0.840328000646984	0.999831983216163
ENSMUSG00000040310	126.725764754632	-0.180037616505798	0.121186985395485	-1.49347533417111	0.135312806158285	0.999831983216163
ENSMUSG00000015488	1383.46782736982	0.0734426784250867	0.0956146135598236	0.768013789637565	0.442478992479117	0.999831983216163
ENSMUSG00000036053	3064.03150650842	-0.117987883084274	0.0879464096262765	-1.3417821388336	0.179666645144055	0.999831983216163
ENSMUSG00000055371	1090.43022615646	-0.0818064946823596	0.0932857883690021	-0.877023716189697	0.380473756579784	0.999831983216163
ENSMUSG00000014077	4980.04914898537	0.0843496268374236	0.0834132823746337	1.011134819378	0.311951907167131	0.999831983216163
ENSMUSG00000015647	363.607375714981	0.153811099930053	0.113035873052826	1.35949155478201	0.173990876805187	0.999831983216163
ENSMUSG00000027273	76345.2936113409	0.0434195925992386	0.101721456104307	0.426766518130703	0.66954939570327	0.999831983216163
ENSMUSG00000033256	5180.6378116399	0.0376717498684213	0.0897142385496519	0.419874086445577	0.674577439171316	0.999831983216163
ENSMUSG00000042369	1523.16926074853	-0.0407332915915124	0.0883642713638738	-0.460973649663211	0.64481751026956	0.999831983216163
ENSMUSG00000042670	472.540544091738	-0.0607212153154515	0.104125933722044	-0.583182493205815	0.5597704551634	0.999831983216163
ENSMUSG00000027247	1379.9003649005	-0.00955537624753087	0.0901420608910497	-0.106004005927332	0.915579173826587	0.999831983216163
ENSMUSG00000045624	1634.29522388331	-0.0589706434411531	0.101151143829288	-0.583130143773668	0.559805692777392	0.999831983216163
ENSMUSG00000054766	5433.01507255493	-0.00738438703178966	0.0803675422935572	-0.0918828752439964	0.926791097475227	0.999831983216163
ENSMUSG00000075467	961.701434349162	-0.0221050959938998	0.0948637924548091	-0.233010841715164	0.815752986995261	0.999831983216163
ENSMUSG00000027424	318.364683328473	0.0210328623638109	0.112195798672602	0.187487845695151	0.851278152452814	0.999831983216163
ENSMUSG00000027656	28.823850449623	-0.0707015627741671	0.0989543280253982	-0.720850183859159	0.471001695457015	0.999831983216163
ENSMUSG00000037262	625.763044650095	-0.0268578162835616	0.0999690342474992	-0.268663060270857	0.788188980546434	0.999831983216163
ENSMUSG00000027344	14.4341586305761	0.000182478212403646	0.0805715907767678	0.00227022315359159	0.998188625552117	0.999831983216163
ENSMUSG00000027071	51.5513925063747	0.0174521165977061	0.112717160505436	0.154838610225071	0.876948551705204	0.999831983216163
ENSMUSG00000063145	495.418849640516	0.0637238513202526	0.102174604821025	0.623667482396361	0.532845982651672	0.999831983216163
ENSMUSG00000026672	1111.54999217611	-0.0123383529105109	0.0908616883213511	-0.135790026127621	0.89198727602387	0.999831983216163
ENSMUSG00000027313	166.719189061788	-0.110201692993885	0.12074862522155	-0.913492702557907	0.360983469840309	0.999831983216163
ENSMUSG00000038180	89.9043029181093	0.0224717279269391	0.121311266994745	0.185037702230989	0.85319946404752	0.999831983216163
ENSMUSG00000016386	652.326595247273	-0.172136904924347	0.0984663387723567	-1.74822433905889	0.0804251886424291	0.999831983216163
ENSMUSG00000048327	28.9695182370923	-0.113068302552113	0.101609268144801	-1.13062263084946	0.258213958121455	0.999831983216163
ENSMUSG00000008999	322.579475067534	-0.0655554618594545	0.118209332872839	-0.554755225518524	0.579062096474463	0.999831983216163
ENSMUSG00000026963	28.1768053994363	-0.0511239278841674	0.100307468500833	-0.512632050377761	0.60820872924941	0.999831983216163
ENSMUSG00000007659	4776.06404720593	-0.0884209279308266	0.0814787914685195	-1.08527171602471	0.27780132908723	0.999831983216163
ENSMUSG00000039069	543.32535050411	0.0930757672653295	0.101362579866345	0.91812458857045	0.358553643240263	0.999831983216163
ENSMUSG00000039205	1393.03256584462	0.0291375363464225	0.0924295593949917	0.315217322172945	0.752596654301027	0.999831983216163
ENSMUSG00000039254	692.355929177299	-0.00584794701883623	0.103580536016712	-0.0564516312736999	0.954982026689712	0.999831983216163
ENSMUSG00000003662	938.9454256819	0.0439682682858987	0.100252503810752	0.438553773805832	0.660984898201545	0.999831983216163
ENSMUSG00000063275	342.921260870166	-0.130067170500995	0.112559685903335	-1.15616380837214	0.247614160294512	0.999831983216163
ENSMUSG00000039648	873.059291815974	-0.0179198438667484	0.101796369294019	-0.176028064303377	0.860271894563347	0.999831983216163
ENSMUSG00000027510	91.5656388491105	-0.0147177939985794	0.121646803280951	-0.120988022814576	0.90370052191092	0.999831983216163
ENSMUSG00000057738	52857.4746266893	0.00549497219642532	0.0852238138371271	0.0644772760148925	0.94859020056759	0.999831983216163
ENSMUSG00000026873	50.6040336793105	-0.116892975973877	0.115308366253239	-1.02002781635568	0.307715268639179	0.999831983216163
ENSMUSG00000034075	2828.26964781265	-0.0883777687675811	0.085283911018556	-1.03637166102062	0.300028785991202	0.999831983216163
ENSMUSG00000026718	3214.34303416906	-0.110909414473825	0.0800522363114196	-1.38553503129682	0.165888928469055	0.999831983216163
ENSMUSG00000027104	4123.57353659052	-0.0395166637954064	0.0952144852145664	-0.415072743059305	0.67808865223201	0.999831983216163
ENSMUSG00000009566	151.274089610728	0.0107755130135708	0.120945510755468	0.0890887692523674	0.929011362741972	0.999831983216163
ENSMUSG00000034723	10282.2076650338	0.118158900046862	0.086757413492958	1.36169824592211	0.173293135068524	0.999831983216163
ENSMUSG00000040549	11243.2193874837	0.00278572598357761	0.0907898331178006	0.0306840026460398	0.975521549194968	0.999831983216163
ENSMUSG00000036752	6258.44496015054	0.035580753095904	0.0828304440959562	0.429543882721105	0.667527465834201	0.999831983216163
ENSMUSG00000027544	874.046858474265	0.0805980879313932	0.102787091327497	0.783879178742851	0.433111008166693	0.999831983216163
ENSMUSG00000036646	2589.33242850278	-0.0587104450767412	0.0919470596107723	-0.638568273863598	0.523103825925031	0.999831983216163
ENSMUSG00000040164	70.2092673500644	-0.17441269024484	0.119929067036304	-1.46132316225549	0.143926776306957	0.999831983216163
ENSMUSG00000026766	1526.42675242594	-0.0483174455797019	0.0897290677335671	-0.538501426881405	0.590230920289882	0.999831983216163
ENSMUSG00000026668	197.951416082393	0.162566089663925	0.120197266928052	1.35022170730377	0.176944877206903	0.999831983216163
ENSMUSG00000027173	80.1078610076796	0.0809424663822192	0.119040061585062	0.67762408547999	0.498010070784544	0.999831983216163
ENSMUSG00000027364	13.7431798687611	0.00356036841357876	0.080501258733879	0.0442949785088411	0.964669274317304	0.999831983216163
ENSMUSG00000036850	1321.70633081309	0.0147291429212224	0.0968924957604656	0.152010068676901	0.879178994286402	0.999831983216163
ENSMUSG00000001998	1323.02150531816	-0.117608598464964	0.0979741759902426	-1.20063641673134	0.229892268307842	0.999831983216163
ENSMUSG00000005233	11.9633838021498	-0.0162011212763757	0.0766414430603031	-0.212412589205106	0.831785165099844	0.999831983216163
ENSMUSG00000068742	4530.0998715486	-0.137330906026332	0.0852516240512996	-1.61114499684975	0.10714812288028	0.999831983216163
ENSMUSG00000034906	42.8467013711753	-0.00856051692860165	0.111563367782554	-0.0767458527732566	0.938825726842003	0.999831983216163
ENSMUSG00000038085	121.758661881153	-0.01923715774429	0.121552425201347	-0.158289304309668	0.874228835817582	0.999831983216163
ENSMUSG00000039826	791.161702001135	0.0318363553777634	0.0980255113042133	0.324753345668409	0.745367756955445	0.999831983216163
ENSMUSG00000095362	2240.54622535659	0.0625198086161533	0.0971958805500582	0.643165624969921	0.520116635775772	0.999831983216163
ENSMUSG00000027133	771.756623987285	0.0130971222470311	0.0995232405224558	0.131599647725433	0.895300964176969	0.999831983216163
ENSMUSG00000042662	934.379719453736	-0.087779805504354	0.0998892470693101	-0.878835052891841	0.379490717401619	0.999831983216163
ENSMUSG00000050714	983.90314972818	-0.147267919551571	0.0982514975046144	-1.49927303490255	0.133802814772405	0.999831983216163
ENSMUSG00000026791	951.406344957896	0.058181454613132	0.0954308493668413	0.609617487207522	0.542115224828422	0.999831983216163
ENSMUSG00000009555	1843.17713672201	0.0882994785915388	0.0893496892501127	0.988133491427906	0.323087275286595	0.999831983216163
ENSMUSG00000050199	2609.70418091667	-0.0856781918837905	0.0840945571232338	-1.01890526657469	0.308247943170265	0.999831983216163
ENSMUSG00000041777	865.555081166567	-0.104672531412829	0.108454654878412	-0.965585214745434	0.334251776622285	0.999831983216163
ENSMUSG00000026851	2874.49487698987	0.0718106726444028	0.0845172552635238	0.849605058060425	0.395544698879868	0.999831983216163
ENSMUSG00000032715	35.1357202746453	0.133582951646989	0.106975773763851	1.23572823339898	0.216559599193122	0.999831983216163
ENSMUSG00000078878	694.392841610834	0.0903409969420026	0.10680278543569	0.845702924801617	0.397718491117369	0.999831983216163
ENSMUSG00000041975	523.971525030498	-0.0126316242307091	0.102077773992325	-0.123748803170437	0.901514169263354	0.999831983216163
ENSMUSG00000027162	6932.08550314956	-0.0970632037455551	0.08113167814039	-1.19648323959091	0.231508035277259	0.999831983216163
ENSMUSG00000050211	242.062590021384	0.161686024496267	0.116478535583847	1.38730699097563	0.165348172266948	0.999831983216163
ENSMUSG00000068040	3330.10921266142	0.0160765450694846	0.0803516658680706	0.200074779560726	0.841422097557426	0.999831983216163
ENSMUSG00000050373	481.633563117385	0.048433835703251	0.103086589435715	0.46981091993532	0.638490111942175	0.999831983216163
ENSMUSG00000027386	175.408250932184	0.100224077572554	0.119924859298015	0.835055695319173	0.403686350395357	0.999831983216163
ENSMUSG00000023330	274.006177166699	-0.0463472982122184	0.113208869503284	-0.409391394526711	0.682252453877259	0.999831983216163
ENSMUSG00000078889	57.1429265928505	-0.111725990693383	0.110065733872183	-1.02753395682829	0.304169104398644	0.999831983216163
ENSMUSG00000109865	1542.67029303666	-0.0663826355523767	0.0907299815686669	-0.731696728184979	0.464353693855101	0.999831983216163
ENSMUSG00000005804	634.214853903129	-0.0717182087863901	0.104280232403856	-0.687760782472465	0.491603436333482	0.999831983216163
ENSMUSG00000075376	5140.48558121162	-0.0981841932205039	0.0833851014758338	-1.1776068655761	0.238953371529967	0.999831983216163
ENSMUSG00000045503	931.603366581928	0.00674990430157863	0.0927314609118834	0.0727888393524499	0.941974152304295	0.999831983216163
ENSMUSG00000034154	1707.50266819341	0.0351867978940494	0.0851943009902438	0.413014868572728	0.679595720187843	0.999831983216163
ENSMUSG00000037143	53.9455496919409	0.0654567446855551	0.116663378978894	0.559242326675608	0.575996349895894	0.999831983216163
ENSMUSG00000041966	915.28177669253	-0.0462049359246555	0.103983861104092	-0.444398849351533	0.656754245203911	0.999831983216163
ENSMUSG00000036202	9886.54780785014	-0.101460585546196	0.0966302134851786	-1.05032985151284	0.293566485069972	0.999831983216163
ENSMUSG00000075415	14397.1986079792	-0.127217870908624	0.0895636380157327	-1.42077448627065	0.15538233017504	0.999831983216163
ENSMUSG00000017760	1581.08247210945	-0.00211025964271499	0.086481539939918	-0.0244006683835999	0.980533015192461	0.999831983216163
ENSMUSG00000047363	26.1511294816679	0.0699056602913432	0.0997967720244399	0.695523975908243	0.486726991084243	0.999831983216163
ENSMUSG00000044916	132.664228785876	0.128487387429274	0.121733420635857	1.05300217075476	0.292339997187737	0.999831983216163
ENSMUSG00000059842	302.374934999444	0.00853838163782242	0.113916647331601	0.0749437966316452	0.940259429842318	0.999831983216163
ENSMUSG00000078867	252.237122121832	-0.051071985487864	0.117376578594586	-0.435308917393837	0.663338213012697	0.999831983216163
ENSMUSG00000042359	4860.61257596497	-0.0129167058396753	0.0920240206707241	-0.140367267940415	0.888369818176314	0.999831983216163
ENSMUSG00000040434	24.4446297035102	0.0803103107274022	0.0981550246899582	0.809574516641521	0.418184759247049	0.999831983216163
ENSMUSG00000057914	2126.31474418774	0.0229051780684457	0.0954877551353021	0.239873625937929	0.810428227462216	0.999831983216163
ENSMUSG00000047250	240.8696867688	-0.00292264749145275	0.116279897311642	-0.0251342453386287	0.979947884973838	0.999831983216163
ENSMUSG00000078866	936.100831806252	-0.0732109406890961	0.0993033915816457	-0.737348265940363	0.460910587540302	0.999831983216163
ENSMUSG00000002731	865.715423948687	0.0477153047210988	0.0950207701104433	0.502150386345614	0.615561739386899	0.999831983216163
ENSMUSG00000041660	560.09322418911	-0.00691737258423693	0.107361037114672	-0.0644361297287902	0.948622962425966	0.999831983216163
ENSMUSG00000060227	3364.18053198701	-0.0555097211990737	0.102896822720726	-0.539597644422662	0.589474541462381	0.999831983216163
ENSMUSG00000038914	3740.3460550439	0.000464087195142778	0.0840770451824294	0.00552043805888843	0.99559535007608	0.999831983216163
ENSMUSG00000072980	17.3473176615745	-0.0457796480834501	0.0879617164301508	-0.525025693438837	0.599565329839175	0.999831983216163
ENSMUSG00000027509	1296.12623030557	0.0358402324048721	0.0986007621178038	0.363439554801647	0.716276558420515	0.999831983216163
ENSMUSG00000075318	16368.2557418946	-0.0999850767456358	0.0964426000154504	-1.03705751519492	0.299709053362433	0.999831983216163
ENSMUSG00000056941	780.796386361462	0.0334105120657793	0.0960355796871334	0.347876537391644	0.727932906486679	0.999831983216163
ENSMUSG00000070953	696.15985628002	-0.0247929728436026	0.0978979819262961	-0.253250723902626	0.800074471703326	0.999831983216163
ENSMUSG00000049692	22.9110195614289	-0.0300751760051428	0.0973588536295731	-0.310395686844708	0.756260073684592	0.999831983216163
ENSMUSG00000027198	1232.37408413392	0.10895773903303	0.0921205250361652	1.18263484817117	0.2369538952791	0.999831983216163
ENSMUSG00000068290	2080.92717619197	0.0360354682966527	0.0845404905407677	0.426237169230329	0.669935035778914	0.999831983216163
ENSMUSG00000026648	357.441165379227	-0.159370901504119	0.111735253317478	-1.42679228126155	0.153639776708589	0.999831983216163
ENSMUSG00000038844	650.019756357338	0.0617532847577455	0.100099627745951	0.616923563330607	0.537285143823519	0.999831983216163
ENSMUSG00000078861	1047.83921627224	-0.0148954294438403	0.0985056646693851	-0.151224899283379	0.879798309376462	0.999831983216163
ENSMUSG00000027584	615.176561569385	0.150122905166289	0.113211969570414	1.31008675436018	0.190166488820114	0.999831983216163
ENSMUSG00000050043	6114.91692230253	0.037469620847017	0.0781691815842291	0.479328118935351	0.631705221190382	0.999831983216163
ENSMUSG00000038705	1220.79992602636	0.0031996345776965	0.0929075519106147	0.0344380188037817	0.972527866819445	0.999831983216163
ENSMUSG00000027300	392.376751882024	0.0937670150376261	0.106903780201577	0.877007619533136	0.380482499480199	0.999831983216163
ENSMUSG00000038324	7005.46647519789	-0.0361354700621048	0.0769881232327089	-0.469374430535137	0.638802021757374	0.999831983216163
ENSMUSG00000027353	308.216697869914	-0.0801427895208975	0.112297918633807	-0.713880029782124	0.475301367053268	0.999831983216163
ENSMUSG00000026825	36437.6942051252	0.0213872525692202	0.08553691223648	0.25002726816514	0.802566261245905	0.999831983216163
ENSMUSG00000027189	11948.686208721	-0.0607829157186706	0.0962525274638273	-0.631611569869951	0.527640724465841	0.999831983216163
ENSMUSG00000026842	1987.96373762369	-0.0279072203821968	0.0861405695750266	-0.323982188495046	0.745951519098348	0.999831983216163
ENSMUSG00000074529	24.6085615639761	0.0415508840227778	0.0991007485392616	0.417629008101014	0.676218384446237	0.999831983216163
ENSMUSG00000053916	120.427720107421	-0.0122714805131704	0.121672181069688	-0.100847980261602	0.919671138219394	0.999831983216163
ENSMUSG00000005883	18.2369398342585	0.0712612706637021	0.0904777813237924	0.779821725097943	0.435495816867766	0.999831983216163
ENSMUSG00000017943	2417.94770123576	-0.0829543134677967	0.0855697562713986	-0.969487316398846	0.332302105530027	0.999831983216163
ENSMUSG00000035168	3914.70704617221	0.0792248370304368	0.0925158356059473	0.856198418831388	0.391888037042733	0.999831983216163
ENSMUSG00000055485	9565.45440129618	0.00114563052077728	0.0958453806058608	0.0119536293783148	0.990462610805764	0.999831983216163
ENSMUSG00000066798	901.440274629076	-0.0746977731934629	0.0972011186160438	-0.768535194475377	0.442169289850335	0.999831983216163
ENSMUSG00000056486	4252.37165836328	0.069403203707793	0.0911558472215268	0.761282296061921	0.446488472633378	0.999831983216163
ENSMUSG00000006494	1052.30126818145	-0.00576066821787465	0.0962852700436483	-0.0598275304954103	0.952292998680195	0.999831983216163
ENSMUSG00000055612	33.7156108907174	-0.0665147589440354	0.105756851405405	-0.633106359861126	0.526664189396389	0.999831983216163
ENSMUSG00000074771	59.931161547004	-0.00605066265935931	0.117136881746188	-0.0516449687594275	0.958811587238692	0.999831983216163
ENSMUSG00000002107	8476.61813750937	-0.123201940404214	0.0828521605849497	-1.48722767644202	0.13695468867386	0.999831983216163
ENSMUSG00000027589	7075.4499906678	-0.0412955797066288	0.0809440802763618	-0.51019343905052	0.609915948223667	0.999831983216163
ENSMUSG00000026933	4336.72752920437	-0.101301606672551	0.0867668811726643	-1.16768199155161	0.242935063482503	0.999831983216163
ENSMUSG00000076434	17.3154443194878	-0.0423277756724013	0.0886616295941205	-0.482232461067561	0.629640819517483	0.999831983216163
ENSMUSG00000027109	3579.84291634357	0.0122401169258285	0.0857929189772371	0.142671333339266	0.886549757750178	0.999831983216163
ENSMUSG00000039108	3118.47907471946	0.00206544312658557	0.0817351455032755	0.025270402239674	0.979839281980191	0.999831983216163
ENSMUSG00000026932	8461.00119892312	-0.064057539429987	0.0782232434713417	-0.818948081993362	0.412816035520822	0.999831983216163
ENSMUSG00000027377	28.1220607300606	-0.0363792888380986	0.0961861646523645	-0.379965689118978	0.703970884550897	0.999831983216163
ENSMUSG00000036833	774.348962423773	0.0811469187678578	0.107281961508457	0.756165089597161	0.449550220775569	0.999831983216163
ENSMUSG00000048486	1517.21047197596	-0.00577581198431318	0.0904520575524176	-0.0638534744495563	0.949086898642847	0.999831983216163
ENSMUSG00000027002	15327.2944716108	-0.0117518454631357	0.0791584003071873	-0.148461384032283	0.881978659266145	0.999831983216163
ENSMUSG00000038533	2005.07135737074	0.00422814628117909	0.0848530871716526	0.0498291803941018	0.960258512968668	0.999831983216163
ENSMUSG00000018209	2131.95969878683	-0.0984516807025503	0.0878235031503216	-1.12114077721409	0.262227943759489	0.999831983216163
ENSMUSG00000026778	392.495017325728	0.0485847125360947	0.110888766625029	0.438032297585025	0.661362870882858	0.999831983216163
ENSMUSG00000032802	3195.05714395952	0.0416740448269517	0.0850387313941964	0.490034230707954	0.624109676542077	0.999831983216163
ENSMUSG00000026761	3666.43509172649	-0.0155553497739681	0.0848063065563233	-0.183424995088614	0.85446456531153	0.999831983216163
ENSMUSG00000017664	1586.36836949854	-0.139959307000141	0.0861651028904064	-1.62435773176591	0.104299482551947	0.999831983216163
ENSMUSG00000027087	2598.09409174068	0.156745677700275	0.0895806927981421	1.74941662871703	0.0802190285433914	0.999831983216163
ENSMUSG00000026922	38.3568976741347	0.0802046637858442	0.107116601400622	0.74295140669711	0.457511100819732	0.999831983216163
ENSMUSG00000038383	944.060511414293	0.0950434744051777	0.0942697902411913	1.00812013759267	0.313396791270106	0.999831983216163
ENSMUSG00000002105	1191.00326684206	0.141573552962287	0.0991434319299725	1.42742583382958	0.153457188843399	0.999831983216163
ENSMUSG00000027358	59.1753394439194	-0.013529116792956	0.113874472344496	-0.1190477898197	0.905237494161558	0.999831983216163
ENSMUSG00000026774	11.8073635210417	-0.0259933711205788	0.0777514071855543	-0.336948226626797	0.736155929255199	0.999831983216163
ENSMUSG00000043110	18.8294615134317	0.0578950395334838	0.0914731634171421	0.627935868664453	0.530045952600684	0.999831983216163
ENSMUSG00000026927	2954.72984799885	-0.0294597663671683	0.0960162381882367	-0.306836318983593	0.758967962274538	0.999831983216163
ENSMUSG00000038840	24.8932890569229	0.123944588562966	0.0981224581574073	1.24652280154087	0.212572523497942	0.999831983216163
ENSMUSG00000027180	5210.74661095684	-0.124374019163322	0.0777318278107143	-1.60016116636215	0.109562834593849	0.999831983216163
ENSMUSG00000033808	1592.80768778788	0.0284094888266403	0.0858021877813356	0.331104323532846	0.740565685958157	0.999831983216163
ENSMUSG00000050808	95.5510405806677	0.0139389553738873	0.121310706905317	0.114939622709276	0.908492978818189	0.999831983216163
ENSMUSG00000027282	6159.97205897575	-0.0425051668522035	0.0853718764823862	-0.497904219895546	0.618551552842836	0.999831983216163
ENSMUSG00000027200	5821.54755114037	-0.0433538469206007	0.0925833083020797	-0.46831169750859	0.639561704496157	0.999831983216163
ENSMUSG00000027430	1280.63714605013	0.149351577478066	0.0923981953695413	1.6161902470716	0.106053186784044	0.999831983216163
ENSMUSG00000027603	2659.44707125052	0.0812554431381139	0.0851912726783886	0.953718216732478	0.340226296544626	0.999831983216163
ENSMUSG00000026790	5809.15725708332	-0.0502419358972287	0.0885461017388209	-0.567448743662296	0.570409341107898	0.999831983216163
ENSMUSG00000014867	404.69834151143	-0.0677592421778106	0.106126361527708	-0.638534639968822	0.523125712402903	0.999831983216163
ENSMUSG00000039913	1506.7688327039	-0.0849575002822859	0.088823236134351	-0.956502214891802	0.338818565896839	0.999831983216163
ENSMUSG00000026662	1474.54575128006	-0.0231459466598382	0.0879182410673339	-0.263264505207394	0.792346715688311	0.999831983216163
ENSMUSG00000026764	38992.8783480587	-0.0789313174355117	0.089987415341014	-0.877287763582972	0.380330356833669	0.999831983216163
ENSMUSG00000026785	43.0126168139286	0.139787107691767	0.11134706138142	1.24437289033947	0.213362355607724	0.999831983216163
ENSMUSG00000027285	726.689123985044	-0.187645297505053	0.113455421346951	-1.65607099267369	0.0977074428441756	0.999831983216163
ENSMUSG00000026917	1297.6051373179	-0.0145635583081576	0.0913959917329389	-0.159341145654957	0.873400105299163	0.999831983216163
ENSMUSG00000026723	324.588315656072	0.0628071402363238	0.110640718722355	0.567549582119644	0.570340850213954	0.999831983216163
ENSMUSG00000074884	1132.30697634108	-0.0654083021664733	0.0946061337548292	-0.691410467025357	0.489307628154257	0.999831983216163
ENSMUSG00000027346	6180.19255220945	-0.0153148955305222	0.0773646163377752	-0.197959403897787	0.84307682611533	0.999831983216163
ENSMUSG00000027007	3133.26812720484	0.0501766130994006	0.0811849898607582	0.61803890978896	0.536549690234236	0.999831983216163
ENSMUSG00000026788	1038.79283620053	-0.105354402756529	0.0924953350748071	-1.13908556767254	0.254667466465982	0.999831983216163
ENSMUSG00000027177	6240.43367216901	-0.0142375506529911	0.0868497975241484	-0.163937490738487	0.869780353006297	0.999831983216163
ENSMUSG00000026941	159.713855237229	-0.0895052509693095	0.121885322445894	-0.735614786871289	0.46196516110632	0.999831983216163
ENSMUSG00000051149	263.568147315134	-0.169291508585594	0.114185932986957	-1.48322277707217	0.13801523154566	0.999831983216163
ENSMUSG00000068264	383.603484341988	-0.0428607773008128	0.108308242829634	-0.395715714478062	0.692314761373752	0.999831983216163
ENSMUSG00000026803	700.275051460925	-0.184026899360478	0.103542917416008	-1.77777757995431	0.0754403921299493	0.999831983216163
ENSMUSG00000026753	3142.02911296672	-0.0455477891903784	0.0831977646818518	-0.547487894939831	0.584043584611435	0.999831983216163
ENSMUSG00000017734	4283.70080586855	-0.025774232756167	0.088040531960549	-0.292768074453022	0.769699432421561	0.999831983216163
ENSMUSG00000017652	13.6376532459909	-0.0269596351114579	0.0792716542958259	-0.343776093464179	0.731014680326393	0.999831983216163
ENSMUSG00000015092	670.288024350147	-0.0864200999997738	0.0983388811715988	-0.878816609996905	0.379500718755025	0.999831983216163
ENSMUSG00000006471	268.0507047416	-0.035074546209282	0.114580304642168	-0.306092426150477	0.759534274410741	0.999831983216163
ENSMUSG00000037902	14175.5690601739	-0.0349195170864887	0.0774421041890472	-0.450924089209645	0.652044261040766	0.999831983216163
ENSMUSG00000068134	905.75768221861	0.0950657485194711	0.0982250520141486	0.967765307617161	0.333161593611784	0.999831983216163
ENSMUSG00000040174	489.35448932332	0.00679315645039459	0.109067503342246	0.0622732798573948	0.950345206751853	0.999831983216163
ENSMUSG00000026858	3059.52523159781	0.0274591773625667	0.0862499666538131	0.318359006710416	0.750212629768181	0.999831983216163
ENSMUSG00000027367	4130.68739656584	-0.0118919210894297	0.0790873637925777	-0.150365555139669	0.880476215279155	0.999831983216163
ENSMUSG00000040479	19920.2879041422	-0.0511912423928253	0.0807016505582818	-0.634363011925953	0.525843942691906	0.999831983216163
ENSMUSG00000027131	2507.47758013915	-0.0149747011659517	0.0833597918565528	-0.179640250639553	0.857435003236548	0.999831983216163
ENSMUSG00000026887	559.605995852808	0.0319365770243213	0.101501878834822	0.314626858320385	0.753044984087265	0.999831983216163
ENSMUSG00000039041	1649.43263812626	-0.00758447555856326	0.0880716923388374	-0.0861151451900245	0.93137488422865	0.999831983216163
ENSMUSG00000039128	2376.12022354092	0.105955664738363	0.0822798381964539	1.28767457099342	0.197859269003398	0.999831983216163
ENSMUSG00000027574	744.933488064942	-0.00809178705824092	0.0993255839763985	-0.0814694521621914	0.935068617744878	0.999831983216163
ENSMUSG00000008333	860.160260071786	0.0819625268764065	0.0991623954861479	0.826495291727629	0.408523187801433	0.999831983216163
ENSMUSG00000042548	1746.30555361412	0.11080605098668	0.0900622384271897	1.23017475637894	0.218631670717135	0.999831983216163
ENSMUSG00000026830	4363.39132302079	-0.0212794307904402	0.0922578425850165	-0.230664633420265	0.817575351061304	0.999831983216163
ENSMUSG00000068205	1797.00851520586	-0.0434137042920023	0.088160632806531	-0.492459202504796	0.622394756104721	0.999831983216163
ENSMUSG00000016257	1632.1352907934	0.0201623544365546	0.0901668475889795	0.22361338557443	0.823058147217566	0.999831983216163
ENSMUSG00000000305	703.058535916895	-0.10597201276405	0.102313128385952	-1.03600104600895	0.300201654525387	0.999831983216163
ENSMUSG00000039164	196.044533614509	-0.065067083827881	0.117825350887044	-0.552280751312908	0.58075601639029	0.999831983216163
ENSMUSG00000040133	308.707934238862	0.0618988420549807	0.113247114125139	0.546410237143351	0.584783974727475	0.999831983216163
ENSMUSG00000001767	1006.29191983166	-0.00336411975768132	0.0936407119082301	-0.0359267247061952	0.971340786384934	0.999831983216163
ENSMUSG00000037708	27.0460707717189	-0.0813971315580163	0.101896556693674	-0.807200696650842	0.419550864448873	0.999831983216163
ENSMUSG00000039501	2114.85432412001	-0.0315129037085308	0.088610575156993	-0.35564711672009	0.722104853543836	0.999831983216163
ENSMUSG00000026966	813.197231275492	-0.0463552042747852	0.105513741925835	-0.439396965938092	0.660373924581803	0.999831983216163
ENSMUSG00000027171	86.0154632341198	-0.0684747237156047	0.12098865981279	-0.566818162505084	0.570837729535546	0.999831983216163
ENSMUSG00000048707	3058.11417355847	-0.11335560194129	0.10748850460322	-1.05525538628899	0.291308539273311	0.999831983216163
ENSMUSG00000037523	514.105288110926	-0.015946767188923	0.102031346636971	-0.156289974959409	0.875804458060318	0.999831983216163
ENSMUSG00000079043	40.12707417536	0.00627947376668962	0.11044384243062	0.0568741964760924	0.954645409261676	0.999831983216163
ENSMUSG00000027474	125.81850730795	0.0228951858490718	0.12186065871366	0.187656337917832	0.851146059403415	0.999831983216163
ENSMUSG00000033943	5469.51001509559	-0.0607302621800603	0.100206221823979	-0.606202393014423	0.544380363924575	0.999831983216163
ENSMUSG00000046338	15.4254405874519	-0.00338162567457265	0.0845277622423442	-0.0400153464019188	0.968080891432748	0.999831983216163
ENSMUSG00000027463	93.0581774208865	0.0300768027502834	0.121360663038744	0.247610025628372	0.804436152922687	0.999831983216163
ENSMUSG00000027296	1904.72640862887	-0.0924685805605701	0.0924600235075047	-1.00025503195646	0.317187103066443	0.999831983216163
ENSMUSG00000058740	12755.959424305	0.0414063711551813	0.0913131338353507	0.453412091672245	0.650252031110133	0.999831983216163
ENSMUSG00000046814	47.168776753056	0.0413571100687508	0.113227713427488	0.364778508361882	0.715276749129524	0.999831983216163
ENSMUSG00000037938	261.605921428686	0.151624800306507	0.113991848207712	1.32929301509788	0.18375131781272	0.999831983216163
ENSMUSG00000098789	50.0461865059801	-0.0638534403313744	0.114519256936967	-0.559886975764437	0.575556533016787	0.999831983216163
ENSMUSG00000074934	101.812117756608	0.104915916928	0.120438957684781	0.868065558828696	0.385358444173374	0.999831983216163
ENSMUSG00000027223	9820.10837607986	-0.0845377526815653	0.0816575893394794	-1.03536392688225	0.300498985583678	0.999831983216163
ENSMUSG00000060336	263.399046058993	0.0578967948987447	0.117507311869123	0.492487057464662	0.622375069177983	0.999831983216163
ENSMUSG00000017299	702.708123629778	-0.0145117819566886	0.0998935816798149	-0.145265755065118	0.884501051386281	0.999831983216163
ENSMUSG00000051747	87.6158798010709	0.0382660521906783	0.121364331985198	0.315187929688183	0.752618969573782	0.999831983216163
ENSMUSG00000032680	110.635166395455	0.0922184324442878	0.121885884715686	0.75524072072543	0.450104559765866	0.999831983216163
ENSMUSG00000034101	503.787175232704	-0.066430734471729	0.102955040997004	-0.645228734030735	0.51877896799109	0.999831983216163
ENSMUSG00000059588	450.812192923207	-0.165903479608213	0.107140112624509	-1.54894744560321	0.121394354151623	0.999831983216163
ENSMUSG00000026827	4118.13773623752	0.0142936542168369	0.0807315563691616	0.177050501208147	0.859468721890777	0.999831983216163
ENSMUSG00000034848	933.237998132504	0.0170589109427564	0.104653316309098	0.163009979206245	0.870510577497851	0.999831983216163
ENSMUSG00000027546	10396.3714165758	0.0254072970417025	0.0761695049080045	0.333556821893946	0.738714004979133	0.999831983216163
ENSMUSG00000079502	16.8701960728108	0.0602559560334877	0.0861894128126901	0.689615913319984	0.490435757374166	0.999831983216163
ENSMUSG00000009549	2031.40920118081	0.118149809110274	0.0976022693923892	1.21017802759389	0.226210587442119	0.999831983216163
ENSMUSG00000049744	164.757379746855	-0.0657609319180272	0.119958907513836	-0.548601207685697	0.583279156871513	0.999831983216163
ENSMUSG00000053702	5066.61196432669	-0.0632878509704081	0.0956499884475255	-0.661777344207077	0.508113927807062	0.999831983216163
ENSMUSG00000027078	142.125152282499	0.151224219877526	0.121839924937847	1.23803931764403	0.215701482503825	0.999831983216163
ENSMUSG00000000826	14230.0323633456	-0.0297128931631582	0.0760293120100904	-0.390816726829341	0.695932710130043	0.999831983216163
ENSMUSG00000036281	1150.6743142344	0.0205978782298862	0.099657800712796	0.206665291424258	0.836271265608965	0.999831983216163
ENSMUSG00000042272	5470.73414808819	-0.00660177188032123	0.0922276550179582	-0.0715823186438413	0.942934311651374	0.999831983216163
ENSMUSG00000078901	10.8683767585009	-0.0747433749554023	0.0747367460234294	-1.03438728198234	0.300955147587592	0.999831983216163
ENSMUSG00000027447	11620.665728419	0.13174109725124	0.0994303152285438	1.32432142090017	0.185396319296836	0.999831983216163
ENSMUSG00000026880	925.365342112313	-0.100566877156247	0.0997348533040922	-1.00841966475096	0.313253036387824	0.999831983216163
ENSMUSG00000026676	314.967144653093	0.0763303223490795	0.103145531135508	0.732061280338128	0.464131165433963	0.999831983216163
ENSMUSG00000026864	10838.3952915265	-0.096943885088512	0.0813024980114036	-1.19250481264377	0.23306336481006	0.999831983216163
ENSMUSG00000016349	50199.5461452194	0.0025396639603488	0.08127834096008	0.03124711527263	0.975072465687188	0.999831983216163
ENSMUSG00000026857	547.061697079261	0.0625183115560613	0.101565465006707	0.615511872243271	0.53821673128187	0.999831983216163
ENSMUSG00000015083	25.2097767451426	-0.00618696898511922	0.098272107675301	-0.0629071170506873	0.949840467484963	0.999831983216163
ENSMUSG00000027259	1593.92335195775	-0.0295927124161292	0.0870807528232796	-0.339838569972839	0.733978100072226	0.999831983216163
ENSMUSG00000027408	159.372378221167	-0.0957236256347337	0.120343665814328	-0.795816760721351	0.426138548336178	0.999831983216163
ENSMUSG00000039873	20.5389803763147	0.0448913914283828	0.090340141612195	0.492009520678864	0.622712613101765	0.999831983216163
ENSMUSG00000035093	5920.24702848794	-0.132734683102657	0.0841769225989373	-1.57710712305239	0.114770878503524	0.999831983216163
ENSMUSG00000027384	1007.3457272934	0.0112331587808671	0.0943961018337509	0.118998100752634	0.905276860470475	0.999831983216163
ENSMUSG00000026755	680.118949656082	-0.137162773578235	0.0993633921343035	-1.38055211285202	0.1674167159273	0.999831983216163
ENSMUSG00000075307	10.8748748981601	0.00849857550268407	0.0701131443128696	0.120785326593505	0.903861072688207	0.999831983216163
ENSMUSG00000017861	20.0991997381253	0.0796323510072523	0.0922039158133803	0.853656760716758	0.393295198679729	0.999831983216163
ENSMUSG00000033498	59.2566967424603	0.199122507463093	0.116799653355921	1.69020058222962	0.0909895870398192	0.999831983216163
ENSMUSG00000023236	6070.06377274268	0.0969600678472222	0.0853814813224827	1.13547183995585	0.256177674224825	0.999831983216163
ENSMUSG00000053166	2145.05183370049	-0.131658317996949	0.084364485955779	-1.56068632167783	0.1185977801695	0.999831983216163
ENSMUSG00000026904	12179.033318286	-0.00222741923116354	0.0823853378677439	-0.0270361660315642	0.978430888244521	0.999831983216163
ENSMUSG00000086598	13.5862985061749	-0.0663357372208734	0.0815532019856265	-0.830119115053128	0.406471440648803	0.999831983216163
ENSMUSG00000075224	225.784117463724	-0.0601019795090689	0.119123070313006	-0.504774063413099	0.613717534697299	0.999831983216163
ENSMUSG00000027288	8343.74449875257	0.0116320912339696	0.0913845830780001	0.127286276380647	0.898713821816558	0.999831983216163
ENSMUSG00000027091	4018.1115451375	0.0612680330724908	0.0896560976570432	0.683313485826101	0.494408774375437	0.999831983216163
ENSMUSG00000051413	573.961110551388	-0.0269280231919312	0.102636818653615	-0.26237159886008	0.7930349667271	0.999831983216163
ENSMUSG00000078879	14.7173760413723	-0.0747854263170145	0.0821998159800251	-0.932682236759957	0.350984058989965	0.999831983216163
ENSMUSG00000000194	2250.87269517994	-0.0561121165854078	0.0861773529374966	-0.651137609063921	0.51495766082014	0.999831983216163
ENSMUSG00000040506	2668.74123947864	0.00635408696459936	0.0836623535401676	0.0759485113588222	0.939460061797835	0.999831983216163
ENSMUSG00000057378	961.812395863976	0.137704050599113	0.112098855662217	1.22744327076346	0.219656031357691	0.999831983216163
ENSMUSG00000054484	2796.83442270243	-0.0801915462277187	0.0872222280410474	-0.919451686723072	0.357859364993299	0.999831983216163
ENSMUSG00000040687	7370.29773667578	-0.107568599245118	0.093986538388736	-1.1448113956733	0.252287293729905	0.999831983216163
ENSMUSG00000027457	4889.76017832549	0.0370646586010286	0.0790392085822483	0.468926715068743	0.639122019973715	0.999831983216163
ENSMUSG00000039033	709.745114709398	-0.0101781781048694	0.0974754119725147	-0.104422286285964	0.916834237462248	0.999831983216163
ENSMUSG00000005881	2146.07279707151	0.0332930719094291	0.0870211578074903	0.382568935686925	0.702039406826356	0.999831983216163
ENSMUSG00000027206	5396.93625937681	0.0798667795277897	0.0841100197014155	0.949474560860885	0.342379304394704	0.999831983216163
ENSMUSG00000063873	3735.01161429947	-0.122703554833575	0.0827973568404642	-1.48212496081727	0.138307048305213	0.999831983216163
ENSMUSG00000027324	214.656847482428	-0.0787078141531536	0.117850438933782	-0.668170754077906	0.504024601634599	0.999831983216163
ENSMUSG00000026754	2668.83542484691	-0.00157965073498218	0.0838550372297913	-0.0188372687805237	0.984970922903953	0.999831983216163
ENSMUSG00000023094	388.713508033888	0.075808742029473	0.108698984296531	0.697351980001411	0.485582545448013	0.999831983216163
ENSMUSG00000027374	2231.74368572727	0.0728629473945804	0.0838602800105318	0.868826272646223	0.384942160592333	0.999831983216163
ENSMUSG00000094786	629.018355767843	0.124228306388625	0.105377274052775	1.17857710451712	0.238566612950747	0.999831983216163
ENSMUSG00000027164	1369.74474485065	-0.038606973153388	0.0914146205784565	-0.422341440529137	0.672775814379831	0.999831983216163
ENSMUSG00000036893	1604.13475667519	-0.0432334343837918	0.0906399197033516	-0.476997534608075	0.633363877211654	0.999831983216163
ENSMUSG00000005087	351.252601234895	0.0741445506870504	0.116284007848312	0.637064405711766	0.524082892443426	0.999831983216163
ENSMUSG00000049922	631.080022719015	-0.0417099738461973	0.101017154504111	-0.412927083899923	0.679660037127865	0.999831983216163
ENSMUSG00000039476	42.1978957373169	-0.0686747690381845	0.111856055760409	-0.616402690891424	0.537628777813227	0.999831983216163
ENSMUSG00000027465	1230.38624534375	-0.0937944936431726	0.0905286435922	-1.03608373403819	0.300163080020128	0.999831983216163
ENSMUSG00000045106	318.292050820576	-0.154860448483158	0.112263220117473	-1.38005646935618	0.167569258786197	0.999831983216163
ENSMUSG00000026810	1053.81982573683	-0.0649689696536846	0.100576985731383	-0.645997873185445	0.518280732782151	0.999831983216163
ENSMUSG00000027340	6446.60327962199	0.118399989943681	0.0769889110157411	1.53776062427601	0.124107154480149	0.999831983216163
ENSMUSG00000069020	1094.69723838631	-0.00726368732334506	0.0948894436073087	-0.076545838918041	0.938984846739933	0.999831983216163
ENSMUSG00000026856	521.278471856244	-0.0348680253597984	0.103317182596892	-0.337486723039133	0.735750019174798	0.999831983216163
ENSMUSG00000054455	5365.96913451491	-0.00805509524960171	0.0868942254849044	-0.0926998304349539	0.926142031725795	0.999831983216163
ENSMUSG00000034800	307.293106155201	-0.0268037527340684	0.111308991905815	-0.240792736421886	0.809715759509658	0.999831983216163
ENSMUSG00000027254	27061.8714388193	0.0137953644754443	0.0922691491578227	0.149508207359978	0.881152633618704	0.999831983216163
ENSMUSG00000027428	1570.57143829592	-0.0418261685736419	0.0862899681567746	-0.484726774394156	0.627870171396056	0.999831983216163
ENSMUSG00000027134	2247.30869407625	0.0604481668067838	0.0851662343489336	0.709731076159539	0.477870917304855	0.999831983216163
ENSMUSG00000026820	808.320260293129	-0.0378605084255969	0.105177886787529	-0.359996789687145	0.718849534305451	0.999831983216163
ENSMUSG00000027597	627.276411949449	0.0552487189147235	0.103319875434331	0.534696799717839	0.592859534824018	0.999831983216163
ENSMUSG00000061186	156.284699655481	-0.160004923293592	0.121515630188175	-1.32034916334279	0.186718468258944	0.999831983216163
ENSMUSG00000027605	2498.05489599139	0.00104712023961891	0.0847870071375884	0.0123506435719187	0.990145862701008	0.999831983216163
ENSMUSG00000035000	143.465935355641	-0.176434646528473	0.121522296251569	-1.45496803991385	0.145678109637906	0.999831983216163
ENSMUSG00000027610	749.591350662914	-0.114045636530986	0.0957839807015499	-1.19068478866605	0.233777351681899	0.999831983216163
ENSMUSG00000017764	625.380264594658	-0.0255589457211343	0.0993377210450237	-0.257294298393463	0.796951593558989	0.999831983216163
ENSMUSG00000009030	2227.37552578132	0.0277890997641742	0.0894007457873134	0.310837044093407	0.755924506559218	0.999831983216163
ENSMUSG00000053552	196.088827605229	0.0226944042797399	0.119403797153495	0.189997893525203	0.849310781189546	0.999831983216163
ENSMUSG00000026806	266.696881071091	0.146809630330303	0.117102874341122	1.25229175351048	0.210463572677364	0.999831983216163
ENSMUSG00000027381	357.694059550728	-0.117889111025914	0.109407272288654	-1.07772264944571	0.281157547593821	0.999831983216163
ENSMUSG00000070476	1127.64048248957	0.157571833914105	0.0963303215839217	1.63540812408239	0.101963520482827	0.999831983216163
ENSMUSG00000050896	10.5109799475487	0.0759373319924887	0.0738282662260032	1.00787892793467	0.313512588845134	0.999831983216163
ENSMUSG00000016346	8657.39479629001	-0.0817410558664854	0.0803672118421987	-1.01717208795095	0.309071571715861	0.999831983216163
ENSMUSG00000027360	264.108973444832	-0.00183984150926114	0.117446636945998	-0.0156694145876937	0.987498127624361	0.999831983216163
ENSMUSG00000078862	1589.94461969444	0.0897620794547419	0.0963662563791156	0.931354379856236	0.351670280958858	0.999831983216163
ENSMUSG00000035666	2517.317160072	-0.129104375424509	0.0841208361981266	-1.53486944376959	0.124815900583188	0.999831983216163
ENSMUSG00000058594	2795.48624002176	0.0131007785916727	0.0859685937375592	0.152390775406363	0.87887873226534	0.999831983216163
ENSMUSG00000090213	1211.79969849797	-0.0913531551319056	0.0920512676339987	-0.992442639807685	0.320981647415232	0.999831983216163
ENSMUSG00000027332	3858.04177068257	-0.00374397976558605	0.0858156635959692	-0.0436273280802782	0.96520146777384	0.999831983216163
ENSMUSG00000027281	340.152894423302	-0.0335273607131549	0.111747849708281	-0.30003725358433	0.764148739654599	0.999831983216163
ENSMUSG00000026894	18.4361211137663	0.0303372795681839	0.089016351501462	0.338423986142187	0.735043701048431	0.999831983216163
ENSMUSG00000015085	145.755928453481	0.0831204018113794	0.121883520172913	0.680492834141821	0.496192457615133	0.999831983216163
ENSMUSG00000027238	1809.64999393053	0.0371834210116421	0.0923327224477027	0.402699603440735	0.687169225690767	0.999831983216163
ENSMUSG00000037197	2418.37363297641	0.0769477064023932	0.0823384602626802	0.934485124559702	0.350053705717323	0.999831983216163
ENSMUSG00000026925	1736.41947783867	0.00571398920291611	0.0891793121988447	0.0640734154158385	0.948911769762943	0.999831983216163
ENSMUSG00000027115	99.8404380677317	-0.170727922095562	0.121805407610235	-1.40603229383811	0.159714535505202	0.999831983216163
ENSMUSG00000026775	4853.80919853118	0.0217100251511948	0.0830426906021698	0.261429717478688	0.793761142415151	0.999831983216163
ENSMUSG00000047030	2899.05636254336	0.00269229846295481	0.0835188061121523	0.0322360758280672	0.974283786769373	0.999831983216163
ENSMUSG00000027455	2631.81794726136	0.0713523838569296	0.0821516494111955	0.868504901546339	0.385117990171368	0.999831983216163
ENSMUSG00000048647	78.9681619148851	0.102800598872197	0.120437819244009	0.85059341563657	0.394995248301091	0.999831983216163
ENSMUSG00000074673	87.8578162930218	-0.0426545068743637	0.12116280404154	-0.352491222162483	0.724469900291748	0.999831983216163
ENSMUSG00000026799	430.101365228921	-0.0637385856115699	0.10966241093064	-0.581303405784978	0.561035985621223	0.999831983216163
ENSMUSG00000074916	104.888170751235	0.1147152362305	0.121268635412461	0.942252118614569	0.346063576019552	0.999831983216163
ENSMUSG00000026833	14946.1194245316	-0.0374916990547819	0.0790934083503262	-0.474033437823529	0.635476062800508	0.999831983216163
ENSMUSG00000027011	5736.32251922055	-0.119118214042702	0.0781791916529173	-1.52377482843126	0.127564969563654	0.999831983216163
ENSMUSG00000027425	1028.63766918846	0.00105721122924619	0.0909478529001051	0.0116248865121829	0.990724891434564	0.999831983216163
ENSMUSG00000026798	262.729412955854	-0.0859373458511671	0.114804954860763	-0.748705525882794	0.454034712335336	0.999831983216163
ENSMUSG00000049950	247.837386811136	0.0813728220480026	0.118427324488638	0.686819239204615	0.492196644366317	0.999831983216163
ENSMUSG00000027298	6670.31688483935	-0.0115661721078761	0.0912646183623119	-0.12673324640606	0.899151531163532	0.999831983216163
ENSMUSG00000039536	2963.14512797504	-0.0198101060028415	0.0824788928214379	-0.240187661722077	0.810184778278372	0.999831983216163
ENSMUSG00000027495	769.821739762955	0.0134447737033339	0.097062047475945	0.138514478809218	0.889833827480368	0.999831983216163
ENSMUSG00000040061	34.9931517942453	0.0883590150549064	0.108410796452431	0.809869262402684	0.418015319559961	0.999831983216163
ENSMUSG00000026977	5043.2392306712	-0.1019001611797	0.0841829741381984	-1.21061022355487	0.226044824156545	0.999831983216163
ENSMUSG00000068079	23.7153142792766	-0.035136541284256	0.0937561040448196	-0.376919979769759	0.706233072934646	0.999831983216163
ENSMUSG00000005510	3057.57839910509	-0.0432827201175262	0.0810114245168175	-0.534288649661492	0.593141843847237	0.999831983216163
ENSMUSG00000026841	64.5088713397565	0.144792026527245	0.103705520037257	1.37494086741291	0.16914977800054	0.999831983216163
ENSMUSG00000035392	1651.57633562439	0.00566905713995614	0.0890148922633688	0.0636855836733379	0.949220584005112	0.999831983216163
ENSMUSG00000027006	3433.1535722078	0.104360052802316	0.0866224002139265	1.20463833310388	0.22834295166683	0.999831983216163
ENSMUSG00000026975	805.835289315321	0.103467317263597	0.0987619805661463	1.0474455638359	0.294894126403174	0.999831983216163
ENSMUSG00000006476	3065.53388468322	-0.00292316076014925	0.0908883562692487	-0.0321613059591109	0.974343413576184	0.999831983216163
ENSMUSG00000052406	2180.88823507597	-0.0104173047456424	0.0862915794703354	-0.120720514510921	0.903912409601916	0.999831983216163
ENSMUSG00000027365	4007.17513722324	0.0250159141903257	0.0846084545496232	0.295663133274549	0.767487354418301	0.999831983216163
ENSMUSG00000040591	2280.20195629346	0.062612384455658	0.0839759663252708	0.745574179138015	0.455924685573308	0.999831983216163
ENSMUSG00000027525	3599.9715557417	-0.113139216194456	0.0861475203280139	-1.31346505948828	0.189026287187535	0.999831983216163
ENSMUSG00000027349	1380.09064743891	0.00349436015093281	0.103416850752073	0.0337893241245129	0.973045149200291	0.999831983216163
ENSMUSG00000039804	2726.87937042314	0.0107437027204884	0.0905891671724425	0.118593344672885	0.905597538322255	0.999831983216163
ENSMUSG00000039046	1690.93985474781	-0.105485668398565	0.0968324613281287	-1.08961787421514	0.275881506114547	0.999831983216163
ENSMUSG00000035183	1429.7464119795	0.136357745169614	0.0921518480865715	1.47942599577632	0.139026496600065	0.999831983216163
ENSMUSG00000074627	47.5352398117454	-0.00330201013139401	0.113598863024331	-0.0290619166789616	0.976815209046871	0.999831983216163
ENSMUSG00000033396	995.465498064632	-0.145971601283452	0.0968226203966704	-1.50790287760678	0.131579386065842	0.999831983216163
ENSMUSG00000026999	850.342002568021	0.0199682883333247	0.100045240564406	0.199596147870977	0.841796440718095	0.999831983216163
ENSMUSG00000044042	469.682913753103	0.154573502351871	0.114970244798499	1.34332900494342	0.179165464153666	0.999831983216163
ENSMUSG00000038467	5495.59955732865	0.019358907188151	0.0917422255586779	0.211004542098567	0.832883727068797	0.999831983216163
ENSMUSG00000057147	539.631421485469	-0.0561058840092416	0.106381471176638	-0.527443665684515	0.597885527256608	0.999831983216163
ENSMUSG00000050592	329.710639387126	0.0463301966880381	0.11103561322049	0.417209888468703	0.676524892962715	0.999831983216163
ENSMUSG00000027018	955.647001711601	-0.00424756644060522	0.0938990697366058	-0.0452366006163114	0.963918721025599	0.999831983216163
ENSMUSG00000026848	529.809400380993	-0.0799112823551887	0.105659811048929	-0.756418794141732	0.449398143273163	0.999831983216163
ENSMUSG00000026743	1688.31444546227	-0.0162922483282786	0.0867897183793185	-0.187721336220902	0.851095103722139	0.999831983216163
ENSMUSG00000036327	797.518608189785	0.0129289281407604	0.103935357559881	0.124380264785748	0.901014198420071	0.999831983216163
ENSMUSG00000027248	7752.9125404358	-0.0707689497965516	0.0912596343248044	-0.775575659108833	0.437999576931052	0.999831983216163
ENSMUSG00000009563	582.779704913005	0.0597568877358259	0.101927445404897	0.586183590528482	0.557752147708323	0.999831983216163
ENSMUSG00000043241	2374.08353745572	0.139271646796764	0.106271889599082	1.30962601767688	0.19032238238088	0.999831983216163
ENSMUSG00000009207	2811.02021853766	0.0230907244318636	0.0937418920437725	0.246319235834127	0.805435120548332	0.999831983216163
ENSMUSG00000027076	460.337037950051	0.0114632352743459	0.10568184223841	0.108460925302258	0.913630074705869	0.999831983216163
ENSMUSG00000027193	4386.06632296152	-0.06854506589072	0.0823231443320205	-0.832689705128891	0.40501975210802	0.999831983216163
ENSMUSG00000033705	1131.42101269232	-0.0954102886575138	0.102688772814722	-0.929444418228367	0.352658817429419	0.999831983216163
ENSMUSG00000026987	3117.9279886362	0.0138085934561515	0.087625095245416	0.15758807823621	0.874781398372574	0.999831983216163
ENSMUSG00000039092	12.0355829971861	-0.00667268877526875	0.077570192389642	-0.0861651093749986	0.931335166206834	0.999831983216163
ENSMUSG00000027350	24948.8035938295	-0.0384890005709348	0.0792024236565103	-0.485977059383126	0.626983431099013	0.999831983216163
ENSMUSG00000026727	817.005500477212	-0.142701071185996	0.0976106426553822	-1.46202044805785	0.143735606550509	0.999831983216163
ENSMUSG00000039059	451.489075973617	0.0213690228615566	0.104728428510677	0.204039561124656	0.838322583847008	0.999831983216163
ENSMUSG00000037773	584.177540335847	0.0976366148480922	0.102195782292019	0.95521607734172	0.339468437068956	0.999831983216163
ENSMUSG00000010505	2816.19595204828	-0.117578335238563	0.0985990668591372	-1.19289864545781	0.232909069798053	0.999831983216163
ENSMUSG00000049897	12.1070972184154	0.0028422540145052	0.0779750155051497	0.036413965778016	0.970952278484574	0.999831983216163
ENSMUSG00000002550	1280.82095412008	-0.0168216711916476	0.0918668704329055	-0.183110987074655	0.854710935090254	0.999831983216163
ENSMUSG00000035437	4033.09320243163	0.0403077264269911	0.0870377260272765	0.463090178497231	0.643299729633414	0.999831983216163
ENSMUSG00000027342	1558.13839569463	0.0690124573111751	0.0881750233036133	0.782659096994154	0.433827327808771	0.999831983216163
ENSMUSG00000026829	40.6915104985591	-0.140247998552719	0.110026761674301	-1.28860011580436	0.197537143151983	0.999831983216163
ENSMUSG00000016252	1977.69718223834	-0.064363581064467	0.093710103467306	-0.686905060761925	0.49214255762566	0.999831983216163
ENSMUSG00000017697	103.610148708472	-0.0467668372598657	0.121133043363903	-0.386253977099148	0.699308581598238	0.999831983216163
ENSMUSG00000027291	3038.64381361413	0.0855343500729436	0.0804465703269881	1.0631909115532	0.287695383104429	0.999831983216163
ENSMUSG00000033059	6616.60110467754	0.14128759357453	0.0815854103467621	1.73152869084345	0.0833575122446677	0.999831983216163
ENSMUSG00000027132	991.670658898695	0.0217676432464374	0.095326311712225	0.228333249912814	0.819387177506215	0.999831983216163
ENSMUSG00000000247	36.8806631093473	-0.00716043077229005	0.0543033528521865	-0.133028246642954	0.894171041436054	0.999831983216163
ENSMUSG00000026979	19.1283871614197	0.131327117841585	0.0872952006478707	1.47213522429625	0.140984365174179	0.999831983216163
ENSMUSG00000078877	537.754214141838	0.048373867737858	0.107713844295938	0.449074291720278	0.653378065115023	0.999831983216163
ENSMUSG00000044647	1720.2040531056	0.0126599961724691	0.100626310205908	0.125814538742482	0.89987873297493	0.999831983216163
ENSMUSG00000018326	14364.7209359885	0.0201476850157107	0.0768133178895479	0.262290235598374	0.793097689446492	0.999831983216163
ENSMUSG00000035772	1052.57138187202	0.0797844732560763	0.0915617587613508	0.87134253328727	0.383567153243086	0.999831983216163
ENSMUSG00000026889	2137.48060781296	-0.0434720486921186	0.0845981660569156	-0.51388395205601	0.607333128056381	0.999831983216163
ENSMUSG00000078894	10.9006261350659	0.0672845000488574	0.0743720312627681	0.890735830353576	0.37307090781459	0.999831983216163
ENSMUSG00000035399	568.829215472611	-0.093209935499752	0.104997985200285	-0.887802322731017	0.374647093294689	0.999831983216163
ENSMUSG00000050619	468.644169790808	-0.0270938986290951	0.108317423450662	-0.250175806382282	0.802451394177064	0.999831983216163
ENSMUSG00000007476	935.768706068474	-0.00119938034248515	0.0989469946064478	-0.0121203130984048	0.990329626073461	0.999831983216163
ENSMUSG00000052033	519.725015768563	0.103638142986194	0.106793805653783	0.970229580395509	0.33193206930306	0.999831983216163
ENSMUSG00000027406	7316.37702437517	0.0297055923521589	0.0809383219925311	0.367005021384032	0.713615272452983	0.999831983216163
ENSMUSG00000010911	839.755866389286	-0.0261836130052937	0.0967020963736333	-0.270784727393894	0.786556606961916	0.999831983216163
ENSMUSG00000055943	6056.03770528264	-0.0546940228433603	0.0820621402296853	-0.666535781223209	0.505068700929751	0.999831983216163
ENSMUSG00000044320	33.9556215955932	0.0225163027363767	0.107047147934406	0.209826669514998	0.833802957124367	0.999831983216163
ENSMUSG00000027185	1265.97033491812	-0.00774991008048562	0.0914099390639769	-0.0847830467943417	0.932433871704311	0.999831983216163
ENSMUSG00000045319	411.884024822056	-0.0337865686380767	0.107722899187094	-0.31365825437628	0.753780609942929	0.999831983216163
ENSMUSG00000095315	193.490487190403	0.00187223884492097	0.118385980165685	0.0158139230948166	0.987382840802653	0.999831983216163
ENSMUSG00000039157	2512.93936445107	0.0131975734042231	0.0847930561366015	0.155643734358915	0.876313849970591	0.999831983216163
ENSMUSG00000034032	785.937886262431	0.072024091096257	0.0974213549092095	0.739219622873974	0.459773647145295	0.999831983216163
ENSMUSG00000026878	10512.9508694661	-0.0155632611884676	0.0796148896896514	-0.195484379510897	0.845013765130798	0.999831983216163
ENSMUSG00000015095	2183.70395975418	0.0431045035582855	0.09493974467244	0.45396260389162	0.649855742925584	0.999831983216163
ENSMUSG00000026805	483.245172718595	-0.0890519216699082	0.10333890470668	-0.861735547039411	0.388833059731305	0.999831983216163
ENSMUSG00000036093	7495.45624892496	-0.0986159064616403	0.0958574977042771	-1.02907897849413	0.303442563505158	0.999831983216163
ENSMUSG00000036591	13956.1155527208	-0.00336633184763348	0.0758190736075163	-0.0443990938982608	0.964586283902666	0.999831983216163
ENSMUSG00000000876	426.809284856209	-0.111062243147263	0.107609954499477	-1.03216723494882	0.301993781284813	0.999831983216163
ENSMUSG00000037761	230.815840247715	0.00862083866595822	0.115757243363886	0.0744596441734657	0.940644651274502	0.999831983216163
ENSMUSG00000037740	1090.2729022293	-0.00434306408318385	0.0928433197733613	-0.0467763481120648	0.96269147986647	0.999831983216163
ENSMUSG00000074825	66.7624397740822	0.0628559193338934	0.116721484673593	0.536122437034724	0.591873934334094	0.999831983216163
ENSMUSG00000043535	4523.35172008877	-0.0310267894172378	0.0978094580525288	-0.317254254102489	0.751050685646751	0.999831983216163
ENSMUSG00000035875	14.6789345966484	-0.028101453429254	0.0787392668466	-0.360703817355851	0.718320870733812	0.999831983216163
ENSMUSG00000039356	472.992126271223	0.0594412197736064	0.108564960816559	0.547370537809207	0.584124192051815	0.999831983216163
ENSMUSG00000026994	14.0058343494183	0.0628687697107446	0.0823983757261308	0.751968131171789	0.452070224004401	0.999831983216163
ENSMUSG00000038932	12.0813729692327	-0.126036992478477	0.0773721153923542	-1.72329306983534	0.0848355403689195	0.999831983216163
ENSMUSG00000048058	802.346508101567	-0.0852966036449089	0.108685044893441	-0.784999694572997	0.432453747670574	0.999831983216163
ENSMUSG00000027108	3055.93242823457	-0.00244502536476799	0.0849906140223124	-0.0287680566441435	0.977049577435419	0.999831983216163
ENSMUSG00000016344	811.119313636778	-0.108740751930893	0.0965805765842482	-1.12589942223985	0.2602080939501	0.999831983216163
ENSMUSG00000061411	1174.41949660657	0.00396839753708683	0.0905338637554982	0.043833241760902	0.965037329446524	0.999831983216163
ENSMUSG00000027204	222.872749693942	0.0696648105870104	0.117483005585724	0.592694816033105	0.553385411375541	0.999831983216163
ENSMUSG00000033902	2075.81169982372	-0.0844195851529467	0.104423324807974	-0.808717891987674	0.4186774342299	0.999831983216163
ENSMUSG00000019188	3101.07245630687	0.034618821437726	0.0824447126679729	0.419890065756572	0.674565765301547	0.999831983216163
ENSMUSG00000026914	2708.49879106196	0.0346663738755036	0.0842275234832288	0.411574289141814	0.680651479865005	0.999831983216163
ENSMUSG00000025782	948.270678299049	-0.0159209591977959	0.100896689525858	-0.157806651008209	0.874609157584632	0.999831983216163
ENSMUSG00000026767	1437.79682483389	0.0221353983599886	0.0934017468094696	0.236991917703153	0.81266306041338	0.999831983216163
ENSMUSG00000027394	1397.15396209999	0.0255587890630114	0.0932233553971166	0.274167443414772	0.783955946229221	0.999831983216163
ENSMUSG00000027522	3784.50893176999	0.00258986488084819	0.0909131752632216	0.0284874198498216	0.977273401464074	0.999831983216163
ENSMUSG00000027582	2229.71787691979	-0.0338171689782496	0.0963543009559869	-0.350986736416358	0.725598298997104	0.999831983216163
ENSMUSG00000027243	234.315377595021	-0.0317051614597813	0.115328600874834	-0.274898424590965	0.783394277531912	0.999831983216163
ENSMUSG00000008226	1709.89139602294	0.11149563303347	0.0899955561166231	1.2387981554508	0.215420257172766	0.999831983216163
ENSMUSG00000041762	1637.50440343422	-0.0465464190796991	0.0932545846558876	-0.499179110960511	0.61765320916028	0.999831983216163
ENSMUSG00000026781	4979.48554883839	-0.0153968800637732	0.0877974429857679	-0.175374177230156	0.860785629710017	0.999831983216163
ENSMUSG00000026796	1070.53310564314	-0.100426879169337	0.0918680179889317	-1.09316697909403	0.274320492351837	0.999831983216163
ENSMUSG00000039063	60.186076640285	0.0172153036814054	0.115865307677802	0.148612401380146	0.881859486797656	0.999831983216163
ENSMUSG00000009876	59.4986612954328	0.0831215115283697	0.118474603804772	0.699740866101497	0.484089150280953	0.999831983216163
ENSMUSG00000000827	2450.46337126947	0.0043643943955898	0.0875244874088529	0.0498648336953735	0.960230101069843	0.999831983216163
ENSMUSG00000040282	199.470882180442	0.062890289218553	0.118717669077166	0.52942714592482	0.596509171102372	0.999831983216163
ENSMUSG00000027236	1672.97869628432	-0.0369774626124631	0.0893974536807243	-0.413647329064068	0.679132406151098	0.999831983216163
ENSMUSG00000027434	220.835745571708	-0.145873656631265	0.116493264385526	-1.25284412910738	0.210262438210282	0.999831983216163
ENSMUSG00000027287	766.186210545448	-0.0629272825637879	0.0955012956723919	-0.658910378776105	0.509953320714886	0.999831983216163
ENSMUSG00000027329	161.597585182685	-0.101156411612728	0.120670607603469	-0.838896259774832	0.401527526848104	0.999831983216163
ENSMUSG00000026970	1547.09008080608	-0.00906474335529045	0.0946900556564547	-0.0957318980629312	0.923733506247722	0.999831983216163
ENSMUSG00000051329	1032.2572996985	-0.0991000548171144	0.0953109985512274	-1.0398888110916	0.298391561349493	0.999831983216163
ENSMUSG00000045838	368.03176094899	0.174848723529213	0.116217627828703	1.50250510284262	0.132966711084034	0.999831983216163
ENSMUSG00000049630	261.280585179906	0.110651459345187	0.113377614670315	0.975765226307478	0.329180820658628	0.999831983216163
ENSMUSG00000026816	729.90419962396	-0.0233589751882626	0.106692818184685	-0.218934122013776	0.826701365670559	0.999831983216163
ENSMUSG00000005505	566.028566728892	0.0119578319672087	0.100219571643322	0.11931235726762	0.905027893749181	0.999831983216163
ENSMUSG00000050530	1178.28053118739	-0.0677441360325912	0.0940597633981576	-0.720268478155232	0.471359708859321	0.999831983216163
ENSMUSG00000002103	1578.13565342705	0.0563097070696375	0.0917858707752691	0.613432871095901	0.539590156732642	0.999831983216163
ENSMUSG00000026853	2011.23572313435	0.018680839061866	0.0868316779136581	0.215134738203771	0.829662270776446	0.999831983216163
ENSMUSG00000074994	1686.4560740192	-0.0648780900872793	0.0957691771128585	-0.6775367804488	0.498065441957681	0.999831983216163
ENSMUSG00000027404	2754.5652026896	-0.00713025635682897	0.0873615862789047	-0.0816161522881409	0.93495195647858	0.999831983216163
ENSMUSG00000076437	572.343686494297	-0.00301503260846989	0.100448198187169	-0.0300143344101779	0.976055621115248	0.999831983216163
ENSMUSG00000079484	227.815364231611	0.138020006579588	0.119496379878878	1.15311821675824	0.248861865482853	0.999831983216163
ENSMUSG00000027624	17291.3545155153	-0.0698229595804848	0.097967111456852	-0.712886655773405	0.475915897188872	0.999831983216163
ENSMUSG00000026812	2780.35973676821	-0.0141780475136212	0.095862151645558	-0.147905386356028	0.882417437266746	0.999831983216163
ENSMUSG00000027303	5753.06748468963	-0.0654895546485342	0.0775300996136569	-0.844735269096734	0.398258662963507	0.999831983216163
ENSMUSG00000027618	1404.20475641707	0.0149523732363208	0.0880773229767474	0.169763329176977	0.865196267328197	0.999831983216163
ENSMUSG00000039449	2784.91988021222	-0.110224559060304	0.0905775107511846	-1.21709735139276	0.223567178320608	0.999831983216163
ENSMUSG00000006800	1091.26173372518	-0.158751190729426	0.0964516245233339	-1.64629832414706	0.0997023543528031	0.999831983216163
ENSMUSG00000027163	635.526805757445	0.143080757671549	0.105487500627913	1.3557422281622	0.175181198479325	0.999831983216163
ENSMUSG00000027074	44.792153151665	0.0300099464179394	0.110787113998748	0.270071341804221	0.787105369076023	0.999831983216163
ENSMUSG00000059361	1590.21216123754	0.184695012599631	0.10395734269123	1.77543365467692	0.0758263111879492	0.999831983216163
ENSMUSG00000044308	7880.32853506209	-0.0235722626724648	0.0912941970674293	-0.258216116082227	0.79624012074288	0.999831983216163
ENSMUSG00000027004	148.566065747167	-0.0197518071349651	0.121024718180498	-0.163237468854023	0.870331465964407	0.999831983216163
ENSMUSG00000034780	1357.5142199303	-0.0177557057819594	0.101636472193191	-0.1747198775399	0.861299748006433	0.999831983216163
ENSMUSG00000027438	11903.0451444846	0.0654041588206762	0.102868795760859	0.63561336203133	0.525028458134884	0.999831983216163
ENSMUSG00000027195	3683.22770077291	0.0143847356423073	0.0819810150296913	0.175462870307335	0.860715943346275	0.999831983216163
ENSMUSG00000026646	264.018058845969	-0.175249210034853	0.119511981476335	-1.46962046297313	0.141664574998106	0.999831983216163
ENSMUSG00000045967	6540.35862164315	-0.0337435467119189	0.0802103293109865	-0.42070155405925	0.673973026214974	0.999831983216163
ENSMUSG00000001864	270.900883041476	0.0331180521280702	0.115110235966814	0.287642872477581	0.773620123644816	0.999831983216163
ENSMUSG00000039263	834.554212491007	-0.0167579229568152	0.0965629045889064	-0.173536654756131	0.862229618601638	0.999831983216163
ENSMUSG00000032724	500.533279084528	-0.0690066969015773	0.101891836629681	-0.677258368469579	0.498242040116961	0.999831983216163
ENSMUSG00000027649	1107.37528554688	0.14708068758276	0.0933800052778545	1.57484893185243	0.115291318712364	0.999831983216163
ENSMUSG00000026860	5624.18505304348	0.0505986487233095	0.0876109386927574	0.577488799363645	0.563609302847334	0.999831983216163
ENSMUSG00000067818	445.223852340544	-0.144570858902964	0.105695548959796	-1.36781339814902	0.171370492788867	0.999831983216163
ENSMUSG00000026946	220.094350213237	-0.020618093052257	0.117474543920124	-0.175563647104289	0.86063676409108	0.999831983216163
ENSMUSG00000079110	18.6793321927581	0.016993046327522	0.091127576956713	0.185997913652341	0.852446397445702	0.999831983216163
ENSMUSG00000078919	725.60562912169	0.0609730353904374	0.105347483210578	0.578624191479348	0.562842777855983	0.999831983216163
ENSMUSG00000026867	4675.08327780885	-0.0496599510119385	0.0900863561218984	-0.551292228861525	0.581433364820613	0.999831983216163
ENSMUSG00000027363	3744.84116960006	0.0720237877543188	0.0897023103678934	0.802844013761682	0.422064898954324	0.999831983216163
ENSMUSG00000026959	7999.7358059307	0.0502571177984002	0.0825487717940078	0.608780427113686	0.542669988834422	0.999831983216163
ENSMUSG00000027498	875.610242276816	0.0167281194553924	0.0939216531172767	0.178101089901692	0.8586435860999	0.999831983216163
ENSMUSG00000048911	1143.82835359512	-0.00246179231897398	0.0900489202690168	-0.0273378676785694	0.978190254106176	0.999831983216163
ENSMUSG00000038987	42.7081830316518	0.0927829462550943	0.112818418301196	0.818247292643459	0.413215995662451	0.999831983216163
ENSMUSG00000027459	151.575912195801	0.144248388313094	0.120595936397421	1.19446742636803	0.232295175228719	0.999831983216163
ENSMUSG00000060257	487.315041452997	0.074447088045225	0.103366974107371	0.72021923953236	0.471390019880222	0.999831983216163
ENSMUSG00000018770	6758.12978487045	-0.003294344723875	0.0831787842313311	-0.0396048156832627	0.968408188092978	0.999831983216163
ENSMUSG00000037771	3259.66484719779	0.0427326258091607	0.0945331581108479	0.452004661633406	0.651265624185631	0.999831983216163
ENSMUSG00000048186	107.373732913488	0.0985020057128017	0.121885063746729	0.807187472186196	0.419558482312747	0.999831983216163
ENSMUSG00000027651	1372.88503814513	-0.0238958755648357	0.0907949310572079	-0.263197897206779	0.792398051470327	0.999831983216163
ENSMUSG00000042133	4411.32000048482	0.0274322814822461	0.097698599534453	0.280769641969921	0.778887089561426	0.999831983216163
ENSMUSG00000032966	8205.82595192397	-0.0911153103896181	0.0816319927099816	-1.11627038828699	0.264306412834784	0.999831983216163
ENSMUSG00000074749	721.036846225551	0.162594253225549	0.100110871104862	1.62383281609146	0.104411494278408	0.999831983216163
ENSMUSG00000038312	927.316666279025	-0.132086210952715	0.0968440164894107	-1.36398872484031	0.172571114330714	0.999831983216163
ENSMUSG00000026854	1911.82328378812	0.0742750416306393	0.0848269997779182	0.875568369391671	0.381264727141022	0.999831983216163
ENSMUSG00000027475	2656.49738325542	-0.0485810755973078	0.0857286904752855	-0.566717957356948	0.57090581850308	0.999831983216163
ENSMUSG00000027130	707.672185635867	-0.0893939962050511	0.0970902693087224	-0.920769738794238	0.357170657256517	0.999831983216163
ENSMUSG00000059316	2636.34897212529	-0.110328783305622	0.0820561449706677	-1.34463381257617	0.178743518470852	0.999831983216163
ENSMUSG00000074890	292.630509724327	0.0164937915484976	0.1151749549794	0.143163847368296	0.886160781275966	0.999831983216163
ENSMUSG00000015932	6972.4522694258	-0.0403431021909367	0.0804626473394875	-0.50140613586463	0.616085322386174	0.999831983216163
ENSMUSG00000038860	7143.58250163848	0.0113969672156184	0.0871526966391744	0.130769727679613	0.895957471122827	0.999831983216163
ENSMUSG00000010914	2141.65905358918	-0.0107777717711784	0.0880904725669614	-0.122351164920994	0.902620912592649	0.999831983216163
ENSMUSG00000027170	3256.76169459706	0.105633501445631	0.081505857609917	1.29593810857253	0.194996808661048	0.999831983216163
ENSMUSG00000027423	3708.9417232392	-0.00301504397351156	0.0828300645932642	-0.0363999273324708	0.970963472122681	0.999831983216163
ENSMUSG00000023224	667.998791383576	0.0542136843030175	0.112507677150244	0.481596129973235	0.630092875920161	0.999831983216163
ENSMUSG00000027293	649.030238793218	0.0501847106323947	0.101681878365388	0.493486262524048	0.621669044130677	0.999831983216163
ENSMUSG00000027284	1402.18151171817	-0.0143322948437605	0.0921282076108562	-0.155568721168173	0.876372981600406	0.999831983216163
ENSMUSG00000068580	606.593311934366	0.0770647051398339	0.101570425609224	0.758621175969844	0.448079201509056	0.999831983216163
ENSMUSG00000017723	34.038217525328	-0.0152248588262719	0.099028893753361	-0.153718539179225	0.877831666372392	0.999831983216163
ENSMUSG00000026707	549.592459623666	0.0103849630290388	0.101414515049422	0.102395877174609	0.918442456011148	0.999831983216163
ENSMUSG00000034216	1743.27217149323	0.0688735849327628	0.0861971081879127	0.798995133138754	0.424293234028733	0.999831983216163
ENSMUSG00000038523	44.6933797463067	-0.0827557879286699	0.109246321578879	-0.76261789011339	0.445691312085912	0.999831983216163
ENSMUSG00000027478	83.4505307311337	0.0593922186462789	0.120963791493167	0.489943544143038	0.624173848948495	0.999831983216163
ENSMUSG00000026950	1739.41013048233	0.0233513874336637	0.0886979476057924	0.263257431678365	0.79235216732018	0.999831983216163
ENSMUSG00000040383	2292.58325368154	-0.02519462935631	0.0884145160438723	-0.284974110938711	0.775663976375936	0.999831983216163
ENSMUSG00000035576	239.493237900693	0.118903417590112	0.11658954165565	1.01900567140691	0.308200274047859	0.999831983216163
ENSMUSG00000087679	1900.39343748566	0.0111733640892204	0.0911405257324374	0.122591088022273	0.902430911938082	0.999831983216163
ENSMUSG00000038900	2441.41179001297	0.160817807678464	0.0962554143872617	1.67009363018813	0.0949008402332667	0.999831983216163
ENSMUSG00000070730	1642.22233656621	-0.0983955891488867	0.0916377469787598	-1.07388797141739	0.282872895097209	0.999831983216163
ENSMUSG00000027220	5341.94247129303	-0.0343230077584405	0.0791194932791073	-0.433820668082922	0.664418671809719	0.999831983216163
ENSMUSG00000074793	135.414349828232	-0.151998657760347	0.121822950330731	-1.25054505334701	0.211100508164979	0.999831983216163
ENSMUSG00000026750	2219.3620870265	-0.0166437204094708	0.0912717410901336	-0.182359106467124	0.855300915965001	0.999831983216163
ENSMUSG00000051177	3056.33162737574	-0.0327643219126934	0.106074543594231	-0.308937696582988	0.757368920745506	0.999831983216163
ENSMUSG00000061136	3395.82755706936	-0.0690582372637295	0.085086734866628	-0.811685311600303	0.416972224756647	0.999831983216163
ENSMUSG00000027326	12.8215445419045	-0.0843138724872529	0.0795630555846531	-1.09204594406435	0.274812907367525	0.999831983216163
ENSMUSG00000026792	1072.86312588544	0.120266164268542	0.0917211074500052	1.31113754724609	0.189811297397393	0.999831983216163
ENSMUSG00000027168	3896.29538903271	-0.0221379437273827	0.0855574274535741	-0.258753771812718	0.79582522807624	0.999831983216163
ENSMUSG00000037110	1338.49295544823	-0.0677110237268278	0.102107261161783	-0.66326237135288	0.507162531553766	0.999831983216163
ENSMUSG00000038685	1395.94877437699	0.0187838310441428	0.0922753791941432	0.203559368021823	0.838697847873111	0.999831983216163
ENSMUSG00000027199	4539.5418688588	0.0492499967870619	0.0848876668491132	0.580150908931223	0.561812855321167	0.999831983216163
ENSMUSG00000027257	2564.42184146637	0.013198053590315	0.0827786261276281	0.159437170137681	0.87332445590873	0.999831983216163
ENSMUSG00000035949	2414.44236264861	-0.0877155346229966	0.0821468309576755	-1.06783121529047	0.285596654614571	0.999831983216163
ENSMUSG00000059742	327.057937150762	0.00395062358197278	0.120091708144939	0.03290959467823	0.97374668149471	0.999831983216163
ENSMUSG00000001999	715.4733728341	0.111492601890622	0.0991095530158387	1.12479979764008	0.260673880236514	0.999831983216163
ENSMUSG00000025815	259.884156993054	0.0886679879364878	0.113865341335212	0.77860486491287	0.436212512425707	0.999831983216163
ENSMUSG00000027575	2500.65073184003	-0.017206381434494	0.0844055146803521	-0.203853167019003	0.83846824380727	0.999831983216163
ENSMUSG00000002732	113.645666697752	-0.000173671350721829	0.121883722126989	-0.00142412028827396	0.998863716793346	0.999831983216163
ENSMUSG00000027079	403.083569233057	0.0593585721058536	0.107732343741468	0.55092910660431	0.581682273662795	0.999831983216163
ENSMUSG00000034810	71.7256573040424	0.169865353909332	0.116139320933635	1.45201690580485	0.146496904587711	0.999831983216163
ENSMUSG00000039086	1608.47852748623	0.016215696112299	0.0891429642516712	0.181906425758605	0.855656161609357	0.999831983216163
ENSMUSG00000027330	597.283458199392	0.0812068195952318	0.114057136575818	0.711415451068121	0.476826827058922	0.999831983216163
ENSMUSG00000027371	415.276587447128	0.0785798325668541	0.10946236554259	0.717634070616583	0.472982944317456	0.999831983216163
ENSMUSG00000026972	302.499586904761	0.142657148774259	0.115803580528699	1.23056902799958	0.218484095023932	0.999831983216163
ENSMUSG00000009621	582.681119158436	0.0791617242983861	0.101987613478186	0.776148084159047	0.437661555388032	0.999831983216163
ENSMUSG00000074923	126.934272488584	-0.0900268174950518	0.118597660671761	-0.76299163515396	0.445468384509956	0.999831983216163
ENSMUSG00000026938	12.4432461254217	-0.00522822564784135	0.0778210891982211	-0.0671509733950831	0.946461514536944	0.999831983216163
ENSMUSG00000027035	3110.86336144111	-0.0132155016246992	0.0812808951857551	-0.162591143901186	0.870840360346936	0.999831983216163
ENSMUSG00000037813	83.2426444263345	0.0164457397992615	0.120692199666848	0.136236059841904	0.891634669276082	0.999831983216163
ENSMUSG00000005882	2452.96225533293	0.118569029267617	0.0821584635768521	1.44306621837118	0.14900181846697	0.999831983216163
ENSMUSG00000026991	10341.8158560033	-0.0600688824403388	0.0799475110048462	-0.751395583603587	0.452414619830999	0.999831983216163
ENSMUSG00000062647	2082.93355719125	-0.0106431111973908	0.088331432301042	-0.120491570066197	0.90409375710754	0.999831983216163
ENSMUSG00000027070	27.1950495403586	-0.011095894001209	0.0979365488454607	-0.113623710791375	0.909536090581029	0.999831983216163
ENSMUSG00000015839	1070.07016641252	-0.082694958272782	0.0931367012364795	-0.887929129518113	0.374578874477411	0.999831983216163
ENSMUSG00000041219	177.084211537114	0.0368917847437249	0.119459466933912	0.308835902648561	0.757446356888751	0.999831983216163
ENSMUSG00000034850	4905.71894774208	-0.0451123518112306	0.0778138038533951	-0.579761773588683	0.562075279230724	0.999831983216163
ENSMUSG00000061689	5294.97995833465	-0.0275208401910234	0.083405687677263	-0.329970536225029	0.741422225095156	0.999831983216163
ENSMUSG00000036949	3655.63711672455	0.141831986516568	0.0818419890736986	1.73280268723949	0.0831307450759198	0.999831983216163
ENSMUSG00000027634	24874.9565756764	-0.0693715037681888	0.0786275729602544	-0.882339572476207	0.377593202715274	0.999831983216163
ENSMUSG00000074698	4677.82344780138	-0.118170003785995	0.0879862152727147	-1.34326969156272	0.179184662362842	0.999831983216163
ENSMUSG00000027378	359.104568303925	0.0561704827987284	0.10863638480997	0.517022440948282	0.605140493561217	0.999831983216163
ENSMUSG00000001855	1439.59136303859	-0.025459262727547	0.089227714667365	-0.285330020798623	0.775391315096964	0.999831983216163
ENSMUSG00000017969	65.5289740865974	-0.208144686075361	0.118168997835148	-1.77607547688479	0.0757204776063035	0.999831983216163
ENSMUSG00000039660	777.436813177019	-0.0303987771755156	0.0993464458269822	-0.305978141959073	0.75962128833046	0.999831983216163
ENSMUSG00000035033	26.1376377839861	-0.00366712326662781	0.0993251949649038	-0.0368973895112178	0.970566821199946	0.999831983216163
ENSMUSG00000038831	3136.98322297593	-0.098018509597141	0.08317894612845	-1.17849083667568	0.238600983304364	0.999831983216163
ENSMUSG00000058793	20936.4803224598	0.0950386770990667	0.0801105628462411	1.1862229104681	0.235534280879715	0.999831983216163
ENSMUSG00000016995	125.106003349196	-0.0751890945850294	0.121538722061419	-0.61900316860312	0.535914271488624	0.999831983216163
ENSMUSG00000026784	765.071125803241	-0.116171392444725	0.0966211685584745	-1.20234954135155	0.229228130109656	0.999831983216163
ENSMUSG00000026814	789.418231857765	0.0292652710041778	0.101287000530036	0.288899632771365	0.772658184756677	0.999831983216163
ENSMUSG00000032046	6992.75494412536	0.0193265816791846	0.077356387927864	0.249834934799689	0.802715002167757	0.999831983216163
ENSMUSG00000053475	369.77174358237	-0.01055389643445	0.109758217822527	-0.0961466324719626	0.92340411547464	0.999831983216163
ENSMUSG00000038628	2818.33831201575	0.0228064440620233	0.0888053063660186	0.256812161119677	0.797323781643764	0.999831983216163
ENSMUSG00000027351	8891.51852710738	-0.0449463039098549	0.0894871707175977	-0.502311494181123	0.615448425172933	0.999831983216163
ENSMUSG00000027366	2648.52572782102	-0.0426202859773195	0.0906868234085085	-0.47001501308369	0.638344291495547	0.999831983216163
ENSMUSG00000027306	260.094897493042	-0.0961696234885664	0.114353841360622	-0.84108109797379	0.400302503536785	0.999831983216163
ENSMUSG00000078902	311.088743918395	0.0077309217105698	0.113359739603283	0.0682068077865678	0.945621007764272	0.999831983216163
ENSMUSG00000027186	17.4076093222757	-0.100197268481895	0.0880856427191122	-1.16722688345431	0.243118756996841	0.999831983216163
ENSMUSG00000059013	968.551023813196	-0.0193799526595423	0.0951560948789998	-0.203663101332022	0.838616778669125	0.999831983216163
ENSMUSG00000027357	323.18605005606	0.0480704310754758	0.112490310886582	0.427307304761033	0.669155512991971	0.999831983216163
ENSMUSG00000017754	3069.64164793578	-0.0821754199139377	0.0875434294973521	-0.938753365029384	0.347857387493862	0.999831983216163
ENSMUSG00000027583	3299.76795869359	-0.0960968940014455	0.0877837639394482	-1.09484387643752	0.273585040350499	0.999831983216163
ENSMUSG00000038963	893.191849088707	-0.0619063741470823	0.0945110845197195	-0.655036391642821	0.512444323915555	0.999831983216163
ENSMUSG00000058318	2412.85136244716	-0.0906588440961359	0.0911030056095308	-0.995235142649921	0.319621913483365	0.999831983216163
ENSMUSG00000027488	1019.71551834112	0.0293341059037737	0.0925849121638443	0.316828383678768	0.751373825810291	0.999831983216163
ENSMUSG00000026834	829.733259322824	0.0680038387690924	0.0999681771094851	0.680223302329376	0.496363079775127	0.999831983216163
ENSMUSG00000026921	374.213998081104	0.181565117712661	0.119129565406445	1.52103968745544	0.128249878155775	0.999831983216163
ENSMUSG00000039725	579.191199232779	-0.0432575490015782	0.103962207390078	-0.416080707922346	0.677350946362117	0.999831983216163
ENSMUSG00000026739	2861.91847396532	0.0814669377726853	0.0852689191378261	0.955348335474204	0.339401571634256	0.999831983216163
ENSMUSG00000033526	6754.48498908683	0.00124707402064864	0.0786531127331343	0.0158559174425508	0.987349338361501	0.999831983216163
ENSMUSG00000044627	3238.77737004962	0.0376784073761946	0.082896251004128	0.454509980789016	0.64946180989399	0.999831983216163
ENSMUSG00000037683	33.0220714259044	0.0887408027658679	0.105566203064293	0.835575798185059	0.403393588669282	0.999831983216163
ENSMUSG00000026650	29.5943777812274	0.0666275581888147	0.099881248993198	0.66340448569955	0.507071533782014	0.999831983216163
ENSMUSG00000027086	730.574517677323	-0.00454440649010922	0.101302182366666	-0.0448569484934589	0.964221332403968	0.999831983216163
ENSMUSG00000027454	24.2191319196256	0.0509417591906358	0.095288756744973	0.529605590197131	0.596385417661398	0.999831983216163
ENSMUSG00000027122	1699.37233515471	-0.0433276858482489	0.0872508610957509	-0.496593173660433	0.61947596794028	0.999831983216163
ENSMUSG00000044145	24.34724336354	0.160358567096681	0.0944391515500542	1.67171223340373	0.0945810806590167	0.999831983216163
ENSMUSG00000032698	462.436040328882	0.00471003365012437	0.10665555990836	0.0441651029343102	0.964772798721219	0.999831983216163
ENSMUSG00000026915	7145.533773989	-0.0584308401982008	0.0827916327923097	-0.705800736754808	0.480312063843039	0.999831983216163
ENSMUSG00000027111	1249.2679899226	0.0785109366126433	0.103076300297868	0.761494536516929	0.446361740922396	0.999831983216163
ENSMUSG00000027429	2072.39580803929	0.0428991989956346	0.0864323167307844	0.49631649317631	0.619671131563006	0.999831983216163
ENSMUSG00000027244	3454.91802187397	0.0390151010743055	0.0796568115240704	0.489780296745092	0.624289374661074	0.999831983216163
ENSMUSG00000027203	1075.81493560079	0.00660414099433855	0.0912750394644362	0.072353275668614	0.942320767901701	0.999831983216163
ENSMUSG00000026869	2098.3301672548	0.10210892129883	0.0842098431618649	1.21246992173135	0.225332549547591	0.999831983216163
ENSMUSG00000068686	55.4795685764652	-0.0607833991060057	0.116614191875911	-0.522579175620612	0.601267135236637	0.999831983216163
ENSMUSG00000078872	22.4670511955102	0.0115137569448747	0.0947126789784864	0.121489783327341	0.903303106487229	0.999831983216163
ENSMUSG00000050587	1429.19005003795	0.018118466081591	0.0958536089827358	0.189026736256122	0.850071862022795	0.999831983216163
ENSMUSG00000027014	1099.56343330032	-0.0584786381690327	0.0954188156565831	-0.612903200772018	0.539940346746012	0.999831983216163
ENSMUSG00000036160	1130.74632243344	-0.0499848143190499	0.0955266669937449	-0.523282534645933	0.600777653202519	0.999831983216163
ENSMUSG00000027652	6392.69711986596	0.0308408600721024	0.08066343960163	0.382331954396704	0.70221515562019	0.999831983216163
ENSMUSG00000027315	24.9995766356057	0.159843182013348	0.0966955919222709	1.62388588089521	0.10440016644382	0.999831983216163
ENSMUSG00000037820	470.128713567514	0.120124341011347	0.108641002191566	1.1052000580744	0.269072911717853	0.999831983216163
ENSMUSG00000062997	2396.19574911577	0.132445099661511	0.0894829134358738	1.47986644482161	0.138908892140958	0.999831983216163
ENSMUSG00000015094	5186.28254301935	-0.0222876666060422	0.0902392899516215	-0.246989918768643	0.804916026079229	0.999831983216163
ENSMUSG00000026779	86.4271203044253	-0.0939923004058155	0.120997019907546	-0.779200382451965	0.435861684861027	0.999831983216163
ENSMUSG00000037376	1642.54210339678	-0.0308692807099095	0.0872739610031994	-0.353705852319797	0.723559336264918	0.999831983216163
ENSMUSG00000038671	1174.69473975413	-0.046332971412948	0.0933142290123612	-0.4965283878359	0.619521663867086	0.999831983216163
ENSMUSG00000036992	147.539966940753	0.0210607847494171	0.120313414375146	0.175035942353998	0.861051391608722	0.999831983216163
ENSMUSG00000027456	35.5440609716078	-0.0153229303979945	0.109005170319906	-0.140745740882804	0.888070808731787	0.999831983216163
ENSMUSG00000026958	935.242902047783	0.0881162820533715	0.103884153625914	0.847956078974656	0.396462431448343	0.999831983216163
ENSMUSG00000027215	586.061696846433	-0.0948751342784141	0.106871438864196	-0.887859472686571	0.374616347125466	0.999831983216163
ENSMUSG00000002546	3820.47060386377	0.0504188816815876	0.0821026690392874	0.614069936109409	0.539169113736745	0.999831983216163
ENSMUSG00000074736	2840.67144418693	-0.0827256411835441	0.0828517296705029	-0.998533428178386	0.318020763193795	0.999831983216163
ENSMUSG00000017721	2506.88060036313	-0.0791268598331994	0.0968486631842146	-0.817153413963728	0.413840761411356	0.999831983216163
ENSMUSG00000068882	5362.11150265249	0.0650861682687714	0.0874228022001765	0.744437256032635	0.456611986843244	0.999831983216163
ENSMUSG00000026831	78.740015576583	0.160941761638053	0.120977239821354	1.3253377637686	0.185059149046847	0.999831983216163
ENSMUSG00000078903	16.694035779062	0.0349011260660141	0.087029207009988	0.398195684319331	0.690485946920508	0.999831983216163
ENSMUSG00000027602	3218.01426805132	-0.0343976835159592	0.0861285535676702	-0.399382769571963	0.689611187948216	0.999831983216163
ENSMUSG00000036067	545.262511181598	0.0392677724399877	0.102050895693065	0.384759118313791	0.700415890504982	0.999831983216163
ENSMUSG00000027222	767.390356428833	0.000570022602962948	0.0983460175062517	0.00579641171517309	0.995375158482292	0.999831983216163
ENSMUSG00000005973	411.103243921424	-0.0693756459990232	0.108428577453904	-0.63991717436257	0.522226447791312	0.999831983216163
ENSMUSG00000026980	110.998412885788	-0.192706696759479	0.121860422843237	-1.58548608865878	0.112855935173017	0.999831983216163
ENSMUSG00000027598	4641.12664514892	0.0314953846307217	0.0829406329707422	0.379727332762573	0.704147828641266	0.999831983216163
ENSMUSG00000039515	5950.1706351389	-0.00151294765331869	0.0836949982925688	-0.0180762020759428	0.985578062842382	0.999831983216163
ENSMUSG00000068735	1169.18484203115	-0.0450711626098424	0.107058969034314	-0.421037133484232	0.673727966526871	0.999831983216163
ENSMUSG00000027439	1776.75930903078	-0.0363097975799769	0.0900781632956869	-0.403118343434198	0.686861166787999	0.999831983216163
ENSMUSG00000027412	85.3917674737201	0.0183698633941985	0.120140716561488	0.152703222954722	0.878632319026385	0.999831983216163
ENSMUSG00000027361	1118.00242885542	-0.00350953842904313	0.0929994361703857	-0.0377355019210637	0.969898569705295	0.999831983216163
ENSMUSG00000027628	1387.24395916383	0.097284584381122	0.0880935956437847	1.10426580135677	0.269477853168807	0.999831983216163
ENSMUSG00000027001	1076.07017090267	-0.0512593630702517	0.105082464256848	-0.48790666418398	0.625615953934896	0.999831983216163
ENSMUSG00000067787	2525.45964934771	0.008580568398481	0.08439222152843	0.101674659695736	0.919014916521078	0.999831983216163
ENSMUSG00000075270	60.5509613956108	0.0210986300909951	0.11504912863055	0.183227675358815	0.854619380145029	0.999831983216163
ENSMUSG00000027593	3564.68791104609	-0.098044389179324	0.080569261635563	-1.2169615974682	0.22361882738833	0.999831983216163
ENSMUSG00000040321	1342.46217379019	-0.0216305646376753	0.0885024704457451	-0.244410845895919	0.806912642644629	0.999831983216163
ENSMUSG00000042745	335.274410997976	-0.17393279089143	0.112816435211261	-1.54242720014454	0.122969816021975	0.999831983216163
ENSMUSG00000027397	7440.3327782622	0.100265879067474	0.0782060833147682	1.28197598678508	0.199851070071475	0.999831983216163
ENSMUSG00000078868	92.5396843902811	-0.0224042186971007	0.113234623289321	-0.198512665331136	0.842643976431639	0.999831983216163
ENSMUSG00000027297	271.279936699907	0.199085768842263	0.114944124272328	1.73020630590214	0.0835934221094936	0.999831983216163
ENSMUSG00000033486	219.015636447528	-0.0229993086892553	0.116204397939951	-0.197907803888602	0.843117198323916	0.999831983216163
ENSMUSG00000027335	128.068012494025	0.0383346417392899	0.121594746407543	0.314995631958908	0.752764970369977	0.999831983216163
ENSMUSG00000034059	2847.04629874523	0.102658644414788	0.0993664350309435	1.03277229592408	0.301710471490463	0.999831983216163
ENSMUSG00000039195	964.45294775919	-0.018202416902787	0.0953284305660697	-0.190945564129075	0.848568241851984	0.999831983216163
ENSMUSG00000034903	825.203913257854	0.0279922644041858	0.0953886413770637	0.293454412567729	0.769174839846525	0.999831983216163
ENSMUSG00000039050	2658.641141206	0.0473207321823472	0.0819736721756435	0.577256126973126	0.563766446532682	0.999831983216163
ENSMUSG00000027272	3711.43139078617	0.0604226286474679	0.0883713589729591	0.683686399383335	0.494173213540808	0.999831983216163
ENSMUSG00000053746	47.1628824233784	0.102120234190525	0.112365026971215	0.903086369801527	0.366480057403465	0.999831983216163
ENSMUSG00000074628	112.903699148325	0.191838509287584	0.12158490479162	1.56994790512148	0.11642723138866	0.999831983216163
ENSMUSG00000015337	224.58953567838	0.0124139225381722	0.116555491994894	0.106477727453667	0.915203325855617	0.999831983216163
ENSMUSG00000027452	653.053351110663	-0.0396013269689376	0.11324645318433	-0.349828336178962	0.726467531901941	0.999831983216163
ENSMUSG00000051379	916.06410957205	0.0215163395866108	0.0960489836695673	0.224015188794329	0.822745484606445	0.999831983216163
ENSMUSG00000038718	958.664252782516	0.0589236733358399	0.0972125645332032	0.606117193032222	0.544436934841887	0.999831983216163
ENSMUSG00000027566	3065.58047049163	0.0216812341881802	0.0861747097834655	0.251590881685533	0.801357307324743	0.999831983216163
ENSMUSG00000078923	36.4402435175256	-0.0940159815257716	0.104750872832386	-0.907957931623948	0.363900448305455	0.999831983216163
ENSMUSG00000047459	2625.15288010787	-0.00409893637924439	0.0926307359682107	-0.0442504424195585	0.964704774167138	0.999831983216163
ENSMUSG00000039145	2468.0147194232	0.0755099863460493	0.106637395072722	0.707842263077697	0.479043217660701	0.999831983216163
ENSMUSG00000018322	1607.64080287851	0.0567863218754024	0.0884616321843598	0.641896363115083	0.520940475797446	0.999831983216163
ENSMUSG00000050737	122.913833159561	-0.0199186685608856	0.121574089345362	-0.163870235501182	0.869833298941511	0.999831983216163
ENSMUSG00000027409	38.9030136214573	0.0540979672078615	0.110061051546666	0.49019101173116	0.623998740534033	0.999831983216163
ENSMUSG00000052056	90.2776088147222	-0.0026722866116735	0.121366772776138	-0.0220290791794128	0.982424759331969	0.999831983216163
ENSMUSG00000027400	35.1946732453108	0.0988376355983056	0.0910547312816313	1.06665444070352	0.286127907208237	0.999831983216163
ENSMUSG00000002455	2436.76669325072	0.0999570951847579	0.0836732670454677	1.19454200125941	0.232266021239185	0.999831983216163
ENSMUSG00000036617	1864.16991539756	0.163933433680991	0.106538844907225	1.53758053902585	0.124151208807779	0.999831983216163
ENSMUSG00000026918	2452.65455345765	-0.0434095176906557	0.0898815270168929	-0.483002182442459	0.629094186603587	0.999831983216163
ENSMUSG00000039021	41.0583404943178	-0.0402763408116361	0.111753344987057	-0.36135168050583	0.7178365644133	0.999831983216163
ENSMUSG00000027188	185.161681325593	-0.067217838036795	0.119108467368278	-0.56447019226492	0.572434180551854	0.999831983216163
ENSMUSG00000026836	998.579301574928	-0.0292682808954677	0.0917536481114181	-0.318982878960843	0.749739495757799	0.999831983216163
ENSMUSG00000003604	308.245697434169	0.161077875542947	0.111289116361972	1.44697048897594	0.147905189062219	0.999831983216163
ENSMUSG00000026989	16.9794124670601	-0.0349856272158766	0.0845757915656033	-0.417288088897654	0.676467699739237	0.999831983216163
ENSMUSG00000044641	156.164457346701	0.0236019478045312	0.121130476488486	0.194797744135876	0.84555128837988	0.999831983216163
ENSMUSG00000027165	1055.8117939462	0.109037457526333	0.0996859505637878	1.09365047591214	0.27410830236016	0.999831983216163
ENSMUSG00000026895	2055.38412732985	0.00707274193820354	0.0850915009806751	0.0831190478697851	0.933756880243761	0.999831983216163
ENSMUSG00000050447	1162.64496936225	-0.109760532699639	0.0983170659041597	-1.11667496607717	0.26413332536723	0.999831983216163
ENSMUSG00000074521	282.6358507803	-0.0820627967582573	0.115931975869994	-0.708319365128102	0.478746953991209	0.999831983216163
ENSMUSG00000078870	534.050236075397	-0.00217911156252239	0.103153030187666	-0.0211255093526815	0.983145535912833	0.999831983216163
ENSMUSG00000046470	130.336313256591	-0.0346277471828335	0.121860003369455	-0.284224539198164	0.776238311042243	0.999831983216163
ENSMUSG00000057110	938.105082135246	0.0304202448241408	0.103990406507415	0.292530081968367	0.769881363149664	0.999831983216163
ENSMUSG00000033068	1047.85556514229	0.106029159007161	0.0966641301359323	1.09670511635092	0.272770319151518	0.999831983216163
ENSMUSG00000062646	580.991944731954	0.0202014891015088	0.102243751058059	0.197575539683107	0.843377174035762	0.999831983216163
ENSMUSG00000027612	7945.70058557988	-0.101180011623603	0.082028426180115	-1.23360320677505	0.217350797496572	0.999831983216163
ENSMUSG00000005089	40369.6426743305	-0.00580742264755856	0.0838741625616145	-0.0692396956087247	0.9447988263828	0.999831983216163
ENSMUSG00000025817	967.392747554172	-0.143509144946173	0.0921335964378078	-1.55762416398885	0.119322367102128	0.999831983216163
ENSMUSG00000014873	58.7363553299451	-0.00661415131085699	0.117875320345897	-0.0561320953532307	0.955236575842179	0.999831983216163
ENSMUSG00000074754	411.860899514537	0.128744019185224	0.108902072256978	1.18198264652452	0.237212586578207	0.999831983216163
ENSMUSG00000026643	1577.30272610556	-0.044839803452115	0.0905304463316512	-0.495332407460499	0.620365498589256	0.999831983216163
ENSMUSG00000038241	1656.88466566149	0.0498953252075905	0.0902316115542003	0.552925941835718	0.580314122819346	0.999831983216163
ENSMUSG00000013465	1805.74488694896	0.0945868792671155	0.0877094789335647	1.07830677319372	0.280896875401864	0.999831983216163
ENSMUSG00000026955	53.2986744059742	0.0281927072359542	0.114956378547468	0.24485947039156	0.806565244440476	0.999831983216163
ENSMUSG00000040084	181.399076668683	0.00851478664874014	0.121061988479379	0.07032255972051	0.94393692689439	0.999831983216163
ENSMUSG00000026974	894.236817615787	-0.0920171227660969	0.0947734959380938	-0.970927807319092	0.331584229756258	0.999831983216163
ENSMUSG00000053141	3231.76381931708	-0.146090818224852	0.11037201775206	-1.32513568046696	0.18512615372637	0.999831983216163
ENSMUSG00000037885	1662.31294459417	-0.0492338350480907	0.0978389015222419	-0.503267994691991	0.614775865272827	0.999831983216163
ENSMUSG00000026748	2090.20456407013	-0.113540680769497	0.0969253056813565	-1.1717743953276	0.24128764517772	0.999831983216163
ENSMUSG00000048550	673.532310050825	0.0215096220012218	0.103432036447583	0.207968561109719	0.835253515235738	0.999831983216163
ENSMUSG00000016356	214.028175855625	-0.208774747477	0.118850319187732	-1.75839043658777	0.0786810992290843	0.999831983216163
ENSMUSG00000057234	259.732787694213	-0.0352462019011105	0.114696691595193	-0.307295313993584	0.758618602148447	0.999831983216163
ENSMUSG00000036249	684.466015217415	0.0177486428904325	0.0999369618864631	0.177592413766265	0.859043082774478	0.999831983216163
ENSMUSG00000017307	804.191857084727	-0.102233881301095	0.0959547603671946	-1.06543248676773	0.286680262103466	0.999831983216163
ENSMUSG00000026730	85.2622170707175	-0.0743432526445612	0.121405522552518	-0.613118376578286	0.539798070163094	0.999831983216163
ENSMUSG00000040007	918.91188575401	0.115311235852573	0.0934261044412075	1.23415440612636	0.217145373371995	0.999831983216163
ENSMUSG00000000823	1594.20112475455	0.0699771611422023	0.100675362645103	0.694884912037896	0.487127428877636	0.999831983216163
ENSMUSG00000062661	5990.52611364841	0.11360318986602	0.0874006417678343	1.29956539292936	0.193749967257302	0.999831983216163
ENSMUSG00000068966	497.050037183469	0.0567736430267897	0.113328893781921	0.500729245048322	0.616561687307517	0.999831983216163
ENSMUSG00000027263	1167.79786310527	-0.0855040909061881	0.0907300261501486	-0.942418810691614	0.345978260289706	0.999831983216163
ENSMUSG00000027012	6627.41359378431	0.0136687943214774	0.0771353910766251	0.177203888728901	0.859348241240741	0.999831983216163
ENSMUSG00000027088	1541.25011583018	0.0802293216795837	0.0969515737571556	0.827408532273389	0.408005546146352	0.999831983216163
ENSMUSG00000039496	65.4670163362066	0.0524551178850587	0.118904062581317	0.440683689714973	0.659442006043461	0.999831983216163
ENSMUSG00000044033	1067.89954783236	-0.0434030068707206	0.0962937363724736	-0.45077186135774	0.652153983614413	0.999831983216163
ENSMUSG00000059005	6109.54301899294	-0.0173755386905844	0.0833263273316233	-0.208529348202285	0.834815669721645	0.999831983216163
ENSMUSG00000074575	12.3339530000916	0.0522627479015052	0.07328229374844	0.703532837470164	0.481723750043573	0.999831983216163
ENSMUSG00000001768	965.339141714093	0.149989756724453	0.0936937709590941	1.6007163968743	0.10943974778305	0.999831983216163
ENSMUSG00000078864	367.03030620124	-0.000847908784596117	0.113127556106136	-0.0074960203005373	0.994019097146263	0.999831983216163
ENSMUSG00000036504	486.136176352948	-0.0167293049223917	0.113749450655839	-0.147056702862069	0.883087264358392	0.999831983216163
ENSMUSG00000026771	1063.47662002384	0.0347627734198522	0.098999656854158	0.351142813088779	0.725481210177957	0.999831983216163
ENSMUSG00000027253	519.211150107138	-0.0318626659859131	0.102774415414147	-0.310007758251399	0.756555056579759	0.999831983216163
ENSMUSG00000038605	1067.83831192344	0.0367327177488705	0.0986086346691965	0.372464295415729	0.709547190856265	0.999831983216163
ENSMUSG00000027208	543.433472998549	-0.0901380980534538	0.112061665869812	-0.804756007981643	0.420960492377352	0.999831983216163
ENSMUSG00000027176	2263.75825303342	-0.00190608596834301	0.0915672513393462	-0.0208153989631527	0.983392913804367	0.999831983216163
ENSMUSG00000039715	373.499261852249	0.0162943370240285	0.114349328985818	0.142447637296081	0.886726436873045	0.999831983216163
ENSMUSG00000027201	3450.5444136196	0.0137347831037666	0.0889449527949545	0.154419922551664	0.877278646136065	0.999831983216163
ENSMUSG00000026928	108.101165822481	0.0328391316036053	0.121868501270983	0.269380253043015	0.787637080494019	0.999831983216163
ENSMUSG00000041921	1746.94624719701	-0.0158875597278127	0.0872095103903313	-0.182180279506488	0.855441248683463	0.999831983216163
ENSMUSG00000015335	109.195827825594	-0.0573996449673168	0.121872231949006	-0.471705004547498	0.637137364496814	0.999831983216163
ENSMUSG00000026737	3569.9564694257	0.0413718234801706	0.0800558242852024	0.516776947844693	0.605311873825279	0.999831983216163
ENSMUSG00000027347	2241.74020773217	0.0300118792216082	0.102118371227027	0.293868990541485	0.768858014357201	0.999831983216163
ENSMUSG00000026934	14.4879520377479	0.0698352222201456	0.0809072737723435	0.85116768912482	0.394676208606477	0.999831983216163
ENSMUSG00000057133	5124.78123570983	0.0282734899389606	0.0907239983459534	0.311632177296939	0.755320077212498	0.999831983216163
ENSMUSG00000039686	5316.99546389519	0.0486907438555577	0.0801601656549023	0.607391409847949	0.543591187876034	0.999831983216163
ENSMUSG00000073131	4038.15096775328	-0.104816174020146	0.0791725973319718	-1.32397661620988	0.18551081089949	0.999831983216163
ENSMUSG00000083327	1619.0124965315	0.0506897155561556	0.0873146214613093	0.580530770340842	0.561556742674699	0.999831983216163
ENSMUSG00000031340	24.0731931888918	0.160616080761943	0.0917754438063829	1.7190092943391	0.0856126795627985	0.999831983216163
ENSMUSG00000031224	87.154609856696	0.0252390052218907	0.119686068750259	0.210829996317389	0.833019930919056	0.999831983216163
ENSMUSG00000031290	1537.32036428287	0.0638065298496114	0.092368631312944	0.690748712205528	0.48972347135286	0.999831983216163
ENSMUSG00000031227	4344.18566166618	0.123118883462313	0.0793677610032318	1.55111489815854	0.120874151513534	0.999831983216163
ENSMUSG00000083889	65.9278616861691	0.0411367019695745	0.116486623383364	0.351918322693122	0.724899517581993	0.999831983216163
ENSMUSG00000083744	105.00470687448	0.0364862403123041	0.121885282561266	0.299172885235954	0.764808136816986	0.999831983216163
ENSMUSG00000065499	24.8099056019266	-0.0485906476589779	0.0972793492327892	-0.502461041796746	0.615343249975485	0.999831983216163
ENSMUSG00000036537	165.784813711172	0.0255696400667804	0.120563830340215	0.211955536593447	0.832141722810871	0.999831983216163
ENSMUSG00000056854	123.399103936027	0.00645129924964401	0.121849065006333	0.0529651052332737	0.957759710659763	0.999831983216163
ENSMUSG00000087390	27.9876019433491	0.0414614963311532	0.102817377302166	0.401522857813015	0.688035212643922	0.999831983216163
ENSMUSG00000084166	15.60789973103	0.0510954093343452	0.0846867003647582	0.597724250324716	0.550023941694213	0.999831983216163
ENSMUSG00000085611	66.5721930880259	0.0428036052296563	0.118842803334996	0.359769085829922	0.719019823254399	0.999831983216163
ENSMUSG00000080896	31.5276172279639	0.0624584754584604	0.104691574122725	0.594005033231534	0.552508746549211	0.999831983216163
ENSMUSG00000050926	12.1612926078519	-0.00624048922049524	0.0740980387443006	-0.0845316450843131	0.932633743733917	0.999831983216163
ENSMUSG00000071665	20.308904639752	0.161735801583665	0.0928119918011368	1.70991526837294	0.0872815426088255	0.999831983216163
ENSMUSG00000052157	22.2692620961439	-0.00841127791428059	0.0949924436791345	-0.0885171011731846	0.929465692918594	0.999831983216163
ENSMUSG00000080186	10.6634290920875	-0.0197408791021599	0.0695259740637771	-0.287032395489892	0.774087515396069	0.999831983216163
ENSMUSG00000046269	225.094595189881	0.105668119564177	0.115703264464828	0.912973696656851	0.361256375580138	0.999831983216163
ENSMUSG00000103436	46.9913462324268	0.0893057022731146	0.108280217751763	0.819009058946126	0.412781245114545	0.999831983216163
ENSMUSG00000039545	16.0878293655227	-0.0449200346796608	0.0841408609557945	-0.54180610920221	0.587952082375368	0.999831983216163
ENSMUSG00000082693	18.8595992447898	-0.0715868542947871	0.0876646148422456	-0.831071872478769	0.405933028398023	0.999831983216163
ENSMUSG00000048040	2379.75638549172	-0.0592210826585678	0.0848226274520531	-0.69820583873021	0.485048475571259	0.999831983216163
ENSMUSG00000048355	758.625173626413	-0.180173504712917	0.103250725897233	-1.74545246457953	0.0809061400208982	0.999831983216163
ENSMUSG00000031303	44.4641863489066	0.131836875850687	0.110425417436696	1.18376222315855	0.236507200084639	0.999831983216163
ENSMUSG00000083283	48.8782133806877	-0.00487951221136157	0.114971968242185	-0.0424591157071841	0.966132703278643	0.999831983216163
ENSMUSG00000042425	642.098442636429	0.137248249346825	0.112218976784007	1.22221744779589	0.221625407479647	0.999831983216163
ENSMUSG00000031273	129.590417755439	-0.0370768241817054	0.121533585074999	-0.305086526879368	0.760300252344772	0.999831983216163
ENSMUSG00000083736	10.7758775209903	-0.0438851387856482	0.0723981803348702	-0.620583460657271	0.534873724650141	0.999831983216163
ENSMUSG00000059461	20.6988298144636	0.0683404698221697	0.0923851368923808	0.732384758132421	0.463933759173736	0.999831983216163
ENSMUSG00000082208	25.9815310374108	-0.0241376434216754	0.0978032304134633	-0.24813071472694	0.804033271653801	0.999831983216163
ENSMUSG00000048709	25.0380951259369	0.0103295614339772	0.100075594648244	0.103107023771112	0.917878030574005	0.999831983216163
ENSMUSG00000080775	17.2391848226645	-0.0371064917151109	0.0860949928273294	-0.435411530339609	0.663263742481954	0.999831983216163
ENSMUSG00000081752	287.072887174873	0.0434490360501165	0.112422015368236	0.386467698314406	0.699150320889171	0.999831983216163
ENSMUSG00000083367	22.8434733578225	0.0140149627047284	0.0430070534726155	0.318861712200772	0.749831379188006	0.999831983216163
ENSMUSG00000083695	17.86915434608	0.0665529865302739	0.089614876263018	0.734520382384362	0.462631642414302	0.999831983216163
ENSMUSG00000082319	293.655203561496	-0.0164700635191479	0.113232643039642	-0.145444905467971	0.884359612142476	0.999831983216163
ENSMUSG00000081673	11.3779219287186	0.0454730501413964	0.0770741087285931	0.583304003869689	0.559688667670703	0.999831983216163
ENSMUSG00000071679	78.0262953565978	-0.0823338398259822	0.120406832995032	-0.685758638239583	0.492865322844146	0.999831983216163
ENSMUSG00000081738	12.635035790354	0.0870555698565597	0.0797793085478769	1.0730547320888	0.283246559916462	0.999831983216163
ENSMUSG00000054453	17.1992444161287	-0.128615585872726	0.0846597074326827	-1.58984698506789	0.111869300087884	0.999831983216163
ENSMUSG00000035045	905.687343819371	0.156101990365277	0.0974472178727318	1.60163057181416	0.109237326235545	0.999831983216163
ENSMUSG00000084349	377.723092321368	0.121227279698893	0.114712779990841	1.05595512407164	0.290988717753066	0.999831983216163
ENSMUSG00000037358	48.2665492937032	-0.00396087493354078	0.114266869625216	-0.0346840434444041	0.972331684758894	0.999831983216163
ENSMUSG00000049191	495.387352875609	0.175089161421174	0.10934437367565	1.59992063662745	0.109616190620021	0.999831983216163
ENSMUSG00000086691	16.7085024379362	-0.0529244858834718	0.0869187717133555	-0.616850899692269	0.537333075415054	0.999831983216163
ENSMUSG00000080845	36.8355331066752	0.0197438866301404	0.109032543605114	0.180988816473586	0.85637635421091	0.999831983216163
ENSMUSG00000062393	81.5014701763553	0.0963551410655651	0.0709915672687335	1.32125417332109	0.186416628547819	0.999831983216163
ENSMUSG00000067925	637.133453834601	0.00745943705822697	0.102938567414015	0.072467648061404	0.942229750862097	0.999831983216163
ENSMUSG00000081729	10.9700318859526	0.0281908456658206	0.074405286145186	0.375569683924046	0.707236832191801	0.999831983216163
ENSMUSG00000045179	12.1974629006423	-0.0355885945898306	0.0789177810308186	-0.455770023718466	0.648555362084912	0.999831983216163
ENSMUSG00000082226	49.1224535145932	-0.0120611318613634	0.111729697968245	-0.107890456170215	0.91408258780221	0.999831983216163
ENSMUSG00000081281	24.788660027287	-0.120429361863619	0.098327265797783	-1.24727906577652	0.212295190615994	0.999831983216163
ENSMUSG00000120773	763.089815291429	-0.156867794515953	0.107865035322302	-1.45538326833088	0.145563185833944	0.999831983216163
ENSMUSG00000072955	26.6632012845312	0.0735453501867808	0.0986735473529095	0.738254389918256	0.460359876981423	0.999831983216163
ENSMUSG00000050148	6952.52135199273	-0.015462973841188	0.0897392318974874	-0.172313279829796	0.863191244711791	0.999831983216163
ENSMUSG00000072964	2477.95237552581	0.00467009942287556	0.0838943209659693	0.0556675273498672	0.955606668793061	0.999831983216163
ENSMUSG00000084421	21.1105125985376	-0.0914374109342981	0.0946307791307134	-0.981971522035653	0.326113878118331	0.999831983216163
ENSMUSG00000083798	120.39506273926	-0.0181803631198796	0.1218597392742	-0.149239117208742	0.881364954528814	0.999831983216163
ENSMUSG00000036357	97.6673019264379	0.204923710850034	0.115168220958246	1.76150321169522	0.0781532698915823	0.999831983216163
ENSMUSG00000119926	118.112690675711	0.188817576405793	0.121604364764549	1.54677496995401	0.121917517848486	0.999831983216163
ENSMUSG00000071748	41.3169353101652	0.0380164476346909	0.111037481290399	0.341732440854589	0.732552256020887	0.999831983216163
ENSMUSG00000087263	17.0053954856895	0.0153269106339634	0.0819650515989544	0.186535683766103	0.852024698295079	0.999831983216163
ENSMUSG00000046287	450.069297990605	0.180758903912643	0.111853664238837	1.614887295897	0.106335103897846	0.999831983216163
ENSMUSG00000078317	496.095344698041	0.000676951938113688	0.104147757650988	0.00649994280512016	0.994813832508339	0.999831983216163
ENSMUSG00000068243	10.4886709233197	0.071713382746435	0.071054060474487	0.990594691920964	0.321883530653919	0.999831983216163
ENSMUSG00000082675	90.9132693717651	-0.00598450045016812	0.121513245603681	-0.0492633683191699	0.960709411900917	0.999831983216163
ENSMUSG00000090122	385.767429179207	-0.0509057586512634	0.114298918129407	-0.445498274256192	0.655959706655595	0.999831983216163
ENSMUSG00000079697	10.9994957638425	-0.0919472305357288	0.0753357947808488	-1.27105457387713	0.203709234348605	0.999831983216163
ENSMUSG00000085584	55.9758570055889	0.117101666300195	0.11655877957036	0.999491530051288	0.317556640106204	0.999831983216163
ENSMUSG00000031150	1556.63889146882	0.071486094812758	0.0893749500180421	0.799785733204011	0.423834950367973	0.999831983216163
ENSMUSG00000009731	243.875172169595	0.121862203413845	0.117136836860628	1.03961444489904	0.298519063165407	0.999831983216163
ENSMUSG00000084131	24.2652546284447	-0.0537572106254009	0.0948396760303941	-0.572349477825806	0.567085236002583	0.999831983216163
ENSMUSG00000041245	1228.39013336633	0.0735178671038659	0.110025482767874	0.667959498688031	0.50415944595353	0.999831983216163
ENSMUSG00000095562	97.0542823933165	0.0203685468480262	0.0643806511152164	0.312292757945768	0.754818043356551	0.999831983216163
ENSMUSG00000087159	132.93508314282	0.0763034170985843	0.121391438165578	0.628152676087559	0.529903928275003	0.999831983216163
ENSMUSG00000081137	368.509791436225	0.13798731582401	0.108587800645273	1.27037128590254	0.203952406439782	0.999831983216163
ENSMUSG00000121608	20.5747949508298	0.069150949876606	0.0916916788581139	0.747480622748589	0.454773495190436	0.999831983216163
ENSMUSG00000121914	151.87267305262	0.101299353766253	0.121137846786484	0.834859221872618	0.403796976817434	0.999831983216163
ENSMUSG00000121929	14.9153951316778	-0.0242762359990304	0.0785119868073534	-0.310771012024965	0.755974708294063	0.999831983216163
ENSMUSG00000121913	189.860890707649	-0.0255687694505718	0.120428494249784	-0.212282910037713	0.831886327416276	0.999831983216163
ENSMUSG00000079297	174.761753359482	0.0954535194964788	0.121361824240418	0.784803523495512	0.4325687739365	0.999831983216163
ENSMUSG00000082284	51.9236204855088	-0.0134958919442943	0.116492179342262	-0.115919086215938	0.907716669055263	0.999831983216163
ENSMUSG00000109088	13.2352574849092	-0.0103833054799618	0.0796494589565971	-0.130729692763876	0.895989142484988	0.999831983216163
ENSMUSG00000085568	27.1756690171697	0.00810118696149376	0.101663615761151	0.0796143361255313	0.936543992832408	0.999831983216163
ENSMUSG00000123825	58.882325263203	0.0941304359666298	0.114194717852968	0.819717919423204	0.412376932209502	0.999831983216163
ENSMUSG00000085982	52.3728592814479	0.12909738462468	0.114411348543437	1.12243821300819	0.261676164563321	0.999831983216163
ENSMUSG00000085396	4383.63089060728	0.0231387623642017	0.0837373800743368	0.276316838194427	0.782304724169411	0.999831983216163
ENSMUSG00000119984	83.7526290165396	0.0715359168175779	0.121431136298173	0.588095824596221	0.556467975574461	0.999831983216163
ENSMUSG00000100511	95.1340684146304	-0.0503000106785639	0.121804855783127	-0.413416001255037	0.679301853155196	0.999831983216163
ENSMUSG00000084771	69.1005505836912	0.021507127320322	0.118956339446301	0.1807945682925	0.856528826728773	0.999831983216163
ENSMUSG00000129114	29.0313020896302	0.000612417358687381	0.103760926450871	0.00590004755577178	0.99529247045922	0.999831983216163
ENSMUSG00000078122	13.578255270659	0.0267244614617567	0.0785307669105838	0.337462615957334	0.735768189135488	0.999831983216163
ENSMUSG00000100714	17.9556429168201	0.0806158131392276	0.0873735476568635	0.911413628345855	0.362077475559647	0.999831983216163
ENSMUSG00000120789	132.37067991447	-0.18571299789577	0.121872201306141	-1.52994705929111	0.126029833638303	0.999831983216163
ENSMUSG00000063018	47.9215140720148	0.0101009640742709	0.114025565335708	0.0885021612000318	0.929477566692003	0.999831983216163
ENSMUSG00000087252	11.7950879942857	-0.0123894216445313	0.0764571580210812	-0.162640601406911	0.870801417289365	0.999831983216163
ENSMUSG00000086441	11.457331224944	0.0673191542035567	0.0764340438243502	0.867617025722665	0.385604022730606	0.999831983216163
ENSMUSG00000133344	199.871446767919	0.0247081438148725	0.117790393117188	0.209784591251209	0.833835799865612	0.999831983216163
ENSMUSG00000084885	304.630343119115	-0.00873795933263853	0.115768652996243	-0.0754569178292944	0.939851174360412	0.999831983216163
ENSMUSG00000134810	36.7294090390667	-0.11586914614857	0.107897980067172	-1.08621820732475	0.277382463794143	0.999831983216163
ENSMUSG00000087396	247.405165086213	-0.07908791919012	0.114232756646402	-0.692434737553726	0.488664357127231	0.999831983216163
ENSMUSG00000136515	21.8369197394789	-0.00836608967902095	0.0951136447791316	-0.0880715027422178	0.92981984586248	0.999831983216163
ENSMUSG00000086188	17.8135998069175	-0.0794040909471148	0.0818332354415702	-1.00114424498446	0.316757077098456	0.999831983216163
ENSMUSG00000137568	21.9532789236965	0.0103459378343133	0.0963570931336864	0.107173115997727	0.914651642893313	0.999831983216163
ENSMUSG00000087644	52.6202396747481	-0.040307328379684	0.115651295105813	-0.349353702832431	0.726823786024133	0.999831983216163
ENSMUSG00000138154	15.8418647393549	0.0577058057004442	0.0859705691245687	0.664787119922863	0.506186661959459	0.999831983216163
ENSMUSG00000120757	20.0308463164893	0.0158708166215972	0.0900318039812667	0.17550534547031	0.860682570892723	0.999831983216163
ENSMUSG00000055188	19.2011727850287	-0.0965167585724426	0.0875948275894289	-1.1313131640868	0.257923305571554	0.999831983216163
ENSMUSG00000086034	14.6811933624384	-0.0172357106163693	0.0827508093809263	-0.209656068598079	0.833936115596001	0.999831983216163
ENSMUSG00000139703	36.7285426638714	-0.00864994461900056	0.109308656550023	-0.0791580241346565	0.936906931667614	0.999831983216163
ENSMUSG00000072844	81.5047612853766	0.125444391913643	0.11377860633793	1.0950160792285	0.273509592203994	0.999831983216163
ENSMUSG00000087620	848.694485556204	-0.103778958273862	0.102641815457065	-1.01136519892368	0.31184167116909	0.999831983216163
ENSMUSG00000141662	70.0830625314884	0.0107776669726167	0.119977859230057	0.0897647617175022	0.928474151181113	0.999831983216163
ENSMUSG00000143148	14.6613888503251	-0.0656534478593598	0.0837934083408834	-0.798538576648618	0.424558016026779	0.999831983216163
ENSMUSG00000121458	65.8543254465218	0.159140046621974	0.118590493633198	1.33576059990174	0.181627534881305	0.999831983216163
ENSMUSG00000143643	21.3582053164836	-0.0391117322027156	0.0919798583096032	-0.42837326961809	0.668379382558774	0.999831983216163
ENSMUSG00000143782	10.3065479172464	0.0202382055429587	0.0707757606953197	0.284287875066818	0.776189777280915	0.999831983216163
ENSMUSG00000087365	13.8407452808135	-0.0226839819112236	0.0775112988002209	-0.294256783101441	0.768561693540295	0.999831983216163
ENSMUSG00000081187	15.4323213211116	-0.0353738735716607	0.0842482181660951	-0.424234583657462	0.671394741518576	0.999831983216163
ENSMUSG00000143177	10.907758868197	0.00959675477523709	0.074256162928956	0.129140880084538	0.897246175192226	0.999831983216163
ENSMUSG00000084830	201.334256995682	0.126055387066524	0.119947611016862	1.04990057719407	0.293763826192696	0.999831983216163
ENSMUSG00000139920	50.2166852917116	0.135817100248834	0.115466410653833	1.16931131816821	0.242278224728047	0.999831983216163
ENSMUSG00000087193	32.6577237097338	-0.0062540869929931	0.104020807712412	-0.0602557951627817	0.951951908286852	0.999831983216163
ENSMUSG00000142802	34.3005227352343	-0.137867709148648	0.10790136141959	-1.29405084667927	0.19564785819165	0.999831983216163
ENSMUSG00000050900	31.7723988102044	0.0454925751120706	0.106017338180853	0.427394945675701	0.669091688174307	0.999831983216163
ENSMUSG00000086629	75.6911051849353	-0.0722199089461015	0.120189852545174	-0.601914953506373	0.547230749925471	0.999831983216163
ENSMUSG00000087174	1087.01983798513	-0.0053873169315182	0.0999465747097315	-0.0539064558005802	0.957009693161676	0.999831983216163
ENSMUSG00000097342	65.6930093280014	-0.11225835340201	0.118390248292105	-0.952970624773762	0.340604954449699	0.999831983216163
ENSMUSG00000050332	929.528716695499	-0.114427980423446	0.101781312286897	-1.12461997411729	0.260750105917369	0.999831983216163
ENSMUSG00000097497	117.636368085829	0.0910951430312506	0.121712746807559	0.747484543344946	0.454771129458844	0.999831983216163
ENSMUSG00000091556	162.463857615493	0.0769564410593439	0.121587543778176	0.632289273327295	0.527197871512181	0.999831983216163
ENSMUSG00000059493	171.826929563275	0.110013944288268	0.119522179382637	0.919698588324005	0.357730290550916	0.999831983216163
ENSMUSG00000031210	463.546943672472	0.155762498484283	0.108059217597944	1.4191401658328	0.155858155926638	0.999831983216163
ENSMUSG00000133071	28.9195833987011	0.127482055362482	0.1025218061803	1.22941584996829	0.218915930594096	0.999831983216163
ENSMUSG00000086877	529.038453475696	-0.0126002537207579	0.104499568388796	-0.12056447176621	0.904036010933098	0.999831983216163
ENSMUSG00000121832	242.404142068048	0.20323145652964	0.115899474692539	1.75157903751029	0.0798462197093243	0.999831983216163
ENSMUSG00000085891	91.9038629855909	0.0219828397377592	0.12134486520751	0.180962124171883	0.856397305659414	0.999831983216163
ENSMUSG00000083307	158.602084020132	0.066677273100899	0.120073280318452	0.5551646487204	0.578782046596996	0.999831983216163
ENSMUSG00000087424	72.4521825451169	-0.0202731248318689	0.117721155625316	-0.172283961209427	0.863214292920696	0.999831983216163
ENSMUSG00000051224	124.09715666697	0.100076346052675	0.121874573113042	0.819516768352071	0.412491638925486	0.999831983216163
ENSMUSG00000120664	14.5687381635603	0.0435214868299581	0.080428845424	0.533489177443785	0.593695000768244	0.999831983216163
ENSMUSG00000139414	35.2919324405033	0.0328388811497326	0.107160039128677	0.305347546094681	0.760101467322321	0.999831983216163
ENSMUSG00000086524	100.433032657007	0.100011531304917	0.121813373677253	0.81946355194132	0.412521988831099	0.999831983216163
ENSMUSG00000048949	125.68415765578	-0.0706394775494003	0.121883764124189	-0.580436813798477	0.561620085414193	0.999831983216163
ENSMUSG00000121861	21.3663905893184	0.00354570503879437	0.0923946883829236	0.0384188655684538	0.969353719536906	0.999831983216163
ENSMUSG00000082229	6036.13209822072	0.15491829756326	0.0899427130900874	1.72193870539497	0.0850806225592871	0.999831983216163
ENSMUSG00000086503	30178.9616652188	0.00472091721725559	0.0258647640898481	0.178720963118313	0.858156808009613	0.999831983216163
ENSMUSG00000097571	529.735169942075	-0.0164715410788972	0.112367771883426	-0.146609660838196	0.883440127842265	0.999831983216163
ENSMUSG00000086370	4497.50352315113	0.0695036363637243	0.0827983155090543	0.839380369937085	0.401255895834548	0.999831983216163
ENSMUSG00000076269	13.21195793848	-0.0325366799532314	0.0805061339842593	-0.408627003984779	0.682813410288197	0.999831983216163
ENSMUSG00000073062	548.057765757738	0.147384895811703	0.105258075067919	1.39967554027072	0.161610501602508	0.999831983216163
ENSMUSG00000109459	11.745388532729	0.000113310868007183	0.0741436352249955	0.00152991468252888	0.998779305171666	0.999831983216163
ENSMUSG00000082776	10.9867094681686	0.0148762423893228	0.0722791972394444	0.2043218500408	0.838101996260066	0.999831983216163
ENSMUSG00000071722	96.8626766532324	-0.115126720950002	0.121747293265904	-0.94749882218826	0.343384656133283	0.999831983216163
ENSMUSG00000083596	568.392498882531	0.135375053108322	0.101722531749452	1.33065875984381	0.183301318553436	0.999831983216163
ENSMUSG00000130037	566.765483830224	0.109477331923748	0.115218883891439	0.949267524547746	0.342484566150726	0.999831983216163
ENSMUSG00000120414	158.360380774493	0.189804318523854	0.120581368659856	1.57124919367273	0.116124777420362	0.999831983216163
ENSMUSG00000085669	30.7857814721299	-0.0299870528578372	0.0963657402877728	-0.312391019167835	0.75474337477691	0.999831983216163
ENSMUSG00000055733	2401.68996904591	0.106243907100563	0.0867769909104415	1.2242270360506	0.220866592836258	0.999831983216163
ENSMUSG00000142997	91.1712818828757	-0.151652731215691	0.121551793548659	-1.25094106122532	0.210955981552624	0.999831983216163
ENSMUSG00000084904	336.686454226234	0.0803500471836002	0.113281820416525	0.708961111001316	0.478348610158139	0.999831983216163
ENSMUSG00000082192	25.0981033587747	-0.106603160372908	0.097088576822155	-1.12034386592521	0.26256725586354	0.999831983216163
ENSMUSG00000087368	112.808703996566	-0.0418222294699174	0.121883983870409	-0.343188362645249	0.73145675891401	0.999831983216163
ENSMUSG00000018595	22.2759319028052	-0.0369718329892693	0.095412455058307	-0.389773569140373	0.696703989834455	0.999831983216163
ENSMUSG00000085711	82.8311947702973	0.0370458135043996	0.120737928834627	0.306623021107145	0.759130328879177	0.999831983216163
ENSMUSG00000047238	1184.09975588371	0.092343226493405	0.089550298742918	1.03114667347983	0.30247204334684	0.999831983216163
ENSMUSG00000037347	89.1017541662793	-0.175128808432032	0.121605844126225	-1.44460980432157	0.148567517319649	0.999831983216163
ENSMUSG00000071723	1142.99728313691	0.0947693783203871	0.0906074127416058	1.04588019389493	0.295616349814615	0.999831983216163
ENSMUSG00000031355	170.637511451718	0.0290123132500663	0.12009325490629	0.241605928576258	0.809085527830633	0.999831983216163
ENSMUSG00000033578	2187.44723166834	-0.038067618566451	0.0873562817382566	-0.435785277183912	0.66299252681069	0.999831983216163
ENSMUSG00000073077	50.9902420948199	-0.0388333283831373	0.114983682829409	-0.338378565894617	0.735077924424549	0.999831983216163
ENSMUSG00000025038	51.878465429385	0.117364202160432	0.116101778353831	1.00544087585526	0.314684605573009	0.999831983216163
ENSMUSG00000067924	938.31368430537	0.074361624844082	0.0937350212021929	0.793268074782339	0.427621652989126	0.999831983216163
ENSMUSG00000057615	308.072501519884	-0.0160696878676505	0.11747789345941	-0.136757651392602	0.89122235834488	0.999831983216163
ENSMUSG00000031374	36.8884512671106	0.0481071168794675	0.103882438132637	0.460755643977498	0.644973928233138	0.999831983216163
ENSMUSG00000037475	4251.87225138112	-0.055307903463655	0.0968829294558912	-0.57097381640653	0.568017391833742	0.999831983216163
ENSMUSG00000054850	362.701870137043	0.117770347428769	0.10756847875149	1.09467086293899	0.273660858023311	0.999831983216163
ENSMUSG00000073295	1001.96951458711	-0.0150437331385531	0.0935422138734322	-0.160826437737789	0.872230101975787	0.999831983216163
ENSMUSG00000057836	48.3966482512346	-0.117067689334278	0.110646122263459	-1.06975293260201	0.284730533357097	0.999831983216163
ENSMUSG00000046532	671.828873659801	0.092795658341816	0.110350147956071	0.84066262153512	0.400536966231726	0.999831983216163
ENSMUSG00000034480	775.327034125007	0.0164705213108535	0.108747172779389	0.151453410732045	0.879618059662735	0.999831983216163
ENSMUSG00000025332	5000.95592407452	0.0115510297572671	0.0996964031002945	0.115860482942834	0.907763114759343	0.999831983216163
ENSMUSG00000031101	27.4901044420032	0.138302031238518	0.0991017780630684	1.37290269532168	0.169782598570252	0.999831983216163
ENSMUSG00000049536	1184.58626773375	0.143045147043675	0.105753703507204	1.35185298403216	0.17642235052921	0.999831983216163
ENSMUSG00000042473	613.35541439293	0.0131624227953446	0.104709769357297	0.125704427797367	0.899965896798063	0.999831983216163
ENSMUSG00000023074	674.609762783646	0.0833295537751752	0.102742750354648	0.810878004256651	0.417435732975382	0.999831983216163
ENSMUSG00000031012	2882.27013409542	-0.100633130433316	0.0878685385944213	-1.14542127912625	0.252034687766619	0.999831983216163
ENSMUSG00000031264	25.9409437632574	0.0256631858470732	0.0963763803503856	0.264899324977936	0.791087018354293	0.999831983216163
ENSMUSG00000067215	46.9337181325544	-0.0228601344717488	0.113138749841936	-0.202454492440635	0.839561431468743	0.999831983216163
ENSMUSG00000043518	208.299041846656	0.102459283380874	0.116590307218183	0.878491539375727	0.379677027133021	0.999831983216163
ENSMUSG00000046449	641.074561583362	0.0305856103112121	0.10123538824048	0.30212449053196	0.76255716353853	0.999831983216163
ENSMUSG00000046550	123.213922156835	0.106667480306548	0.121715667858869	0.875481780805804	0.381311819208716	0.999831983216163
ENSMUSG00000025592	103.886017692273	-0.044825261431341	0.121205235064019	-0.370626330883885	0.710915867463377	0.999831983216163
ENSMUSG00000016534	5743.01470634306	0.0891121987193313	0.082288046544312	1.08283258140687	0.278882740954383	0.999831983216163
ENSMUSG00000008035	2591.19368609031	0.0652291897832468	0.0839160252423159	0.777281654727318	0.436992616065751	0.999831983216163
ENSMUSG00000052372	676.104634543601	-0.0629668430638188	0.109759179851109	-0.573938460749781	0.566009445531775	0.999831983216163
ENSMUSG00000059401	2123.87444150576	0.0129647602647756	0.0908105289762112	0.142761678922227	0.886478402796155	0.999831983216163
ENSMUSG00000073130	35.1367160905628	-0.00143326433383527	0.106703185261102	-0.0134226270232596	0.989290614713178	0.999831983216163
ENSMUSG00000039521	16.7878294989104	-0.0856542525779928	0.0863524137932564	-1.01602915039563	0.309615505364371	0.999831983216163
ENSMUSG00000031112	44.1016565925861	0.0423532704837895	0.112092130032445	0.377234813289184	0.70599911087787	0.999831983216163
ENSMUSG00000031400	2460.89854310942	0.0130736463861969	0.0830083656929406	0.15749869981153	0.874851832506721	0.999831983216163
ENSMUSG00000025666	7700.07509907935	0.0900887488282045	0.104704741599135	0.860028267553885	0.389773460585712	0.999831983216163
ENSMUSG00000025269	248.941093060945	-0.157524345242535	0.116552199144896	-1.35257944144101	0.176190023920281	0.999831983216163
ENSMUSG00000067194	9865.40717969966	0.0431447858390629	0.0854277752222076	0.505016746297965	0.613547074034883	0.999831983216163
ENSMUSG00000025151	13043.9726519083	0.0983700268879822	0.0865526647487971	1.13635405110379	0.255808417929222	0.999831983216163
ENSMUSG00000079480	356.305904913441	0.0974111636118108	0.109070681775795	0.892995146940125	0.371859771585686	0.999831983216163
ENSMUSG00000031278	2620.99529141793	0.0624542273353425	0.0957285509164359	0.652338201297342	0.51418302136172	0.999831983216163
ENSMUSG00000031109	590.050818371102	0.00438390098847287	0.103639729928522	0.0423040687247678	0.966256301818319	0.999831983216163
ENSMUSG00000031221	1598.49945864071	0.138529850453205	0.0882680714980989	1.56925289362138	0.116589023842106	0.999831983216163
ENSMUSG00000059708	1421.51858920798	0.0152428308238944	0.0925184096381323	0.164759118059223	0.869133583262342	0.999831983216163
ENSMUSG00000031380	13.612055359249	0.00175755961622399	0.0803028833679244	0.0218225660859968	0.982589493338504	0.999831983216163
ENSMUSG00000019558	4578.18387709549	-0.0887836645337611	0.0848161411496417	-1.04687373033204	0.295157819221115	0.999831983216163
ENSMUSG00000051323	359.017614870988	0.0766900129503438	0.108983936999287	0.697863082973888	0.485262823537164	0.999831983216163
ENSMUSG00000061778	1094.56393939046	-0.0507092806066132	0.09028458931619	-0.561673969253978	0.574338172909832	0.999831983216163
ENSMUSG00000035847	12442.4808556653	0.0723964468865617	0.0811331379842283	0.892248313874708	0.372259851195826	0.999831983216163
ENSMUSG00000031320	5599.75515540844	0.0474410992947813	0.0927626843110955	0.511371105499313	0.609091223622783	0.999831983216163
ENSMUSG00000067377	546.739476657084	-0.106297448921239	0.11022467335146	-0.964794828064936	0.334647586920498	0.999831983216163
ENSMUSG00000025037	2594.19497216102	0.0538689380720892	0.0815058117194405	0.660900275141303	0.508676269612817	0.999831983216163
ENSMUSG00000042271	2887.2995644824	0.0317234742585876	0.0860323388166687	0.368733381637308	0.712326464409946	0.999831983216163
ENSMUSG00000031297	382.903062583003	0.0641817847225348	0.114696886954852	0.559418116105805	0.575876400451461	0.999831983216163
ENSMUSG00000034457	22.6129954304145	-0.100719499012197	0.0924471731665747	-1.11369813901848	0.265408707954044	0.999831983216163
ENSMUSG00000047230	374.991313214788	0.141086939163069	0.12117547705898	1.16076881369911	0.245735928725885	0.999831983216163
ENSMUSG00000031283	369.492499351756	0.157518284737009	0.11283179132444	1.39539968869664	0.162895345155949	0.999831983216163
ENSMUSG00000035776	3337.65462533932	0.113070996449633	0.0825282369071846	1.36996516286195	0.170697776643247	0.999831983216163
ENSMUSG00000058254	22517.7321304908	-0.0419437529261941	0.0779130570218825	-0.538360323093204	0.590328312911008	0.999831983216163
ENSMUSG00000034403	6058.1294111328	0.137187979091163	0.0822885016423058	1.66692762493095	0.0955287970721559	0.999831983216163
ENSMUSG00000051159	60.3233958678407	0.0288182910710046	0.118190194752835	0.24350024417561	0.807617895975608	0.999831983216163
ENSMUSG00000056679	869.234431961724	-0.0659542892685273	0.109368034760619	-0.60321236687956	0.546367421683394	0.999831983216163
ENSMUSG00000034551	503.251333539967	-0.0515146402104198	0.104991550604664	-0.490715727657406	0.623627521080011	0.999831983216163
ENSMUSG00000031154	3160.21006438673	0.0225332957971299	0.0828111473988595	0.272099375049226	0.785545610061598	0.999831983216163
ENSMUSG00000004221	1793.36735510434	0.0967812165680484	0.0847032861797052	1.14254491460205	0.253227587709692	0.999831983216163
ENSMUSG00000052854	2653.29530688579	-0.0606473358576685	0.120219937319341	-0.506272200846468	0.612665575440133	0.999831983216163
ENSMUSG00000031388	566.040465702467	0.0311519928158267	0.10448364074597	0.298102678320455	0.765624797452099	0.999831983216163
ENSMUSG00000001964	1129.30201615375	-0.0983298304687558	0.0934325531916172	-1.05246097461776	0.292588106276887	0.999831983216163
ENSMUSG00000031153	3180.96032354019	0.0687233728024315	0.0840218215812424	0.817869515937229	0.413431698598664	0.999831983216163
ENSMUSG00000031161	1544.15082074702	0.0152656926083038	0.0889519201052539	0.171614467645893	0.863740632669397	0.999831983216163
ENSMUSG00000025246	3358.89536567615	0.0258248138214511	0.0802167176562138	0.321935589777086	0.747501490565147	0.999831983216163
ENSMUSG00000025531	3081.90726248717	-0.0584007594564794	0.0880138796333833	-0.663602613858903	0.506944683912558	0.999831983216163
ENSMUSG00000033777	53.5837291315229	0.0738410897046103	0.115068875266829	0.638960205339989	0.522848820253539	0.999831983216163
ENSMUSG00000031310	3559.6798352568	0.136844283566102	0.091047693624817	1.50261913231081	0.132937286836007	0.999831983216163
ENSMUSG00000025630	5392.39567036926	0.135662405110975	0.088154012629861	1.53859604297332	0.123902945184466	0.999831983216163
ENSMUSG00000016409	868.28392934249	-0.0490206138824125	0.109519713753919	-0.44772097877187	0.65435457929145	0.999831983216163
ENSMUSG00000031209	398.000401064893	0.160263273971056	0.114306140528454	1.40097513478839	0.161221508825702	0.999831983216163
ENSMUSG00000031422	7573.77874233909	-0.0172272149255259	0.0832681906402204	-0.206892779905035	0.836093595330625	0.999831983216163
ENSMUSG00000031391	4130.61156657005	-0.0160011936178789	0.100074795198682	-0.159900490022664	0.872959462504503	0.999831983216163
ENSMUSG00000031347	1404.70054188531	0.0555033410695369	0.0922656050946021	0.601545470054519	0.547476736011626	0.999831983216163
ENSMUSG00000002014	1186.4163915505	0.0440236399628053	0.0992693300042188	0.443418923147912	0.657462751065252	0.999831983216163
ENSMUSG00000001173	3232.35025663317	0.0125636506150994	0.0817642629248815	0.153656981251823	0.877880205844452	0.999831983216163
ENSMUSG00000079481	3134.36052405475	-0.0730651383030629	0.108742261394214	-0.672220101230148	0.501443585978721	0.999831983216163
ENSMUSG00000031302	1228.20120645296	0.0345487260743908	0.0940788189581825	0.367203767022241	0.713467029628539	0.999831983216163
ENSMUSG00000031111	304.348196146903	0.0572601148508469	0.099075273434157	0.572149960725338	0.567220384441907	0.999831983216163
ENSMUSG00000040749	128.296728654337	-0.0145290256523471	0.12162541160747	-0.119446196049086	0.904921864086349	0.999831983216163
ENSMUSG00000031284	1599.91801706907	0.135154966346664	0.118921620970807	1.12789998045276	0.259362162142257	0.999831983216163
ENSMUSG00000039201	643.362634183005	-0.0987663704731919	0.101182240354815	-0.976141581718809	0.328994307822433	0.999831983216163
ENSMUSG00000025261	12826.9757038183	0.0097642533212469	0.091003120852559	0.107295053029829	0.91455490899876	0.999831983216163
ENSMUSG00000044583	97.0163695915249	-0.0262626356252931	0.121847443801009	-0.215571442866208	0.829321817702849	0.999831983216163
ENSMUSG00000031360	2442.59702801351	0.0516959308111339	0.0822266672270114	0.628681958463857	0.529557291816745	0.999831983216163
ENSMUSG00000039382	696.472724787353	0.0863547141609642	0.0985793015020864	0.875879848945717	0.381095355393656	0.999831983216163
ENSMUSG00000031079	287.914072707801	-0.00184738122640123	0.114933553497379	-0.0160766661469622	0.987173228827361	0.999831983216163
ENSMUSG00000031399	854.687729581729	0.013528333366792	0.0963748750000159	0.14036403953566	0.888372368819406	0.999831983216163
ENSMUSG00000068270	275.860397921779	-0.043876245743883	0.1162730496423	-0.377450170995188	0.705839088228785	0.999831983216163
ENSMUSG00000054737	1179.2131336533	-0.00893594833368636	0.089853147801273	-0.0994519616023202	0.920779427822842	0.999831983216163
ENSMUSG00000031232	1140.0156764499	-0.122124263572573	0.108967356684602	-1.12140465905554	0.262115653869981	0.999831983216163
ENSMUSG00000031309	4362.76357031428	-0.0581870433982806	0.0883839876915299	-0.658410974696108	0.510274085226601	0.999831983216163
ENSMUSG00000001924	11953.1108985718	0.0202452547691451	0.0799913850589412	0.253087992590612	0.800200217418282	0.999831983216163
ENSMUSG00000035062	1170.72316721991	-0.0471714061806716	0.0961229615423334	-0.49077315269576	0.623586900533474	0.999831983216163
ENSMUSG00000056537	3284.07158754201	0.132736252961958	0.0993356175134074	1.33571164634617	0.181643541225491	0.999831983216163
ENSMUSG00000079418	395.089340665344	0.0433306574080063	0.107642194587429	0.402479867068314	0.687330902270583	0.999831983216163
ENSMUSG00000040586	524.39534925179	0.0595468707015791	0.102119853047542	0.583087568746864	0.559834351806176	0.999831983216163
ENSMUSG00000044149	1538.40328302002	0.0518660594616595	0.104782982232122	0.494910860857824	0.620663043823311	0.999831983216163
ENSMUSG00000031007	9316.17425426222	0.0635849954411839	0.0811932382361204	0.783082625080018	0.433578593552597	0.999831983216163
ENSMUSG00000031256	5192.67904665328	-0.0125397834138899	0.0866803192138286	-0.144669965655486	0.88497145357887	0.999831983216163
ENSMUSG00000031409	1104.82085568157	0.122457907317771	0.102037188882475	1.1998241217039	0.230207653876676	0.999831983216163
ENSMUSG00000018589	222.154274965392	0.0596902320586953	0.117945866465279	0.506030005769082	0.612835585512102	0.999831983216163
ENSMUSG00000047242	1159.64783039522	0.00509425554883747	0.0924766490034311	0.055087423322692	0.95606881566521	0.999831983216163
ENSMUSG00000025656	11335.4915204784	0.078322508460456	0.0801712670410397	0.976866337167163	0.328635329163708	0.999831983216163
ENSMUSG00000067768	37.6235079440979	-0.0103345011323577	0.0226158884071147	-0.533600740620615	0.593617795741042	0.999831983216163
ENSMUSG00000060681	5822.98384205737	0.0221466628270955	0.0786633050377421	0.281533885418793	0.778300941831537	0.999831983216163
ENSMUSG00000036131	10.6455007517638	0.0484960046445975	0.0667797935488623	0.709767612890028	0.477848256094891	0.999831983216163
ENSMUSG00000031145	31.002825166693	-0.00139745611005974	0.102579571496389	-0.0136051152494641	0.98914502347005	0.999831983216163
ENSMUSG00000031166	5150.84341006088	-0.112962112817518	0.0777589670245256	-1.45281661081483	0.146274678699469	0.999831983216163
ENSMUSG00000047757	111.382003135335	-0.0989434715339389	0.121822758340156	-0.814145930175355	0.415561356316123	0.999831983216163
ENSMUSG00000002007	58.8448102433022	-0.100642017478335	0.114310181322313	-0.885351866436813	0.375966884268975	0.999831983216163
ENSMUSG00000050029	1673.62210329242	-0.042560294686562	0.0871936983646349	-0.488131034011274	0.625457030403431	0.999831983216163
ENSMUSG00000031156	699.993017191056	-0.0730133488973453	0.10079761947705	-0.724408649053273	0.468814891527091	0.999831983216163
ENSMUSG00000031285	316.912942672505	-0.192780928690033	0.11171840695315	-1.72612838737014	0.0843243178387447	0.999831983216163
ENSMUSG00000031378	465.118366024753	0.0549956541389864	0.105884074669758	0.519288141084458	0.603559821897777	0.999831983216163
ENSMUSG00000031382	25.7301047334499	-0.0114905611897221	0.0994882290644709	-0.115770420958603	0.90783449350781	0.999831983216163
ENSMUSG00000067860	592.190059708135	-0.0401593811937353	0.10048831245909	-0.399664115855669	0.689403925596384	0.999831983216163
ENSMUSG00000031262	25.8792143287642	0.0589196291694933	0.0942595960544495	0.620300330443722	0.535060077418739	0.999831983216163
ENSMUSG00000036769	986.518536940724	-0.0542751981134937	0.0933125199281102	-0.58168434546529	0.560779317954406	0.999831983216163
ENSMUSG00000042225	228.696227495076	-0.118457450352989	0.117890573143602	-1.00539858349744	0.31470496167328	0.999831983216163
ENSMUSG00000042282	14.6510452597166	0.108175105521808	0.0807704036791928	1.31026798046079	0.19010519544845	0.999831983216163
ENSMUSG00000059327	120.644411797095	0.0514992159161572	0.121683952720982	0.422865883251099	0.672393115705948	0.999831983216163
ENSMUSG00000049176	3818.07457002148	-0.0821351843771922	0.102770197940315	-0.799520478077722	0.423988677353089	0.999831983216163
ENSMUSG00000031231	5310.17836518715	0.111583061906234	0.0861146041615468	1.29556765468121	0.195124478796812	0.999831983216163
ENSMUSG00000045427	5975.22953186612	0.0458594871004319	0.0818530299859131	0.56024601264371	0.575311646105917	0.999831983216163
ENSMUSG00000031298	35.1714274484597	0.161859117891282	0.0995794943072995	1.60246202079463	0.109053479497878	0.999831983216163
ENSMUSG00000001131	37.5978044689065	-0.148632153026416	0.110086649367197	-1.36605888102797	0.17192048301491	0.999831983216163
ENSMUSG00000000355	1933.45161265587	-0.00242703052251375	0.0910915002527863	-0.0266433685560629	0.978744182419058	0.999831983216163
ENSMUSG00000048047	1465.77299320229	-0.010484597760263	0.0952409416265989	-0.110091403321254	0.912336885871297	0.999831983216163
ENSMUSG00000031066	2564.76741682162	0.135643510006463	0.0904982429772953	1.49856119361504	0.133987506369582	0.999831983216163
ENSMUSG00000031365	1863.14567686182	0.0151392127749435	0.0918539394166877	0.164821748805298	0.869084285089782	0.999831983216163
ENSMUSG00000041353	921.763985543362	0.0514588527404251	0.10097061848119	0.509620137448989	0.610317613101738	0.999831983216163
ENSMUSG00000025270	108.082282064419	-0.0316572669103913	0.051400161920287	-0.654704701683915	0.512657897536535	0.999831983216163
ENSMUSG00000031385	1044.10347125949	-0.0659796845916537	0.0957927242153355	-0.688791167213185	0.490954694879424	0.999831983216163
ENSMUSG00000031246	2437.86498091795	-0.130824381242462	0.0922646656193761	-1.41820592725204	0.156130651923367	0.999831983216163
ENSMUSG00000025268	1439.90557085671	0.113372181703352	0.0936835206005875	1.20997426355593	0.226288768638006	0.999831983216163
ENSMUSG00000040363	853.085391747007	0.0489477105853508	0.0953015009355033	0.513599634078205	0.607531935469308	0.999831983216163
ENSMUSG00000045237	405.512266100934	-0.111605619300479	0.108420742512011	-1.02953361611769	0.303228991595162	0.999831983216163
ENSMUSG00000031438	1013.71918594186	0.170183627950584	0.0968690386454254	1.7565217471015	0.0789993614536574	0.999831983216163
ENSMUSG00000031393	7654.85128583489	-0.0822364882889858	0.0890467833332163	-0.923660313241538	0.355663201091508	0.999831983216163
ENSMUSG00000073010	19.8919255917416	0.0963005475111318	0.0916249823667069	1.03662337526727	0.299911415021827	0.999831983216163
ENSMUSG00000037369	3213.29104432859	0.0624433738947361	0.118431123161996	0.525154821273	0.599475568744807	0.999831983216163
ENSMUSG00000031289	29.0888358744842	-0.106341491597924	0.0979192169183516	-1.10479695961568	0.269247578253081	0.999831983216163
ENSMUSG00000040229	189.277368210679	0.0012649034598263	0.120468193495416	0.0105002334932974	0.991622179760449	0.999831983216163
ENSMUSG00000040990	691.907812271288	0.0348229124428042	0.104279451666426	0.333935622841094	0.73842813810332	0.999831983216163
ENSMUSG00000089996	26.4535490925458	-0.0687687516654367	0.101009215305356	-0.68718962702908	0.491963240162782	0.999831983216163
ENSMUSG00000073125	187.532225340951	-0.0292116686145342	0.046617775910294	-0.674907577948721	0.499734485680765	0.999831983216163
ENSMUSG00000032806	65.3886110099538	0.0652747601755103	0.119373975426884	0.545456913998631	0.585439305965056	0.999831983216163
ENSMUSG00000031299	6270.5692759086	0.0386094728808711	0.0844064304560051	0.457405934293435	0.647379299762034	0.999831983216163
ENSMUSG00000031165	19.5506276379648	0.0274868285645454	0.0907499619980756	0.301506354364094	0.763028405239443	0.999831983216163
ENSMUSG00000031148	2357.43709158798	0.0273254437455466	0.0872436676631514	0.313205874789268	0.754124255384173	0.999831983216163
ENSMUSG00000025626	1694.72538081915	0.0428745574876773	0.0884115296759022	0.484929914765065	0.627726061437888	0.999831983216163
ENSMUSG00000025289	440.830238508508	0.127325810401971	0.107920665578763	1.17940859932684	0.238235512554042	0.999831983216163
ENSMUSG00000073207	45.6754756450362	0.139909282988122	0.113174226884465	1.2269519457004	0.219840652827397	0.999831983216163
ENSMUSG00000041476	377.688196316316	-0.0481898232023495	0.110245540054049	-0.43719160369906	0.661972398414908	0.999831983216163
ENSMUSG00000037086	129.407951527359	0.0307911212597505	0.121270638175652	0.253403601715363	0.799956344703725	0.999831983216163
ENSMUSG00000031295	1026.02913264897	-0.102031522153788	0.0913372047136931	-1.11708044485783	0.263959930877174	0.999831983216163
ENSMUSG00000034160	18491.0294723295	0.0146477790955893	0.0888828394707113	0.16479518331412	0.869105195367219	0.999831983216163
ENSMUSG00000031392	2408.2594473045	-0.115915499559391	0.094965512164309	-1.22085537045682	0.222140784831573	0.999831983216163
ENSMUSG00000015214	2041.3900023846	-0.00802061132643501	0.0858418212022158	-0.0934365371174406	0.925556765046145	0.999831983216163
ENSMUSG00000046432	2815.26171159741	0.0427459556930546	0.0876755653516228	0.487522796274089	0.625887891995607	0.999831983216163
ENSMUSG00000002006	2665.84423423177	-0.00885975206135467	0.0870597684054846	-0.101764766248193	0.91894339287687	0.999831983216163
ENSMUSG00000031274	421.717018834825	-0.0945362288995137	0.111020805804295	-0.851599441709655	0.394436449580293	0.999831983216163
ENSMUSG00000031229	13222.5284778377	-0.0334327438458567	0.0987157235674099	-0.338720024746275	0.734820653937768	0.999831983216163
ENSMUSG00000033792	895.90871268722	0.0761367582078153	0.0939071552766821	0.810718863826524	0.417527137832413	0.999831983216163
ENSMUSG00000015668	1040.87047533177	-0.0105522517188176	0.0966272852701633	-0.109208480492289	0.913037134083291	0.999831983216163
ENSMUSG00000031133	432.777407335871	0.122985971850553	0.111790958525624	1.09966805482561	0.271476778256186	0.999831983216163
ENSMUSG00000039278	7471.78289013026	0.0414048171085371	0.0867057454783427	0.47749961442698	0.633006395341798	0.999831983216163
ENSMUSG00000032750	93.0218465417936	0.0171048699204802	0.120482646240953	0.141825716008437	0.887217670951149	0.999831983216163
ENSMUSG00000025529	584.764917697573	-0.0143231783797924	0.108090139332694	-0.132538910904192	0.894558048031113	0.999831983216163
ENSMUSG00000031155	1267.95308640458	-0.141581796607074	0.0913713257490778	-1.54962783281332	0.12123086859584	0.999831983216163
ENSMUSG00000109745	12.9940651220584	0.0157183008062321	0.0791526938289746	0.197432213611973	0.843489322885911	0.999831983216163
ENSMUSG00000001128	672.62588782143	-0.0463127349107885	0.10974960440469	-0.422006238040835	0.673020464243414	0.999831983216163
ENSMUSG00000041633	385.826157583826	-0.130632567271324	0.108933091014344	-1.19947009563554	0.230345205956372	0.999831983216163
ENSMUSG00000031379	123.298486744827	0.115737067117597	0.121838589563738	0.948135039840636	0.343060712054743	0.999831983216163
ENSMUSG00000073016	737.7411646343	0.0482866734896502	0.105188567345445	0.45898185888077	0.646247193459981	0.999831983216163
ENSMUSG00000033361	708.066862365189	-0.0142954917486974	0.101506127984282	-0.14084306352116	0.887993922352164	0.999831983216163
ENSMUSG00000043929	805.543109837125	0.0699665537674151	0.102818558210535	0.680411106678908	0.496244190378102	0.999831983216163
ENSMUSG00000087403	1573.64867558179	0.0917477601975613	0.0874557447687163	1.04900759856926	0.294174621212021	0.999831983216163
ENSMUSG00000036932	1541.5910879598	-0.00841123271490874	0.0891497040004728	-0.0943488702465894	0.924832030177431	0.999831983216163
ENSMUSG00000025271	22.6874683152712	0.0644360701769259	0.0949253366229532	0.672047012061703	0.501553768004057	0.999831983216163
ENSMUSG00000031328	4216.54215307308	-0.105542542524481	0.0881013230497306	-1.19815105639734	0.230858215362831	0.999831983216163
ENSMUSG00000086316	902.027840595384	-0.106291686498834	0.0933910010319084	-1.13816999587691	0.255049504751842	0.999831983216163
ENSMUSG00000041649	198.638725419987	-0.0911125097637005	0.118997076774607	-0.766390651433856	0.443443893662761	0.999831983216163
ENSMUSG00000015405	100.13244075578	-0.0567064905291379	0.121302085835046	-0.467910075359313	0.639848898069662	0.999831983216163
ENSMUSG00000031104	496.271179115523	-0.0276020178428475	0.102301187294194	-0.269821934412044	0.787297247262239	0.999831983216163
ENSMUSG00000031142	18.1676878600599	0.0150340944473227	0.0908186792006756	0.164994201938933	0.868948545694477	0.999831983216163
ENSMUSG00000000223	1316.50831109894	-0.124517450128019	0.0946663327102513	-1.31546318244096	0.1883542831821	0.999831983216163
ENSMUSG00000031134	4687.27128642934	0.000619346139172812	0.0818191647960142	0.0075703132399603	0.99395982163886	0.999831983216163
ENSMUSG00000015290	2574.35439202788	-0.0138886607106463	0.0812441020716241	-0.170950426895546	0.864262745288357	0.999831983216163
ENSMUSG00000031010	8628.15200666842	-0.0520614491951919	0.10751913982976	-0.484375733565415	0.628119236972862	0.999831983216163
ENSMUSG00000001986	4851.15197423553	-0.0112943204598777	0.10952318241664	-0.103132841289362	0.917857540408275	0.999831983216163
ENSMUSG00000041020	6865.95014041749	0.158577688027131	0.0935384814547651	1.69470007820239	0.0901323308401277	0.999831983216163
ENSMUSG00000034732	137.094537004159	-0.0355365271754211	0.121599498107643	-0.292457419092126	0.769936912007843	0.999831983216163
ENSMUSG00000039231	760.705028964692	-0.0664532284661069	0.0962548018564763	-0.690382454492077	0.489953707487063	0.999831983216163
ENSMUSG00000054293	11.6569649475601	0.000944503948149245	0.0771265505226954	0.0122337949422097	0.990239087375223	0.999831983216163
ENSMUSG00000036502	2921.58126300956	0.0969412095641749	0.0928447606239676	1.04396054896303	0.296503642488138	0.999831983216163
ENSMUSG00000023092	4100.17626632756	0.0208271055524364	0.0836051499406403	0.249106807874261	0.803278163502638	0.999831983216163
ENSMUSG00000033436	2186.71471028434	0.0274768080608158	0.0858786139314282	0.319946987072628	0.749008517929721	0.999831983216163
ENSMUSG00000040522	15.3857746233682	0.0196721776327184	0.0851928322093001	0.229696026147636	0.818327983031226	0.999831983216163
ENSMUSG00000031258	42.546909347992	0.0205954982209132	0.111805156914543	0.183880471938261	0.854107224719204	0.999831983216163
ENSMUSG00000055653	100.438828698807	-0.161525570682651	0.121582835376389	-1.33270613659544	0.182628258653308	0.999831983216163
ENSMUSG00000031105	983.712593852567	0.0540008345637012	0.0985992274288686	0.547643243153594	0.583936890735864	0.999831983216163
ENSMUSG00000035150	3275.04924030308	0.172369535335702	0.111083237815512	1.5497754230411	0.121195427899166	0.999831983216163
ENSMUSG00000025262	3763.98605992462	-0.0717663753744373	0.0903839530149871	-0.794126055778948	0.427122050344834	0.999831983216163
ENSMUSG00000025257	19.8680753794209	0.0325034697446298	0.0921692773527979	0.350421709807292	0.726022235944569	0.999831983216163
ENSMUSG00000042712	2703.84198311437	0.00496713293345754	0.0974369569820261	0.0509787615311648	0.959342444381533	0.999831983216163
ENSMUSG00000031429	442.338724360133	0.032179539757622	0.104898717114761	0.306757352012208	0.759028072272269	0.999831983216163
ENSMUSG00000061273	3036.14733761087	-0.0878722136645873	0.0807514146822439	-1.08822533795499	0.276495641585984	0.999831983216163
ENSMUSG00000031333	3453.75284651241	-0.065232341017018	0.0866595351052394	-0.752801909313049	0.45156895926938	0.999831983216163
ENSMUSG00000031311	5809.82065747519	0.0390387885588018	0.0769027620940103	0.507626746320921	0.611715129828018	0.999831983216163
ENSMUSG00000031327	1817.15876329779	-0.00717874380213013	0.0958373361486537	-0.074905949167195	0.940289543107164	0.999831983216163
ENSMUSG00000031167	5240.78439313196	0.0426340722688712	0.0875444665373631	0.486971554610012	0.626278489268861	0.999831983216163
ENSMUSG00000015289	455.107939110723	0.0228394244410308	0.109510030255847	0.20854418078389	0.834804089587258	0.999831983216163
ENSMUSG00000008682	4598.18542696755	0.142565182115601	0.0891964442996819	1.59793717083022	0.11005696056785	0.999831983216163
ENSMUSG00000031358	1532.03871364673	-0.0362630329958982	0.0882478057047025	-0.410938941862937	0.681117306891181	0.999831983216163
ENSMUSG00000031373	101.674547826876	0.127509125173545	0.121741889388982	1.04459452177777	0.296210412589602	0.999831983216163
ENSMUSG00000073293	483.139402687389	0.100644595443448	0.105548042972876	0.953375650190913	0.34039977418038	0.999831983216163
ENSMUSG00000050394	132.396881739266	0.0788342723724494	0.121523173543382	0.648001069852694	0.516984258317394	0.999831983216163
ENSMUSG00000031189	370.973536056444	-0.116430722132106	0.118620894859942	-0.983165950599732	0.325525769800196	0.999831983216163
ENSMUSG00000025272	4687.72673346933	0.163433041382205	0.0936941574047138	1.74369347970385	0.081212552948746	0.999831983216163
ENSMUSG00000031387	164.455537038744	0.0581998920846058	0.119363750762328	0.487452072292356	0.625937999529176	0.999831983216163
ENSMUSG00000047996	576.031390884825	-0.150460123415334	0.107088228416779	-1.40560582102486	0.159841206567361	0.999831983216163
ENSMUSG00000036551	13.3662200618056	0.0775897983462783	0.0798619186614955	0.957840839159436	0.338143022314038	0.999831983216163
ENSMUSG00000068122	77.7483541039881	0.108313657803816	0.119376053858733	0.903917068161505	0.366039377967501	0.999831983216163
ENSMUSG00000031207	2779.76786731125	-0.0856184212650927	0.0855535586203852	-1.00084395852646	0.316902253698188	0.999831983216163
ENSMUSG00000062070	10286.0476240937	0.0232510744892219	0.0863123793877095	0.269373858575227	0.78764200074655	0.999831983216163
ENSMUSG00000006423	2459.09341903442	-0.133895357315023	0.0963607138675324	-1.38993127829663	0.164549746494509	0.999831983216163
ENSMUSG00000039556	208.642593973916	0.0137571549693146	0.119799689772621	0.114837717881458	0.908573752263208	0.999831983216163
ENSMUSG00000001962	787.424568177483	-0.0361273316433112	0.0974579794110104	-0.370685494915347	0.710871795248977	0.999831983216163
ENSMUSG00000031293	28.5888795685432	-0.0904719371459041	0.101743921946543	-0.898674251664367	0.368826195714859	0.999831983216163
ENSMUSG00000031158	454.841924524343	-0.027183267224848	0.106317465042063	-0.255658103307493	0.79821484890751	0.999831983216163
ENSMUSG00000025665	337.428109028671	0.127003655352897	0.113776876022256	1.11567625916265	0.264560736339721	0.999831983216163
ENSMUSG00000046032	1287.79846987508	-0.0155670318921166	0.108020337348733	-0.144125388089012	0.885401457220447	0.999831983216163
ENSMUSG00000054626	27.8596025748224	-0.0654480829940829	0.101552712129184	-0.649403579840832	0.516077550727248	0.999831983216163
ENSMUSG00000071708	4589.20129329431	0.145947427078121	0.082573345733707	1.76725386434547	0.0771857225283437	0.999831983216163
ENSMUSG00000031371	339.899489839356	0.164738829495831	0.109370588990269	1.50571554663631	0.132140211251174	0.999831983216163
ENSMUSG00000036959	858.153289830289	-0.0050856380965811	0.0960554951880502	-0.0529464649665007	0.957774562601461	0.999831983216163
ENSMUSG00000047344	711.55715898205	-0.0670665551960082	0.114254232944247	-0.587357650831491	0.556963529671179	0.999831983216163
ENSMUSG00000040621	217.215527114665	-0.0253300578806156	0.119150092020337	-0.212552914895955	0.831675700602596	0.999831983216163
ENSMUSG00000042595	1519.12598454824	0.00877921508641067	0.104176156271322	0.0842773434535815	0.93283592561029	0.999831983216163
ENSMUSG00000079316	1278.41845564973	-0.0252916637466915	0.0932259270066441	-0.271308765914409	0.786153565007664	0.999831983216163
ENSMUSG00000031314	3853.20250704518	0.0146721637334947	0.0962541388370975	0.152428509558956	0.878848972423767	0.999831983216163
ENSMUSG00000016319	10026.4241336428	-0.0140613496131757	0.0803904788532822	-0.174914700217175	0.861146659243796	0.999831983216163
ENSMUSG00000062949	2199.38872040349	0.0637290136195043	0.0877440572446764	0.726275573850891	0.467669850379451	0.999831983216163
ENSMUSG00000041229	1747.93504071432	-0.069401387224815	0.0917080948782447	-0.756844991491715	0.449142734514893	0.999831983216163
ENSMUSG00000031171	978.685383325182	-0.0659002179573459	0.0946767668813116	-0.696069504649003	0.486385303241428	0.999831983216163
ENSMUSG00000000838	4609.03093806684	-0.0685936748903278	0.0879526995113933	-0.779980446808762	0.435402384464292	0.999831983216163
ENSMUSG00000031060	2731.48944907261	-0.113926376787512	0.0888463175053609	-1.28243374467104	0.199690533077959	0.999831983216163
ENSMUSG00000000134	1400.4189947931	0.0586407058309797	0.0885535172486168	0.662181975851992	0.507854604066971	0.999831983216163
ENSMUSG00000079487	2489.88793344033	-0.0274079539070722	0.0850535513717443	-0.322249784690863	0.747263471605727	0.999831983216163
ENSMUSG00000006678	441.151718018514	0.0297825462690485	0.104848264548034	0.284059072011384	0.776365111324934	0.999831983216163
ENSMUSG00000034311	32.0992952008919	0.0795440001458176	0.100260566200493	0.786483136675094	0.43158449465746	0.999831983216163
ENSMUSG00000031059	1586.72672644288	0.0221799318737898	0.0930053573629747	0.238469829461601	0.811516713035115	0.999831983216163
ENSMUSG00000060890	13.9113407317326	0.0187353498914263	0.0813239094257689	0.229233845786451	0.81868716774082	0.999831983216163
ENSMUSG00000090110	587.285860398151	0.00984039415901958	0.102827680257776	0.0956950501495726	0.923762772267383	0.999831983216163
ENSMUSG00000079509	1990.51763857591	-0.0449217393700983	0.0856103582221758	-0.524743375323976	0.599761599838678	0.999831983216163
ENSMUSG00000047694	2267.22581873514	-0.0667456980740985	0.0885731954642209	-0.753627932379752	0.451072667015127	0.999831983216163
ENSMUSG00000041688	2696.79431169838	-0.132954757157235	0.0900205999899365	-1.4772379144591	0.139611873859336	0.999831983216163
ENSMUSG00000047797	741.981686301898	-0.0691834094890235	0.101635125996485	-0.680734098503055	0.496039756186551	0.999831983216163
ENSMUSG00000063785	1046.82080313657	-0.0671629817048246	0.0932263933957955	-0.72048019892069	0.471229386989117	0.999831983216163
ENSMUSG00000015217	420.833423462045	-0.0755627793929212	0.111369677802002	-0.678774658367827	0.497280652982733	0.999831983216163
ENSMUSG00000049929	65.3275499247583	0.0618569520227848	0.117848529467113	0.523174055681352	0.600853134205007	0.999831983216163
ENSMUSG00000031146	36.8342858298082	0.0229383827671551	0.107724198916232	0.212250752319834	0.831911413983282	0.999831983216163
ENSMUSG00000034055	2169.28503882884	0.0860956152015936	0.0867026345335394	0.992937093072197	0.320740611801416	0.999831983216163
ENSMUSG00000036916	1341.60781519993	-0.0174423407234324	0.0884396373041313	-0.19722184198268	0.843653938854432	0.999831983216163
ENSMUSG00000025287	596.038337541437	0.0855663481607493	0.101958248718585	0.839117808659628	0.401403203538365	0.999831983216163
ENSMUSG00000025266	8613.44957105329	0.0645533392112164	0.0767293735319138	0.841273128481246	0.400194940890776	0.999831983216163
ENSMUSG00000044148	1198.15849323508	0.00608753751231015	0.0945433181039165	0.0643859317015868	0.948662931659001	0.999831983216163
ENSMUSG00000051851	2247.77703072527	0.149206755524289	0.0876753043780618	1.70151744977617	0.0888458639634114	0.999831983216163
ENSMUSG00000037315	314.337884227108	0.0322451145216043	0.110680656388688	0.291341727891331	0.770789976646171	0.999831983216163
ENSMUSG00000041658	3345.74183612446	0.13075306840327	0.0841340690340552	1.5539284899787	0.120201475046765	0.999831983216163
ENSMUSG00000079508	1453.59030000648	-0.0618397243181887	0.0875073070431267	-0.706701779059714	0.479751823754974	0.999831983216163
ENSMUSG00000031434	291.856125373443	0.0379073484652428	0.113145115656158	0.335008372072475	0.73761877078529	0.999831983216163
ENSMUSG00000040855	4665.25512771236	0.0460667749732102	0.108902067372875	0.422885137002325	0.67237906738744	0.999831983216163
ENSMUSG00000000787	22463.0876019472	0.0930011642126001	0.121640425587491	0.761793840261137	0.446183057323903	0.999831983216163
ENSMUSG00000031149	1324.19458497659	0.0219095788465089	0.0889349057363118	0.246354485529105	0.805407835889438	0.999831983216163
ENSMUSG00000048970	1252.32216412551	0.105843349281526	0.0969764039894176	1.09125201128014	0.275162007470881	0.999831983216163
ENSMUSG00000042515	201.052482872645	0.211014312933448	0.120173051917561	1.75241352642125	0.0797027272226498	0.999831983216163
ENSMUSG00000045103	2232.95781873895	-0.0534905138130238	0.107536867763605	-0.497583820841908	0.618777409683628	0.999831983216163
ENSMUSG00000035967	5400.57556202433	-0.0409896134642738	0.0788357480905722	-0.519953831259808	0.603095754400757	0.999831983216163
ENSMUSG00000052821	48.9750397314892	0.078522457464979	0.115116642929226	0.680033764206784	0.496483082135766	0.999831983216163
ENSMUSG00000015291	17293.3638274257	-0.0137297633869365	0.091139853318579	-0.150648529190139	0.880252977459687	0.999831983216163
ENSMUSG00000089768	22.5080816030372	-0.0240504652033982	0.0950321848638305	-0.253677541149298	0.799744686173063	0.999831983216163
ENSMUSG00000031157	2255.31843320117	-0.0527512234851939	0.082705279422447	-0.637837478084566	0.523579480176281	0.999831983216163
ENSMUSG00000031344	104.348519313945	0.113868914261829	0.0774366062479872	1.43275949422766	0.151926580710839	0.999831983216163
ENSMUSG00000037341	4376.65690335058	-0.0106798677513124	0.0919879912874438	-0.116104435336678	0.907569773699544	0.999831983216163
ENSMUSG00000025597	1642.00067102084	-0.0186032183588513	0.099563036927581	-0.186867058724001	0.851764867539369	0.999831983216163
ENSMUSG00000031386	4604.47677927989	0.00804637644974441	0.0809949524491504	0.0993444676329931	0.920864772953065	0.999831983216163
ENSMUSG00000016239	610.227066780256	0.0395617947493782	0.11176315451416	0.353970498686401	0.723360992366117	0.999831983216163
ENSMUSG00000031255	39.7753755945346	-0.148234072334176	0.109827712337912	-1.36785682139665	0.171356897583813	0.999831983216163
ENSMUSG00000047844	553.24445492449	0.0564786951519206	0.101894095723838	0.554273971238918	0.579391360915155	0.999831983216163
ENSMUSG00000067276	58.7025317348728	0.0153966909850634	0.118191399542379	0.130185702246965	0.896419506262121	0.999831983216163
ENSMUSG00000049804	2475.09781032757	0.0636557454737661	0.108558587179144	0.586179067941834	0.55775518658663	0.999831983216163
ENSMUSG00000031119	244.725775888183	0.0299746283696972	0.116957696688685	0.256170538096424	0.797819156947746	0.999831983216163
ENSMUSG00000051579	2287.60522300762	-0.0538293792667507	0.0838481159918593	-0.642010510190516	0.520866358844422	0.999831983216163
ENSMUSG00000031403	1539.866084561	-0.0292510207089399	0.103034123726522	-0.283927135195319	0.776466220992683	0.999831983216163
ENSMUSG00000031357	2077.85557965101	0.00886549702142743	0.0870374773611947	0.10185883723729	0.918868723091855	0.999831983216163
ENSMUSG00000031370	1229.49265215633	-0.0372157117206965	0.0917484557617028	-0.405652134180419	0.684998216862274	0.999831983216163
ENSMUSG00000016150	6155.99021918565	-0.0142284483479438	0.102162685526507	-0.139283538689653	0.889226097306627	0.999831983216163
ENSMUSG00000036109	22.4015910192657	0.028540312687845	0.0944109961451261	0.300535989482377	0.763768348794387	0.999831983216163
ENSMUSG00000025260	667.34755258048	-0.0280401691385879	0.10077731956569	-0.278257943858229	0.780814357622499	0.999831983216163
ENSMUSG00000035246	1234.59566791573	-0.0383425773091317	0.0985873863406046	-0.388940872756918	0.697319885878836	0.999831983216163
ENSMUSG00000035232	1164.6170019086	-0.117294253042237	0.0903128795995225	-1.29881992470622	0.194005735156461	0.999831983216163
ENSMUSG00000071719	605.591238558014	0.18299564609661	0.107414319486041	1.7028417910677	0.0885976796840275	0.999831983216163
ENSMUSG00000031201	2005.1654486358	0.0250869173283158	0.087545713213544	0.286557392555857	0.774451242533483	0.999831983216163
ENSMUSG00000047045	1369.68209465122	-0.146383009239351	0.0879679454293281	-1.6641078711611	0.0960908743778151	0.999831983216163
ENSMUSG00000009406	3134.29678837318	-0.0363952742999853	0.103165091376332	-0.35283396424368	0.724212919483714	0.999831983216163
ENSMUSG00000031093	794.710677028576	-0.0418116638017213	0.101256114102291	-0.412995771706568	0.67960971163459	0.999831983216163
ENSMUSG00000054034	1736.81566586816	0.0259877123229275	0.0909121578224587	0.285853604827317	0.77499024956882	0.999831983216163
ENSMUSG00000002015	2643.22749786034	0.012092214021484	0.0845370508760042	0.143039875886226	0.886258688577781	0.999831983216163
ENSMUSG00000025862	7073.3770411066	-0.0365994832060655	0.0976412719728194	-0.374885992525657	0.707745256987015	0.999831983216163
ENSMUSG00000031147	57.4018314194525	-0.010268867888012	0.117908442629137	-0.0871390439806746	0.930560990794869	0.999831983216163
ENSMUSG00000015340	50.451399732651	0.0406930873990814	0.115474833243062	0.351570497361177	0.725160394055059	0.999831983216163
ENSMUSG00000031169	4142.34376696955	0.0905045123927175	0.097680279809501	0.926268794391285	0.354306308792831	0.999831983216163
ENSMUSG00000006373	6724.07313814663	0.0788607925864273	0.087335426508902	0.902856691621421	0.366601958370136	0.999831983216163
ENSMUSG00000031376	8873.70690137008	-0.097737902039017	0.108807821160583	-0.89888857960122	0.368712011634315	0.999831983216163
ENSMUSG00000073139	1792.64364860799	0.0347070399013789	0.0860778720622404	0.403204409985633	0.686797855733525	0.999831983216163
ENSMUSG00000040138	484.267156754511	-0.117269322597931	0.10529969505008	-1.11375915872602	0.265382522350359	0.999831983216163
ENSMUSG00000051228	171.548618692222	0.06530421794939	0.119487491507988	0.5464126934762	0.58478228664133	0.999831983216163
ENSMUSG00000031433	1385.326410524	-0.0793950367488008	0.0907526487248914	-0.874919219211944	0.381617860892729	0.999831983216163
ENSMUSG00000067369	1151.29309907223	0.130204642662217	0.0906404962868294	1.43641288244309	0.150884889574535	0.999831983216163
ENSMUSG00000031389	129.050237937549	-0.0108060125375957	0.121355189314318	-0.0890390624181183	0.929050866068743	0.999831983216163
ENSMUSG00000031198	3350.54762562592	-0.0284179072797747	0.082170829026045	-0.345843843301446	0.729460073740606	0.999831983216163
ENSMUSG00000002010	4978.33981286435	0.0514932277583233	0.088764712805093	0.580055836038709	0.561876964822055	0.999831983216163
ENSMUSG00000019088	83.7270714532955	0.0617142707487332	0.121084624144749	0.508681235685359	0.610975677150409	0.999831983216163
ENSMUSG00000025742	856.828731931507	0.10935463813432	0.101622518803643	1.07578163781981	0.282024926277173	0.999831983216163
ENSMUSG00000060090	1160.98268751948	-0.0753791009995319	0.0982255296569754	-0.767526890416124	0.442768311558498	0.999831983216163
ENSMUSG00000031217	201.516104591725	-0.0062880811778571	0.117667574905834	-0.0534378812231744	0.957383023465104	0.999831983216163
ENSMUSG00000046873	1328.30509446669	0.0409174364596623	0.0884054496856617	0.462834824730758	0.643482767199237	0.999831983216163
ENSMUSG00000031245	627.436979045822	0.11368592885973	0.112104878215672	1.01359481611587	0.310776132272059	0.999831983216163
ENSMUSG00000079428	16.9799130750676	0.076940131663749	0.0889185990482479	0.855142869392294	0.392472059370758	0.999831983216163
ENSMUSG00000031352	1391.59905967557	-0.042391714494937	0.0970439778848145	-0.436877279067504	0.662200350488394	0.999831983216163
ENSMUSG00000031266	572.272712014871	-0.0738329413883715	0.1018926770043	-0.724678365694126	0.468649370385822	0.999831983216163
ENSMUSG00000036022	275.667065730366	0.0489781743576478	0.114515044550029	0.427538439661714	0.668987193314161	0.999831983216163
ENSMUSG00000031398	1448.67593717328	-0.00955732261287489	0.102664505720473	-0.0930907361948916	0.925831476923734	0.999831983216163
ENSMUSG00000031174	723.987091649286	0.00776153653779753	0.10276223973859	0.0755353154180902	0.939788800144277	0.999831983216163
ENSMUSG00000045180	1212.5209882077	0.153463138951894	0.111307320359974	1.37732876079982	0.168410627041701	0.999831983216163
ENSMUSG00000034755	247.758371385065	0.103022847007497	0.0983989203843217	1.03025763965952	0.302889078475446	0.999831983216163
ENSMUSG00000019359	86.977387933759	0.163975892701302	0.118505934113151	1.37449724050665	0.16928736635986	0.999831983216163
ENSMUSG00000031214	2792.1834445242	-0.0290609967266384	0.0826635245629824	-0.351565066737554	0.725164467392485	0.999831983216163
ENSMUSG00000121606	927.387215899849	0.0860339883654901	0.0948920982163137	0.906609969427737	0.364613087887266	0.999831983216163
ENSMUSG00000031323	40.8039669695193	0.00983026247809838	0.109737648279156	0.0895079642873406	0.928678224405079	0.999831983216163
ENSMUSG00000001127	7264.21323070249	0.0995116144091155	0.0820588343251116	1.2125544582743	0.225300209716092	0.999831983216163
ENSMUSG00000025059	1857.83857264115	-0.00943607568084159	0.0892065036002935	-0.105781290550377	0.915755881470659	0.999831983216163
ENSMUSG00000031242	2502.04398169168	-0.0247330956950938	0.0887189421174709	-0.278790847729772	0.78040533855644	0.999831983216163
ENSMUSG00000025525	174.356753746802	-0.0508256730806208	0.119307384974666	-0.426150999823709	0.669997819960196	0.999831983216163
ENSMUSG00000072969	560.881133272288	0.170453746456934	0.102486446496173	1.66277312163907	0.0963578588674022	0.999831983216163
ENSMUSG00000016308	1427.70589914234	-0.052829331327406	0.0912562832223907	-0.578934345685469	0.562633474317263	0.999831983216163
ENSMUSG00000031197	5314.64778607181	0.0946579584549711	0.0781500937539348	1.21115523884278	0.22583591405898	0.999831983216163
ENSMUSG00000033965	934.672754550543	0.0247064632504648	0.105618112164189	0.233878443925937	0.815079348409514	0.999831983216163
ENSMUSG00000042903	1103.95596207893	0.0318138852296588	0.0904113417152508	0.351879791891017	0.724928414939354	0.999831983216163
ENSMUSG00000049047	1916.51446374507	0.00331972796013109	0.0936171755678697	0.0354622955532954	0.971711111242043	0.999831983216163
ENSMUSG00000079317	1111.23920809356	0.0983464554356667	0.0913512401077355	1.07652611277346	0.281692028895593	0.999831983216163
ENSMUSG00000031312	62.2003863896724	0.0609454281654007	0.11875833066555	0.511884279213038	0.608732001256092	0.999831983216163
ENSMUSG00000037005	10.3352078639687	-0.0611659555670562	0.0727442125608252	-0.866358075766841	0.38629382721983	0.999831983216163
ENSMUSG00000031337	896.272999451261	0.0447456069322464	0.0931687692560386	0.480261978425841	0.631041121042333	0.999831983216163
ENSMUSG00000033460	3275.86249275066	0.0779122612113729	0.0905469439468571	0.860371356944906	0.389584369692483	0.999831983216163
ENSMUSG00000000037	30.3461362151544	-0.0293792680910438	0.103174037713623	-0.285989321132448	0.774886300628462	0.999831983216163
ENSMUSG00000041133	5775.20803869074	0.123838614402962	0.0889535616691139	1.39189426050747	0.163954420132127	0.999831983216163
ENSMUSG00000031107	264.602776860229	0.147603340862342	0.11289072304879	1.30699753238829	0.191213549546174	0.999831983216163
ENSMUSG00000036699	844.208891860054	0.13023703697888	0.0883853301064478	1.43794239606264	0.150450399093783	0.999831983216163
ENSMUSG00000036790	1410.72923836	0.091913575022209	0.100606731099318	0.913423206057624	0.36102000526487	0.999831983216163
ENSMUSG00000041718	556.10624364674	-0.0437684495895711	0.10062125009616	-0.435001169571063	0.663561578498269	0.999831983216163
ENSMUSG00000000881	3585.037474016	0.0242363541591652	0.087267887558838	0.277719096315018	0.781228000301629	0.999831983216163
ENSMUSG00000017057	274.100977500353	-0.178327052789388	0.112723991150648	-1.58224487733987	0.113593679095869	0.999831983216163
ENSMUSG00000004317	1318.84083406068	0.0177815118140055	0.102369794927704	0.173701283271624	0.862100228952527	0.999831983216163
ENSMUSG00000036572	2115.51686243027	0.0276326023919846	0.0919964779525347	0.30035833319005	0.763903842493661	0.999831983216163
ENSMUSG00000048007	201.897755506322	0.0362699647000294	0.119643029757923	0.3031121885827	0.761804365701459	0.999831983216163
ENSMUSG00000079435	1559.2612898279	0.171669728018449	0.100018787430462	1.71559930363117	0.0862354060576932	0.999831983216163
ENSMUSG00000044348	597.264956115091	0.0428514561722885	0.0995416277950448	0.430475741016123	0.666849609643137	0.999831983216163
ENSMUSG00000031144	15807.8275674015	0.0340520153692603	0.0765073181732701	0.44507076457337	0.656268615560602	0.999831983216163
ENSMUSG00000031377	63.4566059308337	-0.0665461476428515	0.118583902990955	-0.562906880464754	0.573498294750464	0.999831983216163
ENSMUSG00000031103	40.1915851041805	0.028705506925971	0.110761201830122	0.258593458086939	0.795948931296062	0.999831983216163
ENSMUSG00000031353	4425.33180193622	-0.0320236581436219	0.0806764791664196	-0.396951010803115	0.691403586637285	0.999831983216163
ENSMUSG00000000402	14.9825658337098	0.117892188816707	0.082342301056308	1.40636159385515	0.159616778684792	0.999831983216163
ENSMUSG00000072944	22.790667709096	0.0436504473823239	0.0927389645142624	0.467746031999236	0.639966218379628	0.999831983216163
ENSMUSG00000079450	50.3174836817714	-0.0155027012675094	0.1123562874324	-0.137992949604476	0.890245989641045	0.999831983216163
ENSMUSG00000033906	157.523597009808	0.0436545525918964	0.12188555564382	0.357921650096131	0.720401948174595	0.999831983216163
ENSMUSG00000031095	4103.42980267463	0.0246668538350857	0.0836376934158204	0.294918799360514	0.7680559105201	0.999831983216163
ENSMUSG00000031292	3913.92783151577	0.0159327042805034	0.092638328628451	0.171985299449185	0.863449086131958	0.999831983216163
ENSMUSG00000031253	27.8494324401278	0.155650576606211	0.102909707227826	1.49275158167626	0.135502225680809	0.999831983216163
ENSMUSG00000025658	8681.8594884497	-0.0726048864363331	0.0987244330940193	-0.735617207828139	0.46196368736239	0.999831983216163
ENSMUSG00000057421	2346.21752201254	0.0447599971687835	0.0881200205406437	0.507925226358299	0.611505782763059	0.999831983216163
ENSMUSG00000036782	1287.29068777493	0.022678058569016	0.10617615499427	0.213578479311906	0.830875783180782	0.999831983216163
ENSMUSG00000059203	21.1851252954802	0.0533188537938255	0.0892963178125327	0.591143176422694	0.554424492426969	0.999831983216163
ENSMUSG00000031137	833.448269113683	-0.0579889449182683	0.0958461123864468	-0.605024495672518	0.545162720803291	0.999831983216163
ENSMUSG00000044550	3003.52357124499	-0.0359141716400507	0.0853808182532823	-0.420653282656072	0.674008279658767	0.999831983216163
ENSMUSG00000025860	8260.25390299536	-0.111946062921071	0.0893929828906141	-1.25255727806649	0.210366870841134	0.999831983216163
ENSMUSG00000035725	979.708466409837	-0.112180594588202	0.0915623667290357	-1.2251827434128	0.220506374840262	0.999831983216163
ENSMUSG00000016382	6056.2048203976	0.0781265293253415	0.0860963572495324	0.907342939856425	0.364225473554735	0.999831983216163
ENSMUSG00000031349	583.201435119498	-0.0920142707174122	0.106261518428861	-0.866039024078269	0.386468761752544	0.999831983216163
ENSMUSG00000019087	11720.9658894694	0.00974556917491016	0.0801016924795481	0.121663911915192	0.903165194981299	0.999831983216163
ENSMUSG00000041115	4180.05824292625	-0.0364247970360276	0.0951202308592999	-0.382963541868476	0.70174679646366	0.999831983216163
ENSMUSG00000031202	1926.53092065138	-0.00821893385470232	0.0936509808916395	-0.0877655034929427	0.930063056152586	0.999831983216163
ENSMUSG00000121607	1347.97922600916	-0.0153045523957754	0.0915399424969406	-0.167193631015671	0.867217695598252	0.999831983216163
ENSMUSG00000025265	464.998275473042	-0.173537831361664	0.104474504226216	-1.66103045021135	0.0967073312767666	0.999831983216163
ENSMUSG00000031099	1004.01312179838	0.072363851655	0.094286046937788	0.767479721189855	0.442796345603913	0.999831983216163
ENSMUSG00000073176	310.377329550183	0.0808780543238969	0.115520569245031	0.699994547546105	0.483930709552994	0.999831983216163
ENSMUSG00000042750	4411.65508253253	0.0870562776132608	0.084358661392372	1.03188813597412	0.302124524412746	0.999831983216163
ENSMUSG00000031402	1180.08778488161	0.0411570270470264	0.0891955413271503	0.461419549152497	0.644497628628573	0.999831983216163
ENSMUSG00000031196	135.299869253362	-0.0290113127370159	0.121698478417443	-0.23874755463448	0.811301339557064	0.999831983216163
ENSMUSG00000009995	1790.22756675631	0.0729834244053186	0.0935461529686402	0.780076084460551	0.435346092421501	0.999831983216163
ENSMUSG00000038344	1295.00523903818	0.0200662735048415	0.0893800655686926	0.224505068941152	0.822364323133814	0.999831983216163
ENSMUSG00000031226	519.366514696893	0.115250014167607	0.108974503945567	1.05734761467682	0.290352970029486	0.999831983216163
ENSMUSG00000041552	1338.71254880659	-0.11302698705753	0.099703421437543	-1.13399650402894	0.256796014456588	0.999831983216163
ENSMUSG00000035299	144.075704995752	0.00825341916945407	0.118573382602115	0.0696311879954683	0.944487212748263	0.999831983216163
ENSMUSG00000037217	9374.23971259455	0.0223971093169014	0.0767855820808012	0.291679619653159	0.770531593119279	0.999831983216163
ENSMUSG00000001134	167.689319212371	0.00425051398304015	0.119811490643821	0.0354690761812523	0.971705704485103	0.999831983216163
ENSMUSG00000049775	12002.2118406509	-0.095483259845507	0.0871511389927014	-1.09578452163037	0.273173083722237	0.999831983216163
ENSMUSG00000000266	1806.11624244723	0.0959179943826773	0.0916986547099813	1.04592057843404	0.295597702505449	0.999831983216163
ENSMUSG00000034607	33.2928398540307	-0.019826448544618	0.106927533929676	-0.185766738820127	0.852627689048354	0.999831983216163
ENSMUSG00000079845	24.5420495673862	-0.0315250563108475	0.0370592616875296	-1.0122348946223	0.311425755567228	0.999831983216163
ENSMUSG00000064127	3349.89901013406	-0.0145692569826202	0.0817544846485348	-0.178209519215449	0.858558434136483	0.999831983216163
ENSMUSG00000016427	1183.65070364917	0.00842627266777786	0.0987778270518079	0.0853075504876946	0.932016888996008	0.999831983216163
ENSMUSG00000067567	1136.34868772338	-0.0561062015088689	0.0934883746658043	-0.600157291140281	0.548401413891393	0.999831983216163
ENSMUSG00000041710	597.240285565054	0.0325177950292974	0.115238814941936	0.282135922722593	0.777839289265452	0.999831983216163
ENSMUSG00000031304	43.0061774266031	-0.0955614337404039	0.108766561492828	-0.886500390307871	0.375347943927273	0.999831983216163
ENSMUSG00000067873	4230.56116620071	0.0619280918205297	0.094174923602979	0.657505026993951	0.510856239707153	0.999831983216163
ENSMUSG00000047676	114.968119328818	0.07661723993006	0.121767690814938	0.628524057339273	0.529660692008785	0.999831983216163
ENSMUSG00000105779	18.6612909160739	0.0549117589711652	0.0845142062105069	0.643818114386856	0.519693385927047	0.999831983216163
ENSMUSG00000102753	27.0884049694459	-0.0604139682701267	0.100365335046559	-0.606960070233075	0.543877411441296	0.999831983216163
ENSMUSG00000104301	30.3444447316154	-0.0631199425886931	0.103751298854953	-0.612629870249416	0.540121102916783	0.999831983216163
ENSMUSG00000106037	417.251153931339	0.112359074415011	0.10560220947647	1.06382559476354	0.28740771432688	0.999831983216163
ENSMUSG00000104621	21.4289010049658	0.0330251026138127	0.0958082216039326	0.343116678830835	0.731510684054775	0.999831983216163
ENSMUSG00000105572	261.581259952701	-0.035929954976774	0.11632987123738	-0.308944794876561	0.757363521059991	0.999831983216163
ENSMUSG00000106099	434.240017655569	-0.0676987926507738	0.113263330870843	-0.598049822536067	0.549806689584549	0.999831983216163
ENSMUSG00000104897	29.0694562792343	0.0373341227770015	0.101080126837545	0.368069139836707	0.712821680953051	0.999831983216163
ENSMUSG00000105095	249.621128633226	0.0652110669881935	0.119038629663247	0.547354100127176	0.58413548278455	0.999831983216163
ENSMUSG00000104822	44.9929338330764	0.011301501748424	0.111978261246378	0.100978374512327	0.919567627055462	0.999831983216163
ENSMUSG00000104546	242.702425414193	-0.0830874207775773	0.116589623864313	-0.713076429973395	0.475798463684788	0.999831983216163
ENSMUSG00000104548	111.124760585368	0.0585668954230414	0.121885958080937	0.479783919147827	0.631381048543064	0.999831983216163
ENSMUSG00000105419	41.5536206247975	-0.00531647875868867	0.111105167159128	-0.0478491596303587	0.961836457678243	0.999831983216163
ENSMUSG00000033883	1074.70692165262	-0.0117779531502248	0.0973988435835949	-0.120925579898403	0.903749981016165	0.999831983216163
ENSMUSG00000065738	30.5568679247696	-0.00823687818705117	0.103845187230098	-0.0794255811609237	0.936694122087597	0.999831983216163
ENSMUSG00000104860	21.0527328569046	-0.0946165057768752	0.0930872173897094	-1.0375476201363	0.299480714703314	0.999831983216163
ENSMUSG00000086708	322.836017619995	0.0215713946726636	0.115436451892066	0.186797472771872	0.851819428477569	0.999831983216163
ENSMUSG00000104935	12.1535298259912	-0.0300595921451688	0.0765950315603276	-0.397708177071729	0.690845309168349	0.999831983216163
ENSMUSG00000046743	222.768953714379	0.0844578890276498	0.121463094578631	0.694582085723918	0.487317242137894	0.999831983216163
ENSMUSG00000106475	16.7510864196985	-0.0554342369824	0.0883649653524481	-0.634936611198909	0.525469758013045	0.999831983216163
ENSMUSG00000105469	32.0674616258342	-0.0237725494772624	0.0975639888942284	-0.24472525700981	0.806669170318167	0.999831983216163
ENSMUSG00000105939	14.5153867161354	-0.0457265309738827	0.0806304891268988	-0.576754053997713	0.56410561152148	0.999831983216163
ENSMUSG00000105322	20.6514710314974	-0.0358288838342749	0.0873094892804153	-0.415288751935989	0.677930534385058	0.999831983216163
ENSMUSG00000106262	33.8829067644458	0.0961453245402828	0.106502693577294	0.894825354701835	0.370880454358957	0.999831983216163
ENSMUSG00000106446	24.157087394859	0.018355180648902	0.0904912861750834	0.201498443957611	0.840308846023113	0.999831983216163
ENSMUSG00000103952	15.3139979193061	0.0271917259271595	0.0761886551894791	0.354724155687114	0.722796252635742	0.999831983216163
ENSMUSG00000084686	14.0076642590908	0.0197408226995216	0.0828024380009312	0.237579658137641	0.812207129280516	0.999831983216163
ENSMUSG00000103082	14.3690540606091	-0.0259140927319365	0.0838584357311351	-0.310823565335398	0.755934753875791	0.999831983216163
ENSMUSG00000068854	530.569839339501	0.115750593797731	0.104692100896122	1.10544165383165	0.268968263182256	0.999831983216163
ENSMUSG00000081058	32.138512203108	0.0372273976529966	0.103285042362107	0.358830378780234	0.719721985092409	0.999831983216163
ENSMUSG00000103713	40.9232713695918	0.141469403578305	0.108494485740344	1.29209006389898	0.19632595645188	0.999831983216163
ENSMUSG00000103947	13.0112885029728	0.0650392597829676	0.0797153094351512	0.804724675415672	0.42097857702065	0.999831983216163
ENSMUSG00000074236	25.4689062393497	0.115246219610738	0.100494401667721	1.13390071384831	0.256836197660881	0.999831983216163
ENSMUSG00000091405	38.7820438960852	-0.140580368944322	0.110744624431315	-1.28280962588788	0.199558780910552	0.999831983216163
ENSMUSG00000093656	26.006924765257	0.0921027004171863	0.100495007581844	0.907656407357503	0.364059782239958	0.999831983216163
ENSMUSG00000104309	33.4063171057018	-0.110537901542372	0.102532879270518	-1.09313796588736	0.274333228810123	0.999831983216163
ENSMUSG00000104795	23.1337582939671	0.0522962218247334	0.0893999122572588	0.578553165982383	0.562890713777104	0.999831983216163
ENSMUSG00000105976	17.0920744747186	-0.0713807176135412	0.0880538768777626	-0.825181643409535	0.409268473444354	0.999831983216163
ENSMUSG00000070490	12.762619864406	-0.0463116620119383	0.0798382956150759	-0.589341670001786	0.555632097011885	0.999831983216163
ENSMUSG00000104735	11.79005367466	-0.0866868334846905	0.0742914498358321	-1.22172737535713	0.221810740363318	0.999831983216163
ENSMUSG00000085174	14.4646006445227	-0.0542197333069881	0.0802073448376009	-0.68959706117242	0.490447616016709	0.999831983216163
ENSMUSG00000106499	10.583004937696	-0.00781409808342796	0.074675535285875	-0.105038087024645	0.916345586790851	0.999831983216163
ENSMUSG00000105957	144.033985291799	0.173132401537814	0.12183243448344	1.41533788553426	0.156969452027156	0.999831983216163
ENSMUSG00000080832	16.4644207535331	0.131644508267393	0.0865988912839741	1.49266684830073	0.135524415371894	0.999831983216163
ENSMUSG00000085244	139.478732231817	0.0083471992159057	0.121604386569007	0.0685768992892719	0.945326407265072	0.999831983216163
ENSMUSG00000105977	24.4622191740635	0.0791977545725592	0.096709395258579	0.810021747707336	0.417927676623956	0.999831983216163
ENSMUSG00000091223	20.4733215472175	0.0429069980478182	0.0912351364105852	0.467616125109795	0.640059131401788	0.999831983216163
ENSMUSG00000105981	44.9270815228238	-0.0817776394289631	0.110994563682409	-0.741776963978576	0.458222479835291	0.999831983216163
ENSMUSG00000105449	144.639935597012	-0.145709500151449	0.121883949828291	-1.19928570659897	0.230416870981063	0.999831983216163
ENSMUSG00000105137	22.5744578978348	-0.0649467962463699	0.0945303426299624	-0.694461719889928	0.48739269921897	0.999831983216163
ENSMUSG00000103921	14.296590479958	0.0208033623924615	0.0820859743417714	0.252032914141627	0.801015622983093	0.999831983216163
ENSMUSG00000098047	10.2607034466466	0.0350541967560181	0.0738294431871175	0.469216917541129	0.638914594249459	0.999831983216163
ENSMUSG00000104737	57.4359003343264	0.0500452423906153	0.117607815176633	0.424589915577755	0.671135645659984	0.999831983216163
ENSMUSG00000104693	11.048061926702	-0.119178099673217	0.0759527970265493	-1.65692012415391	0.097535625154428	0.999831983216163
ENSMUSG00000083610	57.9392595929479	-0.00960945199907783	0.117409287511478	-0.0818895061732021	0.934734579272853	0.999831983216163
ENSMUSG00000074480	195.088745110852	-0.0312937941347022	0.120536275468533	-0.259773367788116	0.795038595295655	0.999831983216163
ENSMUSG00000105342	10.8397070773923	0.0340781527362351	0.074954459144516	0.450703832183875	0.652203020019565	0.999831983216163
ENSMUSG00000106296	37.141808862317	-0.135436073285675	0.104873729043455	-1.31586311506315	0.188219990719262	0.999831983216163
ENSMUSG00000049230	169.615472714946	0.0210224764246059	0.120948448866261	0.173860360558264	0.861975205802181	0.999831983216163
ENSMUSG00000103735	58.924775686025	0.152496270529636	0.117510751453124	1.28977331698564	0.197129374968802	0.999831983216163
ENSMUSG00000056947	1281.86801624854	-0.0161495238649794	0.0919150565393188	-0.175697093064962	0.860531919177989	0.999831983216163
ENSMUSG00000104938	18.6573021557235	-0.0691203787643692	0.090109986820597	-0.779458921789571	0.435709426449723	0.999831983216163
ENSMUSG00000102891	17.9449353554258	-0.0965234183825362	0.08680094755836	-1.14167493285199	0.253589164106655	0.999831983216163
ENSMUSG00000104965	257.785101670788	0.0728940671528336	0.115272842926015	0.632132865901283	0.527300060869482	0.999831983216163
ENSMUSG00000105389	28.9333429632385	0.0957479290113856	0.101628695468134	0.933326461013545	0.350651436902535	0.999831983216163
ENSMUSG00000104671	40.4468226748681	0.0383313077651268	0.109586890352531	0.348658625633495	0.727345609256563	0.999831983216163
ENSMUSG00000101860	67.7226638452096	0.0178514058484365	0.119275894930868	0.149646714269849	0.881043350476038	0.999831983216163
ENSMUSG00000105945	59.5395062657343	-0.0193915603206744	0.117091145687123	-0.165828702133254	0.868291757803969	0.999831983216163
ENSMUSG00000104925	13.0469454889583	-0.07391953549129	0.0790573165346823	-0.961972212727398	0.336063562288471	0.999831983216163
ENSMUSG00000025128	3181.9195455441	-0.178637228390996	0.103359731759287	-1.72966561037387	0.0836900363152645	0.999831983216163
ENSMUSG00000104918	38.6338854491045	-0.102783110685009	0.10758631028026	-0.964454502250064	0.334818108475749	0.999831983216163
ENSMUSG00000103135	11.0027424000755	-0.0429029953434572	0.0756092517128347	-0.576590087486635	0.564216396978819	0.999831983216163
ENSMUSG00000104724	15.1337325596035	-0.0997800929655446	0.0811903930089593	-1.27795797297639	0.201264245211439	0.999831983216163
ENSMUSG00000106574	12.529122649744	-0.0901184924226377	0.0788089867257167	-1.18207511774748	0.237175896366763	0.999831983216163
ENSMUSG00000089737	93.6352231676983	0.0581473973352553	0.121426583147149	0.478349440259521	0.63240151290318	0.999831983216163
ENSMUSG00002075203	23.1762808952031	0.0153477015989041	0.0960510901413775	0.159377855797141	0.873371184414329	0.999831983216163
ENSMUSG00000091881	14.0106212143148	-0.0485342891539209	0.0787818592802771	-0.626352714742111	0.531083617203071	0.999831983216163
ENSMUSG00000103502	19.2821902660404	0.0436800295605492	0.0916550739898877	0.472576244337127	0.636515534038243	0.999831983216163
ENSMUSG00000084760	55.1003900145636	-0.0692596678813024	0.116725968498923	-0.595579427016467	0.5514562237147	0.999831983216163
ENSMUSG00000105986	127.449731425763	-0.166366919464902	0.121820403161566	-1.36974700135786	0.170765891233603	0.999831983216163
ENSMUSG00000044098	2138.77827749117	-0.00976828398518908	0.0944157921411336	-0.103465339585024	0.917593656826962	0.999831983216163
ENSMUSG00000105304	20.8366976868536	-0.11513171057767	0.0874395765989981	-1.36501867787251	0.172247179618388	0.999831983216163
ENSMUSG00000106565	19.3460890364453	-0.0172432693028683	0.0882059905594255	-0.196562291395298	0.844170081959195	0.999831983216163
ENSMUSG00000089999	86.919623412736	0.0228849462012112	0.12138848683112	0.188347794422515	0.850604021197882	0.999831983216163
ENSMUSG00000102758	367.468784806652	0.00195394317793338	0.112115209991629	0.017432423911349	0.986091642541073	0.999831983216163
ENSMUSG00000057036	34.7239999229039	-0.00900434345439623	0.108425814077659	-0.0831125214062337	0.933762069652448	0.999831983216163
ENSMUSG00000106251	33.1277892964472	-0.0195725514578706	0.104497747106516	-0.187539276340747	0.851237831865415	0.999831983216163
ENSMUSG00000105655	47.1770136622336	0.00419308587423203	0.110863386475393	0.0378408235393324	0.969814595189112	0.999831983216163
ENSMUSG00000106416	20.0162630295606	-0.066883700003876	0.0931326887257322	-0.727479036270336	0.46693255297749	0.999831983216163
ENSMUSG00000062200	18.5281664102184	-0.0134371876655837	0.0902509437104137	-0.149348560612529	0.881278599082344	0.999831983216163
ENSMUSG00000097004	10.8312552035066	0.0425818646567695	0.0736079030457348	0.570139606103926	0.568583014212038	0.999831983216163
ENSMUSG00000104037	55.9517327871372	-0.0187588501385618	0.117246417282803	-0.16018090004631	0.87273857467048	0.999831983216163
ENSMUSG00000102914	12.3328642551081	-0.037779802995234	0.0791485107823085	-0.483309668367293	0.628875876153325	0.999831983216163
ENSMUSG00000102652	45.1342289922403	-0.0776231812343275	0.110184259322513	-0.708603226956224	0.478570733228822	0.999831983216163
ENSMUSG00000062778	21.6700039360659	0.155633269609579	0.0936460287332201	1.62891001871967	0.103332068873771	0.999831983216163
ENSMUSG00000027832	14.6475346643929	-0.0514869615545313	0.0815133338788458	-0.641900513945309	0.520937780522518	0.999831983216163
ENSMUSG00000103703	80.8155498102425	0.129576405417335	0.121161049048441	1.06599712360677	0.286424942173043	0.999831983216163
ENSMUSG00000105272	98.6613362426613	-0.139346437658646	0.121473793208106	-1.15016989531621	0.25007390289507	0.999831983216163
ENSMUSG00000102780	101.053150310206	-0.0308002778563092	0.121871693451912	-0.252797243682094	0.800424897761982	0.999831983216163
ENSMUSG00000070343	156.92085586116	-0.0747550343858496	0.121077863916095	-0.617910099173299	0.536634601402676	0.999831983216163
ENSMUSG00000056411	23.1880886282962	0.0387832054083737	0.0974086860714732	0.396483288515504	0.691748533749897	0.999831983216163
ENSMUSG00000106666	36.2432474394414	-0.000991582214575022	0.109192519755132	-0.00907823698224032	0.992756714364521	0.999831983216163
ENSMUSG00000103590	18.9057584813395	-0.0122081652356436	0.0914431670995041	-0.133693373541758	0.893645045269845	0.999831983216163
ENSMUSG00000105836	10.8729522698749	-0.00241039212306292	0.074813304746944	-0.032302655049193	0.974230691888141	0.999831983216163
ENSMUSG00000093384	23.6099270420681	0.0694222914799248	0.0973720824751749	0.707416581143093	0.479307635712197	0.999831983216163
ENSMUSG00000093402	186.637855367082	0.1163827434436	0.119077059635856	0.976736846622793	0.328699448490878	0.999831983216163
ENSMUSG00000093505	23.3229269307269	0.0201639767045606	0.0952649417183454	0.21083516470858	0.833015897780313	0.999831983216163
ENSMUSG00000105708	40.5806191314097	0.0984762942747888	0.108585972929352	0.899169135322586	0.368562577673907	0.999831983216163
ENSMUSG00000106032	63.313581606593	-0.0979796034817031	0.117616743602265	-0.837459620477211	0.402334265154391	0.999831983216163
ENSMUSG00000069011	75.8210712205037	-0.111740082069101	0.119485527038178	-0.939482100184375	0.347483278211395	0.999831983216163
ENSMUSG00000105643	22.4097993622616	0.0700532457694123	0.0932195148294803	0.745082884580489	0.456221615209067	0.999831983216163
ENSMUSG00000105201	14.6863882287273	-0.0605801805916869	0.0742622774282644	-0.840432278059351	0.400666057570573	0.999831983216163
ENSMUSG00000104597	375.726593697922	-0.0799999028512236	0.120171478239788	-0.666625269957953	0.505011523650865	0.999831983216163
ENSMUSG00000102570	22.845818154631	-0.0729256648263283	0.0965748385804892	-0.763452535516569	0.445193558954014	0.999831983216163
ENSMUSG00000082896	23.7066234290405	-0.0101111765425602	0.0923562937069577	-0.109932355059162	0.912463022418846	0.999831983216163
ENSMUSG00000104361	40.3055414803064	0.090367949183806	0.111328789780018	0.807573724864459	0.419336017556103	0.999831983216163
ENSMUSG00000042165	12.9144400316413	0.00746403701219336	0.0796294825589423	0.0933921317269898	0.925592041171408	0.999831983216163
ENSMUSG00000105395	67.1564009969959	-0.138316137848515	0.118326454350913	-1.17608585436024	0.239560569979868	0.999831983216163
ENSMUSG00000060438	168.058715657241	0.0959196650359195	0.119647278683553	0.801074971763846	0.4230882445368	0.999831983216163
ENSMUSG00000106383	347.857113977569	0.0396073922969694	0.121346127328298	0.326120027698908	0.74433354474656	0.999831983216163
ENSMUSG00000105748	29.2742709035371	-0.0121979476131407	0.100691567712671	-0.12142821021935	0.903351873675728	0.999831983216163
ENSMUSG00000047959	78.2255726119635	-0.0914122122518451	0.117846834806565	-0.780165457336376	0.435293491603426	0.999831983216163
ENSMUSG00000120721	41.1054804066836	0.0448853012669045	0.104454509908153	0.428663223390104	0.66816832809884	0.999831983216163
ENSMUSG00000106317	124.524315585934	-0.0814664462251739	0.121764772884166	-0.669955376746892	0.502886236791861	0.999831983216163
ENSMUSG00000105852	79.8533775914401	0.0771689322219239	0.121068596298539	0.636236201558739	0.524622480781224	0.999831983216163
ENSMUSG00000074340	403.720573060772	0.11166340969511	0.111464103437059	1.00118994023592	0.316734989081119	0.999831983216163
ENSMUSG00000043873	237.338177300155	-0.0156390614585222	0.115881540320252	-0.134948328689039	0.892652728233709	0.999831983216163
ENSMUSG00000077569	11.8284300235991	-0.026869673751244	0.077611117033421	-0.34903929808642	0.727059807004673	0.999831983216163
ENSMUSG00000096544	118.69741009068	0.0310655938942782	0.069186491370565	0.441663224947577	0.658732925010322	0.999831983216163
ENSMUSG00000106087	47.6388011769909	-0.0275817821750323	0.113882787398899	-0.242463627681678	0.808420937008255	0.999831983216163
ENSMUSG00000105597	28.1882421756973	0.0187594019823582	0.102685818960463	0.182348921338085	0.855308908523117	0.999831983216163
ENSMUSG00000105692	386.49761249455	0.151703470732559	0.106373815510042	1.42583877786218	0.15391488469042	0.999831983216163
ENSMUSG00000082394	14.2122971595542	-0.112100574588625	0.0820276098402655	-1.42221925305952	0.154962611251897	0.999831983216163
ENSMUSG00000034437	445.475152919701	-0.000863342204456776	0.107818455773578	-0.00800731100987168	0.993611158444007	0.999831983216163
ENSMUSG00000106025	41.0971337180628	0.0169515280279158	0.104254563940375	0.1624430310616	0.870956986921189	0.999831983216163
ENSMUSG00000103473	16.8351583297425	0.0793006466696813	0.0880526861701942	0.889754190665363	0.373597889014653	0.999831983216163
ENSMUSG00000036894	456.89166953131	0.0147036890055281	0.107331706294255	0.137003831390079	0.891027766659595	0.999831983216163
ENSMUSG00000105245	36.4064665894022	-0.000888480220180278	0.104107880138465	-0.00854734323187348	0.993180289837521	0.999831983216163
ENSMUSG00000084846	235.84496329458	0.0374655286425928	0.116295365063361	0.322033594074582	0.747427244636882	0.999831983216163
ENSMUSG00000086288	140.513616028266	-0.14317943335763	0.121321152153688	-1.18159730817582	0.237365522137359	0.999831983216163
ENSMUSG00000004885	138.691233247627	-0.107824034522471	0.121845981999134	-0.886267141392829	0.375473590972137	0.999831983216163
ENSMUSG00000103039	70.0611129407933	-0.121391346162601	0.119377960304311	-1.02095148111919	0.307277426565497	0.999831983216163
ENSMUSG00000104231	60.3108702443955	0.0310966622917044	0.117328301601946	0.264836383977993	0.791135506964816	0.999831983216163
ENSMUSG00000107741	59.8784505196723	-0.0129992279634636	0.115287274222427	-0.112950132908173	0.910070090290034	0.999831983216163
ENSMUSG00000107524	59.0435653835433	0.040694173763217	0.111319184225875	0.364420883642073	0.715543743170969	0.999831983216163
ENSMUSG00000107892	22.233745865598	-0.158973572122057	0.0960027505042506	-1.70429363993747	0.0883262425832433	0.999831983216163
ENSMUSG00000074619	13.2981456273639	-0.0724528137458252	0.0760391814768781	-0.984051522120755	0.325090180949167	0.999831983216163
ENSMUSG00000087440	28.939698752925	0.0223100344552319	0.102771245118732	0.216666425780468	0.828468314801522	0.999831983216163
ENSMUSG00000089417	26.1766455361179	0.0797195622201735	0.0898321450026347	0.876674006002908	0.380663729484892	0.999831983216163
ENSMUSG00000057359	138.743758073343	0.015738977820079	0.121147878101944	0.129904823735805	0.896641727841661	0.999831983216163
ENSMUSG00000044434	44.3377780256997	0.0284491886811311	0.112285566103924	0.252897661842215	0.800347296336364	0.999831983216163
ENSMUSG00000105135	231.002563385813	-0.0262381929639715	0.120765924175779	-0.217328329281088	0.827952481076672	0.999831983216163
ENSMUSG00000105176	309.374467619643	-0.0318382851661661	0.112629021442419	-0.282742644351982	0.777374124003734	0.999831983216163
ENSMUSG00000104901	23.9866564532525	0.0401593337000568	0.0928407785826031	0.430137859291387	0.667095361565094	0.999831983216163
ENSMUSG00000074637	265.92020228766	0.124929388946283	0.114697712481543	1.08874743553933	0.276265277311997	0.999831983216163
ENSMUSG00000104033	33.6037422503566	-0.00409248348257487	0.104906762015896	-0.0390493299419336	0.968851058975402	0.999831983216163
ENSMUSG00000102729	29.273699503068	0.0379107597879978	0.103635039871374	0.364629005052566	0.715388360480938	0.999831983216163
ENSMUSG00000086745	17.7836903678924	-0.0106984658058367	0.0888666915835429	-0.120452768756538	0.904124492224495	0.999831983216163
ENSMUSG00000122275	15.847157079452	0.0434771934476234	0.0833254854070068	0.518166409320284	0.604342169076162	0.999831983216163
ENSMUSG00000098912	1778.30211116876	-0.0346071871988553	0.0879209320974012	-0.393624499545314	0.693858290525333	0.999831983216163
ENSMUSG00000122408	11.6163354489993	-0.0682566317665788	0.0759778051902421	-0.923307309405793	0.355847079808724	0.999831983216163
ENSMUSG00000120717	167.590555960433	0.167002525863901	0.119932488471884	1.39008455148998	0.164503203823257	0.999831983216163
ENSMUSG00000120857	29.7946738340135	-0.133291442129572	0.10171344263485	-1.33644675935009	0.181403291457748	0.999831983216163
ENSMUSG00000085953	36.2649211212235	0.0888692422841284	0.108223167964258	0.815892353343357	0.414561705958699	0.999831983216163
ENSMUSG00000097456	36.4773817854621	0.084313595336247	0.108376650931343	0.772830958759803	0.439622428851764	0.999831983216163
ENSMUSG00000123422	22.7925470396753	-0.0822028138927053	0.0969136162941132	-0.859312435664765	0.390168165105076	0.999831983216163
ENSMUSG00000120231	28.0912942157778	-0.0415393699117502	0.101502170370773	-0.410933418354414	0.681121357177747	0.999831983216163
ENSMUSG00000097761	21.6204017378642	0.0250319786956989	0.0942142055210004	0.26431175166273	0.791539705662643	0.999831983216163
ENSMUSG00000124007	16.5438813734476	0.0298131580422835	0.0861380120524124	0.344643091271924	0.730362706155315	0.999831983216163
ENSMUSG00000124361	11.6669733600921	0.0508261465044965	0.0769077605145307	0.653337272791947	0.513538868274909	0.999831983216163
ENSMUSG00000105676	12.4614892316954	-0.0048688265059481	0.0791932679751729	-0.0615495304276154	0.950921569570331	0.999831983216163
ENSMUSG00000097183	11.277698129407	-0.00177243754532012	0.0738483141099936	-0.0239656117273696	0.980880038690088	0.999831983216163
ENSMUSG00000125093	99.4144414581177	0.0549987778487556	0.121579771828388	0.451734432904	0.651460309473682	0.999831983216163
ENSMUSG00000125755	32.4414436228406	-0.0315591312505849	0.10235766863799	-0.309702937430023	0.75678686879078	0.999831983216163
ENSMUSG00000092242	39.3218786895138	0.0206352556666488	0.103405899464986	0.199353947176533	0.841985882204139	0.999831983216163
ENSMUSG00000102545	16.973848658719	0.0409478512262321	0.0874718661967852	0.464112554885372	0.642567107187646	0.999831983216163
ENSMUSG00000105331	11.548042779062	0.00712290930506838	0.0746905001155038	0.0954162246017505	0.92398422950526	0.999831983216163
ENSMUSG00000106093	24.1377541755964	0.148718045496412	0.0965431492033342	1.5179962645464	0.129015340352974	0.999831983216163
ENSMUSG00000121477	1653.95886005177	-0.00726648454735788	0.0941096483017553	-0.0772140089829108	0.938453297361826	0.999831983216163
ENSMUSG00000126929	11.1709608398815	-0.12229355965368	0.0761549536712748	-1.69678257810736	0.0897377736933021	0.999831983216163
ENSMUSG00000105698	27.8598631331808	0.0328920324861697	0.101880929460075	0.321723106098522	0.747662471631814	0.999831983216163
ENSMUSG00000105651	10.4365698291706	-0.0162124973520973	0.0740140259952626	-0.220735974300823	0.825298018837734	0.999831983216163
ENSMUSG00000127084	10.2964205473536	0.00737051673177367	0.0708461402954117	0.103627162369704	0.917465231252694	0.999831983216163
ENSMUSG00000097725	14.8794704732153	-0.0555408211507486	0.0821894852030559	-0.688323583868082	0.491249033426052	0.999831983216163
ENSMUSG00000098108	15.9399150864091	-0.0433227362346105	0.0844265703127445	-0.520328267913112	0.602834796804949	0.999831983216163
ENSMUSG00000127849	38.4962789979183	0.00651836404837686	0.110500745929802	0.0589926179731269	0.95295798787731	0.999831983216163
ENSMUSG00000056145	1094.37265196693	0.162051506852258	0.110896242207265	1.45995505121084	0.144302427751243	0.999831983216163
ENSMUSG00000085527	56.9641968346882	-0.00662001425057821	0.116156944376637	-0.0569501852864333	0.95458487707435	0.999831983216163
ENSMUSG00000093424	13.9151949737143	-0.00314767752995671	0.0800227112704625	-0.0393733635525148	0.968592716242642	0.999831983216163
ENSMUSG00000097311	86.0505911758609	0.00451908452969969	0.117420149573442	0.038510121024949	0.969280962059988	0.999831983216163
ENSMUSG00000089998	36.3651635598242	0.121946014414793	0.106125569275388	1.13985098327347	0.254348389088907	0.999831983216163
ENSMUSG00000104411	15.198237355426	-0.00681685278057624	0.0847865005517299	-0.0806313874453086	0.935735103894268	0.999831983216163
ENSMUSG00000129094	10.8686478002208	0.0406181403592508	0.0737218628983142	0.543427723589436	0.586835341847405	0.999831983216163
ENSMUSG00000097885	496.518023253878	-0.0955953371082306	0.109320385879258	-0.874568655788489	0.381808648691558	0.999831983216163
ENSMUSG00000104960	315.144304151805	0.0502054998229496	0.110668807183693	0.453643041685383	0.650085768868204	0.999831983216163
ENSMUSG00000105509	48.5201514912254	-0.0692995073864678	0.114922049709427	-0.605123097737901	0.545097208123674	0.999831983216163
ENSMUSG00000103843	16.7876327469673	0.0550325564080345	0.085765769298984	0.636102596138	0.524709553509756	0.999831983216163
ENSMUSG00000102715	11.6671174023938	-0.0234091384223357	0.0761511400508426	-0.309275768301198	0.757111762094363	0.999831983216163
ENSMUSG00000129986	16.0860816911016	0.051240163132086	0.0863213110892702	0.587803628748787	0.556664108082517	0.999831983216163
ENSMUSG00000130297	10.7978627938581	-0.0855053800104334	0.0745421964283417	-1.19358051924005	0.232642098040512	0.999831983216163
ENSMUSG00000130343	16.755007546377	-0.00647829380281498	0.0863525294681356	-0.0752926425363544	0.939981875273077	0.999831983216163
ENSMUSG00000085655	29.6266718235039	0.0983306616405842	0.0992008275176783	0.977425312831563	0.328358636436296	0.999831983216163
ENSMUSG00000086392	90.7658883913361	0.149640667861553	0.120801953410657	1.23387406192898	0.217249836190965	0.999831983216163
ENSMUSG00000106441	25.850461775427	0.0840943671917155	0.100229047559508	0.830804363902046	0.406084157008095	0.999831983216163
ENSMUSG00000131388	13.3673803482257	0.0222336525699767	0.0818084059062414	0.270498708393082	0.786776610454032	0.999831983216163
ENSMUSG00000131463	16.1323696193984	0.0606274063170613	0.0861390323057275	0.696010235807968	0.486422419555985	0.999831983216163
ENSMUSG00000131650	17.0977059167315	-0.0616109707218323	0.0884508541695799	-0.706703944796699	0.479750477596593	0.999831983216163
ENSMUSG00000131673	30.6532217267129	0.117637003178703	0.103055344344052	1.12741155120023	0.2595685174591	0.999831983216163
ENSMUSG00000074281	13.8759571167731	0.0566401954157832	0.0822416379921195	0.681441670684064	0.495592063096928	0.999831983216163
ENSMUSG00000097040	70.4321662423808	0.0347332094015815	0.116522418870802	0.29748351284054	0.766097393423385	0.999831983216163
ENSMUSG00000104973	24.9148552080595	0.0219826979536755	0.0997781834496127	0.219632471310868	0.82615740037541	0.999831983216163
ENSMUSG00000093507	15.8138498694659	-0.00019625270931497	0.0820078228503078	-0.00239096600072434	0.998092286960261	0.999831983216163
ENSMUSG00000086181	26.6832424455611	0.109517427409082	0.100434811649629	1.0797185350994	0.280267537517901	0.999831983216163
ENSMUSG00000086224	13.4925900998593	-0.0634177983334042	0.075756091513102	-0.860926843013374	0.389278336448391	0.999831983216163
ENSMUSG00000133803	12.4846739389819	0.0163250351556897	0.0752804708882486	0.215971578867379	0.829009901534414	0.999831983216163
ENSMUSG00000097167	44.672130981388	-0.00152838612216576	0.111202877660637	-0.0137574530113397	0.98902348689693	0.999831983216163
ENSMUSG00000105891	118.316275412046	0.0169669017444606	0.121725607380558	0.139322286416815	0.889195479612026	0.999831983216163
ENSMUSG00000134942	36.0334411562416	0.0824615790462598	0.107634359720966	0.760409593972859	0.447009790313125	0.999831983216163
ENSMUSG00000080727	121.192992326198	0.00519981825568616	0.120947111000772	0.0429688627632091	0.965726354834547	0.999831983216163
ENSMUSG00000097204	58.6005832111535	-0.0173442531734764	0.110811366355436	-0.1565609761021	0.875590859745608	0.999831983216163
ENSMUSG00000097189	34.8842914327976	-0.0135309967131928	0.108227641757374	-0.125135868110555	0.900415987816279	0.999831983216163
ENSMUSG00000089924	16.2568437910219	0.0396425510700829	0.0809448439621194	0.485948293237439	0.62700382687836	0.999831983216163
ENSMUSG00000093553	37.8766410014187	-0.0388898916264184	0.110315562498738	-0.353530763073157	0.723690570202966	0.999831983216163
ENSMUSG00000093577	42.491908238476	-0.0830747683074083	0.111818479308562	-0.746739070579663	0.45522108069485	0.999831983216163
ENSMUSG00000120160	18.5992883030608	0.122445083460673	0.0898137725248243	1.33845053364532	0.180749615228193	0.999831983216163
ENSMUSG00000120424	11.3451145777648	0.0904493511056888	0.0751721226547982	1.18176926513744	0.237297266148765	0.999831983216163
ENSMUSG00000135597	22.7328177940319	-0.0378709492756643	0.0934060195102891	-0.407423272479007	0.683697137065547	0.999831983216163
ENSMUSG00000074664	12.1143024524114	0.0277388480084567	0.0779506714600137	0.353203835705349	0.723935632499244	0.999831983216163
ENSMUSG00000136904	16.2351555076603	-0.028982698107072	0.0862369570929392	-0.338931403512414	0.734661406558465	0.999831983216163
ENSMUSG00000120969	36.024080246432	0.101094529356324	0.108086945698665	0.927794781989835	0.353514031260061	0.999831983216163
ENSMUSG00000137026	11.2511612546069	0.0861766403400283	0.0735032883404319	1.14905832453611	0.250531931562237	0.999831983216163
ENSMUSG00000137230	32.8392579418537	0.0263311978383842	0.100058738322104	0.262060444290963	0.79327484217418	0.999831983216163
ENSMUSG00000137391	26.0663116202502	0.0147952274823242	0.0959440861909605	0.153820346126844	0.877751390871817	0.999831983216163
ENSMUSG00000121725	31.0254598450653	0.000712297513283773	0.103220558339779	0.00690104617166861	0.994493805511176	0.999831983216163
ENSMUSG00000098097	228.895181520315	-0.00665133009699278	0.120216421602318	-0.0553217735616868	0.955882115933149	0.999831983216163
ENSMUSG00000137834	14.1634576256685	0.014058472333573	0.0829305624155849	0.168775854855421	0.865972950884097	0.999831983216163
ENSMUSG00000137872	17.6984428208736	-0.0713551013249642	0.087683775874413	-0.828681028340691	0.40728492380263	0.999831983216163
ENSMUSG00000054426	119.090625437093	-0.011473264439544	0.121605270107268	-0.094372006826989	0.924813651858824	0.999831983216163
ENSMUSG00000102215	78.5394435164285	0.107766767466215	0.11919934721446	0.899520794197882	0.368375324875885	0.999831983216163
ENSMUSG00000097032	54.5337673279841	-0.0400453104763241	0.115404927647517	-0.347422124524233	0.728274214316052	0.999831983216163
ENSMUSG00000044522	87.353762648658	0.134504241268533	0.121606376068528	1.10291365168779	0.270064665155981	0.999831983216163
ENSMUSG00000138855	23.8644459951208	-0.00774611722231477	0.0986078678894351	-0.0786499192509902	0.937311080662207	0.999831983216163
ENSMUSG00000138873	11.1406735620512	0.0851345820067917	0.075259814319523	1.10832524848245	0.267721375120473	0.999831983216163
ENSMUSG00000138891	10.9428837137099	0.0393164005182335	0.0744563525397228	0.520409039751895	0.602778510837724	0.999831983216163
ENSMUSG00000120153	28.1664009451312	-0.012498411917721	0.102454726397639	-0.122139194300238	0.90278878167221	0.999831983216163
ENSMUSG00000139076	57.9841323731428	-0.0822325106615375	0.116152433448744	-0.7105829860125	0.477342689392471	0.999831983216163
ENSMUSG00000120615	150.969712422293	-0.0225776360978319	0.121030814486062	-0.186579817878983	0.8519900918559	0.999831983216163
ENSMUSG00000085084	1230.34052941736	0.10069850965235	0.0997569856121076	1.00918295815094	0.312886898100274	0.999831983216163
ENSMUSG00000139436	17.3634028765986	0.00206744074639824	0.0875561176909705	0.0236277425537395	0.981149542967524	0.999831983216163
ENSMUSG00000119974	32.4894189164584	0.0340483340431929	0.104872521923812	0.323828355292672	0.746067987528196	0.999831983216163
ENSMUSG00000139722	178.734957360514	0.109352000501947	0.121879781896324	0.894340446868244	0.3711397653817	0.999831983216163
ENSMUSG00000085956	53.5163807216689	0.0234074007072493	0.113869172768431	0.205413086161177	0.837249396990055	0.999831983216163
ENSMUSG00000090120	12.7321681160731	0.0357651691501141	0.0767572257623342	0.462321555468588	0.64385074401397	0.999831983216163
ENSMUSG00000104283	324.419716719426	0.0319702113098127	0.110127191967566	0.290283301778571	0.771599512391673	0.999831983216163
ENSMUSG00000140669	14.2139897950278	0.0707996053202302	0.079410842300129	0.875613316227999	0.38124028376251	0.999831983216163
ENSMUSG00000103041	351.387902312384	-0.0259586776684026	0.112122923265954	-0.231516512523346	0.816913558727712	0.999831983216163
ENSMUSG00000105355	20.1249416671689	-0.0138587596262307	0.0899777075063971	-0.154534895177799	0.877187999295968	0.999831983216163
ENSMUSG00000141160	39.1373495866142	0.0121852856457713	0.109601252357008	0.111134115187703	0.911509996286155	0.999831983216163
ENSMUSG00000097639	14.9731220516716	0.0546933551727044	0.080798399297249	0.666988247740669	0.504779640254085	0.999831983216163
ENSMUSG00000097583	180.558161772001	0.0444018365259353	0.120710095843387	0.3677490693937	0.713060348411306	0.999831983216163
ENSMUSG00000121347	387.51089273134	0.0401178802549109	0.107904317702682	0.371759510553264	0.7100719123281	0.999831983216163
ENSMUSG00000141534	152.295037894113	-0.125952133946531	0.120503582178687	-1.04592683543068	0.295594813446731	0.999831983216163
ENSMUSG00000056023	10.4685732489567	-0.0283124354501726	0.0730695098798357	-0.392243478750647	0.69487832145725	0.999831983216163
ENSMUSG00000098659	35.4147655422846	-0.00521559339195506	0.0987007513172264	-0.0529053224397804	0.957807343643842	0.999831983216163
ENSMUSG00000074346	58.7399197868447	0.155599926344105	0.117312722755993	1.3175518597891	0.187653709846333	0.999831983216163
ENSMUSG00000142279	34.5820297168258	0.00666407411446642	0.102052303456646	0.0652270447858034	0.947993228349636	0.999831983216163
ENSMUSG00000143191	18.3330062844991	-0.0999881295147969	0.0902227487364618	-1.13265226921896	0.257360309251939	0.999831983216163
ENSMUSG00000143232	20.3872154566077	0.117438931971552	0.0934809269280888	1.23663263071629	0.216223499974737	0.999831983216163
ENSMUSG00000097911	112.14967307894	0.0801855714197912	0.121672392455557	0.658159221315411	0.510435825042761	0.999831983216163
ENSMUSG00000121819	61.4286434121217	-0.0947797301955754	0.117488558261368	-0.809610628486037	0.418163997556354	0.999831983216163
ENSMUSG00000086389	12.2234418010535	0.0577175229125397	0.0772352540301046	0.735392011978027	0.462100785307653	0.999831983216163
ENSMUSG00000105021	14.9332721483125	0.0177550442074606	0.0840293362434112	0.210109300499368	0.833582366750126	0.999831983216163
ENSMUSG00000136862	13.3678181897545	0.031988136682364	0.0789035361608273	0.402880031274808	0.687036482055418	0.999831983216163
ENSMUSG00000136986	25.2012799950923	-0.108146267852032	0.0998564783174623	-1.10012759311331	0.271276532919013	0.999831983216163
ENSMUSG00000078684	56.0382244361587	-0.1378009308066	0.116629030238109	-1.19016359436029	0.233982099014315	0.999831983216163
ENSMUSG00000122484	81.9694682996884	-0.0976996718871203	0.120574288550191	-0.812166987376436	0.416695819576824	0.999831983216163
ENSMUSG00000105388	280.97651806807	0.151068378811433	0.117271138977868	1.28694318627661	0.198114091241654	0.999831983216163
ENSMUSG00000086968	2247.28974116596	-0.0682012492722465	0.0877506124052796	-0.777254434621002	0.437008672212379	0.999831983216163
ENSMUSG00000125669	17.7271979120978	0.103795692845966	0.0889954187652909	1.15030771569607	0.250017154053978	0.999831983216163
ENSMUSG00000074466	181.211722857779	-0.160226524788577	0.119055580769496	-1.34684228586238	0.178031032587804	0.999831983216163
ENSMUSG00000105265	869.644940219888	-0.0424384607954053	0.0993270537887138	-0.427302360712447	0.669159113584721	0.999831983216163
ENSMUSG00000122440	29.5246229835855	-0.069844880564408	0.101259789017717	-0.697004134815289	0.485800206171507	0.999831983216163
ENSMUSG00000103827	16.9809487879587	0.041425296106092	0.0862035205580792	0.477599463972119	0.632935312472456	0.999831983216163
ENSMUSG00000091329	12.5271486977698	0.0299930686427319	0.0799835700737602	0.37224339971787	0.709711635760663	0.999831983216163
ENSMUSG00000097515	42.6566192676195	0.0403092358215638	0.11128253392612	0.361437732153983	0.717772245530449	0.999831983216163
ENSMUSG00000105550	12.1366107276653	0.00346031743323375	0.076294719451365	0.0453991370885251	0.963789168783638	0.999831983216163
ENSMUSG00000103115	57.3804696178453	0.0320642453511917	0.109305953937796	0.292020770461556	0.770270743255402	0.999831983216163
ENSMUSG00000106019	115.553342328099	-0.030710076495614	0.121853262955757	-0.252051856717388	0.801000981511244	0.999831983216163
ENSMUSG00000135074	17.1181648135402	0.00524708841648353	0.0887578788701937	0.0590717772969242	0.952894937829204	0.999831983216163
ENSMUSG00000042579	799.764046079876	0.0484406252403759	0.106966941467825	0.452732951395571	0.650741048952594	0.999831983216163
ENSMUSG00000105552	33.6671429506411	0.0114114625867522	0.107042834308031	0.106554525463698	0.915142396533823	0.999831983216163
ENSMUSG00000126961	41.3358781038231	0.00587724057835184	0.109117350943406	0.0537721245526735	0.957116718761968	0.999831983216163
ENSMUSG00000091421	135.676125985744	-0.150359942186221	0.121547723688359	-1.23950842372687	0.215157271126867	0.999831983216163
ENSMUSG00000052415	66.0479077759101	0.0904135658932378	0.11717535585923	0.769491716986946	0.441601459833276	0.999831983216163
ENSMUSG00000129997	10.5365299918424	0.109219148785454	0.0729526267328282	1.46675779474225	0.142441954615887	0.999831983216163
ENSMUSG00000094392	73.7962753280065	-0.0464787386784755	0.12040502096509	-0.386398191966628	0.69920178895426	0.999831983216163
ENSMUSG00000104108	12.3951656465391	-0.0324802196515979	0.0755444484531715	-0.436388232371946	0.662555075379518	0.999831983216163
ENSMUSG00000125684	28.8830841649054	-0.0427973286902631	0.102098487433422	-0.421792650242145	0.673176370835389	0.999831983216163
ENSMUSG00000140331	19.7612527763627	0.0467519718417794	0.086867764424157	0.533097048050215	0.593966402395097	0.999831983216163
ENSMUSG00000096935	74.7511083194239	-0.081679967838524	0.120009774815335	-0.68280554852631	0.494729723141776	0.999831983216163
ENSMUSG00000097280	85.9074089387672	-0.119032317041531	0.121315734138978	-0.983580569415628	0.325321782702533	0.999831983216163
ENSMUSG00000097428	465.164065735566	0.0731710821234089	0.106599678566165	0.686230251614433	0.492567924049199	0.999831983216163
ENSMUSG00000097156	3626.94529823982	0.010030674818277	0.118985400358888	0.0842472831737642	0.932859825247314	0.999831983216163
ENSMUSG00000137975	195.145423597691	-0.0363447339499114	0.121546758449302	-0.299178326889831	0.764803985030742	0.999831983216163
ENSMUSG00000138054	64.1363604218448	-0.127532745674469	0.115293778054089	-1.11421143968337	0.265188488893977	0.999831983216163
ENSMUSG00000138012	114.398489811839	0.02793095904875	0.118104123262298	0.235875359860998	0.813529388805319	0.999831983216163
ENSMUSG00000128398	21.546332624184	-0.0658727385255857	0.0949221301876235	-0.702295926123139	0.482494633345806	0.999831983216163
ENSMUSG00000097852	13.2586990588602	-0.0236129948603511	0.0804088023226626	-0.295598248535665	0.767536911359831	0.999831983216163
ENSMUSG00000120630	25.5440429208373	0.0984744235898102	0.0994879844285342	0.978738586212652	0.327709161297509	0.999831983216163
ENSMUSG00000028024	120.115481446948	0.110295880619466	0.121847342378072	0.903616891592485	0.366198581288641	0.999831983216163
ENSMUSG00000043020	48.4286286008597	-0.14394001470925	0.114927450998708	-1.26264533267195	0.20671666849523	0.999831983216163
ENSMUSG00000037737	73.9644166102075	-0.00315380980012862	0.120174099108708	-0.0262568229076011	0.979052493354896	0.999831983216163
ENSMUSG00000102692	30.7973860076281	0.126127452647347	0.0992310584103092	1.25631102680109	0.209003225562509	0.999831983216163
ENSMUSG00000091648	50.4599167023215	-0.0456055137277064	0.115425771707661	-0.396266093331397	0.691908737847617	0.999831983216163
ENSMUSG00000049404	52.2135977698219	-0.0437782013571915	0.115317950728282	-0.380300339665917	0.703722483412503	0.999831983216163
ENSMUSG00000047824	1057.55417196254	0.0270758511847302	0.0935937642146676	0.289284928264072	0.772363344996835	0.999831983216163
ENSMUSG00000028139	47.5439122665073	0.0259188872757053	0.113410903061014	0.228202534983005	0.819488790800417	0.999831983216163
ENSMUSG00000028197	61.318198073918	0.140694784725353	0.112222606805533	1.24098670965072	0.214610658584691	0.999831983216163
ENSMUSG00000049300	637.320637992641	0.0459147782094477	0.0998838621235768	0.459640021867258	0.645774627202951	0.999831983216163
ENSMUSG00000027864	583.947559803815	-0.00413532503992373	0.101129788551277	-0.0408911311404279	0.967382687860078	0.999831983216163
ENSMUSG00000033439	322.974097791794	0.0348921984956148	0.111138398453785	0.313936842568934	0.753569007578668	0.999831983216163
ENSMUSG00000028271	1103.39520248678	0.0317810952303553	0.098613933042723	0.322268144164618	0.747249564096181	0.999831983216163
ENSMUSG00000028073	172.144345423943	-0.105529906843306	0.120718604537261	-0.874953776055324	0.381599057124033	0.999831983216163
ENSMUSG00000048581	134.586305658733	-0.0643127580217845	0.121567649251279	-0.529364586857489	0.596552559403404	0.999831983216163
ENSMUSG00000042747	794.486930385355	0.0404864100489056	0.09847683583054	0.411106764100429	0.680994250334194	0.999831983216163
ENSMUSG00000074457	1772.43249501394	0.0129526071538869	0.100445401692868	0.128942621917328	0.897403050742121	0.999831983216163
ENSMUSG00000027861	1456.61795850803	0.00412763993152487	0.0904987701571546	0.045611754261451	0.96361970037816	0.999831983216163
ENSMUSG00000045092	7238.65896649934	-0.0559878618121508	0.077333352560474	-0.724006713326762	0.469061613590312	0.999831983216163
ENSMUSG00000045934	319.601526281955	0.0357207178853268	0.113631255443418	0.31424516511345	0.753334841986971	0.999831983216163
ENSMUSG00000027809	1238.58671019781	0.0590818266776835	0.0900639928469749	0.65599524927864	0.511827180928137	0.999831983216163
ENSMUSG00000059921	3843.19928242348	-0.133824761331642	0.0936379377777708	-1.42962081127197	0.152825879198326	0.999831983216163
ENSMUSG00000010538	37.9087558596152	-0.0591509028680135	0.109456674341166	-0.542659234033745	0.587364447160934	0.999831983216163
ENSMUSG00000019338	2014.2605160856	-0.0428009902783534	0.093960362275366	-0.455546959160251	0.648715792058156	0.999831983216163
ENSMUSG00000037922	12.8182465819826	-0.000271930200246401	0.0790034137384715	-0.00344028397189641	0.997255055948703	0.999831983216163
ENSMUSG00000051000	118.9934093763	0.0532374620724011	0.121762486300937	0.436570617640176	0.662422775281751	0.999831983216163
ENSMUSG00000038354	245.336768759914	0.0993258370048614	0.115733045736761	0.858022888520304	0.390879824868691	0.999831983216163
ENSMUSG00000027937	1300.27784984965	0.0199780654395216	0.0944300749694267	0.211566310218222	0.832445394884129	0.999831983216163
ENSMUSG00000028187	347.237269591305	0.0239457406411726	0.108744418658779	0.220204783817302	0.825711671120863	0.999831983216163
ENSMUSG00000068923	18567.5505469456	-0.129576963998477	0.0802499573576894	-1.61489512914135	0.106333407259913	0.999831983216163
ENSMUSG00000068747	5416.31243349511	-0.00681675647566147	0.0793942325459282	-0.0858599814114833	0.931577724194369	0.999831983216163
ENSMUSG00000027822	1427.09579554274	0.105384883976589	0.0899080769477366	1.17204778678503	0.241177870978249	0.999831983216163
ENSMUSG00000015522	3011.99016595875	-0.0260194382615604	0.100021134380333	-0.260153778785168	0.794745156128325	0.999831983216163
ENSMUSG00000004032	1855.72559065408	0.158450568987598	0.0932078277540683	1.69955920059461	0.0892138701429394	0.999831983216163
ENSMUSG00000010136	43.7363261956166	0.0729519387176756	0.111175262766351	0.653521497247284	0.513420135123963	0.999831983216163
ENSMUSG00000068740	4463.21539012146	0.0588504437987763	0.0835722277202626	0.704152018040481	0.481338108420395	0.999831983216163
ENSMUSG00000039221	1213.54586344251	0.166670308241322	0.10894113266044	1.52852214120228	0.126382950529561	0.999831983216163
ENSMUSG00000027823	4021.47680998736	0.116834861535404	0.082886860668309	1.40943268392437	0.15870726530823	0.999831983216163
ENSMUSG00000028012	17.9974083658353	0.149952969954529	0.0891523303753128	1.64997016955655	0.0989490374335466	0.999831983216163
ENSMUSG00000048655	30.1464665999125	0.0475221982314754	0.0979135773879798	0.48233572467074	0.629567473027755	0.999831983216163
ENSMUSG00000027845	491.314415804081	-0.106747094792851	0.11272085400626	-0.947325104372302	0.343473142294427	0.999831983216163
ENSMUSG00000028039	184.849572516952	0.0932690696334669	0.12102018800818	0.769821488004825	0.441405791405629	0.999831983216163
ENSMUSG00000043164	56.1280612666473	-0.0268954954937919	0.112154246171824	-0.24053355817843	0.809916651076322	0.999831983216163
ENSMUSG00000027890	158.211621548665	0.040076220922836	0.12157397378151	0.329556133288772	0.741735372959485	0.999831983216163
ENSMUSG00000042642	589.587947666615	0.0609214286636548	0.102949635498127	0.591655764168524	0.554081124041399	0.999831983216163
ENSMUSG00000027808	2450.59190492066	-0.0155089100649931	0.0876787620806887	-0.176885920551784	0.85959799800467	0.999831983216163
ENSMUSG00000040209	3083.79119170469	-0.076126745795267	0.102314836870824	-0.744276623777384	0.456709140386133	0.999831983216163
ENSMUSG00000028256	764.030198575112	-0.0456489104172188	0.101468247954061	-0.449960394803901	0.652738998312409	0.999831983216163
ENSMUSG00000044365	1699.88970776589	0.109422469581567	0.0884054175514527	1.2376313431537	0.215852787122542	0.999831983216163
ENSMUSG00000028188	71.1065423326596	-0.0879241922001779	0.120260930738164	-0.733054147625573	0.463525404606999	0.999831983216163
ENSMUSG00000025757	14442.1441472363	-0.00550471522333719	0.0945344598714545	-0.0582302791633367	0.953565202350293	0.999831983216163
ENSMUSG00000051278	471.098577050305	0.117233195176376	0.105200696215214	1.11408063935225	0.265244593612568	0.999831983216163
ENSMUSG00000053398	1892.77742575235	-0.13191749713665	0.0891580025557139	-1.479764066764	0.138936221306336	0.999831983216163
ENSMUSG00000045328	50.4165504833973	0.0598087143205669	0.110247737267333	0.540517202359667	0.588840400883298	0.999831983216163
ENSMUSG00000025437	4216.63121022512	0.0523979644546866	0.0854840305652407	0.61292566043786	0.539925495293555	0.999831983216163
ENSMUSG00000027770	6133.0134365656	0.0158591480783633	0.0862857101451602	0.183796844887512	0.85417283138885	0.999831983216163
ENSMUSG00000037225	171.475872328609	0.206505289548721	0.119132196649171	1.73109761458549	0.0834343557575347	0.999831983216163
ENSMUSG00000027983	370.659637960515	0.0747287251994734	0.111142080010818	0.672209325121007	0.501450445268491	0.999831983216163
ENSMUSG00000060798	502.911690420638	0.0726976755883198	0.108023603217548	0.672888613444752	0.501018156743957	0.999831983216163
ENSMUSG00000058388	1644.3745931073	0.0980075305440933	0.0894129732146282	1.09604030272127	0.27306113749911	0.999831983216163
ENSMUSG00000055436	9095.03828990091	-0.0203546718016776	0.081782606172845	-0.248891959434195	0.803444355070898	0.999831983216163
ENSMUSG00000051444	141.226043999297	0.19185226423266	0.121314313767722	1.57767370984737	0.114640589031133	0.999831983216163
ENSMUSG00000028133	156.328681528264	0.0604908283375214	0.120394466710008	0.502027952453851	0.615647858649079	0.999831983216163
ENSMUSG00000027710	1534.01946178411	-0.0482289208366312	0.0878261026698232	-0.549150602520418	0.582902100904174	0.999831983216163
ENSMUSG00000038393	1167.40901660921	-0.0970549677127445	0.104586295960741	-0.945481922033103	0.34441289589753	0.999831983216163
ENSMUSG00000037161	34.2374385898117	0.065511863900823	0.106999439201734	0.608862922147123	0.54261530244686	0.999831983216163
ENSMUSG00000027884	810.288318616096	-0.0161812070710156	0.0942494145631865	-0.171687541873489	0.863683180523596	0.999831983216163
ENSMUSG00000028163	1028.86571529713	0.0233087446330867	0.0913765768084827	0.255077050234741	0.798663589257111	0.999831983216163
ENSMUSG00000040037	10729.3395977088	-0.010526808565243	0.090682644100757	-0.116086172326596	0.907584247603412	0.999831983216163
ENSMUSG00000028070	1404.00715164802	0.00229837395420067	0.0947202319335602	0.0242647050566256	0.98064146612126	0.999831983216163
ENSMUSG00000027800	498.105687204218	-0.0899864249368918	0.105864444914514	-0.850104335256869	0.395267081568599	0.999831983216163
ENSMUSG00000028125	411.64192647722	0.173571281779284	0.110479025212723	1.54695175275409	0.121874880210641	0.999831983216163
ENSMUSG00000042312	516.264110452777	-0.0492878408799279	0.103355632975973	-0.476901459647862	0.633432292544093	0.999831983216163
ENSMUSG00000028199	591.062637249416	0.0784443109618649	0.10227196637226	0.766873837654833	0.44315653007388	0.999831983216163
ENSMUSG00000054199	1018.50434584133	-0.0174352551226872	0.0945623893544334	-0.184385201586721	0.853711278210677	0.999831983216163
ENSMUSG00000040322	82.2885989422317	0.0245549291464243	0.119917199909981	0.204389033532262	0.838049499280888	0.999831983216163
ENSMUSG00000028019	133.115143924593	-0.0661593373376851	0.121140140567471	-0.546355335682844	0.584821705708085	0.999831983216163
ENSMUSG00000027997	108.80472905038	-0.0455883918503469	0.121884865109516	-0.374223947334897	0.708237708860242	0.999831983216163
ENSMUSG00000068739	5289.21646064928	0.0551210208424818	0.0843805938039057	0.653200682515513	0.51362691029752	0.999831983216163
ENSMUSG00000028093	707.538770995811	0.0269074178603933	0.103142388386589	0.260862721146353	0.794198373912087	0.999831983216163
ENSMUSG00000075700	10042.7166459879	-0.0566229399203004	0.0908168858062628	-0.623558357046584	0.532917666060926	0.999831983216163
ENSMUSG00000037730	1542.51864369571	-0.00228736375371715	0.0956858810507897	-0.0239050262490161	0.980928365062807	0.999831983216163
ENSMUSG00000027963	6917.61710101436	-0.0185433756783963	0.0798065871131114	-0.232357958453309	0.816259999646689	0.999831983216163
ENSMUSG00000033233	196.171178693013	0.187663589715051	0.117810303953838	1.59117440821477	0.111570330612275	0.999831983216163
ENSMUSG00000028174	27.081465080493	0.0692065130145184	0.0991102888766199	0.693463705616449	0.488018595129889	0.999831983216163
ENSMUSG00000028011	239.627646177124	-0.0305348131191783	0.121111138137163	-0.252379668196332	0.800747614029578	0.999831983216163
ENSMUSG00000028016	653.074327564729	0.0541443954587214	0.101205118348943	0.53497842573685	0.592664775798836	0.999831983216163
ENSMUSG00000040998	182.105983355879	0.136961091909212	0.121355603468095	1.12620061596995	0.260080612864556	0.999831983216163
ENSMUSG00000028194	4234.69502054197	-0.135783951048631	0.0796657883352878	-1.70456605745403	0.0882753862849291	0.999831983216163
ENSMUSG00000053819	9090.01180942053	0.00115794256865606	0.0760669605368926	0.0152231992544781	0.987854113476994	0.999831983216163
ENSMUSG00000028003	11.0595016673741	-0.00793547381263355	0.0759906419129056	-0.104668792029581	0.916638626254778	0.999831983216163
ENSMUSG00000109293	18.5228568167845	0.0367795496301252	0.0878348327455243	0.415299843729473	0.677922415608443	0.999831983216163
ENSMUSG00000027806	2576.5302125585	0.0191250661816881	0.101279269174915	0.188830840188227	0.850225399679125	0.999831983216163
ENSMUSG00000055865	14.8759057017894	-0.128726139231211	0.0833941565686959	-1.60946321156577	0.107515092974752	0.999831983216163
ENSMUSG00000028179	118.514790455492	0.0944849546070169	0.121750894699035	0.77490669924433	0.438394793251629	0.999831983216163
ENSMUSG00000040253	182.663512887507	0.0977742782867276	0.120896893847281	0.808083476344177	0.419042529063241	0.999831983216163
ENSMUSG00000033554	305.532117005671	0.0213997809446702	0.11321759728486	0.188987247296546	0.850102811866657	0.999831983216163
ENSMUSG00000058897	296.525658766582	0.111004151014761	0.0787907441747161	1.37203436663639	0.170052739572581	0.999831983216163
ENSMUSG00000040289	1515.12855193242	-0.12986160430182	0.0920476163396925	-1.41099407705658	0.158246360471518	0.999831983216163
ENSMUSG00000068922	527.505580482946	0.0649941615900693	0.107139789568458	0.606462765795576	0.544207500224185	0.999831983216163
ENSMUSG00000004892	5815.68389937028	0.107000566395258	0.093944280640849	1.13866575750836	0.254842590130922	0.999831983216163
ENSMUSG00000028111	152.699691929367	-0.161410278161092	0.121733185340312	-1.33163967513089	0.182978620953726	0.999831983216163
ENSMUSG00000027630	3409.9823159795	-0.136401874793959	0.0877970711494957	-1.5538636293018	0.120216948930811	0.999831983216163
ENSMUSG00000033147	1157.25406813929	-0.144746525554278	0.101135211526085	-1.4316917187775	0.152232067443101	0.999831983216163
ENSMUSG00000027938	17.959967604222	0.0200316416751949	0.0894736537383397	0.223169914754137	0.823403266026104	0.999831983216163
ENSMUSG00000025758	130.433662569948	-0.00314355451271711	0.121568832058779	-0.0258663829243046	0.979363913610119	0.999831983216163
ENSMUSG00000027765	438.569985141983	-0.164924521598536	0.108508535348327	-1.52051045948757	0.128382731989695	0.999831983216163
ENSMUSG00000052430	1291.77451143605	0.157617600568505	0.0968193725532324	1.62752152935079	0.103626379901842	0.999831983216163
ENSMUSG00000028104	908.421060031508	0.103134836687188	0.107674885376845	0.957292153346362	0.338419814733532	0.999831983216163
ENSMUSG00000038975	2162.10693004148	0.000543414570002569	0.0845917034243254	0.00642453588436089	0.994873997269906	0.999831983216163
ENSMUSG00000015852	265.95427484852	-0.191586395159502	0.11773343013241	-1.62910666709988	0.10329044009101	0.999831983216163
ENSMUSG00000056306	106.353053574002	0.0153278996951915	0.119352948893551	0.128270316432324	0.897935055080887	0.999831983216163
ENSMUSG00000028165	2947.45317110273	-0.114105785382029	0.0873863397796758	-1.30591149567072	0.191582656811346	0.999831983216163
ENSMUSG00000039756	1468.27081164421	-0.0719483102928134	0.0940250435125494	-0.765309984444542	0.444086979998022	0.999831983216163
ENSMUSG00000001419	7697.0930635505	-0.109198961130587	0.0760175829449831	-1.43659629099452	0.150832738117468	0.999831983216163
ENSMUSG00000038526	660.474725692028	0.0767403023355963	0.102169062178366	0.750990308086287	0.452658488624443	0.999831983216163
ENSMUSG00000027531	3399.28277408594	0.0388776870747899	0.0832512923599525	0.466981518763778	0.640513100631089	0.999831983216163
ENSMUSG00000069114	649.109063131077	0.0324898661137049	0.101572296760827	0.319869822897515	0.749067014799791	0.999831983216163
ENSMUSG00000027947	171.26325850484	0.197703007497735	0.121469296842975	1.62201897185747	0.104799286002086	0.999831983216163
ENSMUSG00000063600	44.9012444653527	0.159722229258939	0.112048721782936	1.41316780809487	0.157606389453204	0.999831983216163
ENSMUSG00000048796	663.769037319283	0.0225534441020294	0.0999201498958541	0.225704254302427	0.82143144901042	0.999831983216163
ENSMUSG00000027940	3763.53155130236	-0.0227203718466085	0.0797087818558958	-0.285046698410611	0.775608365125579	0.999831983216163
ENSMUSG00000002428	1680.34186806331	0.0397276770312873	0.0889177120902404	0.446790500815746	0.65502633057319	0.999831983216163
ENSMUSG00000027855	1270.17015303124	-0.0702032842276965	0.105193775551106	-0.667618689586093	0.504377024519839	0.999831983216163
ENSMUSG00000050150	61.8941444958021	-0.134977571146242	0.118760150482734	-1.14186553328007	0.253509917210049	0.999831983216163
ENSMUSG00000027860	351.285863240213	-0.111690616050596	0.108362075085922	-1.03081528199433	0.302627450454009	0.999831983216163
ENSMUSG00000028034	6040.76184583538	-0.0901155300908586	0.0879575242286991	-1.02469268542478	0.305508215478437	0.999831983216163
ENSMUSG00000042404	2773.95350115212	0.0166973064848171	0.0898253630646753	0.185877680017922	0.852540685925624	0.999831983216163
ENSMUSG00000027833	178.041596621507	-0.00819674964757446	0.0500060842707812	-0.166052187879868	0.8681158802269	0.999831983216163
ENSMUSG00000028158	514.149700795598	-0.0497181657712617	0.108828460320322	-0.456990798661511	0.647677659149855	0.999831983216163
ENSMUSG00000027998	1457.9153339826	0.0831249441219533	0.0934227074486869	0.889702360018016	0.373625726459944	0.999831983216163
ENSMUSG00000037643	2796.39627122974	-0.023398181112001	0.0868632036641031	-0.269376949918434	0.787639622097301	0.999831983216163
ENSMUSG00000036825	2964.14694664497	0.0422047372980588	0.0839324332638131	0.502828876802857	0.615084589279101	0.999831983216163
ENSMUSG00000025255	597.827787975231	0.104102694588695	0.117193695281698	0.887387982791481	0.374870051161407	0.999831983216163
ENSMUSG00000040213	224.50507681043	0.0523480826226706	0.116815735409625	0.448115126710143	0.654070111604746	0.999831983216163
ENSMUSG00000049288	1286.32087282093	-0.0617298797441187	0.0927310527521085	-0.665699848449108	0.505602970409628	0.999831983216163
ENSMUSG00000027896	461.127861473308	0.116842359869479	0.10679598113108	1.09378274832497	0.274050272125424	0.999831983216163
ENSMUSG00000044167	1217.96463562929	-0.057082969056311	0.112017602463813	-0.509786739128837	0.610200877021565	0.999831983216163
ENSMUSG00000037174	2067.47447519084	0.0354349749354272	0.0857257748061133	0.413350503795149	0.679349832814281	0.999831983216163
ENSMUSG00000027889	2985.59756051105	0.109350778285058	0.091351968732924	1.19678127934535	0.231391816880865	0.999831983216163
ENSMUSG00000028115	48.6894157007598	-0.0128637001811081	0.114693076862087	-0.112199447739582	0.910665267045878	0.999831983216163
ENSMUSG00000000794	445.428269718618	0.00863291438205827	0.110830658091033	0.0779055836800123	0.937903157778632	0.999831983216163
ENSMUSG00000028066	148.830497872327	0.0615445066691806	0.121322156092865	0.507145203543007	0.612052939773787	0.999831983216163
ENSMUSG00000028136	6383.01584983228	0.0206209199193596	0.0819557237486238	0.251607785234746	0.801344240439999	0.999831983216163
ENSMUSG00000027952	1102.50955981472	-0.0440283525867496	0.0906986552336412	-0.485435506467033	0.627367450903086	0.999831983216163
ENSMUSG00000033285	1636.90750606641	-0.0235244387502638	0.0875032199177432	-0.268843834586316	0.788049859580153	0.999831983216163
ENSMUSG00000039103	683.715558405641	0.0773322861955332	0.115739501336787	0.66779682366459	0.504263294392345	0.999831983216163
ENSMUSG00000037994	49.2143095780526	0.0427568256624573	0.113567235574048	0.375254422513848	0.707471259067199	0.999831983216163
ENSMUSG00000005813	1757.68425142001	-0.0566102450222449	0.0930868053029834	-0.608201156576691	0.543054067632096	0.999831983216163
ENSMUSG00000028102	799.37639282213	0.0447245319665424	0.10026315413141	0.446011840503448	0.655588692994156	0.999831983216163
ENSMUSG00000027995	56.3196012595421	0.0385222829315627	0.116814710851342	0.32923905307261	0.741975006788571	0.999831983216163
ENSMUSG00000037661	35.9772471564141	0.0705606563373673	0.109172207105375	0.643164486502849	0.520117374419693	0.999831983216163
ENSMUSG00000028028	128.540840292747	-0.215049057435344	0.121747990761684	-1.77145540194543	0.0764850026963519	0.999831983216163
ENSMUSG00000042672	93.4305433681406	0.0215961316597881	0.121404846962045	0.177794284225414	0.858884536360532	0.999831983216163
ENSMUSG00000028128	2165.14610276839	-0.0534721012327491	0.108440925375581	-0.493226864880219	0.621852297638789	0.999831983216163
ENSMUSG00000044165	2967.71768747501	-0.0627968843946515	0.102067614264121	-0.615396524247548	0.538292886250169	0.999831983216163
ENSMUSG00000038766	3391.49260635499	0.0356222298619383	0.0887035385777915	0.401571769693781	0.687999209406885	0.999831983216163
ENSMUSG00000005640	56.4729290515495	0.00349227351722783	0.117715495799835	0.0296688172538476	0.976331181195254	0.999831983216163
ENSMUSG00000068860	15.7915734491282	-0.0550515344973028	0.0850292234871479	-0.656426245464503	0.511549908196921	0.999831983216163
ENSMUSG00000068874	300.450333850332	-0.017309966845008	0.114752803585021	-0.150850968243962	0.880093279420861	0.999831983216163
ENSMUSG00000015714	1065.34414303622	-0.127947688379871	0.0947119248686542	-1.35102016870605	0.176688972064364	0.999831983216163
ENSMUSG00000015747	1292.68006359638	-0.0412333165416914	0.0880973856184116	-0.468042465191049	0.639754222253635	0.999831983216163
ENSMUSG00000038170	7846.07129452807	-0.0209501986275974	0.0827113822792175	-0.25329999164198	0.800036402564987	0.999831983216163
ENSMUSG00000027715	68.6276615022387	-0.108136709536136	0.120045706747755	-0.903457636578138	0.366283062202266	0.999831983216163
ENSMUSG00000005625	2042.90702832007	0.0430071959472479	0.0881680854860847	0.487756903083326	0.625722040995582	0.999831983216163
ENSMUSG00000068523	45.5322365819557	-0.0877137916123133	0.112637207250965	-0.782551993535075	0.433890241776532	0.999831983216163
ENSMUSG00000040269	198.61504392446	0.0766774956016324	0.118227039162581	0.6484006221764	0.516725868024572	0.999831983216163
ENSMUSG00000027671	494.906341621486	-0.00368863319073233	0.10671874628309	-0.0345600218684243	0.972430580369396	0.999831983216163
ENSMUSG00000034109	1868.80664631094	0.00652943354188513	0.096575873106093	0.067612277157915	0.946094282006865	0.999831983216163
ENSMUSG00000027499	10510.4706526785	0.0898932359989635	0.0763675002691689	1.17703652083105	0.239180929828267	0.999831983216163
ENSMUSG00000056498	24.3725053386452	-0.0444609791673466	0.0963237939339976	-0.465154081099133	0.641821119585139	0.999831983216163
ENSMUSG00000002227	146.300243371839	-0.0202728252617028	0.120824769411488	-0.167799933605097	0.866740674734068	0.999831983216163
ENSMUSG00000046280	217.536097557675	-0.0587034129078493	0.117206318090894	-0.501019248332805	0.616357576424995	0.999831983216163
ENSMUSG00000033400	2508.55845223159	-0.0556493077459113	0.092120662467036	-0.604162742941906	0.545735448442543	0.999831983216163
ENSMUSG00000028017	69.9324432966221	0.043123476806867	0.120005528134484	0.358777354459884	0.719761654853922	0.999831983216163
ENSMUSG00000028010	291.879053526719	0.0583620444912677	0.114082048274713	0.511474027252916	0.609019170680946	0.999831983216163
ENSMUSG00000043300	1380.81059467134	0.0480331547710608	0.0889466262943783	0.5400063524214	0.589192651580407	0.999831983216163
ENSMUSG00000027712	2556.67348718109	0.142540749754777	0.0821649664924935	1.73464679312549	0.0828033858825904	0.999831983216163
ENSMUSG00000049100	1637.02577417342	0.122657522203	0.10674541269359	1.14843698312134	0.250788213659316	0.999831983216163
ENSMUSG00000041959	638.846097896609	-0.195981422219681	0.111247472144776	-1.76332170343188	0.0778462468426761	0.999831983216163
ENSMUSG00000028047	176.567592789058	-0.0281958768980521	0.119177282318288	-0.236661661975239	0.812919279392569	0.999831983216163
ENSMUSG00000015702	94.3449790771694	0.0597877757834457	0.121638785905288	0.490894531893091	0.623501044726667	0.999831983216163
ENSMUSG00000042520	3750.08086020151	-0.0167217893364262	0.0929143251408551	-0.179976307703374	0.857171168182524	0.999831983216163
ENSMUSG00000042613	1631.26278356334	0.137544637420402	0.0918313995469442	1.49750042962007	0.134263093881803	0.999831983216163
ENSMUSG00000090210	225.785157387012	-0.0943355965771999	0.121568660926008	-0.776899541340479	0.437218041883038	0.999831983216163
ENSMUSG00000028173	2676.42869049111	-0.0226989559217921	0.0815589495392977	-0.278314395789582	0.780771026265432	0.999831983216163
ENSMUSG00000025762	910.209395624206	-0.0170254652457491	0.0962040680004184	-0.176977492461134	0.859526068913361	0.999831983216163
ENSMUSG00000014599	824.376529081295	0.0137228815949623	0.0949633537739116	0.144510253520382	0.885097560299253	0.999831983216163
ENSMUSG00000027984	953.038399225145	-0.0863099916104356	0.0952094650726598	-0.906530372383538	0.364655196439832	0.999831983216163
ENSMUSG00000036503	6892.55535618666	0.0477106902608872	0.0862880391138399	0.552889376327691	0.580339162470135	0.999831983216163
ENSMUSG00000028140	1273.48008340842	-0.0720785846998572	0.0935942148028354	-0.770147268717823	0.441212539379944	0.999831983216163
ENSMUSG00000023084	39.5853655555226	-0.0280841034626841	0.1092194573663	-0.258030340894523	0.796383491233011	0.999831983216163
ENSMUSG00000001418	1407.56506864812	-0.0785430695800324	0.0888909448424678	-0.883601398782201	0.376911423691554	0.999831983216163
ENSMUSG00000036353	583.690083129259	0.00877245085183665	0.109058486272977	0.0804416274525383	0.935886020236609	0.999831983216163
ENSMUSG00000027840	347.088776884165	0.13037304103257	0.113147574007321	1.15143611693513	0.249552862521406	0.999831983216163
ENSMUSG00000036873	1171.3912102528	-0.0404324912739635	0.0923655386061818	-0.437766254182625	0.661555735836023	0.999831983216163
ENSMUSG00000039058	527.92471140913	0.137269492718382	0.103508120162848	1.32595989329536	0.184852982449959	0.999831983216163
ENSMUSG00000027957	1541.49586965968	-0.0320421197666199	0.0880220853470295	-0.364029856267662	0.71583571465807	0.999831983216163
ENSMUSG00000027663	3588.09584841773	-0.0938236163288126	0.0959472111209633	-0.978099232292558	0.328025247519967	0.999831983216163
ENSMUSG00000028086	4940.7107207563	-0.00970838941872632	0.082342168109888	-0.117903421734277	0.906144182009595	0.999831983216163
ENSMUSG00000028191	610.451341919577	-0.0765229015120044	0.10205431791604	-0.74981908387904	0.453363673377995	0.999831983216163
ENSMUSG00000091512	1557.37154816917	-0.0579379105078254	0.087963466652778	-0.658675437656097	0.510104208969576	0.999831983216163
ENSMUSG00000000339	1499.58464974049	0.0420178796734014	0.0868302044061165	0.483896117755761	0.628459595730087	0.999831983216163
ENSMUSG00000044667	3156.28963971238	-0.0656768199810482	0.0905931256222585	-0.725053472989831	0.468419226328052	0.999831983216163
ENSMUSG00000068732	1969.02777737177	-0.0815748230222803	0.086808963560382	-0.939763571771554	0.347338848260827	0.999831983216163
ENSMUSG00000001016	1687.06605842938	-0.0813130541007277	0.0865823214682003	-0.939158129527196	0.347649562757686	0.999831983216163
ENSMUSG00000047213	4466.29354552997	-0.0699509800839296	0.0812009862986757	-0.861505231762623	0.388959840953107	0.999831983216163
ENSMUSG00000028042	1289.52228829879	-0.0332647988907859	0.0927152427782997	-0.358792928373751	0.719750003264695	0.999831983216163
ENSMUSG00000034317	835.207157945712	0.0453397646591931	0.112303553868885	0.403665876298217	0.686458435916888	0.999831983216163
ENSMUSG00000063273	3305.73519969661	0.0427564184937462	0.0952230698569455	0.448980305243739	0.653445864070914	0.999831983216163
ENSMUSG00000036632	565.85317356182	0.0572457556179138	0.102485500391649	0.558492481379969	0.57650813722012	0.999831983216163
ENSMUSG00000027967	12.402519041055	-0.118973755052323	0.0776598345027941	-1.61530065732253	0.106245601383802	0.999831983216163
ENSMUSG00000027599	3834.89847773415	-0.0499434026332046	0.0922358522199717	-0.541534789207804	0.588139025443662	0.999831983216163
ENSMUSG00000015745	1826.85664924801	-0.0885658001986607	0.0956024463580202	-0.926525897946746	0.354172744685308	0.999831983216163
ENSMUSG00000043850	25.9039965270224	0.0224824966747827	0.100037399381712	0.224045320278709	0.82272203896791	0.999831983216163
ENSMUSG00000039988	3218.78987774263	-0.1103944498402	0.0920121515899562	-1.20001238150599	0.230134531847532	0.999831983216163
ENSMUSG00000015947	131.263119233918	0.0505356000718266	0.121276893114545	0.416426596163525	0.677097870115761	0.999831983216163
ENSMUSG00000028273	1585.93791140452	-0.112856766295264	0.0880968320989331	-1.281142947415	0.200143461155823	0.999831983216163
ENSMUSG00000041734	449.734269951675	-0.13628923639139	0.105541385510756	-1.29136369014807	0.196577595117111	0.999831983216163
ENSMUSG00000074579	369.569397589886	0.189495544379711	0.107649690109466	1.75985334236048	0.0784326759864264	0.999831983216163
ENSMUSG00000039519	499.403109606667	0.0283742845041553	0.107467095563298	0.264050143015886	0.791741280866312	0.999831983216163
ENSMUSG00000053870	1362.84973746847	0.0400571610753627	0.0875588324541269	0.457484951730996	0.647322516077679	0.999831983216163
ENSMUSG00000001025	294.631140775988	-0.186213627585452	0.11262592359877	-1.6538217226031	0.0981637409423834	0.999831983216163
ENSMUSG00000037892	156.500081964658	0.0981611403124051	0.121239144025793	0.807600442375241	0.419320631996467	0.999831983216163
ENSMUSG00000027737	1326.20347678816	-0.128752242013821	0.097290042293496	-1.32367921758031	0.185609603420079	0.999831983216163
ENSMUSG00000027962	1060.49588447917	0.0332432814166912	0.0955944250483954	0.347727322023131	0.728044975653767	0.999831983216163
ENSMUSG00000028057	790.547649194328	0.0279921645086633	0.0953767220298124	0.293477844439777	0.769156931898967	0.999831983216163
ENSMUSG00000027742	2366.39629247057	0.0132398414960565	0.0845667657830093	0.156560034920704	0.87559160155249	0.999831983216163
ENSMUSG00000043441	14.7874433895282	0.125415065945256	0.0718976394842977	1.70482915494733	0.0882262923084332	0.999831983216163
ENSMUSG00000028048	1162.12124079271	0.0275275491691151	0.0952732406498723	0.288917898610294	0.772644206443077	0.999831983216163
ENSMUSG00000028069	439.6032776287	0.150065707470919	0.113223224273049	1.32456056315582	0.185316943359567	0.999831983216163
ENSMUSG00000086564	12.2759957648351	-0.0581517772427691	0.077438674429798	-0.767683785291694	0.442675071665338	0.999831983216163
ENSMUSG00000050549	64.1315247730187	0.013190489010581	0.119114714507661	0.110735089230559	0.911826419900664	0.999831983216163
ENSMUSG00000054414	771.840546299548	0.014135045922964	0.10163139409835	0.139091309687306	0.889377995339319	0.999831983216163
ENSMUSG00000028032	2913.32434551981	-0.0609130527880861	0.0811107541579708	-0.751009846251967	0.45264673010712	0.999831983216163
ENSMUSG00000046519	1402.39431061236	0.0883840872226196	0.0885016444454047	0.998643387867949	0.317967474025814	0.999831983216163
ENSMUSG00000027933	2392.51586405306	-0.0153335320685497	0.0827733056623665	-0.1852464654077	0.85303572559817	0.999831983216163
ENSMUSG00000044528	842.976115759814	0.0207439947395417	0.0964825906539479	0.215003666902649	0.829764459642002	0.999831983216163
ENSMUSG00000043542	2709.58234794534	-0.0408058566879656	0.0828373793823475	-0.492613892846377	0.622285429711222	0.999831983216163
ENSMUSG00000046722	2458.14926348483	-0.130723793949109	0.0838997397429989	-1.55822292778877	0.119180411694483	0.999831983216163
ENSMUSG00000015748	1341.23021864075	-0.0566738663132611	0.0970695641829761	-0.583898657137096	0.559288496703824	0.999831983216163
ENSMUSG00000028049	915.105921086844	-0.0257186727991287	0.094287599208181	-0.272761950241911	0.785036210120325	0.999831983216163
ENSMUSG00000033386	63.8165986831449	0.0843449302436609	0.118429072700708	0.709779862634765	0.477840658555982	0.999831983216163
ENSMUSG00000048332	3261.67104871364	0.0631637582254926	0.0905425933133351	0.697531892480463	0.485469987686607	0.999831983216163
ENSMUSG00000028041	1618.3313155041	0.138643046254939	0.0893602392649379	1.55128892446103	0.120832459840733	0.999831983216163
ENSMUSG00000041977	3322.82846349778	0.040780069694547	0.0818714202175083	0.49808877663907	0.618421470798806	0.999831983216163
ENSMUSG00000040374	1477.29475300946	0.0510955055798822	0.0874335214173083	0.584369923328281	0.558971457542715	0.999831983216163
ENSMUSG00000028186	12.5632744368465	0.0839073971382558	0.0772900021716213	1.06799031095946	0.285524882382481	0.999831983216163
ENSMUSG00000045031	195.659222383557	-0.0202652347579847	0.118724949928705	-0.170739957860073	0.864428242301652	0.999831983216163
ENSMUSG00000058135	6992.44862160667	0.0926065076380758	0.0905760545668892	1.02223957563744	0.306667523993554	0.999831983216163
ENSMUSG00000028138	2274.14709553365	-0.0121709445920538	0.0874569070269944	-0.139166313563028	0.889318727310209	0.999831983216163
ENSMUSG00000027706	10125.1698447245	-0.00333917378174457	0.0863906190134013	-0.0386518809924213	0.969167938119715	0.999831983216163
ENSMUSG00000027951	4285.49932090974	0.107110139791625	0.0843310876553482	1.26997592920114	0.204093204484069	0.999831983216163
ENSMUSG00000023087	1567.09511004857	-0.0440541627033431	0.0910934087699967	-0.483617552129108	0.628657315748604	0.999831983216163
ENSMUSG00000028085	503.947052515804	-0.0051903839107079	0.102974043947079	-0.050406526766935	0.959798435392174	0.999831983216163
ENSMUSG00000027774	2298.1095396991	0.0289422697936806	0.0849126599669335	0.340845867945088	0.733219618163696	0.999831983216163
ENSMUSG00000027828	6816.61470668259	0.0563207390297143	0.0762704747677453	0.738408572358335	0.46026620692815	0.999831983216163
ENSMUSG00000037894	2668.79785734123	0.0745541210206785	0.0939235468757909	0.793658316962986	0.427394372646325	0.999831983216163
ENSMUSG00000027552	436.8982837812	0.0254281270584041	0.108405738703708	0.234538632519293	0.814566845005886	0.999831983216163
ENSMUSG00000033342	995.774026827727	-0.00609142982852929	0.0946068128669262	-0.0643894979793151	0.948660092073312	0.999831983216163
ENSMUSG00000027893	24686.1822873726	0.0132549997123999	0.0788261716628035	0.168153503130004	0.866462519126884	0.999831983216163
ENSMUSG00000036362	140.043516886158	-0.044653399530599	0.121866873085558	-0.366522141649983	0.713975493730143	0.999831983216163
ENSMUSG00000033161	42608.7409874569	-0.0759608034665479	0.0961364484960584	-0.79032309014949	0.42933910531931	0.999831983216163
ENSMUSG00000028127	4421.28196358317	-0.0193855373770878	0.0830452430511437	-0.233439686701206	0.815419998765295	0.999831983216163
ENSMUSG00000027996	33.5825040807971	0.0837422271629432	0.105014010675675	0.791048998788615	0.428915398990661	0.999831983216163
ENSMUSG00000027692	6411.53041968024	-0.0499849876890981	0.0921166463230619	-0.542693047144907	0.587341162179432	0.999831983216163
ENSMUSG00000028156	4409.37262193335	-0.00394380896961115	0.0826629503162215	-0.047709520105683	0.961947746797409	0.999831983216163
ENSMUSG00000039304	111.415970120317	0.0402325373646163	0.121824911639185	0.330198565318838	0.741249930811665	0.999831983216163
ENSMUSG00000028176	194.248563687205	-0.167547177641991	0.12185568810935	-1.38195603460916	0.166985200972205	0.999831983216163
ENSMUSG00000042766	1563.55185697549	-0.106800569901633	0.0900286626739915	-1.1863674758525	0.235477210091408	0.999831983216163
ENSMUSG00000037211	294.765525362015	0.0377059298345063	0.113130812538814	0.333232196971735	0.738959015983262	0.999831983216163
ENSMUSG00000038495	3876.53345600508	-0.0098479766355372	0.096653677291264	-0.101893063582907	0.918841555766435	0.999831983216163
ENSMUSG00000087610	35.9240479053461	0.0984074046946118	0.10683397278828	0.912425794059893	0.361544616241537	0.999831983216163
ENSMUSG00000004035	565.102425256301	-0.00456757901655707	0.103020889647659	-0.044334588721316	0.96463770095743	0.999831983216163
ENSMUSG00000033981	23537.138131187	-0.0366473079494585	0.0793050031466477	-0.462124032565578	0.64399237687626	0.999831983216163
ENSMUSG00000042784	20.5823932621878	-0.0120592396505864	0.0937287632992261	-0.129054783351538	0.89731430037858	0.999831983216163
ENSMUSG00000062127	1026.04233406456	-0.0551485755101787	0.0930601900497704	-0.592639246520674	0.553422607934488	0.999831983216163
ENSMUSG00000027936	2082.57866096318	-0.00107700497053828	0.0940414154659799	-0.0114515276564584	0.990863202581848	0.999831983216163
ENSMUSG00000074212	5433.43935697056	-0.0607671224302142	0.101446500616942	-0.599154677258928	0.549069742994093	0.999831983216163
ENSMUSG00000074207	17.8457475914563	0.0186706927842942	0.0867602507492928	0.21375861408185	0.830735300134453	0.999831983216163
ENSMUSG00000028096	847.755293172469	-0.079745932862236	0.0969576879085105	-0.822528712501041	0.410776052226005	0.999831983216163
ENSMUSG00000027748	88.5314701803516	0.0393853103158929	0.121265438700308	0.324678596775281	0.745424335102752	0.999831983216163
ENSMUSG00000074591	110.840736473372	-0.033974905128474	0.121775771007836	-0.279192377982641	0.780097192659773	0.999831983216163
ENSMUSG00000037400	5777.10012843007	0.0818915618913187	0.07887814660061	1.03814442861274	0.299202819878173	0.999831983216163
ENSMUSG00000028015	1736.98901242576	0.0128443757914316	0.0896788267305171	0.14322942143228	0.88610899442572	0.999831983216163
ENSMUSG00000028189	374.476112484535	0.0449813382156129	0.109949414564457	0.409075312399799	0.682484392957081	0.999831983216163
ENSMUSG00000048997	546.43314811594	0.0802511397751841	0.105601526281588	0.759794145213492	0.447377643130857	0.999831983216163
ENSMUSG00000037072	7003.58045962976	-0.00319592927097361	0.08567345820144	-0.0373031788258743	0.970243270922032	0.999831983216163
ENSMUSG00000005968	279.967724594368	0.147921930355914	0.112623320437316	1.31283057889039	0.189240043527941	0.999831983216163
ENSMUSG00000046818	66.192859707627	0.11302538393416	0.1163292246221	0.965638951784187	0.33422487711962	0.999831983216163
ENSMUSG00000001415	2831.40864565073	0.0812076959074326	0.0810013663135271	1.00249856493297	0.316102859308472	0.999831983216163
ENSMUSG00000027954	154.193287747266	0.108032581028339	0.12014470746528	0.89865265025924	0.368837705171488	0.999831983216163
ENSMUSG00000027968	769.939577500603	0.0211807093297278	0.0975494393705059	0.217133567751154	0.828104254669588	0.999831983216163
ENSMUSG00000028060	4448.64767415063	0.0357695544003796	0.0807488024978223	0.442959913370608	0.657794730067682	0.999831983216163
ENSMUSG00000051136	10.3745532515554	0.111916280274844	0.0714465545985202	1.53452308177645	0.124901019286834	0.999831983216163
ENSMUSG00000027857	216.175892227895	-0.0728422211874623	0.117320263615122	-0.621200333821026	0.534467819830767	0.999831983216163
ENSMUSG00000034098	1609.17160992572	0.18553576345652	0.104159795047775	1.78000690383635	0.0750748308528264	0.999831983216163
ENSMUSG00000074513	260.204102783027	0.00683041851670517	0.113586450652588	0.0601278184296209	0.95205383413756	0.999831983216163
ENSMUSG00000001017	6025.99026832665	-0.083203529682414	0.0768446326666814	-1.08280347408546	0.278895663208419	0.999831983216163
ENSMUSG00000039037	207.712618066642	0.190039013949227	0.11895822169629	1.59521661900993	0.110663803652617	0.999831983216163
ENSMUSG00000027868	57.8143361370059	-0.167717685511644	0.117160852254327	-1.44201738103847	0.149297470382829	0.999831983216163
ENSMUSG00000008763	4006.64269936693	-0.0847684453674884	0.0925023464252493	-0.916567864939797	0.359369130040943	0.999831983216163
ENSMUSG00000015711	1861.18409866091	-0.0101924722146377	0.0889618504834397	-0.114568705247297	0.90878698592681	0.999831983216163
ENSMUSG00000027961	58.5110198816357	0.000976180004293276	0.116626247146951	0.00836889492180455	0.99332266589597	0.999831983216163
ENSMUSG00000050064	392.264683758668	-0.0698361405642991	0.1098106526061	-0.636083427650867	0.524722046517695	0.999831983216163
ENSMUSG00000040969	23.7306011793013	0.0463088550491848	0.0969505639995488	0.474561465443496	0.635099577804607	0.999831983216163
ENSMUSG00000028152	5345.5233004754	-0.0546915339011857	0.0819633530809165	-0.667297155685348	0.504582342846837	0.999831983216163
ENSMUSG00000044080	343.535896139398	0.116005238608484	0.117077494065256	0.98981746387976	0.322263347216128	0.999831983216163
ENSMUSG00000036834	1295.50841194166	-0.0121874420217356	0.0998581337966004	-0.12205991705455	0.902851566010004	0.999831983216163
ENSMUSG00000041263	2931.9220745047	0.0466792303345304	0.0848861210850721	0.549881867874257	0.582400401581987	0.999831983216163
ENSMUSG00000001052	2713.85226458017	0.0282483318850038	0.0837307718417788	0.337361724276065	0.73584423469587	0.999831983216163
ENSMUSG00000050947	3121.47755459058	0.0965066637937504	0.0806652524292358	1.19631603621508	0.231573253146003	0.999831983216163
ENSMUSG00000027708	2440.93413197726	-0.0334903208825415	0.0847552029114199	-0.395154190746928	0.692729097802025	0.999831983216163
ENSMUSG00000027673	2550.59214388301	0.0895227056862439	0.0941404307769331	0.950789340174653	0.341711324959827	0.999831983216163
ENSMUSG00000028080	2153.22814991613	0.0180252066735758	0.0995115281424892	0.181133555608739	0.856262746642862	0.999831983216163
ENSMUSG00000034009	16.2703281956213	-0.0603340031613774	0.0845463126279061	-0.726822436008851	0.467334737078165	0.999831983216163
ENSMUSG00000068876	388.459975242875	0.0488834265045881	0.106710373648566	0.458097370886565	0.646882487706794	0.999831983216163
ENSMUSG00000058174	265.581996125747	-0.02557506863407	0.115547692088178	-0.221322338612691	0.824841457535389	0.999831983216163
ENSMUSG00000027811	123.604029037439	-0.0403936183374133	0.121861178901059	-0.331540523030122	0.740236237121077	0.999831983216163
ENSMUSG00000039701	2110.65787009761	0.0292561094057541	0.0841633832504399	0.347607337135636	0.728135095297123	0.999831983216163
ENSMUSG00000002228	64.7156667567203	-0.0705987568748911	0.118986488945395	-0.595059990593453	0.551803371396091	0.999831983216163
ENSMUSG00000027867	24.7934617042162	-0.0599026672144118	0.0947330007840215	-0.640308827977143	0.521971842586424	0.999831983216163
ENSMUSG00000028100	88.0850074711522	0.177182103458926	0.120792060001089	1.45964202000701	0.144388484388135	0.999831983216163
ENSMUSG00000056260	1138.10337922366	0.0918634222962495	0.096549938449952	0.951365843548277	0.34141869304825	0.999831983216163
ENSMUSG00000027680	3819.31643582033	0.0139127021727188	0.0896086120231183	0.155261246823521	0.876615365634633	0.999831983216163
ENSMUSG00000027994	37.6877797255286	-0.0856272320863389	0.108613775875458	-0.794728456969669	0.426771475240208	0.999831983216163
ENSMUSG00000028053	6543.56003993186	-0.088109731609521	0.101810653221649	-0.865763147277574	0.386620062671309	0.999831983216163
ENSMUSG00000027536	88.1083236260162	-0.0513698625768804	0.121299548777945	-0.424129540933521	0.671471342554316	0.999831983216163
ENSMUSG00000038861	1480.45666763774	0.0286506626893485	0.0878859659382853	0.325988975924619	0.744432695885937	0.999831983216163
ENSMUSG00000060671	2967.0683059072	-0.0375576418002119	0.0812896823730592	-0.462034087300301	0.644056875987212	0.999831983216163
ENSMUSG00000027665	5271.37838463398	-0.0112946783973263	0.0883522553525389	-0.127840406924195	0.898275272299634	0.999831983216163
ENSMUSG00000027746	3032.66139027673	0.0268365608276525	0.0824137197203902	0.325628100396202	0.744705748948042	0.999831983216163
ENSMUSG00000033014	3723.76236245038	-0.0172782240266112	0.0916090576750947	-0.188617590597252	0.850392544979976	0.999831983216163
ENSMUSG00000027894	11887.3885956237	-0.000162874206342355	0.0958389915970846	-0.00169865158798552	0.998644672775544	0.999831983216163
ENSMUSG00000038486	15955.7921079401	0.0394272445138535	0.075988913175082	0.518839848935385	0.603872426788798	0.999831983216163
ENSMUSG00000027752	760.646039125102	0.0394143844869528	0.0986509712241549	0.399494642830148	0.689528770298127	0.999831983216163
ENSMUSG00000028137	1565.33400784298	-0.0642380348419942	0.102722356951904	-0.625453531278578	0.531673437763596	0.999831983216163
ENSMUSG00000038777	1219.38382293087	0.150152229977977	0.0937489299448947	1.60131629116447	0.109306882532545	0.999831983216163
ENSMUSG00000028098	2851.83012407295	0.0467212919373147	0.0858247232087885	0.544366091018093	0.586189575152002	0.999831983216163
ENSMUSG00000028108	230.884142756112	-0.134847459285372	0.118027210427792	-1.14324164617682	0.252938275518948	0.999831983216163
ENSMUSG00000056900	692.616931565017	0.151649632492904	0.102396947231341	1.48065726043404	0.138697928471519	0.999831983216163
ENSMUSG00000032913	2300.33690029785	0.0249733365543643	0.0842056988394526	0.296569461785823	0.766795228417694	0.999831983216163
ENSMUSG00000027879	2884.83535116078	0.00338756978714117	0.0812058593976821	0.0417162506637279	0.966724899081782	0.999831983216163
ENSMUSG00000068856	1259.13371160981	-0.0144694342516813	0.0900268095977567	-0.160720133432374	0.872313831395793	0.999831983216163
ENSMUSG00000027827	6909.57202590431	0.0592545783602685	0.082263878685106	0.720259649997414	0.47136514334482	0.999831983216163
ENSMUSG00000068798	2568.57618342593	-0.139165311667627	0.0825185117158337	-1.68660109014375	0.09168008221256	0.999831983216163
ENSMUSG00000040412	222.86939987181	0.184565224126297	0.118458406311298	1.55600317145395	0.119707338223365	0.999831983216163
ENSMUSG00000044505	803.355660486597	0.00235683851424296	0.111708306303289	0.0211020677388305	0.983164235446089	0.999831983216163
ENSMUSG00000002233	523.721785196621	-0.186454402589642	0.106971404307385	-1.74353560418074	0.0812401006669449	0.999831983216163
ENSMUSG00000001416	4334.18872958866	0.0200665929733708	0.0827643962861734	0.242450762067431	0.808430904949741	0.999831983216163
ENSMUSG00000028030	966.203694878424	-0.000907638092666037	0.0923641347546486	-0.00982594411590901	0.992160157049873	0.999831983216163
ENSMUSG00000027981	2060.44760202456	0.0710502962153022	0.0920265064370327	0.772010124498993	0.440108431028983	0.999831983216163
ENSMUSG00000046793	227.267588677358	0.0875997720787339	0.118610539599959	0.738334779351598	0.460311036869453	0.999831983216163
ENSMUSG00000048039	769.415276839146	-0.0928691214771624	0.0984233122059174	-0.943573454902473	0.34538766244444	0.999831983216163
ENSMUSG00000015943	44.0842615446696	0.0911464687920109	0.113209440048579	0.80103157031343	0.423113369410414	0.999831983216163
ENSMUSG00000005034	14154.0040822131	0.122576352877985	0.0804932598409967	1.5226175414903	0.127854418562822	0.999831983216163
ENSMUSG00000050931	471.258000877687	0.137931938875908	0.113395247484381	1.21515166824678	0.224308250284216	0.999831983216163
ENSMUSG00000027935	256.119466905461	-0.130097142708761	0.113577142775687	-1.14571551272082	0.251912883039524	0.999831983216163
ENSMUSG00000038619	8183.29064284268	0.0091215196285384	0.0797983603094271	0.114307170066839	0.908994298865236	0.999831983216163
ENSMUSG00000048416	77.5740321803435	0.0247040090834397	0.120003583885081	0.205547824211939	0.837144137349335	0.999831983216163
ENSMUSG00000032902	2054.69708590184	-0.0140997734464925	0.0852159963863487	-0.165459428155162	0.868582381276423	0.999831983216163
ENSMUSG00000027676	1263.23663956888	0.0843549158735862	0.0880612441222886	0.957878768660522	0.33812389360787	0.999831983216163
ENSMUSG00000004897	6361.76009074519	0.0082139599498486	0.0770449907402789	0.106612226731543	0.915096618343426	0.999831983216163
ENSMUSG00000027562	7650.13397565608	0.00964013486795726	0.0932622888461106	0.103363870184372	0.917674185929259	0.999831983216163
ENSMUSG00000041423	1026.77931098523	-0.0880920755100925	0.0962676902407325	-0.915122243113514	0.3601274590872	0.999831983216163
ENSMUSG00000090919	14.9292645561668	-0.0437839627789069	0.0822461537339072	-0.540124312117021	0.589111305197529	0.999831983216163
ENSMUSG00000050144	3086.23569040688	-0.0682237092572155	0.08436611049554	-0.808720331280484	0.418676030821972	0.999831983216163
ENSMUSG00000027601	958.548006588637	-0.0948603874190424	0.0920215715354398	-1.03087071152858	0.302601452897162	0.999831983216163
ENSMUSG00000040016	32.1934037671987	-0.00861861639220464	0.104666886772333	-0.0824789243776509	0.934265877134796	0.999831983216163
ENSMUSG00000027971	351.985701413416	-0.032090921079181	0.0832270525498421	-0.390913386631178	0.695861258657252	0.999831983216163
ENSMUSG00000040151	1877.21636907204	-0.0558487717568706	0.0861336535794109	-0.648422002690694	0.516712043142843	0.999831983216163
ENSMUSG00000033502	257.033891429717	0.0457487919680871	0.117415669967243	0.389529593807511	0.696884423208927	0.999831983216163
ENSMUSG00000027804	3163.81676019157	0.0247552386710844	0.0851832260483876	0.290605778312404	0.771352840273436	0.999831983216163
ENSMUSG00000028101	968.663677942988	0.0330492089703592	0.0946246396194163	0.349249391942527	0.726902088453385	0.999831983216163
ENSMUSG00000027848	353.767420463951	-0.179337079800164	0.110558728969661	-1.62234514758774	0.104729466901256	0.999831983216163
ENSMUSG00000027679	796.246584588424	-0.08996644643335	0.0958795058388998	-0.938342919600994	0.34806820973503	0.999831983216163
ENSMUSG00000038543	68.4523798559585	-0.0942354207255867	0.119063384255889	-0.794177387334572	0.427092170748478	0.999831983216163
ENSMUSG00000027835	1609.28673971085	0.0739035338098741	0.0957634621814212	0.771633988340013	0.440331237868227	0.999831983216163
ENSMUSG00000041355	1739.60796522995	-0.0813484450412472	0.0893643322656562	-0.910352773243354	0.362636495474847	0.999831983216163
ENSMUSG00000027878	936.625909715415	-0.0203980466472405	0.0959533332566357	-0.212578795758111	0.83165551195778	0.999831983216163
ENSMUSG00000032826	31426.6806183421	-0.0814817385659593	0.108547341458783	-0.751094423549201	0.45259583153508	0.999831983216163
ENSMUSG00000028141	19.9452932210772	-0.0632300583383976	0.0910765281848142	-0.703927181777727	0.48147812280764	0.999831983216163
ENSMUSG00000005687	2911.53956113007	0.0476822991813057	0.0825507493944462	0.577586909948729	0.563543046655509	0.999831983216163
ENSMUSG00000036863	212.572667168317	-0.211308010569119	0.117612744999628	-1.79813020736241	0.072156376295946	0.999831983216163
ENSMUSG00000027799	8829.00520134547	-0.00512205929054838	0.0950540915188454	-0.0538863426385001	0.957025717851823	0.999831983216163
ENSMUSG00000028167	69.4405156246175	0.0294823622645441	0.120108377764093	0.245304888132148	0.806220367179995	0.999831983216163
ENSMUSG00000004891	513.195392523916	-0.085640653044348	0.114199436935884	-0.750470249629044	0.452971535170732	0.999831983216163
ENSMUSG00000001018	2053.079884312	0.0518206084333742	0.0852473861782821	0.607869234730996	0.543274205667126	0.999831983216163
ENSMUSG00000027865	1769.16525990026	-0.0399261936740248	0.0845479980951175	-0.472236551553781	0.636757952732308	0.999831983216163
ENSMUSG00000027782	4806.50299290984	0.0366986732901118	0.0899742033805283	0.407857169399883	0.683378538988337	0.999831983216163
ENSMUSG00000038304	79.0717954585447	0.0136926766927223	0.120872988708441	0.113197376038367	0.909874075916063	0.999831983216163
ENSMUSG00000027508	1788.40768738558	-0.13779590071787	0.0969900144782338	-1.42114371719866	0.155274982964614	0.999831983216163
ENSMUSG00000028020	11452.3051534407	0.0995590289689348	0.082555623322542	1.20582319940972	0.227885668281002	0.999831983216163
ENSMUSG00000027550	1825.74370535365	0.0618432264134347	0.0868699996499858	0.71188487924254	0.476536066249666	0.999831983216163
ENSMUSG00000027716	4441.64993692276	-0.0432951521012384	0.0947033870383574	-0.457220969413062	0.647512227654707	0.999831983216163
ENSMUSG00000027739	1362.13849607767	-0.0389668472817187	0.0890168422160748	-0.43775471525605	0.661564101349908	0.999831983216163
ENSMUSG00000028035	3689.29420466897	-0.00926764773663151	0.0925329889934191	-0.100158328971128	0.920218628264687	0.999831983216163
ENSMUSG00000027784	7573.6043847275	0.0610367764654811	0.0914594965813759	0.667285376430182	0.504589865431454	0.999831983216163
ENSMUSG00000033767	381.690533086359	0.00201192716588634	0.109099882594428	0.0184423745084736	0.985285948213309	0.999831983216163
ENSMUSG00000033752	19.7425994532607	0.00597113229422015	0.0912938743733879	0.0654557961402685	0.947811100389106	0.999831983216163
ENSMUSG00000031286	34.5394098757994	-0.0729728029991053	0.108229623636323	-0.678587822961015	0.497399060544318	0.999831983216163
ENSMUSG00000027953	936.009063949229	0.0837656176589286	0.100904002929476	0.829947974903201	0.406568198706789	0.999831983216163
ENSMUSG00000004127	349.182101381775	0.0124925915299919	0.110206463522066	0.113369747197607	0.909737423291602	0.999831983216163
ENSMUSG00000038374	1905.22610011033	-0.0437653584838794	0.0889283155039542	-0.492158734619255	0.622607133628268	0.999831983216163
ENSMUSG00000028063	1126.27755927616	5.13784813789101e-05	0.0985120095045129	0.000522210723778062	0.999583336144949	0.999831983216163
ENSMUSG00000044864	2267.43465940715	0.0207581297646265	0.0908533010245045	0.228479958813045	0.819273134661233	0.999831983216163
ENSMUSG00000037152	1200.04007381831	-0.0310831472155372	0.0915544568745938	-0.339500780430706	0.734232509259463	0.999831983216163
ENSMUSG00000027803	1348.46935152832	-0.16867755182803	0.0958306382160856	-1.76060047933591	0.078306047456013	0.999831983216163
ENSMUSG00000074182	756.095680382043	0.0594588284673219	0.100008713485756	0.594520538364727	0.552164009561439	0.999831983216163
ENSMUSG00000027810	1921.90579901481	0.0321439341643432	0.0845428108860707	0.380203106328573	0.703794653567161	0.999831983216163
ENSMUSG00000039234	322.154070823239	0.0578574748226671	0.112136899068446	0.515887140456955	0.605933236080927	0.999831983216163
ENSMUSG00000068749	1753.62057515969	-0.0110326170700396	0.0928733877378943	-0.118794151479452	0.9054384423169	0.999831983216163
ENSMUSG00000028161	29679.1397768438	-0.0219348238699115	0.083017574601175	-0.264226120249582	0.791605685011943	0.999831983216163
ENSMUSG00000037325	905.746159220697	0.0982318247061701	0.0924323369882061	1.06269463845302	0.287920453080279	0.999831983216163
ENSMUSG00000038205	2320.5546580792	-0.0638444362216038	0.0902025838964151	-0.70786385918774	0.479029805069909	0.999831983216163
ENSMUSG00000027900	1152.68076140841	-0.0116990591536038	0.0897726157767992	-0.130320031431715	0.896313232425002	0.999831983216163
ENSMUSG00000028124	4045.09049963958	-0.0657043076490657	0.090857651899019	-0.723233575154162	0.469536394454979	0.999831983216163
ENSMUSG00000027698	4249.82521712569	0.122601775788421	0.0876622514277609	1.3983459564018	0.162009203683025	0.999831983216163
ENSMUSG00000027533	1609.28194399941	-0.0196276216850501	0.103081736227425	-0.190427319136567	0.848974291755056	0.999831983216163
ENSMUSG00000028107	1040.79514337812	0.00503490023813099	0.095281410414466	0.0528403695598914	0.957859096155245	0.999831983216163
ENSMUSG00000042572	2936.77141538402	-0.00705550027259806	0.080455319248953	-0.0876942833574628	0.930119663339825	0.999831983216163
ENSMUSG00000059834	837.458455369719	0.0553080988727294	0.100637594817736	0.549566315564964	0.582616867870111	0.999831983216163
ENSMUSG00000053192	3323.63835919282	0.0292748592619867	0.0848318827395307	0.345085327845644	0.730030223414239	0.999831983216163
ENSMUSG00000062006	2397.87258646393	0.150173098901586	0.0957857111484757	1.56726670689018	0.117052363946268	0.999831983216163
ENSMUSG00000013707	48.3992615598006	-0.0402048909830934	0.114527185831405	-0.351916076902678	0.724901201870695	0.999831983216163
ENSMUSG00000105504	94.9582485851851	0.136700667754783	0.121578732339475	1.12158101479889	0.262040627565376	0.999831983216163
ENSMUSG00000000340	862.475882527864	-0.156284653089182	0.111381519121512	-1.40449142380216	0.160172563722552	0.999831983216163
ENSMUSG00000027978	18.2534928429455	0.0782553786135092	0.0879849374502168	0.87999828932396	0.378860236275135	0.999831983216163
ENSMUSG00000034349	837.785461619282	-0.0812877737285399	0.103773859980599	-0.783524663780789	0.433319076145151	0.999831983216163
ENSMUSG00000004233	337.944612974274	-0.0593458673112577	0.115431772544485	-0.514266770609176	0.607065490669663	0.999831983216163
ENSMUSG00000003382	1630.91967748585	0.0200770527808003	0.0938155522093287	0.214009903252681	0.830539334412133	0.999831983216163
ENSMUSG00000027999	500.258177610544	-0.00769721295389086	0.10564589209778	-0.0728511047421369	0.941924603258573	0.999831983216163
ENSMUSG00000027660	2122.81631358681	-0.0497312368588778	0.0997145529556774	-0.498833595374297	0.617896618055996	0.999831983216163
ENSMUSG00000063887	1415.67625908069	0.0055750490327127	0.101787000004834	0.0547757979368453	0.9563170818962	0.999831983216163
ENSMUSG00000028121	832.222136885225	0.106775095413001	0.0948862018076241	1.12521730231265	0.260496962958666	0.999831983216163
ENSMUSG00000008730	8777.36576077322	-0.0266228203955055	0.0847749559219126	-0.314053865906712	0.75348012772591	0.999831983216163
ENSMUSG00000027931	437.61697589244	0.122894022922908	0.110746725431147	1.1090464621018	0.267410138996586	0.999831983216163
ENSMUSG00000049097	1500.761225097	-0.0848330301123731	0.0923110856588562	-0.919090446247286	0.358048265956623	0.999831983216163
ENSMUSG00000028184	1460.73462839867	0.0727333593609307	0.100379352831098	0.724493423145919	0.468762863425895	0.999831983216163
ENSMUSG00000028076	19.1668977062763	0.164212418524399	0.0905775634914117	1.77736224397994	0.0755086586213016	0.999831983216163
ENSMUSG00000027881	7073.79664585891	-0.0208982608317158	0.0833264172730775	-0.250807486336388	0.8019629532859	0.999831983216163
ENSMUSG00000061175	1685.40507297099	0.00413988188773845	0.0913308870534884	0.0453294669909634	0.963844700309697	0.999831983216163
ENSMUSG00000028007	128.166770491884	0.0136481488661072	0.121882645197198	0.111957448445752	0.910857145604317	0.999831983216163
ENSMUSG00000087260	1370.5105945097	0.087527914727304	0.0890337464967807	0.983040097064934	0.325587704566712	0.999831983216163
ENSMUSG00000005774	869.087131684196	0.094695520519049	0.0954480237438503	0.992051803817147	0.321172255495297	0.999831983216163
ENSMUSG00000059743	1057.43612847145	-0.0566088447972423	0.10160628296467	-0.557205935397291	0.577386734911342	0.999831983216163
ENSMUSG00000015697	2630.03305846395	-0.0114399389228162	0.0852941763468696	-0.134124921221746	0.893303793404563	0.999831983216163
ENSMUSG00000025764	1842.23215711376	0.0610312553908882	0.0927971484169908	0.657651900473066	0.510761836461097	0.999831983216163
ENSMUSG00000027500	20181.0445702286	-0.0131061101859482	0.0775028132262059	-0.169106187068176	0.865713118444012	0.999831983216163
ENSMUSG00000037818	1073.42824627767	0.0704108789995649	0.10563554490624	0.666353467495163	0.505185197683927	0.999831983216163
ENSMUSG00000062908	1606.96209849087	0.032488792531678	0.0872467991830409	0.372374420866973	0.709614095966684	0.999831983216163
ENSMUSG00000027944	1349.36730551824	0.00783534101548644	0.0937782279013073	0.0835519918336734	0.933412638366749	0.999831983216163
ENSMUSG00000000563	9393.39470328825	0.0507537002885802	0.0874793881591457	0.580133076410465	0.561824879867409	0.999831983216163
ENSMUSG00000036885	1943.37632201777	0.00311312294217057	0.090614269604944	0.0343573990359713	0.972592154043808	0.999831983216163
ENSMUSG00000027677	7770.17150490677	-0.0729481653375011	0.0915503826533861	-0.796941952816072	0.425484744318727	0.999831983216163
ENSMUSG00000074264	849.421803229236	0.147839635628176	0.106729782689248	1.38451566672995	0.166200614327589	0.999831983216163
ENSMUSG00000027905	998.596310107312	0.0402401028774386	0.0938019875504613	0.428971151690302	0.667944218879744	0.999831983216163
ENSMUSG00000050315	334.160120030449	0.0212208673749492	0.120452442149529	0.176155010614672	0.860172164339066	0.999831983216163
ENSMUSG00000046688	159.320358607677	0.116587639419751	0.120760065219942	0.964591789263118	0.334749313554845	0.999831983216163
ENSMUSG00000028149	8898.45292176892	-0.0565598220253878	0.0841976519064388	-0.671797854030334	0.501712395098106	0.999831983216163
ENSMUSG00000041912	1781.01162073182	-0.0144840052336197	0.087676750951808	-0.165201999116848	0.86878499181862	0.999831983216163
ENSMUSG00000039068	1044.14400741811	-0.0687425103769174	0.103783179030121	-0.662566317813844	0.507608348085335	0.999831983216163
ENSMUSG00000028062	922.812635759654	0.105028557819507	0.0957282875507176	1.09700601103281	0.272638764430589	0.999831983216163
ENSMUSG00000028029	1345.99592767192	0.0850386030480098	0.0942565474847243	0.902124310490833	0.366990836163981	0.999831983216163
ENSMUSG00000049504	1495.3905814016	-0.12855596942399	0.0875618888977225	-1.46822876321495	0.142042093699651	0.999831983216163
ENSMUSG00000027993	13376.3462850244	-0.0172452913101855	0.0847760093449059	-0.203427021292842	0.838801281396471	0.999831983216163
ENSMUSG00000053897	197.448276276278	0.0663359400101794	0.118620179190975	0.559089782283796	0.576100447707772	0.999831983216163
ENSMUSG00000054312	503.575514648795	-0.098715684948502	0.108255474837095	-0.912129884254183	0.361700348449458	0.999831983216163
ENSMUSG00000043461	634.976746837801	0.106117076094289	0.102814617987309	1.0318266420661	0.302153336123414	0.999831983216163
ENSMUSG00000027615	1085.56915549174	0.057679229612833	0.091224614036039	0.632250554347567	0.527223167756463	0.999831983216163
ENSMUSG00000070471	100.127039161219	-0.0857570075085053	0.121774892317863	-0.705226625255451	0.480669214424844	0.999831983216163
ENSMUSG00000027763	6539.98924862314	0.0735547432523052	0.0903725881105067	0.813801121108547	0.415758892747451	0.999831983216163
ENSMUSG00000068921	2274.00519697142	0.0340687660426831	0.0867611134443536	0.392655364027558	0.69457404240248	0.999831983216163
ENSMUSG00000047583	506.632493690858	-0.0471376197091011	0.106495236739975	-0.44264049662832	0.658025788188813	0.999831983216163
ENSMUSG00000040774	2104.80691296613	0.0152428423310553	0.0896628711235987	0.170001795460847	0.865008724631449	0.999831983216163
ENSMUSG00000028182	33.215125522585	-0.0596978527478835	0.107180764487	-0.559799151681483	0.575616442348159	0.999831983216163
ENSMUSG00000028164	879.646243420114	0.0218591786672744	0.0939680889095116	0.232627593120657	0.816050598838504	0.999831983216163
ENSMUSG00000027699	49.6513572013401	-0.0609718222790731	0.115524702210313	-0.529336151164414	0.596572281662381	0.999831983216163
ENSMUSG00000003617	1433.1310664309	0.08428012346933	0.0892649111583423	0.944073801505172	0.345131936027474	0.999831983216163
ENSMUSG00000052539	1036.29378638821	0.147105377493275	0.106973659618535	1.37440210114846	0.16931688421809	0.999831983216163
ENSMUSG00000027805	9664.72880101827	0.0891239160790815	0.0857750831324238	1.03890860895181	0.298847242177955	0.999831983216163
ENSMUSG00000036381	120.924498151851	-0.169653366624974	0.1218857103146	-1.39602110411425	0.162708140073215	0.999831983216163
ENSMUSG00000027709	2159.08156842057	0.0302510930428931	0.0939268919648472	0.322047202315191	0.747416935514467	0.999831983216163
ENSMUSG00000052544	559.269519570926	-0.141698518282037	0.103418797648421	-1.37039766249714	0.170562801372063	0.999831983216163
ENSMUSG00000028089	488.422575281389	-0.0624961603636453	0.103777988348983	-0.602275706148457	0.546990629211375	0.999831983216163
ENSMUSG00000037652	4627.26273218306	-0.0709050114473564	0.0952813130189672	-0.744308524830385	0.456689845078318	0.999831983216163
ENSMUSG00000027684	140.380088292288	0.00870205716217505	0.121125414719062	0.0718525650434855	0.942719240032713	0.999831983216163
ENSMUSG00000092607	914.44542288655	0.11900308861681	0.0993740678261335	1.19721247685075	0.231223747962786	0.999831983216163
ENSMUSG00000042997	658.919723074557	0.0685408008993578	0.101018037963227	0.678452879909393	0.497484590490545	0.999831983216163
ENSMUSG00000038902	3185.66591853795	-0.0167382645936229	0.0801543136082996	-0.20882618586683	0.834583928611517	0.999831983216163
ENSMUSG00000042737	238.2923478158	-0.057258979515025	0.118225759661461	-0.484481280764742	0.628044346147022	0.999831983216163
ENSMUSG00000033910	2324.91225251673	0.0667097669012995	0.0886890089598713	0.752126180892838	0.451975180867787	0.999831983216163
ENSMUSG00000025759	745.527003906926	-0.0398783328803152	0.0979396611962705	-0.407199822421455	0.683861232016616	0.999831983216163
ENSMUSG00000027882	1280.48954954677	-0.0505530134914249	0.0893414828492164	-0.565857593564363	0.571490591082501	0.999831983216163
ENSMUSG00000028360	229.9350996289	0.151401809558413	0.1163744326848	1.29995457051795	0.193616540003758	0.999831983216163
ENSMUSG00000068696	41.8862706051378	-0.0991443633507921	0.101694509850902	-0.989868493984977	0.322238400808155	0.999831983216163
ENSMUSG00000028159	56.4894716888729	0.0082588764028376	0.11657986232692	0.0707829912400087	0.943570468890759	0.999831983216163
ENSMUSG00000054091	1304.99788815716	-0.00843909473328058	0.103743047122653	-0.0813477223460558	0.935165422772841	0.999831983216163
ENSMUSG00000028266	971.231673641815	-0.0240130302062648	0.0934249387990173	-0.2570224151025	0.797161469443768	0.999831983216163
ENSMUSG00000027750	101.512020982783	-0.129953145087206	0.120546494164921	-1.08238900312992	0.279079712616125	0.999831983216163
ENSMUSG00000033377	352.136077803406	-0.0525179491425505	0.113265422895182	-0.463652002820584	0.642897090197166	0.999831983216163
ENSMUSG00000004896	994.649098668229	-0.0721809841928838	0.0959810773532698	-0.752059084626212	0.452015527800977	0.999831983216163
ENSMUSG00000069072	3794.0239151334	0.0563400525334316	0.0892681628093664	0.631082541876849	0.527986555541547	0.999831983216163
ENSMUSG00000004895	1526.73193865525	-0.112065096211062	0.0895601743836358	-1.25135323372821	0.210805631536437	0.999831983216163
ENSMUSG00000014601	3117.91404835395	-0.0310283383830722	0.0855527292763764	-0.362686681823817	0.716838949645931	0.999831983216163
ENSMUSG00000044468	103.755176398299	-0.0118186966357117	0.12148381885382	-0.0972355739074471	0.922539317990683	0.999831983216163
ENSMUSG00000027667	1673.99758116148	0.0204206968618052	0.0916350191785175	0.222841483446371	0.823658880559151	0.999831983216163
ENSMUSG00000027775	957.821966585855	0.0296440460626614	0.0919065449963167	0.322548079542282	0.747037520068338	0.999831983216163
ENSMUSG00000041842	249.734003286083	0.17987442516879	0.116008421144085	1.54875882394811	0.121439707264561	0.999831983216163
ENSMUSG00000027959	488.741009701714	-0.113462158469024	0.104553659254648	-1.08535283514586	0.277765413334805	0.999831983216163
ENSMUSG00000039286	569.457641629623	-0.0702211852057176	0.102454931658767	-0.685413544763271	0.493082999302953	0.999831983216163
ENSMUSG00000048540	765.017576757536	0.103110156545145	0.0958610636410702	1.07551617918931	0.282143692538597	0.999831983216163
ENSMUSG00000037610	53.4881235061864	0.036269592109662	0.114926707288586	0.315184307473647	0.752621719634778	0.999831983216163
ENSMUSG00000015750	1045.69223877059	-0.0699487412718856	0.0994335253097837	-0.7035394885014	0.481719606716951	0.999831983216163
ENSMUSG00000039795	773.332780388739	0.116358098585731	0.0955642825011756	1.21748514522043	0.223419684912321	0.999831983216163
ENSMUSG00000042390	4227.69359529374	-0.0403239007839709	0.101940298619341	-0.395637715074693	0.692372309972899	0.999831983216163
ENSMUSG00000028082	1033.76408207821	-0.0382055219521148	0.0916786864697367	-0.41673234317758	0.676874194373164	0.999831983216163
ENSMUSG00000039717	2409.92624082818	0.0977690754861002	0.0841712504454845	1.16146755386529	0.245451810657074	0.999831983216163
ENSMUSG00000027966	178.694239185871	0.103508462326598	0.0819206149726934	1.23283862208574	0.217635978632994	0.999831983216163
ENSMUSG00000038256	1414.98364902473	0.0643876566865028	0.0882644455076918	0.729449953576485	0.465726470623069	0.999831983216163
ENSMUSG00000028132	6006.62920742316	-0.141261236494049	0.0791275040384171	-1.78542865976271	0.0741918133839738	0.999831983216163
ENSMUSG00000053965	2278.5498296451	0.0316627926397713	0.102646950077553	0.308439911092215	0.757747616639326	0.999831983216163
ENSMUSG00000027534	1240.50486767032	0.0128437005671385	0.103065847920945	0.124619339899903	0.900824916729394	0.999831983216163
ENSMUSG00000053931	4339.37420906628	-0.12475590931207	0.0816698069839255	-1.52770975093747	0.126584618040967	0.999831983216163
ENSMUSG00000027714	735.621999421111	0.0933480488909216	0.097231765636823	0.959981757443187	0.337064396286449	0.999831983216163
ENSMUSG00000028180	13626.1080994544	0.00966062881197278	0.0826779570985952	0.116846019200607	0.906982075446533	0.999831983216163
ENSMUSG00000027555	324.603896128796	-0.0623937521859366	0.110280612188952	-0.565759611079453	0.571557205943924	0.999831983216163
ENSMUSG00000019710	1478.95339015669	0.000367905021922105	0.0875574962637939	0.00420233890044066	0.996647028540798	0.999831983216163
ENSMUSG00000045662	19.2548671399336	-0.0516472190375215	0.0910450464977217	-0.573165340404704	0.566532749481735	0.999831983216163
ENSMUSG00000036745	12233.252777804	0.0793082150821518	0.0950108223585738	0.834553039009407	0.40396941244611	0.999831983216163
ENSMUSG00000033222	123.700109470229	-0.0170096628738858	0.121580025108575	-0.139917905370369	0.888724854013558	0.999831983216163
ENSMUSG00000027843	2058.69694628163	0.100023261443097	0.096429958571345	1.03699984018086	0.299735931640569	0.999831983216163
ENSMUSG00000037270	7298.38296174768	0.0162167577749999	0.100347189062168	0.16160011441591	0.871620767206061	0.999831983216163
ENSMUSG00000036615	1365.90917160525	0.0108586815965477	0.0889997478472103	0.122008683142619	0.902892141497063	0.999831983216163
ENSMUSG00000037062	4339.44427067782	-0.0551327595103427	0.0794482080183819	-0.69397424677254	0.487698359558264	0.999831983216163
ENSMUSG00000050174	63.1584556459591	0.0481000486282368	0.119125523718587	0.4031659872597	0.686826119442147	0.999831983216163
ENSMUSG00000036513	498.453124680061	-0.00291077171061365	0.105260457783842	-0.0276547528036487	0.977937511918942	0.999831983216163
ENSMUSG00000027939	26.0442523800566	6.70690763740684e-05	0.100291760937627	0.000669904216044712	0.99946549380878	0.999831983216163
ENSMUSG00000027722	643.559055346452	0.070562092301193	0.103214374996706	0.683594661635502	0.494231156577336	0.999831983216163
ENSMUSG00000027901	31.7202733800894	0.0193524854342754	0.1058624564917	0.182501300865062	0.855189333559816	0.999831983216163
ENSMUSG00000027887	131.456264857638	-0.141737842932551	0.121851859428566	-1.16628271855224	0.243500157919858	0.999831983216163
ENSMUSG00000015850	330.763011614826	0.0751297923564968	0.115034474833939	0.652704376846105	0.513946880266462	0.999831983216163
ENSMUSG00000042626	383.650365549341	-0.122825828170166	0.10903260747994	-1.12661752365648	0.259904226864603	0.999831983216163
ENSMUSG00000028044	57.2139401236915	-0.0187787982706394	0.116226760412495	-0.161587699261532	0.871630544572872	0.999831983216163
ENSMUSG00000027777	537.454292309773	-0.188893986657417	0.105859289397688	-1.78494301446172	0.0742705606024728	0.999831983216163
ENSMUSG00000027674	3211.1505806992	-0.0207821346520631	0.0858443365133194	-0.242096638521652	0.808705282813492	0.999831983216163
ENSMUSG00000040562	101.994841623667	0.00735390529464831	0.121014923343293	0.0606958361552648	0.951601447835738	0.999831983216163
ENSMUSG00000040747	127.895200461897	-0.00610830080457734	0.121885959715343	-0.050139602925842	0.960011140839496	0.999831983216163
ENSMUSG00000007379	17.8689120809951	0.0620005411800044	0.0870882218331644	0.704525027273092	0.481105869786168	0.999831983216163
ENSMUSG00000028099	821.524631065402	-0.0387883799770464	0.106147798511806	-0.365441242609567	0.714782059726158	0.999831983216163
ENSMUSG00000040943	1417.77032589495	0.0156884507497164	0.0918942651105589	0.170721861479368	0.864442472211586	0.999831983216163
ENSMUSG00000037016	168.981755744761	-0.0159421025960241	0.120077952378766	-0.132770092038234	0.894375208009788	0.999831983216163
ENSMUSG00000062232	2975.81165189453	0.0434694062639607	0.0915862743379807	0.474605595590345	0.635068117171096	0.999831983216163
ENSMUSG00000028114	1217.46522076712	0.0363757134915763	0.0891817435306727	0.407882397586244	0.68336001638769	0.999831983216163
ENSMUSG00000040389	3308.97678221914	0.103017348198014	0.0850077211261462	1.21174060053985	0.225611692298394	0.999831983216163
ENSMUSG00000027668	5454.36815674958	0.012671555123932	0.0814404455726287	0.155591707144227	0.876354862070824	0.999831983216163
ENSMUSG00000015749	4866.58857935387	0.0833949726582347	0.096782247324031	0.861480142850112	0.388973653119661	0.999831983216163
ENSMUSG00000068744	10.9200351439281	0.0178293049930236	0.0718071918252134	0.246173082280882	0.805548251709588	0.999831983216163
ENSMUSG00000078578	12453.6472707415	0.0221697628654286	0.0800493961615755	0.27694591149839	0.781821638521043	0.999831983216163
ENSMUSG00000039735	1731.61544817436	-0.094671965409642	0.0954548517625753	-0.992009710596981	0.321192788484503	0.999831983216163
ENSMUSG00000028088	203.376828884029	-0.0681331159741644	0.121885798607964	-0.559743722783634	0.575654254771024	0.999831983216163
ENSMUSG00000070372	1731.06457939997	-0.0299770895278846	0.0900898187482198	-0.332760941420658	0.739314743771913	0.999831983216163
ENSMUSG00000027834	8609.34850366628	0.0465221792891981	0.0878751977551474	0.529375182026035	0.596545210945298	0.999831983216163
ENSMUSG00000028005	3970.52042052908	0.0811053919780642	0.0890908956310126	0.910267523861477	0.362681441270804	0.999831983216163
ENSMUSG00000040896	5110.40701267649	0.024658664601782	0.0897446512417258	0.274756873558863	0.783503033204594	0.999831983216163
ENSMUSG00000078784	370.188048055681	0.102799437386413	0.1094694169725	0.938931388659209	0.347765972232649	0.999831983216163
ENSMUSG00000056476	2096.23799655153	-0.119122386488891	0.10141917676383	-1.17508934003638	0.239958974980548	0.999831983216163
ENSMUSG00000027829	5022.3363706181	-0.141415965113841	0.082682745833544	-1.71057130418521	0.087160280060954	0.999831983216163
ENSMUSG00000027751	2597.9502027703	-0.0286096477624919	0.0855150434396945	-0.334562342923425	0.737955255367082	0.999831983216163
ENSMUSG00000027744	21.6219048178942	0.11943910659424	0.0921701462699472	1.27401756327834	0.202657191817256	0.999831983216163
ENSMUSG00000059857	1021.75481347634	0.0202274760335906	0.0939895598962772	0.21520685721684	0.829606044897818	0.999831983216163
ENSMUSG00000028270	177.299822032244	0.0651454393124635	0.121037243681478	0.537782673827584	0.590727094968709	0.999831983216163
ENSMUSG00000027907	191.770353516228	-0.0183823133905907	0.119653912973343	-0.153601020569645	0.877924332191926	0.999831983216163
ENSMUSG00000004591	2678.45506376829	0.0605403744264103	0.0924546015521214	0.654760687662628	0.512621845171142	0.999831983216163
ENSMUSG00000054690	231.043175707783	-0.0910681806194042	0.119669960650189	-0.761450579538104	0.446387986560839	0.999831983216163
ENSMUSG00000033882	21.1573138336392	0.0231595157615237	0.0928125268093839	0.248138096744839	0.804027560218633	0.999831983216163
ENSMUSG00000048304	831.193028287086	-0.0372092573465867	0.0963213017244805	-0.386316660486403	0.699262163151933	0.999831983216163
ENSMUSG00000038712	1890.94964991975	-0.104877056346785	0.0862974735710536	-1.21534720086218	0.224233696541041	0.999831983216163
ENSMUSG00000048100	1015.23820067506	0.0186083673347066	0.093823947865418	0.198336628370423	0.842781695579768	0.999831983216163
ENSMUSG00000028145	1864.9883965982	-0.146131238344583	0.0963188625152579	-1.51759142037161	0.129117431072145	0.999831983216163
ENSMUSG00000064068	364.839603741276	-0.0680572454424593	0.110427886494853	-0.6163343846716	0.537673849505729	0.999831983216163
ENSMUSG00000032952	104.601931910333	0.0190827927201536	0.121584233122669	0.156785859494691	0.875413617506741	0.999831983216163
ENSMUSG00000068823	10266.7013737478	0.0837801560208753	0.0840170418779933	0.997076369829672	0.318727441953247	0.999831983216163
ENSMUSG00000041084	1113.00260265139	0.0302737728928463	0.0955789032306168	0.31674099200635	0.7514401418885	0.999831983216163
ENSMUSG00000005779	2781.07893346096	0.0654642653332378	0.0893238673866054	0.732816393215842	0.463670421442121	0.999831983216163
ENSMUSG00000069094	1656.38417913238	-0.132917937040537	0.0893640914590137	-1.48754449051938	0.13687106178823	0.999831983216163
ENSMUSG00000000001	2168.03996328844	-0.102820742961138	0.0868090767868585	-1.18455146476438	0.236194836628293	0.999831983216163
ENSMUSG00000033721	734.951173834365	0.011180654624653	0.0979231193261761	0.114184223330894	0.909091758065111	0.999831983216163
ENSMUSG00000089911	2008.03511452124	0.0371632122581203	0.0864658250213537	0.429794942760018	0.667344811980385	0.999831983216163
ENSMUSG00000028134	5208.28299319901	0.0348199705891994	0.0847483743060505	0.410850916832194	0.681181855111084	0.999831983216163
ENSMUSG00000027796	1536.16275646016	0.112888189753826	0.101392093134618	1.11303087605254	0.265695169013412	0.999831983216163
ENSMUSG00000028106	3106.74026879741	-0.0219106873086671	0.0861720685150983	-0.254274376743167	0.799283593786356	0.999831983216163
ENSMUSG00000027787	1195.68488973835	0.0107036761549945	0.0892731213623611	0.119897658880472	0.9045642190411	0.999831983216163
ENSMUSG00000063052	1261.71769826127	0.0652133676244076	0.0885307650914773	0.736604238535503	0.461363056655579	0.999831983216163
ENSMUSG00000040724	13922.5271659883	-0.0185798664716446	0.108262067195262	-0.171640739436912	0.863719977277195	0.999831983216163
ENSMUSG00000000561	1586.11739343821	0.0775886073019401	0.0877826721852686	0.883817855497252	0.376794546014648	0.999831983216163
ENSMUSG00000008958	1071.39565846081	-0.0326083556127969	0.091782206555314	-0.355273409747085	0.722384773765119	0.999831983216163
ENSMUSG00000019528	794.474313737499	-0.013422767717841	0.0984008679476704	-0.136416015565262	0.891492413441147	0.999831983216163
ENSMUSG00000005628	40.1831394834404	0.0629098147979668	0.108578497509244	0.57646288465479	0.564302349938481	0.999831983216163
ENSMUSG00000025766	1035.56528096263	0.0663476139813949	0.101323042446233	0.654764068186443	0.512619668313401	0.999831983216163
ENSMUSG00000008604	3720.6321228692	-0.00655998464184589	0.0811334423108317	-0.0808533997266222	0.935558540200968	0.999831983216163
ENSMUSG00000028064	601.169153750797	0.00588468826767398	0.104970341746791	0.056059633826985	0.955294300880706	0.999831983216163
ENSMUSG00000032657	911.047034394714	0.0388215286705233	0.0997607034397026	0.389096498462554	0.697204763620566	0.999831983216163
ENSMUSG00000036580	1897.63866816224	0.111561304452414	0.0886068385536724	1.25892204019223	0.20805849210012	0.999831983216163
ENSMUSG00000027950	3644.40605901262	-0.105744481309505	0.0806963122312893	-1.31048623873576	0.190031396559752	0.999831983216163
ENSMUSG00000053769	37.8491469572849	-0.0119151998936633	0.109209086037357	-0.109093565748072	0.913128278219941	0.999831983216163
ENSMUSG00000074238	2546.07081259118	-0.0226139160828398	0.0858280384992677	-0.26348483521159	0.792176910474579	0.999831983216163
ENSMUSG00000027883	262.077643478521	-0.166569158478425	0.114030543454911	-1.46121833927528	0.143955531706764	0.999831983216163
ENSMUSG00000028018	419.818058661822	-0.0962485203760319	0.109509088561316	-0.879081518522543	0.37935707770233	0.999831983216163
ENSMUSG00000068917	1285.31775957634	-0.00500866948672893	0.0975634942605235	-0.0513345215214687	0.959058960161585	0.999831983216163
ENSMUSG00000034640	1083.36294935365	-0.121224307523803	0.107930359154473	-1.1238901522884	0.261059629524412	0.999831983216163
ENSMUSG00000027875	269.83573627332	0.139863592195857	0.120187812525593	1.16128789490901	0.245524840627077	0.999831983216163
ENSMUSG00000039167	1150.84113344922	0.10278598454628	0.0904665147394338	1.13609281279074	0.25591772268135	0.999831983216163
ENSMUSG00000028013	1351.57827372007	0.057527256733544	0.0874964899201886	0.657459823411836	0.510885296242055	0.999831983216163
ENSMUSG00000027886	54.6491956800713	0.019133635576112	0.114583571520914	0.167003433894503	0.867367347014846	0.999831983216163
ENSMUSG00000027506	2764.40682023436	0.0142015226470363	0.0813070880726845	0.174664614956331	0.861343173471778	0.999831983216163
ENSMUSG00000033900	2685.09288493552	0.0370689011010753	0.0955639514821392	0.387878157894784	0.698106202655622	0.999831983216163
ENSMUSG00000048109	844.300341595925	-0.0728344608406213	0.112430016961668	-0.648238286281622	0.516830842497178	0.999831983216163
ENSMUSG00000027778	2276.7031648886	0.152570340698247	0.0847234099948533	1.80061988698013	0.0717628124686706	0.999831983216163
ENSMUSG00000004894	1838.61456541118	0.099549208194022	0.0895941841173275	1.11095962778367	0.266585727431874	0.999831983216163
ENSMUSG00000039047	3149.6990462348	0.0389935071318036	0.0836435086548847	0.466178246155683	0.641087919152672	0.999831983216163
ENSMUSG00000039831	1198.4121458953	-0.0608692374757222	0.0969515800846712	-0.627909310468798	0.530063351442569	0.999831983216163
ENSMUSG00000043165	25.8886248699338	0.128466934936403	0.0940748068085209	1.3459838406798	0.178307728034132	0.999831983216163
ENSMUSG00000028126	1375.27919104664	-0.0747526935775056	0.0902730994192242	-0.828102232119245	0.407612605519851	0.999831983216163
ENSMUSG00000037531	807.138435128744	0.0174182501732454	0.0970883646231331	0.179408487145941	0.857616967729303	0.999831983216163
ENSMUSG00000038612	4319.26922031226	-0.0757946725009896	0.0802830145865687	-0.944144302036677	0.345095913015873	0.999831983216163
ENSMUSG00000028036	65.8616635058979	-0.158153375998988	0.119064388898739	-1.33535768633382	0.18175930667721	0.999831983216163
ENSMUSG00000001420	63.3150255294573	0.186438802990188	0.119131977597648	1.55563949281788	0.119793842102305	0.999831983216163
ENSMUSG00000041220	3462.44351273915	-0.0386928637887349	0.101336241668749	-0.381893893299722	0.702540070061029	0.999831983216163
ENSMUSG00000074342	18.1083541176676	0.13992628327749	0.0886017176690477	1.54847566788866	0.121507815569466	0.999831983216163
ENSMUSG00000027702	21.6106228916198	-0.0140842464258583	0.0940303807645	-0.150011794597156	0.880755309818158	0.999831983216163
ENSMUSG00000036334	320.544289570096	-0.17294748062968	0.116795599420749	-1.48301190821682	0.138071246938503	0.999831983216163
ENSMUSG00000027932	86.0656890570914	0.0200637984397023	0.116231462972017	0.172300503975173	0.863201288163459	0.999831983216163
ENSMUSG00000027824	44.6713932979397	0.0559503330987171	0.11329066285251	0.492491921756678	0.622371631291535	0.999831983216163
ENSMUSG00000027942	599.35530141746	0.0922775328815891	0.106294882370201	0.867850048115687	0.385476427568255	0.999831983216163
ENSMUSG00000081179	22.2804203117347	-0.0155715812672781	0.0957564000652793	-0.163098345938958	0.870441002109503	0.999831983216163
ENSMUSG00000080059	39.135108823136	-0.016777050773294	0.110718487807466	-0.151636107401976	0.879473953110038	0.999831983216163
ENSMUSG00000088625	18.4541476768733	0.0224212422940763	0.0875542734938105	0.255601711030104	0.798258397071595	0.999831983216163
ENSMUSG00000118394	34.2591202170682	-0.00739276405869699	0.105557631568258	-0.0700992810356666	0.944114638946857	0.999831983216163
ENSMUSG00000070720	646.983202471915	0.0117883046732274	0.107230162806344	0.109947203274479	0.912451246638052	0.999831983216163
ENSMUSG00000102813	180.311242211755	0.0812342444680767	0.121871597025843	0.664824024467815	0.506163054561499	0.999831983216163
ENSMUSG00000085787	45.5655209224368	-0.0280170452336122	0.113268070965778	-0.247808427999489	0.804282633688815	0.999831983216163
ENSMUSG00000028370	522.991465057862	-0.0331041477412012	0.109454258069792	-0.302511891364415	0.762261869855393	0.999831983216163
ENSMUSG00000083087	15.896744465621	0.0180009624836418	0.0827492439075016	0.21598404862723	0.829000181472962	0.999831983216163
ENSMUSG00000082998	29.2580791172958	-0.0534886517787178	0.102743743278272	-0.523609835131987	0.600549939452813	0.999831983216163
ENSMUSG00000084342	16.3186546312828	0.109638927687832	0.0864926451942156	1.24525139822568	0.213039354771472	0.999831983216163
ENSMUSG00000080902	178.857793664469	-0.057799498940504	0.120805532177173	-0.478942462401404	0.631979561816172	0.999831983216163
ENSMUSG00000102796	19.5639795235607	0.136454247153115	0.0917804256847441	1.46409120748909	0.143169029338638	0.999831983216163
ENSMUSG00000083512	40.5731536633787	0.00106560927250087	0.107263732095058	0.00994481034176417	0.992065320157394	0.999831983216163
ENSMUSG00000086321	27.5662173586379	0.0317958929557581	0.0985096822521496	0.321976014204711	0.747470865612443	0.999831983216163
ENSMUSG00000066116	41.0746772822891	0.122504074416252	0.111527904087065	1.09154267463973	0.275034164806217	0.999831983216163
ENSMUSG00000083139	30.0423187095114	-0.0395275755679523	0.104404106413935	-0.379970978427495	0.703966958208902	0.999831983216163
ENSMUSG00000073686	14.4962096009945	-0.00633116113476605	0.0791047190265699	-0.0800486612780525	0.936198554009791	0.999831983216163
ENSMUSG00000081136	13.781921558364	-0.00135890432235655	0.0787777055752838	-0.0172583664356608	0.98623049942344	0.999831983216163
ENSMUSG00000070934	3248.45163103568	0.0398672450758014	0.0819397726332111	0.486528376347979	0.626592591328292	0.999831983216163
ENSMUSG00000083678	140.514852627393	-0.0223346952614582	0.121325338420042	-0.184132155113663	0.853909781599937	0.999831983216163
ENSMUSG00000082063	56.6225991591395	0.0739712308852426	0.115895891977146	0.635619254085545	0.525024616840835	0.999831983216163
ENSMUSG00000100863	44.925581417002	-0.0208840781360884	0.109338890066216	-0.191357025959212	0.848245886185681	0.999831983216163
ENSMUSG00000054000	87.3617731836998	-0.127578502397941	0.121565398985286	-1.0518340942271	0.292875673654571	0.999831983216163
ENSMUSG00000063314	30.281392118658	-0.100608573519444	0.103695697777081	-0.982015490736709	0.326092216735867	0.999831983216163
ENSMUSG00002074982	30.2437004289995	-0.00415140165857001	0.101064605877034	-0.0410516173489188	0.967254745822492	0.999831983216163
ENSMUSG00000084159	103.458918791448	0.0026413482271172	0.121875718533758	0.0216716172384275	0.982709904616555	0.999831983216163
ENSMUSG00000110404	60.5284437718172	0.01692205589221	0.113889724230745	0.148304724979163	0.882102286602522	0.999831983216163
ENSMUSG00000082144	26.2890645514085	-0.0349006041028693	0.0980430575477244	-0.357649655350263	0.720605513325899	0.999831983216163
ENSMUSG00000028730	28.6455935331531	-0.00824929933597626	0.0993737187828039	-0.0832347024892117	0.93366491986841	0.999831983216163
ENSMUSG00000024903	22.0742533058087	0.0207695796282089	0.0895019147658254	0.230598573378423	0.817626676023805	0.999831983216163
ENSMUSG00000086683	12.1403779792004	-0.0533320398637862	0.06836980136561	-0.804521590852903	0.421095805156021	0.999831983216163
ENSMUSG00000083836	22.5208581643247	-0.097797168903901	0.0959695049673781	-1.03546086756564	0.300453732604272	0.999831983216163
ENSMUSG00000110067	62.2643247346	-0.025600249508025	0.117104526026292	-0.219080079096227	0.826587668420544	0.999831983216163
ENSMUSG00000082575	158.207671411334	0.0195765228957347	0.120519099820655	0.162387832321215	0.871000452068032	0.999831983216163
ENSMUSG00000082195	19.9892116941487	-0.0347857979689324	0.0925009991628791	-0.378077256781083	0.705373203019197	0.999831983216163
ENSMUSG00000090125	88.2687946660054	-0.059168498102066	0.11787160972304	-0.503322059086865	0.614737859748014	0.999831983216163
ENSMUSG00000079942	11.4758630527984	-0.050813693215717	0.075417713398723	-0.688931758782281	0.49086621257313	0.999831983216163
ENSMUSG00000082381	35.2708775751143	-0.00963000191036565	0.106288768880603	-0.0907119030057807	0.927721512397496	0.999831983216163
ENSMUSG00000095139	531.101699812547	0.148376204693549	0.112322382437845	1.31999625195558	0.186836269364934	0.999831983216163
ENSMUSG00000046219	45.87005779469	0.0720348169187391	0.114331476518225	0.628047455692101	0.5299728527235	0.999831983216163
ENSMUSG00000085885	25.4606455012388	-0.0196708234102494	0.0998590052956163	-0.197502295791351	0.843434485042248	0.999831983216163
ENSMUSG00000095042	14.6922619358252	-0.0648266316304004	0.0816108503825475	-0.809625788668329	0.418155281732301	0.999831983216163
ENSMUSG00000082674	48.3074173439628	0.0135277293517664	0.110812128073544	0.122144898352113	0.902784264319741	0.999831983216163
ENSMUSG00000084440	11.4876958708325	-0.0672395638734525	0.0773154137521444	-0.892097113002502	0.372340882196364	0.999831983216163
ENSMUSG00000077271	14.2070343450671	0.0315180222266166	0.0808908237199751	0.385403584038516	0.699938427610561	0.999831983216163
ENSMUSG00000003282	226.523093360638	0.0189605547909806	0.118795398613614	0.159647708086233	0.873158595310534	0.999831983216163
ENSMUSG00000068240	580.485560424533	-0.021543432475747	0.101872806498975	-0.211481367758098	0.832511669805606	0.999831983216163
ENSMUSG00000062554	78.3440260895961	-0.0302748470206374	0.120947714722528	-0.250500139116322	0.80220059712898	0.999831983216163
ENSMUSG00000095588	147.931684666051	-0.0125792265334655	0.120424763122175	-0.104460301717019	0.916804070516508	0.999831983216163
ENSMUSG00000079993	17.0789894006267	-0.0316687781195118	0.0842418677900116	-0.380308151486818	0.703716685307884	0.999831983216163
ENSMUSG00000066315	65.2164859330511	0.0633859552280792	0.119453862273702	0.529802931308706	0.596248572632934	0.999831983216163
ENSMUSG00000081309	35.8300780796991	-0.00675528937278013	0.107219949131397	-0.0631125954004943	0.94967684461616	0.999831983216163
ENSMUSG00000087623	81.5309267019297	-0.0431042680344674	0.120645006372359	-0.357683181704981	0.720580420603711	0.999831983216163
ENSMUSG00000084408	57.2551208049736	0.00348936276806304	0.115154539036075	0.0302940616933167	0.975832532483114	0.999831983216163
ENSMUSG00000118458	62.7064995984293	0.0244777338907789	0.115728232989358	0.211086988044363	0.832819393512517	0.999831983216163
ENSMUSG00000071001	22.7000698088244	0.0709917252444087	0.0898853729713174	0.77990171900612	0.435448726570428	0.999831983216163
ENSMUSG00000081559	191.576224867566	0.154515229262449	0.119715595037767	1.28904517713295	0.197382381092781	0.999831983216163
ENSMUSG00000100396	104.469570174739	-0.18257729220659	0.121805321150677	-1.5040541181219	0.132567432777443	0.999831983216163
ENSMUSG00000120834	15.0385479471106	-0.0834146813925099	0.0827656163097959	-1.03346891533475	0.301384510152787	0.999831983216163
ENSMUSG00000121059	25.5319585298561	-0.0306593784041773	0.0993244667857482	-0.310069251594839	0.756508294358347	0.999831983216163
ENSMUSG00000084929	10.288553846033	-0.0216286686629716	0.0705665063355837	-0.310399826147763	0.756256926328724	0.999831983216163
ENSMUSG00000006395	203.670174033085	0.12724751922347	0.118622693174065	1.07141839062513	0.283981347353671	0.999831983216163
ENSMUSG00000087299	105.967443206946	0.111874394542282	0.121840159769506	0.915886887494795	0.359726224924587	0.999831983216163
ENSMUSG00000085334	1921.11654272921	-0.0385619234019808	0.0862217810181682	-0.447247570070976	0.654696318066121	0.999831983216163
ENSMUSG00000084088	43.369106918263	-0.114592609630227	0.11086109805412	-1.04431537779104	0.296339500455922	0.999831983216163
ENSMUSG00000084149	10.3165040466612	-0.0351550923934057	0.0698842837089776	-0.512203369021184	0.608508685481652	0.999831983216163
ENSMUSG00000070803	144.877785466047	-0.0561488415467683	0.12183046400723	-0.461051416130731	0.644761717030461	0.999831983216163
ENSMUSG00000081121	27.1216557780968	-0.0850065497386641	0.101786149800791	-0.843368382380458	0.399022449116613	0.999831983216163
ENSMUSG00000081227	27.7109609836242	0.0075714197881215	0.101944942697155	0.074239013333675	0.940820203333369	0.999831983216163
ENSMUSG00000102504	66.4160618755401	-0.108647394090665	0.116673236730587	-0.936885656173203	0.348817378255072	0.999831983216163
ENSMUSG00000078772	14.196697950958	-0.00914927367956572	0.0830742271408859	-0.110340756028102	0.912139135943755	0.999831983216163
ENSMUSG00000070891	27.0571265324381	0.0597522645022019	0.0981318692283356	0.603154368081463	0.546406000982798	0.999831983216163
ENSMUSG00000055210	12.4723585152523	-0.113325040561878	0.0789094451035251	-1.50097229698476	0.133362727014032	0.999831983216163
ENSMUSG00000081152	20.368257101942	-0.0279922280972517	0.0918630573456397	-0.306893670259114	0.758924307150303	0.999831983216163
ENSMUSG00000081871	56.1649446729022	0.00653288307424738	0.11712474051263	0.0557441376622326	0.955545637375651	0.999831983216163
ENSMUSG00000083027	24.0013982720647	0.029817572681313	0.0932312797436166	0.319054588775318	0.749685118294435	0.999831983216163
ENSMUSG00000082925	35.1280087359651	0.0781984725294103	0.108358935159352	0.717538816204059	0.47304169453371	0.999831983216163
ENSMUSG00000120844	75.6638887266286	0.10873483661698	0.119032215167429	0.909891048361169	0.362879971120621	0.999831983216163
ENSMUSG00000074738	1741.71316870522	0.0666565413210896	0.100319588553294	0.664284823152166	0.506508032803744	0.999831983216163
ENSMUSG00000064916	21.2538808918872	-0.0276634586409463	0.0904238426181891	-0.30697991688236	0.758858658669882	0.999831983216163
ENSMUSG00000050796	358.21857335396	-0.0915413207808931	0.112352657568767	-0.814868847942954	0.415147386536724	0.999831983216163
ENSMUSG00000103183	232.625768203648	0.0331783183494582	0.116775238649367	0.284074477699541	0.776353305435836	0.999831983216163
ENSMUSG00000078588	16.6280207067102	0.0452253849529141	0.0863891191067761	0.517674111612041	0.604685663738815	0.999831983216163
ENSMUSG00000047502	75.8026559068336	0.169560877339808	0.118913799975102	1.41664834984511	0.156585764974315	0.999831983216163
ENSMUSG00000085093	14.3491055061942	0.000164301459381667	0.0835302330839239	0.00196958509065653	0.998428499481022	0.999831983216163
ENSMUSG00000102912	13.7578458174653	-0.0338215846867587	0.0807788624673982	-0.422721932410439	0.672498151707087	0.999831983216163
ENSMUSG00000091985	297.002495569219	-0.131994718421239	0.115550538068692	-1.14316665124627	0.252969405497741	0.999831983216163
ENSMUSG00000073775	296.038560467715	0.171500861870194	0.110971889968933	1.54481236492489	0.122391655557789	0.999831983216163
ENSMUSG00000078480	91.2306072532695	-0.0128417323418816	0.121509919743975	-0.105661372146462	0.915851029291482	0.999831983216163
ENSMUSG00000070923	5711.04649396395	0.0644632835131433	0.0901926302362328	0.714654032516757	0.474822848326785	0.999831983216163
ENSMUSG00000083179	107.163003419308	0.0828751964384411	0.121847777822372	0.679411945683063	0.4968768829944	0.999831983216163
ENSMUSG00000052684	2054.50728018145	-0.0432419825196789	0.0975857581133189	-0.443162955650744	0.657647871329136	0.999831983216163
ENSMUSG00000083246	25.8975334171436	0.0807969850545284	0.0982817745297464	0.815160384572413	0.414980510725531	0.999831983216163
ENSMUSG00000028369	1809.71794436631	0.151013919270899	0.0970992240828916	1.55475668984788	0.120004027540575	0.999831983216163
ENSMUSG00000066090	12.4078625104623	0.0304195348605553	0.0768147890282124	0.392146285051492	0.69495013019183	0.999831983216163
ENSMUSG00000107726	108.06918112062	0.0987517547996688	0.121738437393884	0.809126987925012	0.418442106160127	0.999831983216163
ENSMUSG00000028706	376.125203484169	0.0961334519190717	0.108615321025199	0.884992352707423	0.376160755887743	0.999831983216163
ENSMUSG00000120910	42.3436057491936	-0.00187966617557527	0.110563080356107	-0.0169947292331585	0.986440820628534	0.999831983216163
ENSMUSG00000085069	95.5776084554632	0.220355628218295	0.121655728501891	1.80244300970633	0.0714757335166504	0.999831983216163
ENSMUSG00000098424	12.317857301706	0.0114431500994162	0.0778158955182044	0.146865941981665	0.883237834726845	0.999831983216163
ENSMUSG00000121767	13.4335199941066	-0.0158215540346983	0.0818459746092509	-0.194055363262465	0.846132532127943	0.999831983216163
ENSMUSG00000059049	418.81271989209	0.0952407765566724	0.106201888156393	0.896692681590653	0.369882926850974	0.999831983216163
ENSMUSG00000078234	630.81238435081	0.137855797683987	0.101952516565846	1.35172867182691	0.176462129389081	0.999831983216163
ENSMUSG00000094320	12.8755731315321	0.00787700213168803	0.0786292416337292	0.0997511256627715	0.920541910506914	0.999831983216163
ENSMUSG00000029005	14.601617266404	0.0584776057767543	0.0830706743490531	0.694382978811732	0.487442065243555	0.999831983216163
ENSMUSG00000100514	25.1058377669599	-0.0740120325416481	0.098703646630614	-0.757803583929814	0.44856857653149	0.999831983216163
ENSMUSG00000086606	40.0283047841466	0.139690347023433	0.108147150140671	1.27882453506534	0.200958851949497	0.999831983216163
ENSMUSG00000086740	22.7821888474873	0.116668607852773	0.0957073723721662	1.20139087933078	0.229599612420334	0.999831983216163
ENSMUSG00002074925	13.9130038415961	0.0725935460613093	0.080901245306122	0.882950047814913	0.377263261134451	0.999831983216163
ENSMUSG00000035969	3829.54503459701	0.0539618569180747	0.0824749218902822	0.654246787855406	0.512952822337295	0.999831983216163
ENSMUSG00000085286	27.1791069011753	-0.0821185891956354	0.0950861370542226	-0.876061089396467	0.380996824403218	0.999831983216163
ENSMUSG00000085807	10.8795122165845	-0.0510980306497284	0.0732131429273152	-0.712781346856945	0.475981069883209	0.999831983216163
ENSMUSG00000085819	20.2567205613764	0.00538593854191046	0.0901679897767091	0.059805247541661	0.952310746126358	0.999831983216163
ENSMUSG00000070572	144.109157486518	-0.00178098061613258	0.121415155990306	-0.0146699816351104	0.988295467966449	0.999831983216163
ENSMUSG00000083811	46.5966491007747	0.0192245918511142	0.108392461382425	0.176920924668225	0.85957050237959	0.999831983216163
ENSMUSG00000122054	20.444118766208	0.0712076209484784	0.0890074539741527	0.787737203705554	0.430850439196612	0.999831983216163
ENSMUSG00000122087	106.078179531603	0.0304353171610151	0.121512397237379	0.250273798738229	0.802375617398361	0.999831983216163
ENSMUSG00000078519	41.9358256783771	-0.00499549191025304	0.110488852595307	-0.0451703925353396	0.963971493487179	0.999831983216163
ENSMUSG00000087437	23.5825006316061	0.168215420974451	0.0947002039397757	1.73934535439659	0.0819740340666777	0.999831983216163
ENSMUSG00000120951	15.788269873038	0.01423517530611	0.0852848471191139	0.16658584033983	0.867695935780677	0.999831983216163
ENSMUSG00000123042	11.0962791393891	0.0724543650540798	0.0712929359753856	0.994144924187133	0.320152316907843	0.999831983216163
ENSMUSG00000123213	10.8888405225028	-0.0164135363613196	0.0755580147414512	-0.21842808407639	0.827095585842924	0.999831983216163
ENSMUSG00000123279	124.486003670365	0.0506713170149953	0.12108937683278	0.417607820328975	0.676233878096848	0.999831983216163
ENSMUSG00000123417	11.2759104460144	-0.0333751246738642	0.0748056171566371	-0.453144889602435	0.650444413140745	0.999831983216163
ENSMUSG00000123423	55.2059666952179	-0.0876934742664742	0.114511679680941	-0.770707799038909	0.440880148147171	0.999831983216163
ENSMUSG00000085667	126.870560244361	-0.0412736381763317	0.121628185025432	-0.339449132171644	0.734271411175809	0.999831983216163
ENSMUSG00000123498	19.3282672673388	0.0540050586132406	0.0911207142909907	0.586955847390352	0.557233360481889	0.999831983216163
ENSMUSG00000123803	85.4607993269283	-0.152941761660613	0.120851296476192	-1.27094933412703	0.20374667386541	0.999831983216163
ENSMUSG00000123891	13.8642488722681	0.0447698796356577	0.082847483636232	0.534867155979949	0.592741721111647	0.999831983216163
ENSMUSG00000086342	11.1840906781402	-0.0241535081683862	0.0755910051542948	-0.321870107941412	0.74755109948788	0.999831983216163
ENSMUSG00000085022	14.6196192830919	-0.0994597567303466	0.0826962250864366	-1.2409540373369	0.214622728704491	0.999831983216163
ENSMUSG00000084910	224.631354910335	0.017197337791587	0.118492392476294	0.145113288797953	0.884621426404374	0.999831983216163
ENSMUSG00000085351	12.258970095292	-0.0213737717900629	0.0771893768602828	-0.279080484861855	0.780183059198036	0.999831983216163
ENSMUSG00000124444	11.5418261644841	0.0364819370882813	0.0755373563599322	0.476596823147778	0.633649246042018	0.999831983216163
ENSMUSG00000124599	118.666268118206	0.211121217066419	0.121543920556889	1.73273542316161	0.0831427053502018	0.999831983216163
ENSMUSG00000120189	25.871888751455	0.0328309079601915	0.0999638737355032	0.327199413959235	0.743517064108741	0.999831983216163
ENSMUSG00000085112	34.8972935226631	-0.100842867539532	0.104604352580198	-0.975402167471661	0.329360808945447	0.999831983216163
ENSMUSG00000124676	32.9786540993622	0.00340362045750188	0.106447638738234	0.0319524950634741	0.974509934981219	0.999831983216163
ENSMUSG00000124722	70.3798047669646	0.125047683526978	0.119537709925532	1.04176342459413	0.297521375385139	0.999831983216163
ENSMUSG00000124731	18.0384380243872	0.0915607521781091	0.0893118132541676	1.00992664483683	0.312530435964141	0.999831983216163
ENSMUSG00000124773	57.3977711176655	-0.00166134586217606	0.117857055315442	-0.0140989339447858	0.988751050960477	0.999831983216163
ENSMUSG00000096974	35.660091537271	-0.0177419029165819	0.108447476473981	-0.163742489433253	0.869933867214862	0.999831983216163
ENSMUSG00000125018	35.1098689140466	-0.105191386818777	0.106353796769864	-1.00096619207942	0.316843153354154	0.999831983216163
ENSMUSG00000120048	44.8376750464028	-0.115322077538078	0.110488607092663	-1.05257534217756	0.292535663171181	0.999831983216163
ENSMUSG00000085085	20.3526975798663	-0.00134899267843502	0.091189334456045	-0.0147706153443217	0.988215182582485	0.999831983216163
ENSMUSG00000125476	79.0769748604088	0.100887448459469	0.119640775092539	0.839622742476478	0.401119943658574	0.999831983216163
ENSMUSG00000085961	18.1626658127076	0.100827901501406	0.0865698922263984	1.14507636009197	0.252177527167122	0.999831983216163
ENSMUSG00000085408	126.419758446836	0.136849056459821	0.121816742843041	1.12076592523264	0.262387512000326	0.999831983216163
ENSMUSG00000084970	64.7132015046009	0.0331475113730754	0.119088555618676	0.278176933009412	0.780876541095515	0.999831983216163
ENSMUSG00000125801	86.0556708786838	-0.0303345464983558	0.12157581517139	-0.249619001772936	0.802882002393549	0.999831983216163
ENSMUSG00000085394	13.3768478292526	-0.00306455309281307	0.0793211416550431	-0.0386281125084369	0.96918688847393	0.999831983216163
ENSMUSG00000087142	40.5590172015175	0.0641741950011637	0.110942306095792	0.575728235881736	0.564798886992057	0.999831983216163
ENSMUSG00000126250	13.4513301260447	-0.0401939838480312	0.08189128846411	-0.496383192762393	0.619624080859833	0.999831983216163
ENSMUSG00000073843	21.079184418172	-0.0571848682687516	0.0950576025408262	-0.607591579419736	0.543458387037068	0.999831983216163
ENSMUSG00000126649	10.671406402335	0.0505092396432057	0.0743578612726627	0.670912965300761	0.502275976338527	0.999831983216163
ENSMUSG00000107859	56.8527705570338	0.107484363010292	0.114889794349674	0.929833376254558	0.352457362467402	0.999831983216163
ENSMUSG00000126854	23.4351043179099	-0.1000347293682	0.0962620459169671	-1.05825435353381	0.289939497251316	0.999831983216163
ENSMUSG00000087128	66.4817410523296	0.0502127400838172	0.11832579458456	0.423579328700975	0.671872633384687	0.999831983216163
ENSMUSG00000126938	45.3844339517056	0.0593179984963491	0.112980291072279	0.523301803124592	0.600764246405333	0.999831983216163
ENSMUSG00000127032	11.8201449495224	-0.122209834434432	0.077434102524939	-1.66504129550041	0.0959045173479775	0.999831983216163
ENSMUSG00000092492	27.657545108881	0.0651935017647428	0.084302882010886	0.761230860570048	0.446519188559794	0.999831983216163
ENSMUSG00000085181	19.8423185263468	-0.030243939702011	0.0929342675388853	-0.327291568653085	0.743447368838188	0.999831983216163
ENSMUSG00000085041	61.3776312734092	0.047058895010931	0.118177089025958	0.397782630966733	0.690790421537559	0.999831983216163
ENSMUSG00000127742	32.4153143464736	-0.0182668061266744	0.102379840110714	-0.179017777038766	0.857923743115566	0.999831983216163
ENSMUSG00000086682	109.810238577782	-0.0747934650902704	0.121688476736293	-0.616129143257861	0.537809288967932	0.999831983216163
ENSMUSG00000127797	11.0439267947438	0.0333831912331941	0.0725305387975881	0.453294108459727	0.65033697462272	0.999831983216163
ENSMUSG00000128208	13.3953227172498	-0.000646730122891371	0.0782381648812925	-0.00828814996690765	0.993387088814464	0.999831983216163
ENSMUSG00000128413	10.4090750360617	-0.00503123803945161	0.07199866881376	-0.0700589475381941	0.944146741495779	0.999831983216163
ENSMUSG00000128555	10.8168203995487	0.0532882601711333	0.0736444682159316	0.710962958898929	0.477107189740914	0.999831983216163
ENSMUSG00000129481	21.7877960287548	0.0139277793489109	0.0950482398589201	0.146320145684823	0.883668663054213	0.999831983216163
ENSMUSG00000087451	12.1707574371215	-0.023137540916093	0.0780679208381156	-0.298206477272136	0.765545578430469	0.999831983216163
ENSMUSG00000119980	25.675085195098	0.0476704384175913	0.0976711398817717	0.4860273062785	0.626947805717494	0.999831983216163
ENSMUSG00000130059	15.8545788566147	0.0772405330508114	0.0854145305003726	0.891042395256793	0.372906426589605	0.999831983216163
ENSMUSG00000087192	17.8753425869825	0.0525652286309454	0.0881664289932581	0.591196386054242	0.554388843921764	0.999831983216163
ENSMUSG00000130294	56.8711667145851	-0.178137118731497	0.116921969096354	-1.53635467774398	0.124451416031282	0.999831983216163
ENSMUSG00000130767	44.1788748686912	0.108299030758222	0.111619163446202	0.962505075029298	0.335795955127472	0.999831983216163
ENSMUSG00000130984	61.0238640053444	0.115291063934755	0.118007974308765	0.973073680185472	0.330516684015003	0.999831983216163
ENSMUSG00000085562	20.8626757244195	0.123561470664469	0.093206916795648	1.30439273497347	0.192099710979707	0.999831983216163
ENSMUSG00000131494	34.3327107312731	-0.0604280888873484	0.104944780334866	-0.580496644894298	0.561579748648299	0.999831983216163
ENSMUSG00000131495	117.287829142865	-0.190406115788297	0.121815503904762	-1.5669593092687	0.117124203064983	0.999831983216163
ENSMUSG00000131529	15.6335986848186	0.00301769210216842	0.0853241824187001	0.0353226828038622	0.971822436352886	0.999831983216163
ENSMUSG00000131604	13.642800906809	0.00366670901818193	0.0801029612525208	0.0457815378155664	0.963484374068683	0.999831983216163
ENSMUSG00000084898	20.5743548938651	0.0597355044642254	0.0908784563954705	0.651399439548763	0.514788672332812	0.999831983216163
ENSMUSG00000131895	46.9994100886499	0.109734802244211	0.113249949145129	0.962317849954778	0.335889965228651	0.999831983216163
ENSMUSG00000132172	13.7016163613331	-0.0217954556825827	0.0806217996527926	-0.272018362754114	0.785607900103234	0.999831983216163
ENSMUSG00000120740	27.6001845694877	0.093984924875396	0.0985739395124339	0.943773736622479	0.345285284255126	0.999831983216163
ENSMUSG00000085223	16.649341111521	-0.00744930185017399	0.0882327489299418	-0.0845376486838265	0.932628970639581	0.999831983216163
ENSMUSG00000132567	11.1933097610841	0.0239846406094999	0.0744281431985711	0.320008177759734	0.748962131320322	0.999831983216163
ENSMUSG00000132609	34.6844453972307	-0.00135681172670491	0.106980587920206	-0.0126790708192522	0.989883836192507	0.999831983216163
ENSMUSG00000132712	33.5240711064032	0.190668522825331	0.107192606781055	1.75508854665899	0.079244163096825	0.999831983216163
ENSMUSG00000085213	28.3461162759197	0.0898231706599546	0.100548342669026	0.885886904213576	0.375678473671028	0.999831983216163
ENSMUSG00000132911	10.8478651520509	-0.0620389858072275	0.0732373374316091	-0.870241225791513	0.384168590832529	0.999831983216163
ENSMUSG00000084803	404.390841861077	-0.197603381346701	0.110098286463471	-1.79525434521193	0.0726131854209377	0.999831983216163
ENSMUSG00000133043	19.8468646241085	-0.0900346182419867	0.089318246644681	-1.02935056087006	0.303314972148575	0.999831983216163
ENSMUSG00000133065	25.3087685061441	0.0317794723298918	0.0988036816124816	0.31989023627021	0.749051539623028	0.999831983216163
ENSMUSG00000120016	15.7925963493517	0.124305642976873	0.0861071580715082	1.41720012749851	0.156424424533069	0.999831983216163
ENSMUSG00000133146	34.684672311761	0.0098052540960368	0.106873952157659	0.0917009108853182	0.926935673661121	0.999831983216163
ENSMUSG00000086665	22.3921284054321	0.0408323706871804	0.0954531876129163	0.425098794714357	0.670764656512108	0.999831983216163
ENSMUSG00000087575	27.0483785318917	0.00934705911121659	0.101791181182742	0.0916769078375619	0.926954744988665	0.999831983216163
ENSMUSG00000086896	32.3634670407076	0.0354641182951837	0.106054500206557	0.333577036320736	0.738698748996251	0.999831983216163
ENSMUSG00000133345	17.6059319461946	0.00512488415779893	0.0886041283732407	0.0577593626361587	0.9539403080275	0.999831983216163
ENSMUSG00000133686	21.5956312887723	0.0155357717666201	0.0919041535894905	0.168236570881837	0.866397171545853	0.999831983216163
ENSMUSG00000133849	182.860599661274	0.051030514198361	0.119415185012749	0.427208634728978	0.669227372665204	0.999831983216163
ENSMUSG00000133994	12.800625256513	0.0785371369195206	0.0796718591775899	0.967338685975122	0.33337475034884	0.999831983216163
ENSMUSG00000100813	41.767136044176	0.0649729794394039	0.109802389293854	0.588876260091958	0.555944284052986	0.999831983216163
ENSMUSG00000101493	103.219567861568	0.0727634730031883	0.121862897680269	0.596370888393645	0.550927483873477	0.999831983216163
ENSMUSG00000134236	13.9777895273951	0.0541320934421292	0.0826476593261549	0.647820534307468	0.517101032514136	0.999831983216163
ENSMUSG00000087200	37.8091971388136	0.0868180737268034	0.108962553127223	0.791011995608046	0.428936991530859	0.999831983216163
ENSMUSG00000044125	31.1478321219425	0.151557876003432	0.104464949050835	1.43375194883291	0.151643061755528	0.999831983216163
ENSMUSG00000135361	51.1986864724633	0.0396744303645522	0.114973275732462	0.344606953317608	0.730389877668727	0.999831983216163
ENSMUSG00000135400	61.0472117971812	0.150516025573544	0.114787639157978	1.30107516384176	0.193232728022293	0.999831983216163
ENSMUSG00000135463	14.7766797177603	0.0466067417750486	0.0844138948838046	0.547131505725677	0.584288388667998	0.999831983216163
ENSMUSG00000135744	67.7530183301875	0.0617111374491367	0.117449163964259	0.524219908261202	0.60012559561126	0.999831983216163
ENSMUSG00000087413	230.168296702756	0.0373989257683128	0.115015969695524	0.325151984280244	0.745066046803146	0.999831983216163
ENSMUSG00000136751	32.2859153908528	-0.0600599554622755	0.106420870794465	-0.56762423283021	0.570290148929686	0.999831983216163
ENSMUSG00000085823	10.2681966532483	-0.0827266705472489	0.0719724738307451	-1.20231246796659	0.229242488120748	0.999831983216163
ENSMUSG00000136924	14.5033625518734	-0.0765035968818224	0.0779981069224464	-1.00999717671788	0.312496642685099	0.999831983216163
ENSMUSG00000087383	16.0163446699034	0.0741776541783675	0.0862484573829704	0.847946380723147	0.39646783276968	0.999831983216163
ENSMUSG00000121154	11.3772772784094	-0.00131921137433772	0.0717944986311531	-0.018436687451932	0.985290485056554	0.999831983216163
ENSMUSG00000085928	27.0516195519564	0.039528906165136	0.100063075213921	0.393552290617191	0.693911610788519	0.999831983216163
ENSMUSG00000085399	10.4947107932492	-0.0413750041519344	0.0710552888608462	-0.592307356931779	0.553644790339295	0.999831983216163
ENSMUSG00000085278	80.0156923937063	-0.00563954471932094	0.119590867300538	-0.0471387436461816	0.962402648680066	0.999831983216163
ENSMUSG00000085403	79.0471085007119	-0.0911661748614101	0.119473873123917	-0.765006111858099	0.444267905203497	0.999831983216163
ENSMUSG00000120027	33.9721242239451	-0.0825144800488449	0.107693924422873	-0.771950375988679	0.44014381914834	0.999831983216163
ENSMUSG00000120990	14.0641095094145	-0.00685379403301813	0.0833276737353083	-0.082368199849689	0.934353922941669	0.999831983216163
ENSMUSG00000138918	19.5140640573593	-0.0365412397495197	0.090771343145155	-0.404817924593662	0.685611352133511	0.999831983216163
ENSMUSG00000138967	18.9239144851686	-0.0544220557758671	0.0907009591621479	-0.607128335466355	0.543765746943697	0.999831983216163
ENSMUSG00000139001	15.2050953315785	-0.0108360515647126	0.0799126106916391	-0.135738109719398	0.892028319323465	0.999831983216163
ENSMUSG00000046109	10.6637854473401	-0.0452491490189507	0.0731797286652236	-0.630723677397002	0.528221214706866	0.999831983216163
ENSMUSG00000120187	12.26579060036	0.0401861360261063	0.0756606659672435	0.524228925109229	0.600119324849386	0.999831983216163
ENSMUSG00000139787	13.1702732582553	-0.0188818536930318	0.0786959844680328	-0.241343669875922	0.809288767318685	0.999831983216163
ENSMUSG00000139808	32.1743310078391	0.0265145313986407	0.105868189705373	0.249674955801449	0.802838727299498	0.999831983216163
ENSMUSG00000120686	56.4680655675699	0.0501718158229472	0.116898957560596	0.428105839394707	0.668574065593291	0.999831983216163
ENSMUSG00000139960	10.2688094486412	0.0466707586925608	0.0737462287382818	0.623545477740365	0.5329261266771	0.999831983216163
ENSMUSG00000140333	35.658032061311	0.0122267177907655	0.103523296437396	0.117704139467786	0.906302086762992	0.999831983216163
ENSMUSG00000140349	24.3120484584662	-0.119120211706366	0.0973464651181107	-1.248895965808	0.211703127337342	0.999831983216163
ENSMUSG00000140491	22.4229372579926	-0.0282207841988744	0.089002832434554	-0.318263230538281	0.750285273099348	0.999831983216163
ENSMUSG00000098729	15.4192564647675	-0.0236312083738901	0.0834110073416693	-0.285370967642268	0.775359947640909	0.999831983216163
ENSMUSG00000087366	132.536321791818	0.063492811294965	0.121023608643235	0.524308291853662	0.600064130570481	0.999831983216163
ENSMUSG00000141664	48.5186014161777	0.0642472033001024	0.11088618137572	0.577749268540932	0.563433410647909	0.999831983216163
ENSMUSG00000120487	29.4536213201859	-0.00418668895971817	0.102654668460106	-0.0408490033104069	0.967416272943883	0.999831983216163
ENSMUSG00000087307	26.1257252685877	0.125334430091676	0.0978220174125654	1.26091463443059	0.207339604985365	0.999831983216163
ENSMUSG00000142325	14.5087225256423	-0.00680843514984529	0.0804338549656689	-0.0845721784119639	0.932601518214245	0.999831983216163
ENSMUSG00000142402	12.536944797351	0.0284280572874896	0.0796059521360365	0.354513576090029	0.722954031599622	0.999831983216163
ENSMUSG00000096327	24.7015035102086	0.0175710506249809	0.0995607712096156	0.176184714492156	0.860148829013541	0.999831983216163
ENSMUSG00000142490	14.6568629703112	-0.0181886526087424	0.0834585832343511	-0.219277310781903	0.826434035196024	0.999831983216163
ENSMUSG00000142613	133.434242680731	0.035042969087524	0.12157856204024	0.288088737598252	0.773278813436636	0.999831983216163
ENSMUSG00000142746	19.672533064533	-0.0127178263895431	0.086074019023186	-0.148531947813427	0.8819229748673	0.999831983216163
ENSMUSG00000142992	10.2988128720839	-0.0487258274792416	0.0714555682958513	-0.697908958832332	0.485234131339795	0.999831983216163
ENSMUSG00000120475	38.2344781917866	0.0176153261024744	0.110071129464763	0.159785084519595	0.873050373942911	0.999831983216163
ENSMUSG00000087361	45.8449601935045	0.02742321950773	0.113735838109729	0.240823160992852	0.809692177952017	0.999831983216163
ENSMUSG00000086782	2373.73063254926	0.122416419840063	0.0850274677655244	1.43957891947927	0.149986567262292	0.999831983216163
ENSMUSG00000143659	17.5413081930113	-0.0575078119183731	0.0878366688727211	-0.664198650281255	0.506563177220895	0.999831983216163
ENSMUSG00000143946	36.2188925008952	-0.109385840694505	0.103671066639793	-1.06873535369189	0.285188936307627	0.999831983216163
ENSMUSG00000084968	27.3655487526142	0.0651833078357508	0.0981647238502227	0.658775777018354	0.510039764301429	0.999831983216163
ENSMUSG00000046341	14.1630197841398	0.00190779558934888	0.0787419582950148	0.0241610619343466	0.980724137131263	0.999831983216163
ENSMUSG00000086417	16.8393480722517	0.0291687808239313	0.0858055503572295	0.33713861079505	0.736012412257085	0.999831983216163
ENSMUSG00000124938	39.9642408747725	0.0283230872632661	0.101519379174636	0.277995250279138	0.781016004834867	0.999831983216163
ENSMUSG00000085763	12.1007795367908	0.0490436299297824	0.0750453824772913	0.645736918849482	0.518449746812806	0.999831983216163
ENSMUSG00000121130	37.4171782092091	-0.0626644954943238	0.107422246437694	-0.586696730971748	0.557407403683248	0.999831983216163
ENSMUSG00000094344	103.212970701131	0.0512761021458512	0.120435271375911	0.424806003959452	0.670978100528588	0.999831983216163
ENSMUSG00000144194	632.667679749615	-0.0777857081950411	0.10284915510736	-0.756371832271643	0.449426291312739	0.999831983216163
ENSMUSG00000059027	11.6443281983584	0.0500929270962333	0.0770603478233933	0.642469087004827	0.520568654615166	0.999831983216163
ENSMUSG00000085614	54.9231191777524	0.0263459228292967	0.116738187263897	0.225452473317227	0.821627294386239	0.999831983216163
ENSMUSG00000085730	23.1811429127219	-0.024658059365065	0.0972973344515981	-0.25434891825839	0.799226010770442	0.999831983216163
ENSMUSG00000086290	407.99013763309	0.169582364739182	0.105922296284526	1.60065804601063	0.109452678207479	0.999831983216163
ENSMUSG00000087513	18.3472140619289	-0.100205045104132	0.0841608917627523	-1.23583087312211	0.216521436511461	0.999831983216163
ENSMUSG00000138136	14.1183243676237	-0.0662696972549005	0.0832611447925821	-0.811729098240858	0.416947093732247	0.999831983216163
ENSMUSG00000054885	217.590637207182	-0.0162917462147697	0.116712376326277	-0.139620503630917	0.888959839748835	0.999831983216163
ENSMUSG00000084761	40.3875173061512	0.131833258140419	0.110868515436311	1.18026543509315	0.237894660941727	0.999831983216163
ENSMUSG00000123611	182.980813691089	0.107569439838008	0.119141570171485	0.902290352615107	0.366902649025565	0.999831983216163
ENSMUSG00000134457	24.565663565239	-0.0114289243188573	0.0980159128638513	-0.116845548371073	0.906982448558399	0.999831983216163
ENSMUSG00000087698	12.099882250033	0.0019839968176143	0.0749731660075158	0.0264316110147476	0.978913081008686	0.999831983216163
ENSMUSG00000097620	44.184672361538	0.0305064229349106	0.113500032408009	0.268384142375599	0.788403644465591	0.999831983216163
ENSMUSG00000125611	11.9981522924101	0.0330175591246136	0.0739864733011292	0.439703587111971	0.660151804211007	0.999831983216163
ENSMUSG00000143750	28.0219699511674	0.0210949674358346	0.101732423405605	0.207029831077496	0.835986561331447	0.999831983216163
ENSMUSG00000096221	99.9245943145926	0.0398713011853459	0.121746997917856	0.32718406888115	0.743528669574882	0.999831983216163
ENSMUSG00000054514	35.1210555014404	0.0364062293620968	0.105994110214288	0.342126479785395	0.732255710576154	0.999831983216163
ENSMUSG00000087381	697.000369453268	-0.0466317725109403	0.108636656798488	-0.429295257221714	0.667708367899204	0.999831983216163
ENSMUSG00000126264	15.66073787165	0.0349173369577011	0.0834387157962677	0.414412421124141	0.678572093784921	0.999831983216163
ENSMUSG00000139935	615.647037954795	-0.0384927613517652	0.111193487727571	-0.346240036483148	0.729162328550372	0.999831983216163
ENSMUSG00000139891	2172.65288962905	-0.0280937476711649	0.108046467013917	-0.260051000778066	0.794824433553493	0.999831983216163
ENSMUSG00000130811	10.3267087846122	0.0465026186119245	0.0727777444002747	0.631712946471772	0.52757446672134	0.999831983216163
ENSMUSG00000130848	16.3254317581364	0.0960364973135299	0.0856626760640906	1.10045623079931	0.271133390025291	0.999831983216163
ENSMUSG00000120544	33.376610019373	0.183741421007069	0.105624731979715	1.7138894987035	0.0865490220454804	0.999831983216163
ENSMUSG00000091021	18.9698670249358	-0.0246269086235074	0.0889907400531968	-0.277544735396006	0.781361860546097	0.999831983216163
ENSMUSG00000088990	10.5181175478729	0.00523311071197872	0.0744582020014169	0.0701699008635718	0.944058430886446	0.999831983216163
ENSMUSG00000047281	70.2368512666749	0.0255237166320614	0.115418726743757	0.220602788119694	0.825401729939513	0.999831983216163
ENSMUSG00000070997	16.1571310830791	0.110793304217606	0.0852506611113566	1.27346249196997	0.202853974190822	0.999831983216163
ENSMUSG00000086284	11.6390628459844	-0.00930496880005013	0.0769175952203278	-0.121290128069346	0.903461238950082	0.999831983216163
ENSMUSG00000070729	428.706209133412	0.191356223166338	0.110761184865767	1.72599075819948	0.0843490753944544	0.999831983216163
ENSMUSG00000085389	180.369866527972	-0.11841296245185	0.118863728871652	-0.996772279256306	0.318875056607181	0.999831983216163
ENSMUSG00000085517	21.1771980431168	-0.0666889185713527	0.093969908847154	-0.719203712976077	0.472015412005682	0.999831983216163
ENSMUSG00000023120	32.0477452875915	0.139920992613228	0.101299706621541	1.35887329310529	0.174186743054149	0.999831983216163
ENSMUSG00000125770	13.1419516644738	0.0532773626647967	0.0761209466213524	0.690977805128923	0.489579489060054	0.999831983216163
ENSMUSG00000073752	40.5458005832652	0.112726562012599	0.109643678715995	1.01900091056074	0.308202534240873	0.999831983216163
ENSMUSG00000125729	15.029259538166	0.0132552051391506	0.0784895010349708	0.167845714836686	0.866704657389586	0.999831983216163
ENSMUSG00000142703	27.7678104316486	-0.0918764489439713	0.101537771279083	-0.916252856600686	0.359534288237877	0.999831983216163
ENSMUSG00000142655	23.3713816551761	0.0133841405773389	0.0976722179293976	0.136773382176544	0.891209923833317	0.999831983216163
ENSMUSG00000085875	153.584351599409	-0.0101000824917227	0.120730383985062	-0.0836898413574213	0.933303034231922	0.999831983216163
ENSMUSG00000082515	14.9432399148958	-0.0913096341456519	0.0824524251225911	-1.14183690898856	0.253521817374895	0.999831983216163
ENSMUSG00000085009	22.5199615145443	-0.117731730842974	0.0959041165463314	-1.25412850381545	0.209795301486968	0.999831983216163
ENSMUSG00000127251	331.533192137046	0.121570315045034	0.118474758689969	1.02480118199798	0.305457008588228	0.999831983216163
ENSMUSG00000081772	12.3022480362725	-0.0673313362166533	0.0769739953964206	-0.90067827922741	0.367759400677627	0.999831983216163
ENSMUSG00000070610	49.4382862795955	0.000529168437966452	0.115303021971429	0.00459000661413162	0.996337717448199	0.999831983216163
ENSMUSG00000120660	42.2183904128811	0.106574796516793	0.109363561836278	0.965832069922813	0.334128218225284	0.999831983216163
ENSMUSG00000136750	58.2248752572964	-0.0689800402161471	0.11547479911393	-0.599039067783924	0.549146832567152	0.999831983216163
ENSMUSG00000045672	934.937765493789	0.0505126649385446	0.103854800538202	0.486314866288954	0.626743940504954	0.999831983216163
ENSMUSG00000043333	27.1563801411676	-0.127429531035621	0.101987284982235	-1.26948376964981	0.2042685756478	0.999831983216163
ENSMUSG00000050213	637.72845992763	-0.103475498107173	0.10318223712808	-1.00300796908538	0.315857016263374	0.999831983216163
ENSMUSG00000028246	2264.44741180011	-0.0675265930994637	0.0977191963032236	-0.691173861670465	0.489456287854345	0.999831983216163
ENSMUSG00000029062	3006.9138433642	0.0257066634483082	0.0918031684716193	0.280012276165126	0.779468086476221	0.999831983216163
ENSMUSG00000028793	4026.14497322501	0.0185704973140947	0.0792552518208923	0.234311051425787	0.81474350691216	0.999831983216163
ENSMUSG00000056596	3383.46664568896	0.0632088948954947	0.091561756215941	0.69027049599628	0.490024098215436	0.999831983216163
ENSMUSG00000028518	1494.12867943392	-0.00945763816789224	0.0921540268031154	-0.102632870549208	0.918254353660678	0.999831983216163
ENSMUSG00000023232	825.548374536348	-0.152624386435181	0.10835009739163	-1.40936887546707	0.158726122400855	0.999831983216163
ENSMUSG00000059810	1406.1143465961	-0.0440131559482711	0.0905139987198089	-0.486260971828833	0.626782146726464	0.999831983216163
ENSMUSG00000043155	41.784372560209	0.0985348952452651	0.111884599909555	0.87530707301599	0.381406846654373	0.999831983216163
ENSMUSG00000044730	988.290737306882	0.039923774004111	0.095733441196219	0.416994540325167	0.676682401160748	0.999831983216163
ENSMUSG00000049649	201.185163717841	-0.0802036639986492	0.121456975326647	-0.661422769197039	0.508341227923787	0.999831983216163
ENSMUSG00000028950	68.6369309655176	0.0125106347377565	0.119726859343926	0.104459217580496	0.916804930825694	0.999831983216163
ENSMUSG00000070637	72.1972278637708	0.133886010537248	0.120271992743575	1.10982099302796	0.267076171175347	0.999831983216163
ENSMUSG00000028884	417.973498659131	0.0576605465965239	0.105977213551078	0.544057710492875	0.586401760428765	0.999831983216163
ENSMUSG00000040659	2851.81437639059	0.153151652351079	0.0863297968481997	1.77371289251532	0.0761106527929076	0.999831983216163
ENSMUSG00000078721	11.3802001632813	0.00979847217322528	0.0755766036365324	0.129380106651239	0.897056887963879	0.999831983216163
ENSMUSG00000108398	21.3524291951917	-0.0109530345365701	0.0931393358726324	-0.117638595180335	0.906354022723466	0.999831983216163
ENSMUSG00000028417	10.7156999504566	-0.0126212322303905	0.0744220018783452	-0.17032004758567	0.864758445908744	0.999831983216163
ENSMUSG00000028441	42.8848638287049	0.0267825691455138	0.112322694519187	0.237984457845762	0.811893148779818	0.999831983216163
ENSMUSG00000042707	71.5053726699231	0.105852716057591	0.119798128215757	0.881372230489455	0.378116382841079	0.999831983216163
ENSMUSG00000028886	1384.363745967	-0.058615983637093	0.0983176054198269	-0.596250865735565	0.551007649582746	0.999831983216163
ENSMUSG00000034042	1635.90614773605	-0.101168995019406	0.0901607079858549	-1.12219805020836	0.261778241486687	0.999831983216163
ENSMUSG00000028689	318.799997163306	-0.0283282207248045	0.117168289659659	-0.241751302874494	0.80897287439627	0.999831983216163
ENSMUSG00000040706	20.6150038611986	0.0835957447960198	0.0938190744907071	0.881859092789132	0.377853010997213	0.999831983216163
ENSMUSG00000017264	2256.15159670251	0.00936776829970743	0.0867499459747818	0.107984122736161	0.914008286778988	0.999831983216163
ENSMUSG00000042489	19.2103115355033	-0.11980289186073	0.0835474890597289	-1.50441392811909	0.132474820218096	0.999831983216163
ENSMUSG00000038816	1769.04123896786	-0.0341490066517165	0.0912102943267465	-0.374400411774591	0.708106436634829	0.999831983216163
ENSMUSG00000028607	337.55290979174	-0.0596113807488902	0.110714653212012	-0.538420215111991	0.590286973353096	0.999831983216163
ENSMUSG00000005994	13.464960998835	-0.0135995966950543	0.0782463852825521	-0.174643459781857	0.861359797367516	0.999831983216163
ENSMUSG00000078515	3028.48977884708	-0.0382277873508686	0.0902332430042847	-0.423685904044435	0.671794896602273	0.999831983216163
ENSMUSG00000028461	1006.85837775744	0.0540556106244705	0.0929672247539303	0.581421339635203	0.56095651865479	0.999831983216163
ENSMUSG00000057572	600.907726142388	0.0212679853214393	0.100119043646045	0.212420398541339	0.8317790731498	0.999831983216163
ENSMUSG00000041241	1618.05268693781	-0.0592656268656086	0.0864586044276144	-0.685490043890475	0.49303474109638	0.999831983216163
ENSMUSG00000028920	1677.65644808041	-0.0209266799692296	0.0869225291126861	-0.240755973080182	0.809744254369133	0.999831983216163
ENSMUSG00000029075	46.2258531889587	-0.0158604202161188	0.109260519816251	-0.145219352275872	0.884537686988947	0.999831983216163
ENSMUSG00000039853	33.3447959464498	-0.0809756884326375	0.107092717668393	-0.761806083985418	0.4461757487179	0.999831983216163
ENSMUSG00000047613	541.95144679757	0.0465490187125371	0.111447798369325	0.417555815673066	0.676271907309226	0.999831983216163
ENSMUSG00000048747	215.963686350447	-0.180209937858053	0.118269149837827	-1.52542065502942	0.127154210144579	0.999831983216163
ENSMUSG00000029016	3679.4457364199	0.141636149925101	0.0834597248745539	1.6968537237598	0.0897243188121973	0.999831983216163
ENSMUSG00000028936	3420.00051614107	0.0499898660442004	0.0830726327811604	0.60173677194659	0.547349368666303	0.999831983216163
ENSMUSG00000028901	817.062124377081	-0.110944111095844	0.104162869360164	-1.06532338403839	0.286729614359719	0.999831983216163
ENSMUSG00000052407	115.644153258808	-0.050331825597298	0.121767867458315	-0.413711687577701	0.679085266593779	0.999831983216163
ENSMUSG00000073700	626.041135975804	-0.0683185796204088	0.098982913592569	-0.690230793734592	0.490049061192917	0.999831983216163
ENSMUSG00000044813	113.723780562009	0.0288367885125073	0.121710903647084	0.236725070537558	0.812870084211298	0.999831983216163
ENSMUSG00000028869	2508.70286834708	0.0613293206640238	0.0848984523916849	0.72233964287524	0.470085685485904	0.999831983216163
ENSMUSG00000012117	2339.26331015116	0.011586761968156	0.0838934155362246	0.138110753124918	0.890152887456768	0.999831983216163
ENSMUSG00000048485	108.117624758092	0.0193726298696081	0.12160625803366	0.159198556549385	0.873512441066636	0.999831983216163
ENSMUSG00000041000	6743.9242277516	-0.0379577355387745	0.105360329702258	-0.360332297359364	0.718598649417992	0.999831983216163
ENSMUSG00000028671	362.390209570251	0.0806973892701204	0.111677926685535	0.722276786173102	0.470124322148554	0.999831983216163
ENSMUSG00000028212	856.869117151398	-0.056611149107795	0.103011873843846	-0.549683311848743	0.582536605001895	0.999831983216163
ENSMUSG00000033253	2182.97178859418	-0.0498479760732004	0.0873126055529938	-0.570937144234303	0.568042251130176	0.999831983216163
ENSMUSG00000028601	503.640503513463	0.180485910202569	0.109364236552386	1.64891111817033	0.0991658450449115	0.999831983216163
ENSMUSG00000043411	6049.18879156074	0.00748666996816095	0.0796836377985726	0.0939547274169076	0.925145119872692	0.999831983216163
ENSMUSG00000073684	945.167712620217	0.104322174024481	0.10552315139048	0.988127643369989	0.323090138994525	0.999831983216163
ENSMUSG00000028896	346.735408682955	-0.0446333730244091	0.110945211296519	-0.402378586585713	0.687405426755582	0.999831983216163
ENSMUSG00000045083	223.294762218552	0.174593029850949	0.120987795457148	1.44003326032803	0.149857989284305	0.999831983216163
ENSMUSG00000063172	291.584503294356	-0.0256008203798204	0.113561704331972	-0.225498736928794	0.821591307854582	0.999831983216163
ENSMUSG00000028522	2282.97777268625	-0.0542641822691888	0.0882235969147055	-0.615112602328755	0.5384803599978	0.999831983216163
ENSMUSG00000028832	6477.19988082283	0.121280300809406	0.0879265489519559	1.37906825433183	0.167873710603462	0.999831983216163
ENSMUSG00000042388	3023.05609932929	-0.0536852853383235	0.0966855605939037	-0.555316987311874	0.578677861605577	0.999831983216163
ENSMUSG00000039634	445.696999340927	0.0737199381393458	0.109945327365359	0.670445125262696	0.502574076603612	0.999831983216163
ENSMUSG00000028617	682.609809568326	-0.0697831877730304	0.0987371336022206	-0.706748461689565	0.47972280766238	0.999831983216163
ENSMUSG00000009863	3768.52436604478	0.0334805346664859	0.0890962372533147	0.375756808956435	0.70709770003851	0.999831983216163
ENSMUSG00000040928	1933.68117141126	0.0127832606068457	0.0856952720468187	0.149168742325148	0.881420484015605	0.999831983216163
ENSMUSG00000028563	1039.89108298974	0.073759132788235	0.0928820463192954	0.79409138033665	0.42714223526988	0.999831983216163
ENSMUSG00000040569	283.552788508589	-0.16679538306822	0.115282281679542	-1.44756221382699	0.147739525256897	0.999831983216163
ENSMUSG00000059713	4533.82633356018	0.0148923334733161	0.0794315716368616	0.187485102482073	0.851280303087385	0.999831983216163
ENSMUSG00000028643	188.594581690458	0.0876991445412936	0.118299727344344	0.740904922912458	0.458751090381321	0.999831983216163
ENSMUSG00000040859	2154.34647412622	0.0681417477335273	0.0832150720243873	0.818839202595666	0.41287816099239	0.999831983216163
ENSMUSG00000033423	1532.43434691257	0.0103550114776258	0.0911942985264035	0.11354536979075	0.909598195737734	0.999831983216163
ENSMUSG00000036995	319.462512716799	0.00351031448873885	0.113547166930512	0.0309135561605529	0.975338478837905	0.999831983216163
ENSMUSG00000032643	33.3084814009046	-0.17912951163891	0.106896774792512	-1.70615579753854	0.0879790761334603	0.999831983216163
ENSMUSG00000028976	36.3260802285461	0.116135957584131	0.107862156673369	1.06737597633965	0.285802092222625	0.999831983216163
ENSMUSG00000040372	2394.40898563177	-0.0563010698132476	0.106412193847534	-0.529233376106032	0.596643566251835	0.999831983216163
ENSMUSG00000078486	207.743334497169	0.000577922209929639	0.117221716038874	0.00493042681059532	0.996066104507913	0.999831983216163
ENSMUSG00000028575	62.0486428415202	0.0572573674782301	0.118567041251513	0.482122740020906	0.629718756628549	0.999831983216163
ENSMUSG00000040455	3078.33102515088	0.0454486897453641	0.0934241292054879	0.48644572421536	0.626651178423208	0.999831983216163
ENSMUSG00000040536	1546.93494512103	0.021136390038273	0.0982897764231063	0.215037789998519	0.829737855520599	0.999831983216163
ENSMUSG00000028636	207.041183976068	0.159402888212775	0.118273266065012	1.34666285302765	0.17808884123471	0.999831983216163
ENSMUSG00000015247	226.863867673353	-0.149632645695999	0.118741367323943	-1.26148774277164	0.207133173366906	0.999831983216163
ENSMUSG00000028577	2092.1852897023	0.00185879885607172	0.0909199102448496	0.0204456162129396	0.98368789496863	0.999831983216163
ENSMUSG00000037139	16.632145355307	-0.0834374617188863	0.0825664065741749	-1.04227775756094	0.297282921474883	0.999831983216163
ENSMUSG00000028948	713.255949732088	-0.0539324630571464	0.101807467686534	-0.529746626483956	0.596287615422683	0.999831983216163
ENSMUSG00000050890	703.476005611446	0.0787416130673574	0.101964982185814	0.772206255740923	0.439992276999008	0.999831983216163
ENSMUSG00000047675	6236.29773203124	0.144820123602651	0.0894656056063256	1.61830026293101	0.105597904066887	0.999831983216163
ENSMUSG00000070737	139.387768912245	0.0019132056323157	0.121206248908559	0.0157795191061367	0.987410287789325	0.999831983216163
ENSMUSG00000063446	53.6430026786854	-0.0300347855658006	0.105419361324512	-0.285974329251876	0.774897783133827	0.999831983216163
ENSMUSG00000040740	354.662443922964	0.0941417720596754	0.119783129321452	0.784697524362356	0.432630934630522	0.999831983216163
ENSMUSG00000028788	3737.04781819682	0.0707719373449268	0.0817312965460267	0.865862548516618	0.3865655432342	0.999831983216163
ENSMUSG00000028785	1626.29441708605	-0.0455854313169514	0.0868579050374157	-0.524841203059602	0.599693585856394	0.999831983216163
ENSMUSG00000028495	5670.64146506358	0.114154655759791	0.0884326298870073	1.29062360274477	0.196834227503255	0.999831983216163
ENSMUSG00000049488	472.27026877854	0.0973667502749571	0.10932898831216	0.890351641711303	0.373277099915113	0.999831983216163
ENSMUSG00000028398	518.077700435341	-0.0698960868307676	0.102478317058855	-0.682077858232427	0.495189720540031	0.999831983216163
ENSMUSG00000036002	1018.67483048724	-0.0341776348030916	0.0921952626540039	-0.370704172425416	0.710857882279688	0.999831983216163
ENSMUSG00000045751	56.5750453165591	-0.072093193350015	0.117788388005246	-0.613671838353859	0.539432201453994	0.999831983216163
ENSMUSG00000053841	2642.4545847839	-0.0703926820747539	0.0842760540453655	-0.83530681591658	0.403544980747889	0.999831983216163
ENSMUSG00000009640	972.411876045948	0.0141782105520552	0.0937046677772124	0.151311722880077	0.879729822233603	0.999831983216163
ENSMUSG00000024793	31.4557646537938	0.0511474961328397	0.10190125377101	0.499368113669109	0.617520078251268	0.999831983216163
ENSMUSG00000028907	803.632989993306	-0.0502611072009243	0.0973896875441302	-0.516068222248654	0.605806761546432	0.999831983216163
ENSMUSG00000028243	1246.43523617494	-0.0757572557647598	0.0955775606210739	-0.792720773419649	0.427940524473843	0.999831983216163
ENSMUSG00000048706	216.268060453111	0.151461401983618	0.119414770603862	1.26668705196775	0.205267211593076	0.999831983216163
ENSMUSG00000028821	1941.62225033447	0.0591902802407426	0.0875053745395513	0.676398400946793	0.498787732231447	0.999831983216163
ENSMUSG00000028546	5501.39603332168	0.0111327593812337	0.0825709915395969	0.13482666616691	0.892748921785662	0.999831983216163
ENSMUSG00000028343	2292.9295431742	-0.132428686028943	0.086885417908411	-1.5243403088243	0.127423722786693	0.999831983216163
ENSMUSG00000028551	125.269518836271	0.0576361922286097	0.121473464991475	0.474271311756934	0.635306446428795	0.999831983216163
ENSMUSG00000055401	320.164585034742	0.025239800179483	0.111888066680415	0.225556745779232	0.821546185722538	0.999831983216163
ENSMUSG00000044018	1608.18219508444	0.00613170643158542	0.094627539255726	0.0647999550833558	0.94833327721514	0.999831983216163
ENSMUSG00000029007	612.068562012169	-0.0224741061573631	0.109715594422488	-0.204834816523781	0.837701184056493	0.999831983216163
ENSMUSG00000042333	31.3226450151315	-0.0231497385706978	0.104446865270306	-0.222035830493079	0.824285990716235	0.999831983216163
ENSMUSG00000029049	586.712725556661	0.115967291235462	0.106272699709884	1.09081209298679	0.275355574177913	0.999831983216163
ENSMUSG00000028519	3450.06605048833	-0.0355312817443414	0.0869023285128576	-0.408887041813999	0.682622558984427	0.999831983216163
ENSMUSG00000028850	205.486235957236	0.0486660390221038	0.117584867596317	0.413687887229627	0.679102699073134	0.999831983216163
ENSMUSG00000028708	926.127725484285	0.0394426588219021	0.093594498494221	0.421419860962475	0.673448518839579	0.999831983216163
ENSMUSG00000028848	247.348057295266	-0.0800719903502242	0.114145446774713	-0.701545825629983	0.48296244668379	0.999831983216163
ENSMUSG00000050141	41.0516475054976	-0.009301159475683	0.104946983786655	-0.0888140108929825	0.929229722613286	0.999831983216163
ENSMUSG00000059423	1218.5331953989	-0.056754807225567	0.0939583643107901	-0.604060347258106	0.545803521249908	0.999831983216163
ENSMUSG00000028879	5475.29835790503	0.14004908071566	0.0836447051349874	1.67407713361356	0.0941154410978794	0.999831983216163
ENSMUSG00000032998	2378.54579333492	-0.0166291874545687	0.102464847624416	-0.162299559915426	0.871069961222492	0.999831983216163
ENSMUSG00000090053	122.240629075252	-0.0968370693888604	0.12150557423844	-0.799560967097523	0.423965210080726	0.999831983216163
ENSMUSG00000037692	2498.3149394318	-0.0518574858915817	0.090708530326485	-0.571724368744245	0.567508722521317	0.999831983216163
ENSMUSG00000041058	3726.89536128309	-0.0454686625877873	0.0935234979613063	-0.486231881149152	0.626802769762201	0.999831983216163
ENSMUSG00000003644	3537.93216379287	-0.0405243456886206	0.0996827366299072	-0.406574127064311	0.684320803147923	0.999831983216163
ENSMUSG00000078713	613.698202223421	0.0789381465610157	0.107905321687485	0.731343997153763	0.464569062985107	0.999831983216163
ENSMUSG00000028795	2223.08927452672	-0.144368406771502	0.101176167588823	-1.42752975350385	0.153427255277381	0.999831983216163
ENSMUSG00000039546	698.381024820869	0.0202077565479398	0.099961130718295	0.202166353932566	0.83978667567746	0.999831983216163
ENSMUSG00000057751	95.3105822998767	-0.0365820987340798	0.121455428093032	-0.301642469598427	0.762924629011988	0.999831983216163
ENSMUSG00000028411	875.695026237048	0.0270535948882955	0.0946788616447309	0.285736541192935	0.775079915142867	0.999831983216163
ENSMUSG00000041272	72.1146248828961	0.167849417569555	0.113812813416088	1.46044814605935	0.144166948859116	0.999831983216163
ENSMUSG00000028416	2340.64057563568	0.00094234700366795	0.0842779213139606	0.0111821063142722	0.991078155945462	0.999831983216163
ENSMUSG00000028820	12452.3259128854	-0.121795575634402	0.076101664769041	-1.60058157485735	0.109469625877242	0.999831983216163
ENSMUSG00000070605	29.245313676347	0.0370235991093334	0.102935706619613	0.358418758331814	0.720029955757019	0.999831983216163
ENSMUSG00000045854	33.3451394890347	0.0806974567757226	0.106856650059386	0.750193433142786	0.453138213284834	0.999831983216163
ENSMUSG00000007613	846.74759322317	-0.0141179736785497	0.0960333566252549	-0.147015764041824	0.883119577615521	0.999831983216163
ENSMUSG00000028277	5408.48373985268	0.0079936356532664	0.079667431262344	0.100337642601037	0.920076273795106	0.999831983216163
ENSMUSG00000041120	2162.32667316553	0.0107898456996049	0.0984218327494685	0.10962213145113	0.912709058076567	0.999831983216163
ENSMUSG00000053510	6420.66160112723	-0.104841456325504	0.0816122125363275	-1.28475935727819	0.198876388869385	0.999831983216163
ENSMUSG00000096351	17.8323282826418	0.0227970963824481	0.0882603779321798	0.257398171378583	0.796871414372551	0.999831983216163
ENSMUSG00000039158	187.618458183385	0.0543950125962123	0.12132292641682	0.447984237739035	0.654164572297941	0.999831983216163
ENSMUSG00000028452	6217.5619698893	0.00411388552724756	0.0816404592610999	0.0503909617031809	0.959810838753748	0.999831983216163
ENSMUSG00000050323	281.311991049242	0.0525514379636044	0.112556823281541	0.466800872796973	0.640642351350999	0.999831983216163
ENSMUSG00000028558	57.1777398787669	0.0331481060901493	0.117886526660785	0.280862163522955	0.778816122099834	0.999831983216163
ENSMUSG00000073987	895.872874439154	0.0324233094109712	0.0930119869658904	0.348595300146766	0.727393156610986	0.999831983216163
ENSMUSG00000034401	318.929536218229	0.0981717403642756	0.110422224747898	0.888968196990648	0.374020172020989	0.999831983216163
ENSMUSG00000006699	11923.9457345448	-0.0506998970920868	0.0828511458476186	-0.611977188207917	0.540552850414526	0.999831983216163
ENSMUSG00000028909	1272.36709743981	0.152247428850432	0.0935173106796014	1.62764321314522	0.103600560601385	0.999831983216163
ENSMUSG00000006586	802.857277726293	-0.0709028612919029	0.108504114316654	-0.653718060725073	0.513293465202432	0.999831983216163
ENSMUSG00000028702	143.294015049174	-0.0224232243701391	0.120811721533578	-0.18564353303189	0.852724312499808	0.999831983216163
ENSMUSG00000042608	1674.2086194807	-0.0025087863730913	0.0858170190877539	-0.0292332273840365	0.97667858093101	0.999831983216163
ENSMUSG00000006392	928.324960179039	-0.0656910462371313	0.0956039362688285	-0.687144261306885	0.491991824709432	0.999831983216163
ENSMUSG00000039774	32.3470590337505	0.1591633046342	0.106163570643782	1.4812150390026	0.138549279924313	0.999831983216163
ENSMUSG00000028865	45.6848058439396	0.0133812418390739	0.110941912706816	0.12059925892259	0.9040084558533	0.999831983216163
ENSMUSG00000028673	1034.3681415692	-0.0369221910955074	0.0990876103249719	-0.372616024678301	0.709434244461167	0.999831983216163
ENSMUSG00000028261	1666.71660923027	-0.0466351282609532	0.0910439060787499	-0.51225885496083	0.608469857236868	0.999831983216163
ENSMUSG00000028645	4901.87306680998	-0.0947175911251011	0.0956073658557889	-0.990927702882606	0.3217208839839	0.999831983216163
ENSMUSG00000028626	426.19507685151	-0.173306365482363	0.108148325626343	-1.60278042460046	0.108983140127974	0.999831983216163
ENSMUSG00000065990	1514.50672440383	0.055313919280777	0.0945132217085203	0.585194746762301	0.558416776759403	0.999831983216163
ENSMUSG00000028756	13505.260433685	0.124109407738535	0.0769094146208647	1.61354193138729	0.106626821035254	0.999831983216163
ENSMUSG00000035615	613.681592748565	0.160391390294318	0.107686457553837	1.48850406091093	0.136618012003521	0.999831983216163
ENSMUSG00000028621	148.892434542124	-0.0165865054352978	0.120158123726227	-0.13806079661824	0.890192368773547	0.999831983216163
ENSMUSG00000040410	698.228305940489	0.176765768855447	0.0997344468318324	1.77201407322024	0.0763922211351785	0.999831983216163
ENSMUSG00000058006	2868.81348279825	-0.0623646016834485	0.100797336270987	-0.618872615607032	0.536000279963321	0.999831983216163
ENSMUSG00000028328	1391.71779528117	-0.159913679289238	0.109539157671894	-1.46121242364881	0.143957154633029	0.999831983216163
ENSMUSG00000047143	14.1050953632278	0.0370646501980661	0.081424135046508	0.45036355483751	0.652448319381159	0.999831983216163
ENSMUSG00000028717	82.0507890412987	0.0804763335086393	0.111426514014672	0.717908184080505	0.47281390132551	0.999831983216163
ENSMUSG00000028716	12.3593012147959	0.042854732497452	0.0781000620896981	0.541580130603566	0.588107782709727	0.999831983216163
ENSMUSG00000029053	8043.16501655244	-0.0164616807037692	0.0830331442785421	-0.198256311422198	0.842844531605184	0.999831983216163
ENSMUSG00000029050	9180.48652975202	-0.0786880373095017	0.0943542203074259	-0.834129823801715	0.404207830735123	0.999831983216163
ENSMUSG00000037348	2240.75923021836	0.1525825308866	0.0880742453471362	1.73215471543242	0.0832460193919693	0.999831983216163
ENSMUSG00000029028	960.606706934089	0.0139717301197583	0.0924379648599302	0.151150416103214	0.879857063017341	0.999831983216163
ENSMUSG00000039611	1665.27773566012	0.0848172646078532	0.0964311211948883	0.879424453009202	0.379171178395186	0.999831983216163
ENSMUSG00000028974	1337.23397567777	0.0185461016320869	0.0895533569404217	0.207094615827869	0.835935966900651	0.999831983216163
ENSMUSG00000073755	2261.37788269298	0.035595045258881	0.107831112850024	0.330028719478247	0.741378261744905	0.999831983216163
ENSMUSG00000040945	2347.38480632086	0.00895796833768994	0.0856948846324387	0.104532714000797	0.916746608460325	0.999831983216163
ENSMUSG00000029030	2143.95251565803	0.0315951427490008	0.0891682766696741	0.354324125275266	0.723095989668347	0.999831983216163
ENSMUSG00000037752	290.335336130292	0.0632883327125269	0.114818040471528	0.55112379596558	0.58154881405877	0.999831983216163
ENSMUSG00000095567	2051.44441213688	0.03439255963242	0.0869283766792548	0.395623562903135	0.692382751751431	0.999831983216163
ENSMUSG00000028911	897.849805428357	-0.0159995834751057	0.0925971933218029	-0.172786690100529	0.862819099444261	0.999831983216163
ENSMUSG00000066036	7845.04075248854	-0.0195090405339086	0.084714525647875	-0.23029837278062	0.817859924966076	0.999831983216163
ENSMUSG00000028420	461.459208501082	0.0920720485156994	0.103842293182253	0.886557396801594	0.37531723949266	0.999831983216163
ENSMUSG00000038172	4923.72459285462	0.098639156729558	0.0911033001276846	1.08253147148036	0.279016438999855	0.999831983216163
ENSMUSG00000028614	1068.17701662686	0.0384018391330092	0.0937156169102691	0.409762621126634	0.681980088452635	0.999831983216163
ENSMUSG00000028967	2150.23163448407	-0.0784542714033893	0.10227588300703	-0.767269911358205	0.442921053996064	0.999831983216163
ENSMUSG00000040270	586.518211648058	0.068975706010897	0.106450850699166	0.642190057959031	0.520749787492131	0.999831983216163
ENSMUSG00000039523	1856.69087998089	-0.050126522280457	0.0872897732640297	-0.57428358712575	0.565775913892686	0.999831983216163
ENSMUSG00000028603	3671.7713587604	0.0532471880233917	0.087591487120099	0.607868584170652	0.543274637177004	0.999831983216163
ENSMUSG00000028573	261.727714901887	0.107286484959312	0.115496756813828	0.928596889080876	0.353098034688819	0.999831983216163
ENSMUSG00000057637	3226.30296484624	-0.0214514252020769	0.0855823941961555	-0.250660578599536	0.802076541484833	0.999831983216163
ENSMUSG00000078552	188.739107633885	-0.0515565434021825	0.121018586920735	-0.426101682842399	0.670033754009266	0.999831983216163
ENSMUSG00000028541	1031.08443958273	-0.140463492487291	0.096573142794656	-1.454669357547	0.145760819646608	0.999831983216163
ENSMUSG00000008305	948.092001868763	0.122259464986087	0.0947129356594267	1.29071476321333	0.196802603497058	0.999831983216163
ENSMUSG00000028703	583.890816665888	-0.0053862393732995	0.102335960190873	-0.0526326429844757	0.958024607666975	0.999831983216163
ENSMUSG00000035539	33.0756640767853	0.113468055272363	0.101751036551842	1.10409399836579	0.269552364442679	0.999831983216163
ENSMUSG00000028394	1198.95164921282	0.114505254303017	0.0891271326789261	1.28465232240973	0.198913806004403	0.999831983216163
ENSMUSG00000028463	234.572746261742	-0.0415761387581482	0.11996855065236	-0.34658912461234	0.72890001736705	0.999831983216163
ENSMUSG00000003411	350.847395490293	0.101035870300065	0.111193750789383	0.908545985255177	0.363589829644846	0.999831983216163
ENSMUSG00002076083	1292.69763033969	0.00094530810945544	0.104918008174048	0.00901049399610067	0.992810763236596	0.999831983216163
ENSMUSG00000014592	14064.9661534964	0.0685819549533513	0.096188229638684	0.712852213554558	0.475937211960496	0.999831983216163
ENSMUSG00000028798	2139.40148764003	0.048530501026204	0.0929065256756676	0.522314114419261	0.601451643480487	0.999831983216163
ENSMUSG00000034645	37.0292496301086	0.069066031031899	0.109952248444534	0.625029196415806	0.531951896024059	0.999831983216163
ENSMUSG00000078517	2606.5399796819	0.0880212842647394	0.0813305383933123	1.08221127381925	0.279158660151209	0.999831983216163
ENSMUSG00000039105	3395.33216813521	0.0154499575574433	0.0847788650567157	0.182236280588267	0.855397301887193	0.999831983216163
ENSMUSG00000028690	615.027535675503	-0.0504929442419097	0.109785232720262	-0.459977749617263	0.645532191475099	0.999831983216163
ENSMUSG00000028961	1167.82681737664	0.00955106893381333	0.0908884839731615	0.105084974048761	0.916308382256294	0.999831983216163
ENSMUSG00000040359	1830.86452073199	0.0111688370274768	0.0872286408952287	0.128041223343971	0.898116350004029	0.999831983216163
ENSMUSG00000028741	672.779706823051	-0.0436120188605399	0.100545878285092	-0.433733719329323	0.664481817602643	0.999831983216163
ENSMUSG00000029047	579.908019200125	-0.0970552238446732	0.101886414037045	-0.952590548221534	0.340797568011161	0.999831983216163
ENSMUSG00000028583	382.897443483316	-0.14000576932025	0.108011496889932	-1.29628737860277	0.194876495276396	0.999831983216163
ENSMUSG00000028221	1959.73302812685	0.0505571032987747	0.08647460027614	0.584633496275087	0.558794179796788	0.999831983216163
ENSMUSG00000078350	255.384448319473	0.0918193537174793	0.117655397981931	0.779974803872554	0.435405706011276	0.999831983216163
ENSMUSG00000023153	104.752155297805	-0.0921169342122576	0.120825320717509	-0.764580075727002	0.4445216371963	0.999831983216163
ENSMUSG00000028860	41.5955178438411	-0.143451281949125	0.110674652481821	-1.3108847233795	0.189896712814921	0.999831983216163
ENSMUSG00000028468	1154.31262415072	-0.102838526183853	0.107593605784137	-0.956206046269881	0.338968145841422	0.999831983216163
ENSMUSG00000034926	1517.806697602	-0.113355071081168	0.09152438894789	-1.23863949694131	0.215479034173606	0.999831983216163
ENSMUSG00000028833	14373.9779320315	0.0413593650568534	0.0846701251919417	0.488447392928555	0.625232979595019	0.999831983216163
ENSMUSG00000028651	264.927092530168	-0.024787221859332	0.112921457065467	-0.219521696273081	0.826243680827146	0.999831983216163
ENSMUSG00000028517	7516.944909608	-0.105034629995301	0.0801753775178583	-1.31018546232212	0.190133102509712	0.999831983216163
ENSMUSG00000046862	971.734416777329	0.0214872040239179	0.0944514952413414	0.22748422960146	0.820047230768327	0.999831983216163
ENSMUSG00000028946	1494.8981292027	0.0486796892535039	0.0975338977738474	0.499067667055998	0.617731714601242	0.999831983216163
ENSMUSG00000028334	489.877261085586	-0.0653221547604464	0.103934440591093	-0.628504069300522	0.529673781735673	0.999831983216163
ENSMUSG00000033379	1196.13118216086	-0.000589410648364212	0.102134954454899	-0.00577001633417622	0.995396218597078	0.999831983216163
ENSMUSG00000028345	732.853793224314	0.105042407658025	0.0976852197831813	1.07520136557201	0.282284584191508	0.999831983216163
ENSMUSG00000047719	421.566703428278	-0.133370641407348	0.105781098481056	-1.26092062990257	0.207337444665009	0.999831983216163
ENSMUSG00000041153	1393.99096478417	-0.0557458501464934	0.0873790304725505	-0.637991537405903	0.523479188879543	0.999831983216163
ENSMUSG00000028358	193.697593514988	0.0761881418869127	0.118623729510613	0.642070052295232	0.520827699655628	0.999831983216163
ENSMUSG00000028289	955.819978565448	-0.0958220626358863	0.10088100592156	-0.950092450569044	0.342065278871184	0.999831983216163
ENSMUSG00000036622	3270.6670787709	0.0691602132199758	0.0886589179055115	0.779986897275094	0.435398587606564	0.999831983216163
ENSMUSG00000037553	1511.53221140844	0.0805892688307162	0.0929994736315759	0.866428867463648	0.38625501902076	0.999831983216163
ENSMUSG00000089687	28.5322229646969	0.091000748741262	0.103172662777189	0.874336754443571	0.38193488895247	0.999831983216163
ENSMUSG00000061298	55.4694065976983	0.112477268698775	0.115509189813922	0.969648702551874	0.332221628037929	0.999831983216163
ENSMUSG00000028837	1905.19699014326	-0.0274213408704814	0.0903938986304109	-0.303356909896053	0.761617880270891	0.999831983216163
ENSMUSG00000028691	4799.31242294594	-0.0165227406155952	0.0900357142671006	-0.183519038221902	0.854390782101575	0.999831983216163
ENSMUSG00000037306	2072.05080760422	0.013200548692776	0.120165957243154	0.109772590760502	0.912589729054527	0.999831983216163
ENSMUSG00000043633	100.710211809694	0.0361527633558864	0.121836812021752	0.296547771902328	0.766811789923816	0.999831983216163
ENSMUSG00000028757	1822.73303527479	-0.00162954534888223	0.0868089182676671	-0.0187707056450893	0.985024023213327	0.999831983216163
ENSMUSG00000028423	4705.59597226608	0.000483502266915	0.0778444299267487	0.00621166918502109	0.995043836932599	0.999831983216163
ENSMUSG00000078496	287.055626195462	0.147570627467724	0.116861640727211	1.26195114225379	0.206966367581946	0.999831983216163
ENSMUSG00000028556	2249.1739645238	-0.056081356562879	0.0824557343967352	-0.680156255609938	0.496405527327879	0.999831983216163
ENSMUSG00000045573	2881.94608481373	0.114513922943487	0.0809088515104186	1.4152513021586	0.156994827601822	0.999831983216163
ENSMUSG00000035601	715.799605139864	-0.0945773630113843	0.0972013569653719	-0.973053035355871	0.33052694395923	0.999831983216163
ENSMUSG00000053317	413.353520596209	0.00957321938965437	0.11559011874096	0.0828215117553034	0.93399346398264	0.999831983216163
ENSMUSG00000039838	1438.34562716817	0.0180494434173768	0.0908801922857874	0.19859826091664	0.842577014101691	0.999831983216163
ENSMUSG00000028719	3097.73767719354	-0.0400649869246885	0.0839848577147154	-0.477070352490253	0.633312025418639	0.999831983216163
ENSMUSG00000040044	2456.78994009865	-0.0114724431737805	0.0824128761829174	-0.139208199874566	0.889285629034719	0.999831983216163
ENSMUSG00000049225	2709.7872868306	0.0304253907531758	0.0996084099266819	0.305430753622454	0.76003810209776	0.999831983216163
ENSMUSG00000046093	1764.02940500849	-0.0921632394038977	0.112829356467368	-0.81750237336169	0.413641393527627	0.999831983216163
ENSMUSG00000043962	5986.22807999682	0.0277702181345817	0.0849200650961393	0.327007202341788	0.743662437754916	0.999831983216163
ENSMUSG00000028980	577.120228122477	0.00725929220067471	0.106199206870329	0.0683465737277025	0.945509750305075	0.999831983216163
ENSMUSG00000014030	35.8072786342447	0.158505875255031	0.0876550376084625	1.76878772574075	0.0769293058649791	0.999831983216163
ENSMUSG00000028919	653.33151916501	0.13137483152735	0.097407091944287	1.34864378261432	0.177451410544415	0.999831983216163
ENSMUSG00000066042	100.454679576934	0.0822430825026989	0.121843224019836	0.673734628147697	0.500480042385089	0.999831983216163
ENSMUSG00000028565	4060.26496451616	-0.129152635598729	0.09253235481272	-1.39610059004719	0.162684206175582	0.999831983216163
ENSMUSG00000028868	1170.29169550325	-0.102611650676978	0.0976355947263998	-1.0510723125949	0.293225379259979	0.999831983216163
ENSMUSG00000028447	1417.19141811657	0.0259788041201076	0.0915402517309723	0.283789918949052	0.776571380565354	0.999831983216163
ENSMUSG00000041235	7529.4830031376	0.0607109844149681	0.0913177919515746	0.664749168847298	0.506210939414643	0.999831983216163
ENSMUSG00000028677	2523.04532802465	0.049562600446812	0.0849260144907729	0.583570262417759	0.559509472236188	0.999831983216163
ENSMUSG00000038070	826.212020552199	-0.0983120211541564	0.104846408251191	-0.938045569390139	0.348220992187759	0.999831983216163
ENSMUSG00000028840	27.2137139837994	0.0525040454371559	0.0981420561164776	0.532143605062704	0.594626538507379	0.999831983216163
ENSMUSG00000039936	404.792954655275	0.126491319069849	0.111747134773977	1.13124051862793	0.257953872109597	0.999831983216163
ENSMUSG00000046671	1440.46256972677	-0.0288949793107174	0.091382079006373	-0.316206422698264	0.751845833066153	0.999831983216163
ENSMUSG00000028637	350.72245776084	-0.0267749006170206	0.109370697133309	-0.24481759635815	0.806597668528389	0.999831983216163
ENSMUSG00000028549	212.327581103492	0.0588130549961215	0.117951612914505	0.49859628467698	0.61806382305384	0.999831983216163
ENSMUSG00000087385	256.421943552779	-0.0859716914420886	0.114063537966975	-0.753871805677613	0.450926201789417	0.999831983216163
ENSMUSG00000028871	14.945182971382	0.0949850060355246	0.0813813697023312	1.14800505735285	0.250966476061697	0.999831983216163
ENSMUSG00000028347	1464.91167762698	-0.0583767692064692	0.0983004568238511	-0.593952645749003	0.552543785870497	0.999831983216163
ENSMUSG00000029032	26.2083640615797	0.0486684595521108	0.100228209649369	0.482985944194484	0.629105716420562	0.999831983216163
ENSMUSG00000028295	442.555866859402	0.100435534301006	0.105836911663503	0.948906978173394	0.342667925141401	0.999831983216163
ENSMUSG00000028397	1494.31199311952	0.0425598803084744	0.0915418720547518	0.464919237125636	0.64198929380238	0.999831983216163
ENSMUSG00000028772	1865.33108603931	-0.0274022645978359	0.0924721621213438	-0.29634047407837	0.766970079419713	0.999831983216163
ENSMUSG00000074088	881.976957900805	-0.0642459196274859	0.0962312774060271	-0.667626226738973	0.504372212132532	0.999831983216163
ENSMUSG00000073802	11.6670302999493	-0.0710661390007377	0.0768877194053789	-0.949104433032946	0.342567499985611	0.999831983216163
ENSMUSG00000028736	17.8919835770338	0.0574820187763171	0.0358700783236416	1.73967895560596	0.0819154065775852	0.999831983216163
ENSMUSG00000045004	17.9092182547188	-0.0809482430203876	0.0903686917558828	-0.911070134769706	0.36225842111258	0.999831983216163
ENSMUSG00000039953	17680.1861008817	-0.0369638077684392	0.0922539775890415	-0.400708374053657	0.68863484471001	0.999831983216163
ENSMUSG00000028412	4747.13774223265	-0.0855028323103673	0.0802522404068652	-1.06549905845209	0.286650151441762	0.999831983216163
ENSMUSG00000050608	2349.99438946331	0.0428436107515687	0.086050379854087	0.49786744480353	0.618577474641577	0.999831983216163
ENSMUSG00000028284	3140.35687516768	-0.051929573536842	0.0805926879299943	-0.644367129251898	0.519337394551351	0.999831983216163
ENSMUSG00000028223	1037.0166500402	0.113925647490786	0.0913369406413585	1.24725007557313	0.212305816916963	0.999831983216163
ENSMUSG00000028776	306.531733770184	0.025239386752819	0.113720984268613	0.221871575211168	0.824413858748965	0.999831983216163
ENSMUSG00000029061	294.144403099994	0.1310099786763	0.114471953070576	1.14353327163055	0.252817248781231	0.999831983216163
ENSMUSG00000033985	432.538454631051	-0.0464361241225778	0.10498942532986	-0.442325902240987	0.658253389873222	0.999831983216163
ENSMUSG00000039911	854.575726663865	-0.108651290473971	0.102931219208036	-1.05574452366806	0.291084949733403	0.999831983216163
ENSMUSG00000046861	1994.09623880636	0.0465849821206857	0.0868903190501422	0.536110581757646	0.591882127261601	0.999831983216163
ENSMUSG00000006398	84.5971146424443	0.0812726627934149	0.121055179472909	0.669829621384475	0.502966408374299	0.999831983216163
ENSMUSG00000043085	24.4924218873362	0.0415325650626678	0.0935274568146273	0.439944912351694	0.659977006122793	0.999831983216163
ENSMUSG00000028693	1203.16470020547	-0.117166724305956	0.094762909559417	-1.2366316150765	0.216223877204018	0.999831983216163
ENSMUSG00000029073	702.667169975458	0.124324918608315	0.0988476683946905	1.25760829505018	0.208533451961301	0.999831983216163
ENSMUSG00000054958	194.25097764109	-0.154091793443642	0.12063531383872	-1.279984540884	0.200550572854322	0.999831983216163
ENSMUSG00000028899	615.200489521596	0.014707216007419	0.0991117364700048	0.148392166622856	0.882033281761768	0.999831983216163
ENSMUSG00000028655	790.402436187423	0.0192932267459434	0.0967656699205686	0.199377044816923	0.841967815588208	0.999831983216163
ENSMUSG00000078584	1133.87774272899	-0.151744564831534	0.092632532711111	-1.63823186653362	0.101373334477089	0.999831983216163
ENSMUSG00000028344	343.041113789533	-0.0918997318428655	0.109355434072678	-0.840518417916334	0.40061777930548	0.999831983216163
ENSMUSG00000028701	5758.0475290578	-0.125334150983736	0.0809401742746174	-1.54864189646196	0.121467828534054	0.999831983216163
ENSMUSG00000006219	52.6049362703617	-0.0507398015982803	0.11027291504356	-0.462017071937681	0.644069077884423	0.999831983216163
ENSMUSG00000042408	2055.2338156761	0.020485107203288	0.0904317597872356	0.226524823172096	0.820793254844942	0.999831983216163
ENSMUSG00000028433	1753.30754832744	0.0347219805950079	0.0856746898095637	0.405269817746932	0.685279189690055	0.999831983216163
ENSMUSG00000073758	24.9995991826598	-0.0427034890359389	0.0995314780659036	-0.431143868450458	0.666363764948931	0.999831983216163
ENSMUSG00000028800	1201.04296023417	-0.00890927156847809	0.0923647397909873	-0.0964542055231684	0.923159842980351	0.999831983216163
ENSMUSG00000066150	1807.32832590939	0.032586145660721	0.0957928655544842	0.340133641904376	0.733755887927962	0.999831983216163
ENSMUSG00000028247	733.892533299235	0.121752429351742	0.0982499502785381	1.23898423575846	0.215351336147137	0.999831983216163
ENSMUSG00000028402	2434.58757027866	0.0823277429143673	0.0994482599250402	0.827674121207718	0.407855078802464	0.999831983216163
ENSMUSG00000028843	598.999155197321	0.082480505553448	0.103271245584316	0.798527224177109	0.424564601174219	0.999831983216163
ENSMUSG00000028937	6151.78279635931	0.00405001941421552	0.0800241008557016	0.0506100813962424	0.959636229329494	0.999831983216163
ENSMUSG00000028392	44.2907773868978	0.0567239910166975	0.113346655163509	0.499164800819631	0.617663289538311	0.999831983216163
ENSMUSG00000028811	3613.56461059255	0.0151515056559523	0.0800116624122576	0.18936592375153	0.849806030149047	0.999831983216163
ENSMUSG00000041261	70934.5045298583	-0.103227675097922	0.0962006520219162	-1.0734023723484	0.283090620575167	0.999831983216163
ENSMUSG00000028982	1560.29202493125	-0.132166134839848	0.0875697133664027	-1.50934849756226	0.131209747170955	0.999831983216163
ENSMUSG00000028539	10.4663869840317	0.0404782118030574	0.0737423563382693	0.541533405669922	0.588139978789983	0.999831983216163
ENSMUSG00000073792	545.630283005274	-0.0441166199027327	0.102680214136268	-0.429651982997927	0.667448817162515	0.999831983216163
ENSMUSG00000078570	148.655059925014	-0.0662688447026344	0.120718399969305	-0.549179136669089	0.58288252069756	0.999831983216163
ENSMUSG00000049969	252.058320039896	0.0757030875460328	0.115085894622137	0.657530348262363	0.510839963756734	0.999831983216163
ENSMUSG00000028251	444.833270801609	-0.0576977864094965	0.111693073054022	-0.516687978406868	0.605373989312122	0.999831983216163
ENSMUSG00000028527	5185.99076744912	-0.0857000867738761	0.085019479989525	-1.00811439930417	0.313399545724635	0.999831983216163
ENSMUSG00000032890	10969.3500943286	-0.112490804220292	0.0807014928249093	-1.39407876300506	0.163293821451914	0.999831983216163
ENSMUSG00000057375	773.660138223361	0.0671083340493973	0.0963972877983994	0.696116846134898	0.486355657372608	0.999831983216163
ENSMUSG00000028992	323.216184571042	-0.0327672146410353	0.114834904106911	-0.285338067698185	0.775385150715763	0.999831983216163
ENSMUSG00000028475	33.7845195309117	0.155989389360074	0.105565293004651	1.45818204665976	0.144790371023109	0.999831983216163
ENSMUSG00000056529	24.1395711760183	-0.0592483900035515	0.0912719819717873	-0.659037931482657	0.509871411226103	0.999831983216163
ENSMUSG00000037443	579.578842597636	-0.00130441038902386	0.101109560632074	-0.0129007522249658	0.989706974488106	0.999831983216163
ENSMUSG00000038544	1015.57120112226	-0.128078466843071	0.0934148411381572	-1.37109376932937	0.17034572702688	0.999831983216163
ENSMUSG00000028582	1069.49533219585	0.0712178629373094	0.0910988918341959	0.781718287997328	0.434380151538388	0.999831983216163
ENSMUSG00000000682	33.384911194852	0.0999227270539819	0.1053084866112	0.94154415687359	0.34642607173259	0.999831983216163
ENSMUSG00000006215	831.173586395926	0.0271900167852276	0.0959303659664846	0.283434848566135	0.776843517855455	0.999831983216163
ENSMUSG00000032870	4338.1357978533	0.00348460967746494	0.078959661410393	0.0441321483083724	0.964799067096123	0.999831983216163
ENSMUSG00000040720	2595.10506918271	-0.0351522653081135	0.0855220878804087	-0.411047848530691	0.681037449525227	0.999831983216163
ENSMUSG00000073791	75.1733351519452	0.127797438928121	0.120621446895002	1.05582159858622	0.291049728552799	0.999831983216163
ENSMUSG00000053730	135.499229528189	-0.146456973010496	0.12187811547381	-1.20442201203934	0.228426508404478	0.999831983216163
ENSMUSG00000059291	4308.51154701763	0.138689387920895	0.0926979038653469	1.49571144853633	0.134728865607015	0.999831983216163
ENSMUSG00000003810	3318.79775470666	0.0544030417205332	0.0818864675608887	0.664338783585093	0.506473503628854	0.999831983216163
ENSMUSG00000028381	3766.70396046405	0.103576916176883	0.0825358020145368	1.25483245311423	0.209539588835571	0.999831983216163
ENSMUSG00000049119	737.075869052923	-0.0563427375207403	0.0965040832112692	-0.583824659335583	0.559338285840077	0.999831983216163
ENSMUSG00000028399	10954.4447899158	-0.158934633644051	0.0884183501966439	-1.79805996261853	0.0721675060399632	0.999831983216163
ENSMUSG00000041143	85.2719797369237	-0.00974316580702478	0.121247666942661	-0.0803965850363399	0.935921842860961	0.999831983216163
ENSMUSG00000073771	49.9355395325658	-0.0117491193453356	0.114179260097498	-0.10298709792603	0.917973210864952	0.999831983216163
ENSMUSG00000058046	13.5950116873941	0.0607674950667378	0.0812638848441306	0.738246431626018	0.460364712151221	0.999831983216163
ENSMUSG00000028641	403.239452310678	0.0570233215948983	0.107208050053598	0.531818604411402	0.594851636061619	0.999831983216163
ENSMUSG00000048232	820.35387943043	0.0257986552818847	0.0958046161419075	0.269273755011326	0.787719026997071	0.999831983216163
ENSMUSG00000028914	1035.46372280528	0.0113109062365839	0.0974127673893559	0.116110381390045	0.907565061306378	0.999831983216163
ENSMUSG00000028654	234.310909307257	-0.17151263193173	0.116958393689724	-1.46716851092296	0.14233022066269	0.999831983216163
ENSMUSG00000029034	180.533039646089	-0.0668794239730521	0.118993271258111	-0.562127436594463	0.574029196264711	0.999831983216163
ENSMUSG00000051517	28.4045638518931	-0.0419048688102346	0.101474331801752	-0.415607545283779	0.677697204529373	0.999831983216163
ENSMUSG00000048001	27.5286946842243	0.0429754772114699	0.101680681569157	0.421010520398687	0.673747399691986	0.999831983216163
ENSMUSG00000028470	170.080822144971	0.158347041927401	0.121496629258996	1.29938042470904	0.193813406190178	0.999831983216163
ENSMUSG00000028675	3028.99426589501	-0.026553064690438	0.0823525986124813	-0.322437086950291	0.747121591883336	0.999831983216163
ENSMUSG00000028743	577.575886809208	-0.0703488823176874	0.106116751516447	-0.662970229050179	0.507349621229847	0.999831983216163
ENSMUSG00000029054	6396.73412469509	-0.0338689707225833	0.0942767531998981	-0.35927551644269	0.719388988346219	0.999831983216163
ENSMUSG00000078490	946.548459059739	-0.0401298560150985	0.109023251863155	-0.368141600848406	0.712767652732499	0.999831983216163
ENSMUSG00000050511	38.7478539049974	0.139848078762155	0.105741369855826	1.30947880437584	0.190372212891125	0.999831983216163
ENSMUSG00000028862	184.502003151175	0.0795193386691881	0.121557933382759	0.652444081300623	0.514114735144073	0.999831983216163
ENSMUSG00000028989	12.1053346199638	-0.0673399983670841	0.0774878195806286	-0.891672560672575	0.372568465112188	0.999831983216163
ENSMUSG00000058498	46.6552365854168	0.188469412173938	0.113327177374254	1.647638227039	0.0994269311189754	0.999831983216163
ENSMUSG00000063077	35331.4018124888	-0.036801837582458	0.0934213820049765	-0.393971878955414	0.693601801027498	0.999831983216163
ENSMUSG00000028567	1411.76623939293	-0.0440577907871946	0.088672138950585	-0.496863024495729	0.619285647612675	0.999831983216163
ENSMUSG00000036905	569.066778146194	0.172049486815748	0.116658159969557	1.47208816367247	0.140997071358964	0.999831983216163
ENSMUSG00000028960	4366.6946807129	-0.00427939072313862	0.0810114713786136	-0.0528243548324019	0.957871856238276	0.999831983216163
ENSMUSG00000028878	1527.02473466206	-0.0394554423020617	0.091260430486386	-0.432350823948988	0.665486453496324	0.999831983216163
ENSMUSG00000035561	33.5047830932464	-0.0721028481835644	0.0993305929942369	-0.734595481337144	0.462585890776776	0.999831983216163
ENSMUSG00000055373	12913.6290763568	-0.123047308590897	0.0987969698736975	-1.24602652496551	0.21275465733182	0.999831983216163
ENSMUSG00000039005	93.5213016206967	0.0780607515534145	0.121448416943578	0.641552407886619	0.521163842549832	0.999831983216163
ENSMUSG00000028249	8436.93455796286	0.103326726430052	0.0835188236293315	1.23701560856115	0.216081287983508	0.999831983216163
ENSMUSG00000059939	1149.5972949694	-0.0179767152762737	0.0951932406193301	-0.188840190677242	0.850218070907907	0.999831983216163
ENSMUSG00000047155	367.849308419988	0.0784977482104441	0.11179193765186	0.70190055665032	0.482741181758778	0.999831983216163
ENSMUSG00000051675	5693.61565842752	0.138666522217022	0.0817474950223133	1.69604308921927	0.0898777201216639	0.999831983216163
ENSMUSG00000028465	2299.37964293924	-0.024802563611611	0.0858697678812656	-0.288840574678076	0.772703380697152	0.999831983216163
ENSMUSG00000028445	1182.54005429656	0.121757354792925	0.0940649493796636	1.29420082146093	0.195596063121778	0.999831983216163
ENSMUSG00000066152	709.697091858242	-0.0646601498192103	0.101922018547207	-0.634449191653467	0.525787715073521	0.999831983216163
ENSMUSG00000060572	108.621815883363	0.0477525443313818	0.12049996365647	0.395319340579658	0.692607227700618	0.999831983216163
ENSMUSG00000008575	6841.5485937498	-0.12414300508566	0.0940069893131281	-1.32098127130595	0.186507609070162	0.999831983216163
ENSMUSG00000028759	10408.8576207634	0.0312210655855097	0.0766523859236067	0.407297981851388	0.683789144866471	0.999831983216163
ENSMUSG00000046312	1470.2305573758	-0.129638866577261	0.105660876450504	-1.22766786001156	0.219571676239497	0.999831983216163
ENSMUSG00000028457	23.0200987953495	-0.103288152411635	0.0957101229270293	-1.09986650333505	0.271390291241638	0.999831983216163
ENSMUSG00000046637	47.5953208678991	0.107837640902557	0.114567311779684	0.936137508983124	0.349202392914166	0.999831983216163
ENSMUSG00000028975	638.736895910237	0.0418425177185314	0.104536157470429	0.400181366060066	0.689022938216692	0.999831983216163
ENSMUSG00000040128	1897.42288275278	-0.0312118999078179	0.093729723753076	-0.333022775626406	0.739117091032207	0.999831983216163
ENSMUSG00000032897	2397.2631274081	-0.0077251503644456	0.0847734589728192	-0.091125934193096	0.927392525864081	0.999831983216163
ENSMUSG00000042763	2372.71408536064	0.0397276327846988	0.0848888633629086	0.467983211144294	0.639796595819288	0.999831983216163
ENSMUSG00000028822	1293.6478738686	-0.12779628521476	0.10043919441397	-1.27268664577251	0.203129258257807	0.999831983216163
ENSMUSG00000047187	11426.0103256816	0.0444469101748454	0.0756343868173925	0.587637057366336	0.556775931946093	0.999831983216163
ENSMUSG00000028687	167.050326937708	0.0786194399809474	0.120109118738167	0.653982743655298	0.513122923289295	0.999831983216163
ENSMUSG00000003731	4402.85134099515	-0.0774026621911	0.0788558526660415	-0.981613617127451	0.326290236406483	0.999831983216163
ENSMUSG00000070687	18.6676589780336	0.147111279787483	0.0904033057692011	1.59881113301669	0.109862574573895	0.999831983216163
ENSMUSG00000055761	188.318277796177	0.128577046748807	0.11927105218423	1.077362381065	0.281318403499397	0.999831983216163
ENSMUSG00000041936	3047.81925734296	0.0644209060715405	0.0951697771716812	0.676807542435733	0.498528072022437	0.999831983216163
ENSMUSG00000046667	1177.12660249429	0.0118495888393778	0.0942700429334158	0.125704081938171	0.8999661705821	0.999831983216163
ENSMUSG00000044496	857.990524259939	-0.0149091967286807	0.0992460373566716	-0.150221160294792	0.880590131824888	0.999831983216163
ENSMUSG00000061322	108.522418751034	0.0559115988950111	0.121876368671981	0.458436881374149	0.646638599707189	0.999831983216163
ENSMUSG00000078612	10.8781728580821	-0.0768704300386781	0.0751320920025731	-1.05756063164318	0.290255798685494	0.999831983216163
ENSMUSG00000028532	853.311914533098	0.139246903366252	0.100024895529043	1.39177577241199	0.163990308699486	0.999831983216163
ENSMUSG00000038729	13.6363628818712	0.0355802315872361	0.0800121790176475	0.441041427816054	0.659183005566654	0.999831983216163
ENSMUSG00000028309	3879.46007529991	-0.00949910022205617	0.0842990226096966	-0.112685376334681	0.910279995392343	0.999831983216163
ENSMUSG00000028467	2312.05855192508	0.0329759672267108	0.090490176326581	0.364395054671842	0.715563027808624	0.999831983216163
ENSMUSG00000028779	1496.23284338231	0.0588564235205684	0.0982020882619711	0.599253520912733	0.54900383727526	0.999831983216163
ENSMUSG00000043572	208.952764210784	0.0779814216621524	0.119647962326334	0.651094513459646	0.514985477993803	0.999831983216163
ENSMUSG00000028282	1472.45463449736	-0.0746847597475398	0.106253738408138	-0.703194564129663	0.481934506380631	0.999831983216163
ENSMUSG00000029070	391.086297471078	0.0371880479824479	0.110239262120093	0.337245593339304	0.735931769816148	0.999831983216163
ENSMUSG00000023286	1150.6588453796	-0.0862824177967795	0.0952105474824144	-0.906262534734157	0.364796910645356	0.999831983216163
ENSMUSG00000040761	3677.65750969501	-0.173271062843087	0.100124944083212	-1.7316415261216	0.0833374077341411	0.999831983216163
ENSMUSG00000028841	13.807009425163	0.0823087486397039	0.0825332846068287	0.982310656879588	0.325946825994011	0.999831983216163
ENSMUSG00000060268	16.1656895281819	0.102443923207357	0.0863348426904389	1.16710111720765	0.243169536751484	0.999831983216163
ENSMUSG00000028331	171.153845391575	-0.182095193249606	0.11977548843825	-1.52203458729568	0.128000414523935	0.999831983216163
ENSMUSG00000028680	366.299590922516	-0.0941883344658366	0.117701891799463	-0.801091381043591	0.423078745517777	0.999831983216163
ENSMUSG00000038578	78.642950988609	0.0143487753097164	0.121011738446612	0.118544829250542	0.905635976880122	0.999831983216163
ENSMUSG00000039298	2997.78573032077	-0.149595406348353	0.0858040913714219	-1.74370907482144	0.0812098321664019	0.999831983216163
ENSMUSG00000043621	88.1739021387185	0.153935186024072	0.119213288841476	1.28430843262889	0.199034057450172	0.999831983216163
ENSMUSG00000028234	2127.75888448565	0.166651354198265	0.0953056387077061	1.74800477606298	0.0804632004024845	0.999831983216163
ENSMUSG00000028580	3235.22754235254	-0.0167921736228235	0.0866071848497327	-0.193891438586753	0.846260887509348	0.999831983216163
ENSMUSG00000029063	2452.14496911022	-0.0664229231332776	0.0854320282406679	-0.777526579021628	0.436848159449939	0.999831983216163
ENSMUSG00000070972	285.302008115904	-0.00189956253857373	0.114519168365993	-0.0165835072915348	0.98676888202518	0.999831983216163
ENSMUSG00000028525	3892.51115323455	-0.00958117375818788	0.0832538986053302	-0.115083035812217	0.908379306018776	0.999831983216163
ENSMUSG00000028438	82.0642397309417	-0.133568305817159	0.118081222536069	-1.13975383964156	0.254388869755965	0.999831983216163
ENSMUSG00000028431	2855.1361821437	0.100010104559451	0.0842438429667586	1.18704987830806	0.235207946846218	0.999831983216163
ENSMUSG00000062627	2219.31627769721	-0.0688537299895254	0.0995208519142605	-0.6919933493131	0.488941505597002	0.999831983216163
ENSMUSG00000036241	3059.55884294659	-0.0329945199101771	0.0813072122312762	-0.405805310907329	0.684885656111695	0.999831983216163
ENSMUSG00000066149	1061.13678289903	-0.0280355058615707	0.0955494774499189	-0.293405081267942	0.76921254198826	0.999831983216163
ENSMUSG00000028990	1008.82704299466	-0.148640280547832	0.0979619809091896	-1.51752192500112	0.129134962228462	0.999831983216163
ENSMUSG00000035696	2373.59943866776	-0.0489167260914187	0.0832748082411904	-0.587428819151622	0.556915743274132	0.999831983216163
ENSMUSG00000060862	974.138519310722	0.0595882368227052	0.09338439431172	0.638065081939141	0.523431315495063	0.999831983216163
ENSMUSG00000034610	3375.50960574539	-0.0233208406452742	0.0962135640562553	-0.242403477809295	0.808467539823591	0.999831983216163
ENSMUSG00000054679	553.566814782878	0.136977645319922	0.102981616736977	1.32994088509088	0.183537749212851	0.999831983216163
ENSMUSG00000028657	5675.48211177979	-0.0175768763865184	0.0814110312575974	-0.215904083561628	0.829062513949741	0.999831983216163
ENSMUSG00000041135	232.913737667938	0.101683360226449	0.118559512529327	0.85681118556078	0.391549242881392	0.999831983216163
ENSMUSG00000042500	631.358691323782	0.0878302795474991	0.0981040861528927	0.895250860348708	0.370653002124489	0.999831983216163
ENSMUSG00000028382	1259.66296511067	0.099357448250165	0.0942609557278368	1.05397163318337	0.291895904611423	0.999831983216163
ENSMUSG00000035126	668.82597402801	0.0934023593436142	0.0988612922576693	0.944709568516226	0.344807170658632	0.999831983216163
ENSMUSG00000054428	1060.86534569198	0.0534843593291696	0.0987943925357462	0.541332287712513	0.588278569557365	0.999831983216163
ENSMUSG00000028618	5794.60802944397	0.0166809664811064	0.079281615150297	0.210398062055492	0.833357005060491	0.999831983216163
ENSMUSG00000028619	526.894107523586	0.0223346391076125	0.103981440540904	0.214809362973285	0.829915952702731	0.999831983216163
ENSMUSG00000042558	707.611393169694	0.0999266923886785	0.0994349066360889	1.00479419377098	0.314995960287383	0.999831983216163
ENSMUSG00000028809	6923.79013423193	0.034270420642668	0.0822482280924307	0.416653517235351	0.67693185844495	0.999831983216163
ENSMUSG00000039579	1319.12924409941	0.0462191918331914	0.102205325015797	0.452171268741574	0.651145604559896	0.999831983216163
ENSMUSG00000028597	92.3592128704453	-0.117644816283369	0.121234922142296	-0.972815463060174	0.330645026053967	0.999831983216163
ENSMUSG00000040550	3424.81847062916	0.0382683103983334	0.0863603508529929	0.443112088520866	0.65768466184725	0.999831983216163
ENSMUSG00000054659	672.793904570971	-0.0736547539280664	0.103815880023875	-0.70956820484681	0.477971942277198	0.999831983216163
ENSMUSG00000001985	2212.05561305951	-0.0929193008958132	0.107883962894759	-0.86179670702279	0.388799397336681	0.999831983216163
ENSMUSG00000057280	31.3868682858727	-0.030303533532347	0.104136176201677	-0.292094193449328	0.770214606154322	0.999831983216163
ENSMUSG00000049878	2003.97371345092	-0.0510988547505924	0.0904866446098789	-0.564763287211363	0.572234781277308	0.999831983216163
ENSMUSG00000045589	21640.492885131	-0.0406057805717267	0.0908732892571239	-0.446880206983203	0.654961555733373	0.999831983216163
ENSMUSG00000078485	556.088794257525	-0.106082639150339	0.108116214932165	-0.981437410840792	0.326377085136685	0.999831983216163
ENSMUSG00000033948	560.032199780767	0.0401193745126508	0.103382649847405	0.38808206934935	0.697955300716666	0.999831983216163
ENSMUSG00000041459	11003.2164581842	0.0458976768131261	0.0827998721099713	0.554293078781592	0.579378286246133	0.999831983216163
ENSMUSG00000028426	6392.17351272546	-0.0051073424741599	0.0832147098106228	-0.0613750241542941	0.951060542690116	0.999831983216163
ENSMUSG00000060288	311.083316865551	0.0410806932743824	0.111775058659576	0.367512971885913	0.713236417637784	0.999831983216163
ENSMUSG00000047875	123.973226078609	0.141675090594284	0.121582077254708	1.16302564639993	0.244819097152065	0.999831983216163
ENSMUSG00000035649	2905.24138885704	-0.0146155432355831	0.0812119418636254	-0.179969464854783	0.857176540275753	0.999831983216163
ENSMUSG00000028696	644.81135366019	-0.027646988219995	0.105276720791192	-0.262622083958503	0.792841876847006	0.999831983216163
ENSMUSG00000035212	615.941572062157	-0.109937418304862	0.1025129111817	-1.07254288532074	0.283476262488302	0.999831983216163
ENSMUSG00000049122	350.032958362119	-0.0460986352679392	0.111076047010526	-0.415027068979973	0.678122087336484	0.999831983216163
ENSMUSG00000039809	8225.91530087063	-0.00814264447754787	0.120278088886967	-0.0677278636699321	0.946002268231418	0.999831983216163
ENSMUSG00000029056	2074.2255692648	0.0594114372309421	0.0936163085815705	0.634550090158559	0.525721888154294	0.999831983216163
ENSMUSG00000028348	16.8373813167769	-0.0740433896104491	0.0863236250960455	-0.87611942089219	0.380965115935596	0.999831983216163
ENSMUSG00000036078	660.464277585852	0.0627089056337926	0.100226433694889	0.625585156549312	0.531587077258927	0.999831983216163
ENSMUSG00000028633	1194.00847235746	-0.0472660294929722	0.0905012437687436	-0.522288470111306	0.601469495755687	0.999831983216163
ENSMUSG00000066000	208.324887173925	-0.0734403907405948	0.11894553325346	-0.617938034624483	0.536616185950486	0.999831983216163
ENSMUSG00000055900	283.04849014804	-0.0773096385481029	0.113531520316907	-0.680958878792974	0.495897510448504	0.999831983216163
ENSMUSG00000028341	1948.19838472358	-0.0965370620570669	0.0854025815644126	-1.18557760927585	0.235789148968839	0.999831983216163
ENSMUSG00000028439	3067.93185626299	-0.0474830556553722	0.0893616529695741	-0.531383688082549	0.595152922796076	0.999831983216163
ENSMUSG00000028790	6464.6153495144	-0.0814515185478815	0.0814072931193885	-1.00062078992664	0.317010175136969	0.999831983216163
ENSMUSG00000041544	654.952444901406	-0.137588868560689	0.0991934556894037	-1.38705080811499	0.165426270504426	0.999831983216163
ENSMUSG00000028367	1305.55932274261	-0.0830507890980082	0.0937265382172944	-0.886196417598863	0.375511693755302	0.999831983216163
ENSMUSG00000029036	1514.6070991389	0.00443499355026504	0.0909502337699195	0.0487621678966006	0.961108831933865	0.999831983216163
ENSMUSG00000028873	34.7483497838038	-0.0486397475845433	0.108368608647906	-0.450674446493476	0.652224202112078	0.999831983216163
ENSMUSG00000063800	1785.10727687161	-0.0617622853152482	0.0845101199130682	-0.730841469853769	0.464875990102499	0.999831983216163
ENSMUSG00000028207	15819.1885663764	-0.0598404031590642	0.0872164691439535	-0.686185432673601	0.492596182678771	0.999831983216163
ENSMUSG00000028524	6290.07234157326	0.0114773288610378	0.084545763154243	0.135752383692315	0.892017034790042	0.999831983216163
ENSMUSG00000028669	2019.09584778354	0.127483971753588	0.0868197985719797	1.46818613916142	0.142053668273909	0.999831983216163
ENSMUSG00000028707	33.2262579023873	0.0996203595932729	0.101101548673751	0.973762304766773	0.330174573578033	0.999831983216163
ENSMUSG00000028553	16.2539340412687	0.02573057189437	0.0864396243227775	0.296516399575249	0.76683574473551	0.999831983216163
ENSMUSG00000028383	2800.24687554248	0.0173562002135471	0.0878587433809506	0.197547884992025	0.843398812851031	0.999831983216163
ENSMUSG00000038764	1033.72973775892	-0.139028316829152	0.0935320895147582	-1.48645176235572	0.137159667011326	0.999831983216163
ENSMUSG00000043753	12.8385604770613	-0.0914322194852193	0.0774319728229007	-1.22679211283429	0.219900736001798	0.999831983216163
ENSMUSG00000028530	5115.55397875818	0.0194054292343919	0.080287508131982	0.241696456560645	0.809015375430501	0.999831983216163
ENSMUSG00000028906	16723.2629824242	-0.0961658615576957	0.0881304477042038	-1.09136983497895	0.27511018010486	0.999831983216163
ENSMUSG00000028847	3189.74517363425	0.0642288534468717	0.0810199695321853	0.792721463338285	0.427940122422848	0.999831983216163
ENSMUSG00000037366	227.89676836162	-0.0155816147000496	0.116180578009427	-0.134101785993115	0.893322087382959	0.999831983216163
ENSMUSG00000042446	3014.46595464134	0.0389908824877578	0.0901396004220084	0.432546766994926	0.665344069629077	0.999831983216163
ENSMUSG00000028430	2436.51176048067	0.0576813290926599	0.0829951320301705	0.694970023141606	0.487074087941976	0.999831983216163
ENSMUSG00000028545	63.5894914584662	0.131288522611246	0.118519174427969	1.10307031231047	0.269996632024236	0.999831983216163
ENSMUSG00000039270	8167.9686909366	-0.061710824461536	0.0959214638645463	-0.643466322171697	0.519921560657074	0.999831983216163
ENSMUSG00000041530	3550.08443978511	0.0546899817059797	0.0829394765706862	0.659373752753856	0.509655792528028	0.999831983216163
ENSMUSG00000044288	17457.4442907739	-0.00594754314817052	0.0878892514326741	-0.0676710654445879	0.946047482925294	0.999831983216163
ENSMUSG00000039967	3128.24701278394	0.00331609928488212	0.0941372681184166	0.0352276176995075	0.97189824015451	0.999831983216163
ENSMUSG00000003032	403.816611465163	-0.0263486306959441	0.10894976644516	-0.242685900439114	0.808248730798584	0.999831983216163
ENSMUSG00000028550	1346.77078304401	-0.0938061900738012	0.0956523822568045	-0.980793694278663	0.326694488464065	0.999831983216163
ENSMUSG00000028312	699.042741015022	-0.0372967006300301	0.107019360883947	-0.348599101246302	0.727390302561039	0.999831983216163
ENSMUSG00000035407	415.248476454148	0.129135968328609	0.108681077244269	1.18795418641623	0.234851459675357	0.999831983216163
ENSMUSG00000028794	161.039814854305	-0.14243918945725	0.120416338846819	-1.18401392923506	0.236407548972839	0.999831983216163
ENSMUSG00000040387	635.683023940141	0.106583196828759	0.101643005396605	1.04849328993494	0.294411392215129	0.999831983216163
ENSMUSG00000029066	1561.232767957	0.0673043831809099	0.0991913451299266	0.678414757937578	0.497508754473768	0.999831983216163
ENSMUSG00000052914	703.832443784731	0.0830318685692248	0.101271911962619	0.81980967055879	0.412324617260015	0.999831983216163
ENSMUSG00000035637	515.014810140882	0.058701856074998	0.102398829551338	0.573262057339752	0.566467271744738	0.999831983216163
ENSMUSG00000028414	2939.35122910131	-0.0860023387661558	0.0875542950473623	-0.982376603383998	0.325914348316171	0.999831983216163
ENSMUSG00000023075	2402.46400929285	-0.0463134894005655	0.0954114261971475	-0.485463274260475	0.62734775806675	0.999831983216163
ENSMUSG00000028745	5167.01772847082	-0.0684933336110668	0.0835771094314642	-0.819573801044898	0.412459114021504	0.999831983216163
ENSMUSG00000001089	6557.6237933158	0.0058381126328009	0.0865626171089066	0.0674445798964841	0.946227780333126	0.999831983216163
ENSMUSG00000042804	1120.56546420325	0.0351418701692752	0.0985878509420392	0.356455088012887	0.72149978063634	0.999831983216163
ENSMUSG00000028760	10205.018203758	0.0364250839493448	0.0842096979710413	0.432532695497127	0.665354294413891	0.999831983216163
ENSMUSG00000033191	356.175373308983	-0.152975389889986	0.112880751350489	-1.35559909767278	0.175226759106416	0.999831983216163
ENSMUSG00000055296	3151.42542068338	-0.0714391975110532	0.101274877819418	-0.705597333496891	0.480438582980776	0.999831983216163
ENSMUSG00000028455	1659.74076049669	0.0294001957490371	0.0892215194482846	0.329508896428431	0.741771070697838	0.999831983216163
ENSMUSG00000059482	1255.17046953418	0.107580800515238	0.0971240245730296	1.10747173610011	0.268090025667944	0.999831983216163
ENSMUSG00000023151	16.3668723843643	-0.0893798339950216	0.0867115951306724	-1.05667738608139	0.290658849084255	0.999831983216163
ENSMUSG00000045973	3346.26726432676	-0.0809919827773659	0.0882496993484581	-0.917840516731568	0.35870236688096	0.999831983216163
ENSMUSG00000067916	69.4544254846021	-0.0137675084336206	0.11978228476966	-0.114994701265471	0.908449321960173	0.999831983216163
ENSMUSG00000029076	8791.21527019237	0.0539052957635748	0.078744296424274	0.68453011253114	0.49364048118934	0.999831983216163
ENSMUSG00000028514	4817.07806826791	-0.00913611313306007	0.0924975265225596	-0.0987746334763765	0.921317209534535	0.999831983216163
ENSMUSG00000043252	3408.11088182187	-0.0285219536751118	0.0923247488292435	-0.308952451876029	0.757357696379107	0.999831983216163
ENSMUSG00000040964	2295.44202447155	-0.129471974387032	0.0840178062388642	-1.54109000504153	0.123294882090041	0.999831983216163
ENSMUSG00000050188	145.081028219096	0.0172035890387531	0.120995140906969	0.142185367037285	0.886933589768372	0.999831983216163
ENSMUSG00000054405	2996.56221802522	0.0684993820186217	0.0806908440831746	0.848876993422003	0.395949741912386	0.999831983216163
ENSMUSG00000028609	624.914131038891	0.039441170642	0.101450384726761	0.388779846907356	0.697439010164459	0.999831983216163
ENSMUSG00000038607	693.732384151319	-0.0133625718997128	0.0987357200942044	-0.135344312367828	0.892339651169367	0.999831983216163
ENSMUSG00000028542	2129.89809100826	-0.0449718854132857	0.084848223838583	-0.530033587183229	0.596088643812474	0.999831983216163
ENSMUSG00000028789	1037.40286683212	0.134880485666969	0.0914815850816649	1.47427167726949	0.140408457759163	0.999831983216163
ENSMUSG00000040697	2049.94767550241	0.116583374670566	0.0941062632938981	1.23857515919091	0.215502872178417	0.999831983216163
ENSMUSG00000028521	808.027059980624	-0.0917190767778603	0.0950247436297581	-0.965241966650451	0.334423631509402	0.999831983216163
ENSMUSG00000028560	1906.67233370718	-0.00923071579075492	0.0890261988362702	-0.103686731912212	0.91741795629699	0.999831983216163
ENSMUSG00000028672	1637.19571257529	-0.00725248532611895	0.0972422204278823	-0.0745788080492939	0.940549835884033	0.999831983216163
ENSMUSG00000028293	791.887272356265	-0.0886675717954826	0.104242038790658	-0.850706335689934	0.394932502847811	0.999831983216163
ENSMUSG00000028484	8534.54006727701	-0.0170150639150298	0.0834083922408652	-0.204001574491867	0.838352268517882	0.999831983216163
ENSMUSG00000028644	15.1220892970131	-0.0187959086037825	0.0851537281004055	-0.221774743811082	0.82448924140426	0.999831983216163
ENSMUSG00000028608	1483.99201162784	-0.0319422799517985	0.10207769842278	-0.312942073415152	0.754324671831296	0.999831983216163
ENSMUSG00000028407	47.7469934955175	-0.125634203845749	0.114907819460854	-1.10083873625579	0.270966849424945	0.999831983216163
ENSMUSG00000028483	1650.75540080852	-0.0762398938607412	0.0910249237767725	-0.837662097283766	0.402220506413812	0.999831983216163
ENSMUSG00000028893	598.08661562543	-0.107288057356006	0.102502909196448	-1.04687909558168	0.295155344379398	0.999831983216163
ENSMUSG00000032726	39.3475014271788	0.0469220480044163	0.108514732754999	0.430500967557769	0.666831263025806	0.999831983216163
ENSMUSG00000028629	211.108640261383	0.101339012418586	0.117516909029412	0.861782775396768	0.388807065133882	0.999831983216163
ENSMUSG00000028631	317.83224061743	-0.0380882251552096	0.116296662182236	-0.327580760091152	0.743228671160779	0.999831983216163
ENSMUSG00000028300	1554.65465734395	-0.0411842050253954	0.0875429523553288	-0.470460877333142	0.638025779126169	0.999831983216163
ENSMUSG00000073889	1712.1053521956	0.0675662580562723	0.0913823314228718	0.739305429654928	0.459721553022231	0.999831983216163
ENSMUSG00000028826	3490.38991419718	-0.0898727249171669	0.082439598656483	-1.0902410694498	0.275606966553328	0.999831983216163
ENSMUSG00000028910	489.517646611159	-0.0425259259189014	0.10894217540656	-0.390394538149664	0.696244826026971	0.999831983216163
ENSMUSG00000033326	2367.96140353722	-0.0759970965446779	0.0889536682053819	-0.854405715560204	0.392880230162295	0.999831983216163
ENSMUSG00000034210	3050.18133798821	-0.0264429754406461	0.0958695984030235	-0.275846361993316	0.782666072894489	0.999831983216163
ENSMUSG00000028648	2490.68046844818	0.0751095790665233	0.0891552965990768	0.842377597914393	0.399576628380854	0.999831983216163
ENSMUSG00000028755	50.9433324823019	0.199711449432836	0.115850542359177	1.70969184873161	0.087322870861479	0.999831983216163
ENSMUSG00000057530	3565.32384245397	0.0327728876622138	0.101466467166074	0.322950941737255	0.746732395664922	0.999831983216163
ENSMUSG00000028584	250.650869056017	0.0138922562938025	0.117658642594549	0.118037749375012	0.906037747271145	0.999831983216163
ENSMUSG00000028898	467.991508571187	0.113314289256965	0.104446596387668	1.08470023627231	0.278054443198386	0.999831983216163
ENSMUSG00000028291	2979.06732902021	-0.074946735207533	0.083710565546084	-0.895363016784198	0.370593063804557	0.999831983216163
ENSMUSG00000039693	467.801819190393	-0.10352916448185	0.106107625207735	-0.975775521898964	0.329175717495706	0.999831983216163
ENSMUSG00000039137	2869.48412999473	-0.0713776099356075	0.092979102311094	-0.76777175707862	0.442622796477328	0.999831983216163
ENSMUSG00000028917	3160.186807519	0.0542099563086314	0.0835579117825633	0.648733253514258	0.516510806555176	0.999831983216163
ENSMUSG00000028494	452.046880073897	0.142498347887916	0.106117983642635	1.34240635234535	0.179464276166149	0.999831983216163
ENSMUSG00000040616	578.039655369043	0.148868435207334	0.107184914973401	1.38804974205127	0.165121898866027	0.999831983216163
ENSMUSG00000070985	14.0239137341644	-0.0276819934321787	0.0810520224813764	-0.343924019550443	0.730903427542138	0.999831983216163
ENSMUSG00000012126	175.149158392232	0.0586564111301537	0.119200795415993	0.491803901598652	0.622857978109149	0.999831983216163
ENSMUSG00000039759	536.346416215059	0.0630189289413406	0.110147755991965	0.571888758814316	0.567397340118265	0.999831983216163
ENSMUSG00000028572	5095.52353735434	0.0806173311567747	0.0901616613044572	0.894027428279782	0.371307216045979	0.999831983216163
ENSMUSG00000073705	56.5936635139573	0.200119994510728	0.116203233841843	1.70932559106199	0.087390655508722	0.999831983216163
ENSMUSG00000028385	3775.19595114432	-0.130713427973734	0.0913112672671931	-1.43185509523828	0.152185295747872	0.999831983216163
ENSMUSG00000042677	28.4125845403549	0.0778784808936821	0.100119056737857	0.772226347206028	0.43998037930331	0.999831983216163
ENSMUSG00000040738	1819.37877287535	-0.0183298149571613	0.0884334185902591	-0.207280442214622	0.835790847313258	0.999831983216163
ENSMUSG00000028378	74.3407532504065	-0.126593770496128	0.119869064503158	-1.06061272166678	0.288865938703316	0.999831983216163
ENSMUSG00000066196	97.8685070839868	0.126723918927754	0.121550361992423	1.03941756965016	0.298610576267704	0.999831983216163
ENSMUSG00000039492	16.3001153983483	0.0333222734036756	0.0820195932516635	0.403637666722461	0.686479182939693	0.999831983216163
ENSMUSG00000028229	907.590236564493	-0.0576739693642394	0.09379275271906	-0.614940464413564	0.538594038671441	0.999831983216163
ENSMUSG00000028458	602.388886197405	0.116497355919316	0.104983366015386	1.10929312165417	0.26730375141138	0.999831983216163
ENSMUSG00000028333	1750.39825909714	0.0272608540318797	0.0937326058523578	0.290831322450588	0.771180328431645	0.999831983216163
ENSMUSG00000020220	4541.29958426914	-0.0431458090910729	0.0940953679007526	-0.458588555946601	0.646529656256673	0.999831983216163
ENSMUSG00000028845	29.0548139490102	0.0583868232402947	0.101237445332901	0.572816077685518	0.566769231904698	0.999831983216163
ENSMUSG00000033365	3713.38913449301	-0.0433005692265252	0.083547833769683	-0.518292305715914	0.604254340481672	0.999831983216163
ENSMUSG00000046447	9273.72124792311	-0.116755645002152	0.0918271536960207	-1.27179047566398	0.203447573888089	0.999831983216163
ENSMUSG00000042380	715.711952313037	0.0950560691525338	0.101464530011767	0.936664379299659	0.348931224597873	0.999831983216163
ENSMUSG00000039713	330.892808507078	-0.0258577808783344	0.112800373006946	-0.229245309608804	0.818678258139906	0.999831983216163
ENSMUSG00000028737	621.502918656404	-0.0148382906586166	0.100409696253739	-0.147768445132796	0.882525513038997	0.999831983216163
ENSMUSG00000060206	1515.84547231071	-0.0266115759293941	0.0969280575958474	-0.274574299497204	0.783643313700708	0.999831983216163
ENSMUSG00000028709	227.593829794408	0.0342061886461562	0.117801415122653	0.290268913760728	0.771610518762859	0.999831983216163
ENSMUSG00000066324	7344.73147932491	0.00445648070567982	0.0872190454362616	0.0510961216616084	0.959248926423546	0.999831983216163
ENSMUSG00000029001	2624.59825029657	0.155914594174075	0.0875493996128143	1.78053009228116	0.074989249071648	0.999831983216163
ENSMUSG00000028252	2028.9982719868	0.0347106598189591	0.0881788233501072	0.39363375127763	0.69385145900316	0.999831983216163
ENSMUSG00000041954	135.710900695788	-0.0464162393741143	0.121713730485809	-0.381809969794503	0.702602323198181	0.999831983216163
ENSMUSG00000070583	348.611384621508	-0.107484991185497	0.110328307148922	-0.974493576641298	0.329811526928992	0.999831983216163
ENSMUSG00000028729	2494.7832105149	0.0495446467604027	0.0823700506042129	0.601477272117276	0.547522145224043	0.999831983216163
ENSMUSG00000040842	1520.49634075374	-0.0397298254627576	0.0864585110849239	-0.459531825589271	0.645852303177583	0.999831983216163
ENSMUSG00000028469	2103.00671444644	0.144755519306608	0.0904338631085897	1.60031663014028	0.109528359430922	0.999831983216163
ENSMUSG00000029020	6079.88471547528	0.0197109955990925	0.0803103522349028	0.245431617621829	0.806122250177531	0.999831983216163
ENSMUSG00000028964	2880.84143977306	0.0571309254045026	0.0873368320456792	0.654092845005798	0.513051990894414	0.999831983216163
ENSMUSG00000078716	1275.77320948261	-0.0133536768760186	0.107335426810332	-0.124409313776707	0.900991199313658	0.999831983216163
ENSMUSG00000028801	21.6945310801361	0.0244917128002619	0.0924681808881854	0.263360658826842	0.792272610243846	0.999831983216163
ENSMUSG00000029048	3400.78542370715	-0.0115170514124956	0.084484629824078	-0.136321452750043	0.891567165350577	0.999831983216163
ENSMUSG00000038368	899.422322626751	-0.0240813767434271	0.09485992455781	-0.253865401303411	0.799599545055879	0.999831983216163
ENSMUSG00000066148	1310.01711370971	-0.122253228728518	0.0930595665751496	-1.31380943656699	0.188910341200076	0.999831983216163
ENSMUSG00000028863	2375.6398408538	0.00719688774871391	0.0917545225672353	0.0784348918491288	0.937482119330487	0.999831983216163
ENSMUSG00000006386	587.721055635841	0.0659669739762398	0.103194507390343	0.639163499931652	0.522716574132719	0.999831983216163
ENSMUSG00000028747	15.5074937813548	0.121651662885276	0.0860293748297316	1.38723251086611	0.165370874926309	0.999831983216163
ENSMUSG00000029064	15702.6294493591	-0.0748442507592443	0.0746488024268815	-1.00267154871441	0.316019361691642	0.999831983216163
ENSMUSG00000028453	633.670202543422	0.097651815775224	0.0992924767154319	0.983364861858763	0.3254278976528	0.999831983216163
ENSMUSG00000042198	1769.10967332415	0.0522824317655313	0.0884505500107616	0.591054331860201	0.554484017530554	0.999831983216163
ENSMUSG00000078773	67.8156796782595	0.0835435034229382	0.119195399252526	0.699452475510769	0.484269303314092	0.999831983216163
ENSMUSG00000028318	237.012711538068	0.0860883483286966	0.115049619787201	0.748034740548928	0.454439203088785	0.999831983216163
ENSMUSG00000078521	11.3663680978789	-0.0368986259327318	0.0752467328935843	-0.497993995055231	0.618488274678837	0.999831983216163
ENSMUSG00000041161	451.991728886218	-0.145364234778665	0.106963973486053	-1.35913681248287	0.174103239584177	0.999831983216163
ENSMUSG00000028718	199.837095575244	0.0860727805837034	0.118441219709398	0.726169532498004	0.46773484718923	0.999831983216163
ENSMUSG00000062157	18.2561958959162	0.0604653524595012	0.0872548537265924	0.684747074331219	0.493503538166719	0.999831983216163
ENSMUSG00000042228	926.028569967717	-0.106824373050502	0.102357099267856	-1.04390962277585	0.296527205676754	0.999831983216163
ENSMUSG00000028222	45168.7165664166	-0.0512947667774724	0.0920000416184908	-0.557621720089778	0.57710272159805	0.999831983216163
ENSMUSG00000028797	2024.95656305655	-0.112496068478188	0.108036711598961	-1.04189339708795	0.297461105758622	0.999831983216163
ENSMUSG00000028329	834.423146608306	0.0458869252255771	0.106555523749406	0.430557781807472	0.666789944207496	0.999831983216163
ENSMUSG00000007880	4591.53756048153	-0.0218297263778776	0.0787636026931711	-0.277159285548484	0.781657800821034	0.999831983216163
ENSMUSG00000028803	3609.78002137003	0.0447161720636098	0.0863600870164953	0.517767006298503	0.60462084091204	0.999831983216163
ENSMUSG00000028796	3629.49117568732	-0.0317365044788332	0.0853787621971973	-0.371720286488046	0.710101119194673	0.999831983216163
ENSMUSG00000028211	1689.38399910297	-0.150293976671007	0.088006925409574	-1.70789374793189	0.0876560594853898	0.999831983216163
ENSMUSG00000028885	36.7944650176105	-0.0601168559386029	0.107107453289014	-0.56521147964242	0.571929929420342	0.999831983216163
ENSMUSG00000028684	1112.26533379486	0.0197709516171321	0.0910995086301123	0.217020330991554	0.828192500662649	0.999831983216163
ENSMUSG00000035275	405.647671778453	0.0380926301339883	0.111521696227876	0.341575835275423	0.732670125190964	0.999831983216163
ENSMUSG00000028540	390.198488206695	0.0521815697415865	0.109922977293777	0.474648574213938	0.635037478098435	0.999831983216163
ENSMUSG00000066191	817.247505876789	-0.143011454832828	0.0969872428436343	-1.47461756398865	0.140315390122597	0.999831983216163
ENSMUSG00000028568	2115.33668517159	0.00951511865020412	0.0855957101838103	0.111162099159949	0.911487805800499	0.999831983216163
ENSMUSG00000037583	22.8146690463476	0.0324185683892272	0.0960109674592961	0.336007545140785	0.736865176740795	0.999831983216163
ENSMUSG00000036940	2034.47587174336	-0.0688717932646761	0.0835828873377917	-0.824017916760351	0.409929377708101	0.999831983216163
ENSMUSG00000028578	371.005724675693	-0.00548505077338923	0.110569627084396	-0.0496081388159871	0.96043466078232	0.999831983216163
ENSMUSG00000073910	774.153244668361	-0.107178616077716	0.109398335451661	-0.9801521127791	0.327011038496896	0.999831983216163
ENSMUSG00000028496	1830.46444365101	0.0362040884672454	0.0941074677665677	0.384680965387376	0.700473799422821	0.999831983216163
ENSMUSG00000028599	84.2727350695076	0.0461942151412722	0.120712415542927	0.381882195656473	0.702548747069282	0.999831983216163
ENSMUSG00000028405	1427.09128149205	-0.112888211847952	0.0938784819522318	-1.20267341612249	0.229102725090485	0.999831983216163
ENSMUSG00000028389	781.071169592677	0.11488010783499	0.103271461960313	1.11218941708781	0.266056717165402	0.999831983216163
ENSMUSG00000050390	658.84110598995	0.105438142854437	0.0994431985805902	1.06013534325102	0.289083030785413	0.999831983216163
ENSMUSG00000037622	2182.30709132572	-0.081215187621612	0.0892443783381896	-0.910093441703239	0.36277323295919	0.999831983216163
ENSMUSG00000028681	102.57806260808	0.0684846561475815	0.120950653939002	0.565668466549872	0.571619175234189	0.999831983216163
ENSMUSG00000028274	1317.62621414128	0.00946878667131068	0.094667769331793	0.100024465602541	0.920324902103196	0.999831983216163
ENSMUSG00000081225	177.768084881589	-0.117422667102239	0.118812985496245	-0.988652825241142	0.322833031145393	0.999831983216163
ENSMUSG00000028322	177.932120759971	-0.0487504289488648	0.119889088568297	-0.406915412865299	0.684070115372632	0.999831983216163
ENSMUSG00000028278	5597.0858491516	-0.0291770756724674	0.080029788625935	-0.364586950689388	0.715419757165534	0.999831983216163
ENSMUSG00000084845	2270.08862271746	-0.0629398970780469	0.0913807062985622	-0.688815387706998	0.490939450928	0.999831983216163
ENSMUSG00000038827	871.34176531629	-0.151258555612511	0.0980422328124914	-1.54294936098585	0.12284306296465	0.999831983216163
ENSMUSG00000028259	43.6124155830608	-0.0950198704627206	0.111595797423771	-0.858146594424026	0.39081152137347	0.999831983216163
ENSMUSG00000048772	49.9569787808672	0.0734365042559157	0.114932456271411	0.636488083860302	0.524458345302175	0.999831983216163
ENSMUSG00000039813	129.323960677067	0.0611278311116765	0.121358994221165	0.50229947735222	0.61545687681984	0.999831983216163
ENSMUSG00000028646	2593.39162330837	-0.0117387403302356	0.0812858439992943	-0.144413320271795	0.88517409900924	0.999831983216163
ENSMUSG00000015224	2271.89634195923	-0.0526881095626846	0.0896840625063007	-0.587539349365721	0.556841531057094	0.999831983216163
ENSMUSG00000001604	51.880758377525	0.0542027092355204	0.110939597219739	0.485667093752911	0.627203218016543	0.999831983216163
ENSMUSG00000035692	18.9931843478087	0.158656754804132	0.0870278962228804	1.77781794470619	0.0754337602843818	0.999831983216163
ENSMUSG00000010517	1681.76052010851	0.0618691725958996	0.0892150963694021	0.693447298734709	0.488028888183343	0.999831983216163
ENSMUSG00000028444	4299.06251999254	0.065577136701199	0.0894663998802243	0.732900404039717	0.463619176671446	0.999831983216163
ENSMUSG00000028245	3409.00208057479	0.0396081898513107	0.0814203129157383	0.486450477438912	0.626647809086843	0.999831983216163
ENSMUSG00000028403	3304.51094184953	-0.150170849874768	0.0988875797916065	-1.51934924343084	0.128674610718604	0.999831983216163
ENSMUSG00000028902	1315.33841238161	-0.0594189510227781	0.09229022209915	-0.643839201439403	0.519679710368311	0.999831983216163
ENSMUSG00000061887	3893.34419064368	0.0483480959059026	0.0883210189435726	0.547371970511274	0.58412320796069	0.999831983216163
ENSMUSG00000028613	4026.65924373171	-0.0276876426171913	0.0988941855104266	-0.27999905601078	0.77947822912891	0.999831983216163
ENSMUSG00000085549	51.0550796274149	0.0257574110004468	0.115953529726667	0.221964655773808	0.824341397624402	0.999831983216163
ENSMUSG00000007872	524.642499589058	-0.0389878898134741	0.10402977164095	-0.374790630105477	0.707816183289843	0.999831983216163
ENSMUSG00000028393	1805.67140521018	-0.156828705817285	0.0884873562221476	-1.77248234443582	0.0763145235282051	0.999831983216163
ENSMUSG00000036073	1169.30917704063	0.0396335738312997	0.094404760539311	0.419789544981902	0.674639203215064	0.999831983216163
ENSMUSG00000040025	1414.82730764587	0.00513803708631528	0.0902055308464346	0.0569599652026577	0.954577086476327	0.999831983216163
ENSMUSG00000038024	1700.23533333474	-0.0132532894209478	0.0967487191905435	-0.13699711710306	0.891033073845479	0.999831983216163
ENSMUSG00000063524	17407.1243539441	0.0291286182283785	0.0817044069956778	0.356499752554554	0.721466337368456	0.999831983216163
ENSMUSG00000036896	556.140485037484	0.162671730952592	0.110628898088051	1.46911645768339	0.141801204594325	0.999831983216163
ENSMUSG00000028882	1616.034813547	-0.0754296509445246	0.0868301981910772	-0.86872200873397	0.384999200416651	0.999831983216163
ENSMUSG00000073733	213.399601135151	-0.0627344739595458	0.117435784165149	-0.534476985415497	0.59301156821629	0.999831983216163
ENSMUSG00000028851	2844.24106409043	0.0949499049492382	0.0821960834956539	1.15509949457797	0.248049685186532	0.999831983216163
ENSMUSG00000028647	681.822642188811	-0.031155842191571	0.0992779250191773	-0.313848549677207	0.753636068664825	0.999831983216163
ENSMUSG00000054752	1834.1870635558	-0.0470499089277145	0.0889041883382226	-0.529248668982343	0.596632958895686	0.999831983216163
ENSMUSG00000066037	4772.02463890885	-0.0040701956521663	0.0841044038983941	-0.0483943906337866	0.961401929694659	0.999831983216163
ENSMUSG00000001334	5082.69803314238	-0.041094608816824	0.0839550316514703	-0.489499631850887	0.624488015111334	0.999831983216163
ENSMUSG00000028528	9723.57303582977	-0.00366513764904155	0.0882683064614453	-0.0415225908499263	0.966879283488605	0.999831983216163
ENSMUSG00000028339	140.317850545596	-0.174023588354352	0.121372303447075	-1.44202892588488	0.149294213624254	0.999831983216163
ENSMUSG00000034557	6066.60642945923	-0.00505033950699301	0.0842743898025278	-0.0599275052088177	0.952213373269125	0.999831983216163
ENSMUSG00000029022	679.372408634285	-0.0130947955042828	0.108373680357052	-0.120821816544591	0.903832169589652	0.999831983216163
ENSMUSG00000035069	399.606963738211	-0.0282559108260538	0.105860502121532	-0.266924309947935	0.789527438876267	0.999831983216163
ENSMUSG00000029009	922.7719369722	0.0614333014704936	0.100838387957585	0.609112868767094	0.542449628299373	0.999831983216163
ENSMUSG00000028979	15.2243651653321	0.00102292507507255	0.0840082060875168	0.0121530541724359	0.990303504399909	0.999831983216163
ENSMUSG00000042788	17.4450376977454	0.0645039446394449	0.0885029905756074	0.720557740427558	0.471181662330337	0.999831983216163
ENSMUSG00000028480	328.868252736813	-0.10664508782019	0.110336656065999	-0.966657687454268	0.33371518596913	0.999831983216163
ENSMUSG00000058183	31.4789209874049	0.0869510148332857	0.104451053547993	0.82612363279905	0.40873396287374	0.999831983216163
ENSMUSG00000023571	410.225973061351	0.00332219243655988	0.110809859586425	0.0299771114791032	0.976085307359253	0.999831983216163
ENSMUSG00000043257	277.679426483	-0.0558715201885688	0.116400149261087	-0.480098286763914	0.631157506397728	0.999831983216163
ENSMUSG00000029068	9213.64649819697	-0.109132747356602	0.0953472810318971	-1.14492497301372	0.252240238073213	0.999831983216163
ENSMUSG00000035495	432.328443445598	-0.112139612657387	0.10691461924837	-1.04890365847121	0.294222461562946	0.999831983216163
ENSMUSG00000029055	7786.89065419018	-0.0628589974800333	0.100677579434705	-0.624506697352968	0.532294873348993	0.999831983216163
ENSMUSG00000050212	60.1966701269267	-0.126686184541837	0.118534803562531	-1.07343163702278	0.283077496114041	0.999831983216163
ENSMUSG00000050989	2028.49360842009	0.00626211083475942	0.0977816697225736	0.0640390834043437	0.948939106602981	0.999831983216163
ENSMUSG00000028988	700.191327113646	-0.146988656461107	0.100970658353926	-1.45586557488859	0.145429783803574	0.999831983216163
ENSMUSG00000052137	1086.18737924802	0.0206423651194492	0.102015945639344	0.202349320841899	0.839643644898755	0.999831983216163
ENSMUSG00000028434	4079.3381413928	-0.127073798056661	0.0790153568122212	-1.60832268160726	0.107764525586602	0.999831983216163
ENSMUSG00000051435	182.543608398763	0.1278312084096	0.119168694309111	1.0715570268742	0.283919043749104	0.999831983216163
ENSMUSG00000049657	65.785357440581	-0.0723799894694763	0.118132535243517	-0.615085366388288	0.538498345620662	0.999831983216163
ENSMUSG00000073888	979.174426704921	0.0619168209266452	0.103317327943125	0.599174561705217	0.549056484381353	0.999831983216163
ENSMUSG00000028952	400.500644500951	0.107724433648647	0.117995293607472	0.911781159339601	0.361883930298279	0.999831983216163
ENSMUSG00000041216	681.919773335511	0.000914087806909709	0.100483414386235	0.00909812639670855	0.99274084556315	0.999831983216163
ENSMUSG00000032744	113.384907230477	0.0719023093934748	0.121284176078886	0.591613962330261	0.554109122040803	0.999831983216163
ENSMUSG00000050234	41.6075596860914	-0.121067029034598	0.108439597320649	-1.12814405024222	0.259259088261372	0.999831983216163
ENSMUSG00000028581	445.407327595211	0.0568402882448456	0.11027124007493	0.515259617110875	0.606371614082761	0.999831983216163
ENSMUSG00000035305	499.714576517744	0.0977229934508754	0.103607429548891	0.943150193902734	0.345604084809046	0.999831983216163
ENSMUSG00000045917	443.974876513571	0.0677571623775994	0.104158715885683	0.650486030136203	0.515378322610203	0.999831983216163
ENSMUSG00000029071	3972.88934323757	0.0175460053604308	0.0946808808894892	0.185307474536655	0.852987875729303	0.999831983216163
ENSMUSG00000043207	2201.90389840529	0.00102231327114056	0.0877039730142394	0.0116572049001125	0.990699106838951	0.999831983216163
ENSMUSG00000028409	3103.44401345334	-0.0339181338058964	0.0845625808579204	-0.401114555880898	0.688335784611992	0.999831983216163
ENSMUSG00000063882	4060.59891577138	0.0945704038236023	0.0912869364911026	1.03579923553087	0.300295814305368	0.999831983216163
ENSMUSG00000034171	1566.70060065594	-0.0585011739669224	0.0969975322285432	-0.603161506075526	0.546401252901058	0.999831983216163
ENSMUSG00000028559	1816.79059680559	0.0912068096118594	0.0866365290618828	1.05270141785645	0.292477858636882	0.999831983216163
ENSMUSG00000028943	168.192991312468	0.0529048792337728	0.12023517981333	0.439828614452748	0.660061241370975	0.999831983216163
ENSMUSG00000028766	194.681417406381	-0.1479721302375	0.119887014616324	-1.23531161693717	0.216714551899643	0.999831983216163
ENSMUSG00000028653	549.34600910494	-0.028675959577139	0.10139279859543	-0.282811390231752	0.77732142249781	0.999831983216163
ENSMUSG00000047671	14.4047614269298	-0.0265370417992876	0.0826357065152677	-0.323207081725805	0.746538418053707	0.999831983216163
ENSMUSG00000028410	1610.15292711116	-0.0889753718130425	0.103808789012307	-0.857439214973739	0.39120219462426	0.999831983216163
ENSMUSG00000028744	1769.68562925639	-0.0404660349478624	0.0908162317943422	-0.44560280271684	0.655884185683722	0.999831983216163
ENSMUSG00000043924	106.971547643083	0.109748488783395	0.121885970966048	0.898971802230094	0.368667680368809	0.999831983216163
ENSMUSG00000028488	17417.8228463003	-0.00536440171145163	0.0786428594806805	-0.0682119799925721	0.945616890529866	0.999831983216163
ENSMUSG00000033295	1201.91614435933	-0.00926339277141148	0.0919099081359782	-0.100791756882517	0.91971577057208	0.999831983216163
ENSMUSG00000028854	1794.23610984635	0.135449375696164	0.0870974739538644	1.55494639973481	0.119958835409489	0.999831983216163
ENSMUSG00000028419	3179.67786099881	0.00728448133763197	0.0907510412435177	0.0802686848426954	0.936023563701439	0.999831983216163
ENSMUSG00000028699	22.5257077956999	-0.109274293423607	0.0962341162452942	-1.15611260728592	0.247635099884327	0.999831983216163
ENSMUSG00000028497	178.609213183698	-0.188070405710992	0.119100819014419	-1.58071621021147	0.11394294024306	0.999831983216163
ENSMUSG00000078495	121.362257528522	0.0882642408573175	0.121692139713801	0.724470364910923	0.468777014557773	0.999831983216163
ENSMUSG00000036114	479.870302708328	0.173999661383162	0.103767459171518	1.67635569514847	0.0936685416423041	0.999831983216163
ENSMUSG00000039740	4605.913032048	0.0495379624451375	0.0798939948035399	0.62002053152465	0.535244269726792	0.999831983216163
ENSMUSG00000028792	995.7080091993	-0.0807808217080067	0.0983371008783094	-0.821506366878087	0.411357898984773	0.999831983216163
ENSMUSG00000023267	71.3190495499769	0.100343771933636	0.119899089062006	0.834764726190781	0.403850190059153	0.999831983216163
ENSMUSG00000028692	7251.94148622888	0.0769385830191182	0.0917834209973233	0.838118452232938	0.401964180562305	0.999831983216163
ENSMUSG00000040606	3194.25206554496	-0.139718161386418	0.0810056944578717	-1.7249228646978	0.0845413743909674	0.999831983216163
ENSMUSG00000028487	24.3107302771398	0.0457504389496567	0.0951311198419709	0.478475826784543	0.632311575474372	0.999831983216163
ENSMUSG00000028683	555.627837196155	0.0168101935883215	0.100735774334269	0.166872316134381	0.867470516216119	0.999831983216163
ENSMUSG00000036052	2506.15807054354	-0.056912179539263	0.0840478481528956	-0.677173321575619	0.498295992442424	0.999831983216163
ENSMUSG00000028977	134.965711243418	0.113658437599418	0.121646081557236	0.933385227284592	0.350621104996889	0.999831983216163
ENSMUSG00000061894	346.328232109467	-0.013177881741239	0.11307091006997	-0.116557002257289	0.907211112623775	0.999831983216163
ENSMUSG00000028758	343.560864663407	0.0751762384700102	0.112492791819583	0.668189944469776	0.504012353350078	0.999831983216163
ENSMUSG00000035517	1236.62719908804	0.124053574490275	0.0926246379407296	1.33914372269763	0.180523889075058	0.999831983216163
ENSMUSG00000028218	1343.96419833734	0.0269666747399227	0.0926911595860766	0.290927980916807	0.771106400778142	0.999831983216163
ENSMUSG00000034035	81.4293331654575	0.0531633647229322	0.121208110398107	0.438222016748668	0.661225349992445	0.999831983216163
ENSMUSG00000028248	19407.5666262036	0.0695898253337245	0.0799494038587576	0.870360978830293	0.384103164274973	0.999831983216163
ENSMUSG00000066026	621.609095182349	0.0942350834141577	0.102740548602557	0.916981071721103	0.3591525589015	0.999831983216163
ENSMUSG00000028232	1702.57362507061	0.0231514120667676	0.0882244422016792	0.262411841211364	0.793003944501715	0.999831983216163
ENSMUSG00000028622	1483.34571567594	0.00352438326340096	0.0915663915306725	0.0384890653373075	0.969297749622044	0.999831983216163
ENSMUSG00000064141	88.0131391906148	0.138194638203321	0.120286654525857	1.14399101102422	0.252627364897937	0.999831983216163
ENSMUSG00000028859	91.8709309472379	0.168358111218098	0.121321555724297	1.38148227787609	0.167130723180759	0.999831983216163
ENSMUSG00000057722	299.534148739318	0.127352363195991	0.114755660831963	1.10876602282811	0.267531131589636	0.999831983216163
ENSMUSG00000028413	277.778193450632	0.0973855099838513	0.113069423920851	0.860921550308542	0.389281251661243	0.999831983216163
ENSMUSG00000086587	15.0095600188113	-0.00137404684356272	0.0813807366648385	-0.0169165934934398	0.986503154967854	0.999831983216163
ENSMUSG00000028698	7328.02450210102	-0.130289498010284	0.0780940577072609	-1.66853278715837	0.0952100088744466	0.999831983216163
ENSMUSG00000057236	4069.11314460533	-0.024192732398153	0.0798596971673209	-0.30294374890938	0.761932730132389	0.999831983216163
ENSMUSG00000040520	2105.52098912666	-0.0443936422721189	0.0871173551872035	-0.509605935762281	0.61032756453576	0.999831983216163
ENSMUSG00000028456	823.770069985616	-0.0776085562508816	0.0984779406800511	-0.788185560342817	0.430588174035983	0.999831983216163
ENSMUSG00000046593	23.3838352140775	-0.0507873636463601	0.0859855529390276	-0.599284620585982	0.54898310183657	0.999831983216163
ENSMUSG00000028224	1137.46909337	-0.0136121787283014	0.093428170515944	-0.145701586679961	0.884156968748501	0.999831983216163
ENSMUSG00000028466	602.375359900212	0.00614230870262109	0.102786011389726	0.0597589068871969	0.952347654606578	0.999831983216163
ENSMUSG00000029038	740.756013287736	-0.0279195221119668	0.0958535764337314	-0.291266575707321	0.770847448467883	0.999831983216163
ENSMUSG00000029003	257.654532727722	0.0477366609656873	0.113454406878997	0.420706307228839	0.67396955493142	0.999831983216163
ENSMUSG00000042616	570.474154997376	0.11995345453411	0.102275624892526	1.17275385689129	0.240894527080914	0.999831983216163
ENSMUSG00000043872	968.826037565028	-0.169146634450851	0.102978848679998	-1.64329513344022	0.100321884720842	0.999831983216163
ENSMUSG00000034853	2559.48027287555	0.0622547914952991	0.09820420358376	0.633836096992477	0.526187793077413	0.999831983216163
ENSMUSG00000029027	346.894570998603	0.0471818737308451	0.118408381224402	0.398120326270243	0.690541491975364	0.999831983216163
ENSMUSG00000039577	426.901505665526	0.0540732453812039	0.112928704155028	0.47860000620766	0.632223213929831	0.999831983216163
ENSMUSG00000029060	2590.11759197935	0.065858668892184	0.093141692487531	0.706978673831976	0.479579730821227	0.999831983216163
ENSMUSG00000028330	1491.22022373999	-0.134145019762975	0.092580727650153	-1.44918310248972	0.147286455127675	0.999831983216163
ENSMUSG00000028799	963.614350198165	0.0301795690269985	0.0990930240832215	0.304529208634181	0.760724743491628	0.999831983216163
ENSMUSG00000028294	59.9598321875409	0.0823288772023103	0.118436713927719	0.693131061386685	0.488227306345658	0.999831983216163
ENSMUSG00000028443	441.611327109748	0.0675360685081593	0.105308509898824	0.641252415866339	0.52135869955708	0.999831983216163
ENSMUSG00000028576	878.164666420464	0.0410374168927475	0.0954710001396697	0.429834730490875	0.667315866998686	0.999831983216163
ENSMUSG00000011257	820.776490324851	-0.10211855550576	0.0949179971427159	-1.07590296360144	0.281970656381962	0.999831983216163
ENSMUSG00000028337	940.621841325565	-0.0815398251829452	0.102952696373904	-0.792136589991009	0.428281037049532	0.999831983216163
ENSMUSG00000038047	705.488450139798	0.0186129083139438	0.0991643123958653	0.187702057147353	0.851110217564588	0.999831983216163
ENSMUSG00000003038	1656.83752170259	-0.0529947032874178	0.0894858699597826	-0.592229462118697	0.55369694309798	0.999831983216163
ENSMUSG00000018983	19.0288502386971	0.0629473068341424	0.0840458635945547	0.738631480860459	0.460130802763997	0.999831983216163
ENSMUSG00000052135	31.8238316670536	0.141020011875302	0.103168686620343	1.34864910319203	0.177449700760627	0.999831983216163
ENSMUSG00000039768	2240.42565707432	0.0535795861536714	0.0853972526314201	0.62738474028406	0.530407068041569	0.999831983216163
ENSMUSG00000028700	1971.53140063493	0.0489223265231991	0.0901280800488083	0.542760106819809	0.587294983626331	0.999831983216163
ENSMUSG00000048351	483.967420784775	-0.0464551805132219	0.105290060666051	-0.441196811589664	0.65907052127038	0.999831983216163
ENSMUSG00000029029	1149.72174345875	-0.00388498391042481	0.0976657520793455	-0.0397766308673888	0.968271207349473	0.999831983216163
ENSMUSG00000038422	164.913903712379	-0.0121754627847689	0.119880761338373	-0.101560951752611	0.919105175115009	0.999831983216163
ENSMUSG00000028857	1649.11534073949	0.0204566426535252	0.0887926839961791	0.23037977198217	0.817796678069086	0.999831983216163
ENSMUSG00000044700	5552.42443172312	0.03127407631976	0.0900688077908354	0.347199974749168	0.72844108980844	0.999831983216163
ENSMUSG00000028538	1775.33959539558	-0.00119812039432304	0.0897672135311714	-0.0133460553339081	0.989351704609806	0.999831983216163
ENSMUSG00000025413	2492.33751552793	0.0715600053554427	0.0889771354956927	0.804168723933231	0.421299538920859	0.999831983216163
ENSMUSG00000051351	1020.48957897668	-0.156665174164106	0.0919156744017397	-1.70446011596294	0.0882951611796095	0.999831983216163
ENSMUSG00000041025	1459.31532916628	0.0238042923897743	0.108359419984146	0.219652002521727	0.826142188125261	0.999831983216163
ENSMUSG00000028861	1357.37578172701	0.0746294588589461	0.0884434052032429	0.843784228745156	0.398789990078338	0.999831983216163
ENSMUSG00000028228	1305.36258042289	-0.066351547866186	0.105319915793894	-0.630155939868018	0.528592563096716	0.999831983216163
ENSMUSG00000028649	22309.4372463125	-0.00529487477075275	0.0940646899876236	-0.0562900063217556	0.955110780013035	0.999831983216163
ENSMUSG00000028923	1262.32649878882	-0.0542716324552524	0.0943382403590095	-0.575297491591729	0.565090117691132	0.999831983216163
ENSMUSG00000047777	486.428561507341	-0.00105152869796037	0.111511404312754	-0.0094295862993357	0.992476390173425	0.999831983216163
ENSMUSG00000028478	4995.93205210264	0.00717462296064902	0.0818259770630515	0.0876808062282148	0.930130375271325	0.999831983216163
ENSMUSG00000034636	7363.6410408368	-0.0372604251774659	0.0882235110744022	-0.422370714985319	0.672754449858762	0.999831983216163
ENSMUSG00000006218	115.390634770922	0.19128165112875	0.12172172227029	1.56746475372906	0.117006098538648	0.999831983216163
ENSMUSG00000028437	2106.66098500418	0.0602525263732325	0.0907710869153736	0.663729796804479	0.50686326490147	0.999831983216163
ENSMUSG00000028233	1798.64462607558	0.039131968528216	0.0905928989596935	0.431950587854425	0.665777326318666	0.999831983216163
ENSMUSG00000051557	442.079707270042	0.101162584399141	0.109787885205037	0.921120932191227	0.356987292834211	0.999831983216163
ENSMUSG00000028610	14.7684768789349	0.013682812008719	0.0839382007831947	0.162635105086359	0.870805745100876	0.999831983216163
ENSMUSG00000028830	1876.03965371359	-0.0713058331885538	0.0853813499043952	-0.835177357344128	0.403617856422492	0.999831983216163
ENSMUSG00000045349	823.850767209478	0.0480221289265905	0.104512481733503	0.459446062918957	0.645913876422231	0.999831983216163
ENSMUSG00000028889	138.907974126062	-0.14451731947653	0.121317459307376	-1.19256638933837	0.233039235638849	0.999831983216163
ENSMUSG00000028894	2350.61406889626	0.0770924969994793	0.0890637531027042	0.865486019160156	0.38677208624578	0.999831983216163
ENSMUSG00000028991	3788.19918862419	0.0232716812052776	0.0870377694310318	0.267371449511151	0.789183179486709	0.999831983216163
ENSMUSG00000050812	6419.92857405704	-0.0263764705170206	0.0848502678935178	-0.310871995631201	0.755897934617177	0.999831983216163
ENSMUSG00000042202	2489.87183906003	-0.0823921807732213	0.0832108745684633	-0.990194384110553	0.322079116961687	0.999831983216163
ENSMUSG00000045205	2738.13772139251	0.0407496722778569	0.0859064602028019	0.474335689308662	0.63526054520685	0.999831983216163
ENSMUSG00000028807	169.754992040211	-0.0462104532994985	0.121769079893664	-0.379596997095637	0.704244590233688	0.999831983216163
ENSMUSG00000061455	1004.20656196425	-0.0100741413285942	0.0977374119791751	-0.103081906583579	0.9178979649721	0.999831983216163
ENSMUSG00000028292	797.564151948112	0.0563642820298286	0.0977913709967558	0.576306429196907	0.564408078002673	0.999831983216163
ENSMUSG00000040795	674.00408161066	0.0220768923634078	0.115040469776844	0.191830998974429	0.847874588215016	0.999831983216163
ENSMUSG00000039662	5083.35910627411	0.0122775093598945	0.0968473936371795	0.126770673976316	0.899121907211539	0.999831983216163
ENSMUSG00000070867	844.612840726583	-0.0176134679619641	0.112868676124799	-0.15608052240619	0.875969551062887	0.999831983216163
ENSMUSG00000144291	236.630415053373	0.0194252138243932	0.115755724555527	0.167780972571821	0.866755591977517	0.999831983216163
ENSMUSG00000037996	16024.4387789823	0.00509597784097905	0.098356986871938	0.0518113410025674	0.958679018876742	0.999831983216163
ENSMUSG00000025743	7888.4160036418	0.0754984077478726	0.0803318146781666	0.939760329011379	0.347340511982822	0.999831983216163
ENSMUSG00000036822	1409.09416580777	-0.0530126369007955	0.0945123526421628	-0.560972591430808	0.574816222006565	0.999831983216163
ENSMUSG00000037731	24.9647363934555	0.0693904542810641	0.0975994238631784	0.703974971645878	0.48144836032163	0.999831983216163
ENSMUSG00000041351	5595.77208835364	0.0852717787152288	0.0865566110964449	0.985029609243264	0.324609527114877	0.999831983216163
ENSMUSG00000028226	1300.11157497457	-0.0541242724307924	0.103044392168543	-0.525383946461741	0.599316311113618	0.999831983216163
ENSMUSG00000028838	520.082999080446	0.0100710580703682	0.101712850435506	0.0990119324275456	0.921128795953087	0.999831983216163
ENSMUSG00000066043	920.27624241035	-0.102343144519299	0.0995026416547405	-1.02867709540085	0.303631436513157	0.999831983216163
ENSMUSG00000006445	83.1076410164238	-0.052992625847742	0.120657652672346	-0.439894642442229	0.660013416383364	0.999831983216163
ENSMUSG00000028391	146.785327097387	0.108646732812703	0.120950149790834	0.897389844620152	0.369510929618495	0.999831983216163
ENSMUSG00000028676	5466.0712989813	0.0515127649477185	0.0831843107477751	0.619232441684908	0.535763242921123	0.999831983216163
ENSMUSG00000028753	211.177429342474	0.0847927872298598	0.11792677797076	0.71874313777596	0.472299198845766	0.999831983216163
ENSMUSG00000039852	8358.27470663916	-0.0102325322799676	0.0841691018907174	-0.121571931634876	0.903238043878694	0.999831983216163
ENSMUSG00000028668	1307.81991667709	-0.00818731708174222	0.0886384560956247	-0.0923678335695559	0.926405795238127	0.999831983216163
ENSMUSG00000028476	547.028741175838	-0.079042986150038	0.102052156656437	-0.774585222484323	0.43858479214516	0.999831983216163
ENSMUSG00000028454	1029.98963685822	0.0253992568341132	0.102293109180402	0.248259135550191	0.803933914513236	0.999831983216163
ENSMUSG00000066151	1753.22144352389	-0.0331471539662203	0.0877446775154962	-0.377785349902373	0.705590057699279	0.999831983216163
ENSMUSG00000052117	39.82342865917	0.0696194149478029	0.110053566435078	0.629380903983668	0.529099716653104	0.999831983216163
ENSMUSG00000028656	4610.12668714286	-0.0390331863751892	0.0823998348151101	-0.473720207446868	0.635699441373792	0.999831983216163
ENSMUSG00000028464	443.983863193454	-0.0543822105467115	0.108198134574565	-0.502700202187469	0.615175067522039	0.999831983216163
ENSMUSG00000028587	73.9912156218246	-0.00928302730372207	0.119920563799557	-0.077404772011745	0.938301544658223	0.999831983216163
ENSMUSG00000071014	972.77361661452	0.0269383163754383	0.0941098200711452	0.286244000028062	0.774691245780245	0.999831983216163
ENSMUSG00000028931	5045.87726843226	0.120584971199687	0.0858121849110774	1.40500475653568	0.16001986386217	0.999831983216163
ENSMUSG00000028849	9614.05822333257	-0.016024719672554	0.0822874528567823	-0.194742689923764	0.845594389944694	0.999831983216163
ENSMUSG00000028688	352.202692870378	-0.047088580320027	0.111099867043174	-0.423941352248298	0.671608585230863	0.999831983216163
ENSMUSG00000045268	130.679041040558	0.000936353985547246	0.121885941404181	0.00768164678744808	0.993870992903246	0.999831983216163
ENSMUSG00000028557	9079.64885928225	0.0178150466672463	0.0771548396248269	0.230897622701944	0.817394337648608	0.999831983216163
ENSMUSG00000028670	1608.97691796614	0.0595651182138537	0.0934885626434771	0.637062557723532	0.524084096120757	0.999831983216163
ENSMUSG00000034919	11.4387692345023	0.0166969451269328	0.074047775925279	0.223563626067103	0.823096869464254	0.999831983216163
ENSMUSG00000028552	14173.6725582276	-0.0777964351659058	0.0834293922131278	-0.932581663259488	0.351036004551588	0.999831983216163
ENSMUSG00000028373	4673.15324428375	-0.0544394724203632	0.10748683436141	-0.506639507746594	0.612407782265241	0.999831983216163
ENSMUSG00000000085	1611.23048953206	-0.113159219390569	0.0882112721467751	-1.28286618117157	0.199538962908163	0.999831983216163
ENSMUSG00000028214	17.2039900141736	0.0480965046343839	0.0874656217057016	0.545489652733338	0.585416795123943	0.999831983216163
ENSMUSG00000105632	98.649075527938	-0.0460257850380961	0.121843812081831	-0.377935655018748	0.705478394554412	0.999831983216163
ENSMUSG00000105895	129.530903226943	0.135202141471856	0.121868569625877	1.10721172627478	0.268202398838541	0.999831983216163
ENSMUSG00000107041	40.9417947190676	-0.0949058934824425	0.10905036874464	-0.877826621062545	0.380037815358742	0.999831983216163
ENSMUSG00000085363	27.8197193185969	-0.0686320648245911	0.0996080705703727	-0.697012324632813	0.485795080866542	0.999831983216163
ENSMUSG00000105434	17.3799656196719	-0.00804173369710931	0.0864272461999395	-0.0934329860990913	0.92555958600837	0.999831983216163
ENSMUSG00000040367	10.3408344387884	-0.0389034956109491	0.0737581610124774	-0.536315677059115	0.591740397643821	0.999831983216163
ENSMUSG00000104699	19.2498287020899	-0.095820407479738	0.0920191649378438	-1.06259927118856	0.287963717680414	0.999831983216163
ENSMUSG00000106535	120.984191514666	-0.0970463731569301	0.121556543393775	-0.799277086953648	0.424129761874469	0.999831983216163
ENSMUSG00000044674	2618.83822912161	0.0091358342497448	0.0893699620713318	0.10222413032355	0.918578774853948	0.999831983216163
ENSMUSG00000086894	23.028962272016	-0.0199594084213752	0.0965119601295026	-0.207526699294194	0.835598543486271	0.999831983216163
ENSMUSG00000105124	13.2835446605744	0.0548297169694199	0.0782824902679464	0.691816394956591	0.489052639332136	0.999831983216163
ENSMUSG00000106035	12.6505822893089	0.055384625087207	0.0768595551156218	0.710813514728429	0.477199804682596	0.999831983216163
ENSMUSG00000053268	13.9181073752247	0.00908454215825553	0.0807122983078194	0.112478579161154	0.910443953305798	0.999831983216163
ENSMUSG00000067058	18.3825856131957	0.0784308841052841	0.0910320042169363	0.852079981453886	0.394169701915217	0.999831983216163
ENSMUSG00000107171	13.6869608959904	0.0145220628671058	0.0824030240895852	0.17561856240368	0.860593618315311	0.999831983216163
ENSMUSG00000107331	1180.85839245971	-0.0294849525699143	0.106724572541349	-0.276305529728858	0.782313409073208	0.999831983216163
ENSMUSG00000106547	113.041804960874	-0.179844513071835	0.121874427266542	-1.47990483387413	0.138898645497107	0.999831983216163
ENSMUSG00000105542	11.4557698191045	0.0190299462173576	0.0760503701755262	0.249135869073334	0.803255684495762	0.999831983216163
ENSMUSG00000105636	27.7827499618321	-0.0254800454932793	0.0969395377610074	-0.264571264148848	0.791339759367401	0.999831983216163
ENSMUSG00000086291	434.931247674158	-0.0183558921146059	0.112542532746809	-0.163098684897481	0.870440735233049	0.999831983216163
ENSMUSG00000109572	51.39178925715	0.184511606817464	0.116092767145043	1.57763037324628	0.114650550387403	0.999831983216163
ENSMUSG00000107227	13.7396695958883	0.0368020676849647	0.0825770318080965	0.442139962544727	0.658387927790268	0.999831983216163
ENSMUSG00000098062	26.1060531634802	-0.106263606674735	0.101090308442822	-1.06593144606722	0.286454632631269	0.999831983216163
ENSMUSG00000106678	75.3562466420487	-0.110347294074926	0.120624586082433	-0.917336947431878	0.358966102047785	0.999831983216163
ENSMUSG00000065191	20.49576899758	-0.0335833768052304	0.0934612184146416	-0.361560181550176	0.717680724777821	0.999831983216163
ENSMUSG00000104830	21.5184717414363	-0.011378746904032	0.0915837758028068	-0.124646684262067	0.900803267879626	0.999831983216163
ENSMUSG00000106288	42.9785267218786	-0.0805028389036516	0.111961477044911	-0.723140895172467	0.469593326664915	0.999831983216163
ENSMUSG00000107306	23.7678293055128	-0.0580232077411871	0.0974177098290205	-0.6008310347523	0.547952531168974	0.999831983216163
ENSMUSG00000107205	13.659277296413	-0.030591017020441	0.0814510865101867	-0.379097426387761	0.704615517364461	0.999831983216163
ENSMUSG00000094090	66.1294942217047	-0.084198467978588	0.118735023094386	-0.711426428637639	0.47682002651344	0.999831983216163
ENSMUSG00000107246	12.4914559330287	-0.00576956529844251	0.0798881945826085	-0.0723297539927841	0.942339486439738	0.999831983216163
ENSMUSG00000107336	93.4864109648497	0.0173947208505353	0.12088559920008	0.143758754118912	0.885690973918892	0.999831983216163
ENSMUSG00000106891	81.1001381120063	-0.0640504504546424	0.119339828540057	-0.537842166172877	0.59068601850898	0.999831983216163
ENSMUSG00000062234	3594.67763783877	-0.0245520026002115	0.080821607316516	-0.303783650929095	0.761292723144232	0.999831983216163
ENSMUSG00000106831	48.6029514659856	-0.0713967418719707	0.114629747752184	-0.624866207896501	0.532058872461147	0.999831983216163
ENSMUSG00000098449	25.2783264921975	0.0852480945206562	0.0997956296939045	0.845651014291218	0.397747457767162	0.999831983216163
ENSMUSG00000107079	10.5570985381497	-0.0199125087144369	0.0742696641254785	-0.270275193040158	0.786948548497364	0.999831983216163
ENSMUSG00000085565	74.2608576413766	-0.0546247595699766	0.120043233384883	-0.456016346600484	0.648378223471792	0.999831983216163
ENSMUSG00000066554	43.1009749808617	0.0695316506134766	0.111421284383295	0.621125669469104	0.534516940979586	0.999831983216163
ENSMUSG00000045318	197.353194208963	0.04080690820987	0.121469547698621	0.335189796147811	0.737481918765226	0.999831983216163
ENSMUSG00000061601	13692.8508656598	-0.128015327741065	0.103416007260509	-1.23866414117054	0.215469903657262	0.999831983216163
ENSMUSG00000106491	12.5335142218426	-0.0895918213805946	0.0793464367857184	-1.16776857960047	0.242900125335197	0.999831983216163
ENSMUSG00000105485	11.7073610200921	-0.0664130789127782	0.0757054618806454	-0.90420044323928	0.36588912521193	0.999831983216163
ENSMUSG00000105571	19.5592519278276	-0.0633075414570204	0.0902992727066684	-0.711848780094202	0.476558422383526	0.999831983216163
ENSMUSG00000107178	13.0668843089869	-0.0773557226675613	0.0800620366491396	-0.992534878786018	0.320936673867966	0.999831983216163
ENSMUSG00000106927	39.0452759164867	0.0556098610479892	0.10623405880177	0.520269142689921	0.602875999797876	0.999831983216163
ENSMUSG00000050677	83.4990703111021	0.0417065146948654	0.120735320313763	0.345185889451362	0.729954626165913	0.999831983216163
ENSMUSG00000105112	25.0341941050084	-0.049457731368973	0.0986449842581704	-0.505469119588807	0.613229382424348	0.999831983216163
ENSMUSG00000070576	154.61771336829	-0.00169067074194069	0.121736933391678	-0.0138908387934806	0.988917070609743	0.999831983216163
ENSMUSG00000060708	416.107783310886	-0.0347587615144979	0.106760712681866	-0.325593757620157	0.744731735758025	0.999831983216163
ENSMUSG00000105368	157.344864986774	-0.0155893994212857	0.121363088151543	-0.128412581425981	0.897822475050068	0.999831983216163
ENSMUSG00000093637	29.7322591013899	-0.097080189273517	0.102114952027756	-0.962328016405732	0.335884859980241	0.999831983216163
ENSMUSG00000117286	130.813681278094	0.0532466917882163	0.121680416541537	0.437042666253248	0.662080405771651	0.999831983216163
ENSMUSG00000106498	234.454913310778	-0.0478976402186636	0.118883742649336	-0.403126124479584	0.686855442915554	0.999831983216163
ENSMUSG00000072722	12.0021628508394	-0.0786917860903276	0.0738230758082488	-1.11145971153204	0.266370522495629	0.999831983216163
ENSMUSG00000106746	51.7367870231689	-0.0873349857951	0.115686161480957	-0.757777818142069	0.448584003741431	0.999831983216163
ENSMUSG00000081683	21.3250172743114	0.0769353822131678	0.0939926345438944	0.811157983754621	0.4172749508915	0.999831983216163
ENSMUSG00000072845	29.3629109180024	0.14176439905526	0.0962242705539357	1.44624105536664	0.148109602152114	0.999831983216163
ENSMUSG00000083261	26.6799787818594	-0.0635506215166741	0.0916352782980237	-0.70377047247518	0.481575724962733	0.999831983216163
ENSMUSG00000082938	31.6067417103736	-0.0271136375976074	0.104295192431862	-0.260883704108605	0.794182192033379	0.999831983216163
ENSMUSG00000106895	74.4012853699935	0.114797419865406	0.120584562995988	0.949347191745465	0.342444059169047	0.999831983216163
ENSMUSG00000105514	20.3864830668767	0.00604703161000427	0.0887321881532837	0.0678788902929145	0.945882043094037	0.999831983216163
ENSMUSG00000105326	27.1332518352163	-0.075824323031779	0.0992125826174361	-0.774034433228957	0.438910429074445	0.999831983216163
ENSMUSG00000090008	118.284224770715	-0.161888038675633	0.121848567010411	-1.33260642433656	0.182660995815589	0.999831983216163
ENSMUSG00000060419	146.504187913838	0.123522376510274	0.121116728337369	1.01857948854691	0.308402646129255	0.999831983216163
ENSMUSG00000081855	64.0539707938576	0.0779337517723263	0.118623789266205	0.654962695009334	0.512491772826155	0.999831983216163
ENSMUSG00000106181	20.3403319862547	-0.0498878948158147	0.0928115040938326	-0.543064189581804	0.587085607610967	0.999831983216163
ENSMUSG00000104913	144.79715936445	0.181497445921354	0.120341183963565	1.50603505563669	0.132058174782765	0.999831983216163
ENSMUSG00000105076	28.6476854991342	0.0906364751723582	0.103220638913521	0.871687111188033	0.383379093481066	0.999831983216163
ENSMUSG00000105565	23.7522779393647	-0.0215130442689342	0.0941350593169425	-0.229497480361208	0.818482278755248	0.999831983216163
ENSMUSG00000104569	45.342331325249	-0.112662610777414	0.113172791284105	-1.00193831081967	0.316373388011418	0.999831983216163
ENSMUSG00000106133	17.6772775787032	-0.0607003142047311	0.08753540780801	-0.702978905260421	0.482068895708383	0.999831983216163
ENSMUSG00000106665	119.45827756071	-0.107836232558912	0.121885352601306	-0.886751198404818	0.375212867048344	0.999831983216163
ENSMUSG00000070697	1162.20460412777	0.03920764327071	0.0966205024808372	0.40578128361146	0.684903311924371	0.999831983216163
ENSMUSG00000106694	22.8660653754662	-0.0275783361738618	0.094526643613276	-0.293388974675984	0.769224851796542	0.999831983216163
ENSMUSG00000106067	24.922961210054	0.0317855397361136	0.0994361692811936	0.318284465009444	0.750269167203839	0.999831983216163
ENSMUSG00000038135	12.2744051558365	-0.0319797069381373	0.0763511401947625	-0.424261739325319	0.671374939157407	0.999831983216163
ENSMUSG00000087314	119.393809292618	-0.0675924343655719	0.121746173861431	-0.555831630135222	0.578325960443498	0.999831983216163
ENSMUSG00000106241	40.7659059033599	-0.0397352690005858	0.110458345186224	-0.361097410941845	0.718026628637774	0.999831983216163
ENSMUSG00000093502	45.3469467335966	0.0439730122284213	0.113666578051082	0.385966487122259	0.69952148873338	0.999831983216163
ENSMUSG00000093748	17.5043892165815	0.0966894639899105	0.080620153547574	1.1769374336039	0.239220479603845	0.999831983216163
ENSMUSG00000106408	24.4066021908733	0.0216490889778873	0.097309441056699	0.221803230523165	0.824467064504279	0.999831983216163
ENSMUSG00000106414	10.7540119544584	-0.0200336359942591	0.0719458461825882	-0.281813241358217	0.778086717148822	0.999831983216163
ENSMUSG00000104655	10.7571812226333	-0.0416053558210189	0.0713708955776562	-0.597005433822598	0.550503752738543	0.999831983216163
ENSMUSG00000106244	11.0295502045976	-0.0100669384385591	0.0639061696955374	-0.159408362075116	0.873347151169732	0.999831983216163
ENSMUSG00000105620	19.1350461622686	-0.0546873435694188	0.0795378863109527	-0.705741710602508	0.480348776910093	0.999831983216163
ENSMUSG00000104661	20.0654939484792	-0.0557198108733784	0.0877799484014672	-0.645722345162065	0.518459186689704	0.999831983216163
ENSMUSG00000105922	36.9585883344296	0.0932326879018403	0.10648079644836	0.867482333153912	0.385677787581061	0.999831983216163
ENSMUSG00000105983	110.165272699739	0.0380561178719465	0.121611001241697	0.312394566718154	0.754740679040728	0.999831983216163
ENSMUSG00000106579	12.5213063287584	0.0174634916996401	0.0736133931794943	0.235923995418153	0.813491648100689	0.999831983216163
ENSMUSG00000105700	39.9117938282237	0.0388835012066469	0.106471986679643	0.363754020767057	0.716041699925495	0.999831983216163
ENSMUSG00000105771	39.3958820643797	-0.0613740219333992	0.0569324087680844	-1.20064462704748	0.229889082100637	0.999831983216163
ENSMUSG00000083477	104.434796172818	0.193748709890903	0.121883100458868	1.58457055593755	0.113063939194543	0.999831983216163
ENSMUSG00000059645	19.9389206143752	0.0527002281625801	0.0904044253963305	0.57810305386939	0.563194545386686	0.999831983216163
ENSMUSG00000105942	12.2579863430671	-0.0760352247220835	0.0720965983725312	-1.1055243078305	0.268932467562132	0.999831983216163
ENSMUSG00000106648	14.8789653204657	0.0407315801179262	0.0834639585505817	0.482593640147707	0.629384295737525	0.999831983216163
ENSMUSG00000106464	143.138996491114	-0.034544959757299	0.121829041941605	-0.283745176624916	0.776605671003327	0.999831983216163
ENSMUSG00000107021	142.686482072513	0.110272434763297	0.120734411477829	0.912622806508847	0.361440955313318	0.999831983216163
ENSMUSG00000107369	166.834096806498	0.113067836350385	0.11919629867741	0.948043522166946	0.34310729824327	0.999831983216163
ENSMUSG00000106981	404.572731679101	0.181574696610917	0.107230302888097	1.6928874489596	0.0904768928028322	0.999831983216163
ENSMUSG00000105741	44.3241273616858	-0.108448107445212	0.112579994089868	-0.970865477020126	0.331615271601779	0.999831983216163
ENSMUSG00000107182	463.918642955629	0.0485057178769804	0.104280766958129	0.465145658204077	0.64182715099051	0.999831983216163
ENSMUSG00000105143	14.0206247596537	0.00737459826387511	0.0825710479390642	0.0892569674349427	0.928877692526454	0.999831983216163
ENSMUSG00000051116	68.1988708133702	-0.00839090352690228	0.119182671518516	-0.0704329987883488	0.943849027222006	0.999831983216163
ENSMUSG00000087034	15.0209070408706	0.0365289263928238	0.0770599314209788	0.470908533966766	0.637706053538126	0.999831983216163
ENSMUSG00000104868	163.413293613793	-0.10730888770255	0.120991669356991	-0.888062930819201	0.37450690111787	0.999831983216163
ENSMUSG00000029360	35.9303669729231	0.100870179983216	0.107150287629317	0.932618888173597	0.351016777556583	0.999831983216163
ENSMUSG00000034687	224.511187925217	0.111691959655542	0.117482394359158	0.950273862632816	0.341973116154829	0.999831983216163
ENSMUSG00000067161	141.115129569476	-0.00932370174888821	0.121345983153139	-0.0768358278002183	0.93875414851132	0.999831983216163
ENSMUSG00000106825	67.4768960829826	-0.0124697042035522	0.118386964993792	-0.105279115594499	0.916154334212761	0.999831983216163
ENSMUSG00000106291	23.0207758236819	0.0789307433759728	0.0955715912188292	0.817949283081203	0.413386147604721	0.999831983216163
ENSMUSG00000105896	21.2281209605318	0.0762495919392972	0.0908230182673203	0.827707061099799	0.407836419268153	0.999831983216163
ENSMUSG00000105601	38.2218740464762	0.0089666087679378	0.110254125080324	0.0812188457299943	0.935267912302383	0.999831983216163
ENSMUSG00000107102	10.4173927140298	0.0245162776875979	0.0701544983337649	0.344642825161097	0.730362906238285	0.999831983216163
ENSMUSG00000106767	90.7817951866702	-0.0748089081281174	0.121688720779242	-0.615632758797514	0.538136925452883	0.999831983216163
ENSMUSG00000106841	38.8127797092588	-0.112140959693573	0.108703998591775	-1.04318073378242	0.29686459476463	0.999831983216163
ENSMUSG00000101678	29.10653868623	-0.161568920950655	0.102834564401537	-1.6031531281485	0.108900850856567	0.999831983216163
ENSMUSG00000086964	11.665690941447	-0.0955819413603733	0.077582752812186	-1.28053603760067	0.200356678908887	0.999831983216163
ENSMUSG00000042605	3092.68313793061	-0.0194192510226688	0.0823275731778274	-0.235883004178314	0.81352345686306	0.999831983216163
ENSMUSG00000106717	16.9860149625006	0.0412078465109667	0.0887591917275249	0.460480668776863	0.645171243939424	0.999831983216163
ENSMUSG00000105742	107.117959785521	-0.0797375173855498	0.121872621504383	-0.655185769842602	0.512348155140019	0.999831983216163
ENSMUSG00000107120	31.7976991843331	-0.0700632866532168	0.0969896750720889	-0.733017809588795	0.463547567132281	0.999831983216163
ENSMUSG00000107015	10.8305750968929	0.0306655296169669	0.07400804566294	0.409680356675055	0.682040441526197	0.999831983216163
ENSMUSG00000106691	13.1908092006712	-0.0909156937598005	0.0804957710690302	-1.16764401805675	0.242950386844834	0.999831983216163
ENSMUSG00000049551	163.084307423541	-0.123685560848673	0.119851420354035	-1.03263566419715	0.301774431566318	0.999831983216163
ENSMUSG00000085026	16.4986860978991	-0.127068369970301	0.0864286406220987	-1.52547702306041	0.127140160266211	0.999831983216163
ENSMUSG00000105349	26.3015621255016	-0.0247651027012793	0.0994246635524524	-0.250005162376828	0.802583356383676	0.999831983216163
ENSMUSG00000049285	84.4788716869783	0.0556186591921824	0.121482364344349	0.457265650181863	0.647480116094191	0.999831983216163
ENSMUSG00000081142	17.2848673606485	0.0342690611143316	0.088915139801296	0.3829701580933	0.701741890744096	0.999831983216163
ENSMUSG00000105679	38.4537522784641	0.0703065607966225	0.107593345515403	0.649090913734953	0.516279614533092	0.999831983216163
ENSMUSG00000074817	21.8257947647568	-0.0271369604870174	0.0939335649807349	-0.290155808619281	0.771697042161421	0.999831983216163
ENSMUSG00000097559	26.2934838602052	-0.0769362785111548	0.100491881302814	-0.77304636728548	0.439494940130146	0.999831983216163
ENSMUSG00000105366	40.1338819816307	0.0525472981493197	0.106496898995375	0.491746754737349	0.622898381415781	0.999831983216163
ENSMUSG00000106662	21.5710170422575	0.106202590500778	0.0932664219052534	1.12013501645404	0.262656230754317	0.999831983216163
ENSMUSG00000104814	324.580563131045	-0.108313782927167	0.112307626024379	-0.964515089932339	0.334787746689208	0.999831983216163
ENSMUSG00000104761	44.879048571863	-0.0238942083754313	0.111814035535222	-0.214063390412149	0.830497624265685	0.999831983216163
ENSMUSG00000105607	19.8954553333871	0.024300836683713	0.0922569088879908	0.262780663897931	0.792719639886966	0.999831983216163
ENSMUSG00000107000	235.880882576509	-0.154180242915215	0.119459036761182	-1.29215383939549	0.196303873892517	0.999831983216163
ENSMUSG00000107276	46.3797549526839	-0.0513479261381924	0.114371797137974	-0.450054897748605	0.652670856827699	0.999831983216163
ENSMUSG00000039358	17.5918062920183	0.0853151698254137	0.0897152114055179	0.939232435401895	0.347611419280161	0.999831983216163
ENSMUSG00000094840	670.764364630573	0.0255062044166413	0.103611402682046	0.246157102468219	0.805560621240175	0.999831983216163
ENSMUSG00000051502	117.660855107057	0.0583389343278588	0.121687839853414	0.479071653513091	0.631887654782735	0.999831983216163
ENSMUSG00000079173	13.6812104966167	0.0365250332905672	0.0793790008216585	0.455762781664915	0.648560570376784	0.999831983216163
ENSMUSG00000029715	361.032111647313	0.116127793558381	0.109466992324443	1.06043003889702	0.288949002338127	0.999831983216163
ENSMUSG00000105851	23.1797092552755	0.11862407100136	0.0965165279298643	1.21156119770973	0.225680395336587	0.999831983216163
ENSMUSG00000106237	67.6691135326064	-0.062491828945349	0.118798215705492	-0.527225285141856	0.598037151741643	0.999831983216163
ENSMUSG00000029714	2357.65554656831	-0.0169964324343431	0.100677054062388	-0.168823713208236	0.865935305602301	0.999831983216163
ENSMUSG00000107086	14.90002695583	0.0511035513767798	0.0833835086393442	0.604914246134587	0.545235976865162	0.999831983216163
ENSMUSG00000107201	55.6557982927976	0.145055444225324	0.116829635739637	1.23333951905477	0.217449119552202	0.999831983216163
ENSMUSG00000106887	13.4795588873432	0.0341586242258647	0.0779144938752908	0.432998880388183	0.66501558320818	0.999831983216163
ENSMUSG00000107240	11.2183521147413	-0.0441547813399168	0.0748765006786295	-0.601587277612957	0.54744889960532	0.999831983216163
ENSMUSG00000105594	2242.32811024126	-0.00235816151483424	0.100555104362128	-0.023451328796131	0.981290261788614	0.999831983216163
ENSMUSG00000105198	10.6487612406013	0.0483417834228752	0.0735740184091572	0.648581086981379	0.516609183464648	0.999831983216163
ENSMUSG00000001166	20.9587772044406	0.0997054856385691	0.0931327318385762	1.0550113147661	0.291420149955388	0.999831983216163
ENSMUSG00000081798	11.8829907536994	-0.105922138355462	0.0761348477896614	-1.46332950903955	0.143377236886897	0.999831983216163
ENSMUSG00000089628	20.046132894063	-0.0822567921770581	0.0905124705219805	-0.927073538788842	0.353888353853327	0.999831983216163
ENSMUSG00000054945	92.1748837041501	0.010473174969834	0.121227201132524	0.086328378576814	0.93120537983837	0.999831983216163
ENSMUSG00000006638	12.4990321238568	-0.0372653163162518	0.0760290957471115	-0.497043910895243	0.619158086383387	0.999831983216163
ENSMUSG00000046808	110.100613804778	-0.0618197127761827	0.121884056642448	-0.507552631241516	0.611767117364845	0.999831983216163
ENSMUSG00000107161	18.8046151627424	-0.0352949187919616	0.0841467326588161	-0.424354852345183	0.671307041338985	0.999831983216163
ENSMUSG00000107216	24.6048347479366	0.0600193389940177	0.0972424297890214	0.613631712059031	0.539458722967856	0.999831983216163
ENSMUSG00000080893	183.576883033711	0.0921812915195913	0.119719728436993	0.769449829904912	0.441626316934778	0.999831983216163
ENSMUSG00000107019	306.742989782615	-0.153184676734896	0.11392508709649	-1.34544812636647	0.178480562436504	0.999831983216163
ENSMUSG00000106870	378.009672490875	0.0667138792364107	0.108871907027425	0.612724170362589	0.540058737901147	0.999831983216163
ENSMUSG00000096617	413.768340742233	-0.0432783293754905	0.106558073718851	-0.406129801746477	0.684647229603674	0.999831983216163
ENSMUSG00000107092	23.1984183663003	-0.0726143224198905	0.094928208041166	-0.775192671188573	0.438225818154859	0.999831983216163
ENSMUSG00000029641	279.266387354361	-0.207045880969415	0.119334718948475	-1.73813783228781	0.0821865300956437	0.999831983216163
ENSMUSG00000106896	16.73186696628	0.06449445711919	0.086628953491564	0.734422592289349	0.462691221688083	0.999831983216163
ENSMUSG00000106743	113.661831053672	-0.0992340919500182	0.121831716057648	-0.815653654849058	0.414698252712526	0.999831983216163
ENSMUSG00000105950	23.0658291757817	-0.0927792780469679	0.0955411197076901	-0.988423013090115	0.322945521477265	0.999831983216163
ENSMUSG00000107300	16.8686735240082	0.0005257342561972	0.0806842489135962	0.00650421155391682	0.994810426611576	0.999831983216163
ENSMUSG00000081228	184.169392320463	-0.0128124410626294	0.119221439283349	-0.107482576738808	0.91440614699296	0.999831983216163
ENSMUSG00000029720	31.1307811570053	0.0378931932236975	0.105107137795243	0.358985400763647	0.719606010846881	0.999831983216163
ENSMUSG00000083833	67.5962480030523	-0.0675247351356406	0.119717289744467	-0.56538270609831	0.571813484866299	0.999831983216163
ENSMUSG00000085376	28.0650015088448	0.0100437852307915	0.100405863853169	0.0999939357479131	0.920349139888031	0.999831983216163
ENSMUSG00000106682	10.3631427140423	-0.0533999433638949	0.0675724844941655	-0.819015681080883	0.412777466959508	0.999831983216163
ENSMUSG00000061882	142.949402631114	0.00874822356398975	0.120588933877221	0.0725319492685156	0.942178580579733	0.999831983216163
ENSMUSG00000090963	76.5859920730161	0.0160136539855464	0.119752918895642	0.133581511601182	0.893733504750486	0.999831983216163
ENSMUSG00000106951	60.7933281865755	0.138770302921228	0.115727408870404	1.19077067436512	0.23374362431055	0.999831983216163
ENSMUSG00000107277	44.9736737318366	0.105109405666401	0.104803281968509	0.990723524323072	0.321820600951782	0.999831983216163
ENSMUSG00000105429	33.4888435974381	-0.0352964283382111	0.106533819789372	-0.332320915896751	0.739646947905335	0.999831983216163
ENSMUSG00000105929	25.2330963973218	-0.00366639468895135	0.100301156030376	-0.036577593555395	0.970821809325042	0.999831983216163
ENSMUSG00000011034	464.119198687854	-0.0293108056388078	0.106828149526751	-0.274388409505692	0.783786149211542	0.999831983216163
ENSMUSG00000080935	42.9439730824561	0.0709771366109171	0.112175083722379	0.630483193117228	0.528378495550812	0.999831983216163
ENSMUSG00000075703	3637.51868478201	-0.0538742404173892	0.0900363444097378	-0.598421258714609	0.549558884418145	0.999831983216163
ENSMUSG00000067149	16.7860623557165	0.0569628413818985	0.0877095330343374	0.642304211342571	0.520675680419878	0.999831983216163
ENSMUSG00000049477	25.7791510761159	-0.09446073368024	0.0993787965975193	-0.964346012655864	0.334872479370158	0.999831983216163
ENSMUSG00000105044	16.7311524668631	-0.0654262836452362	0.0879759859851651	-0.755530065479506	0.449930999655361	0.999831983216163
ENSMUSG00000097140	103.847472520596	-0.0668662002507846	0.121393009180777	-0.551970615372904	0.580968485790071	0.999831983216163
ENSMUSG00000072647	459.72929173999	-0.109708229480774	0.108890954857855	-1.00765737066513	0.313618976701163	0.999831983216163
ENSMUSG00000045238	54.7926909567647	-0.137892650093527	0.112463059000385	-1.2398710362381	0.215023098378189	0.999831983216163
ENSMUSG00000105814	46.1791950528049	0.0302406055657421	0.109550137775019	0.274988130042767	0.783325357747086	0.999831983216163
ENSMUSG00000053214	1014.60470603459	-0.0878031052665278	0.0962255577028415	-0.912495010962147	0.361508194651224	0.999831983216163
ENSMUSG00000104720	21.5968981464097	-0.0348089246923281	0.0912658778964864	-0.383148719706461	0.701609497701628	0.999831983216163
ENSMUSG00000087439	22.1254462268792	-0.0560351419493017	0.0958772373420434	-0.589811302672287	0.555317164218495	0.999831983216163
ENSMUSG00000105161	132.447396961665	-0.00163518982074688	0.12171998720537	-0.013427629467096	0.989286623700149	0.999831983216163
ENSMUSG00000099284	15.1559472848885	0.0689810814304476	0.084211417398445	0.806788944045177	0.419788089914856	0.999831983216163
ENSMUSG00000105613	42.8791307631764	-0.0409257402754796	0.107286294828867	-0.382928025872612	0.701773130653619	0.999831983216163
ENSMUSG00000104951	54.2783548034324	-0.134717151918072	0.116838952150828	-1.15976765157365	0.246143417834774	0.999831983216163
ENSMUSG00000103544	13.5399633724073	0.017182765542659	0.0774694523927304	0.221133727865139	0.824988309212644	0.999831983216163
ENSMUSG00000105947	24.9733461622473	-0.0474478471422761	0.0945783427144225	-0.505835531421334	0.612972112857779	0.999831983216163
ENSMUSG00000100801	1066.66277496759	-0.0127054257040786	0.0927880878504892	-0.136930604531304	0.891085647760066	0.999831983216163
ENSMUSG00000104891	95.5076663196861	-0.0153983133608997	0.121236844060385	-0.127134195760646	0.898834186745105	0.999831983216163
ENSMUSG00000104950	206.277921631091	0.0209443201363116	0.119427644724172	0.175323819117302	0.860825196682697	0.999831983216163
ENSMUSG00000107108	10.9091030938926	0.0192128256473196	0.0754168007476549	0.25316630843033	0.800139700567732	0.999831983216163
ENSMUSG00000104882	33.8790951752681	-0.0974803270729028	0.107162912487666	-0.918644984432454	0.358281294566943	0.999831983216163
ENSMUSG00000104777	23.3576668548055	0.160074969149061	0.0972366705113452	1.6224055137981	0.104716549345363	0.999831983216163
ENSMUSG00000106160	109.884647097882	-0.0584974853942309	0.121484664118326	-0.481897493691307	0.629878766637773	0.999831983216163
ENSMUSG00000122020	111.963419831666	-0.024942230036212	0.12188598163443	-0.204813631995686	0.837717735995811	0.999831983216163
ENSMUSG00000122024	13.1443391220109	0.0147415537140528	0.0787756880977863	0.186730210532053	0.851872168114015	0.999831983216163
ENSMUSG00000122023	22.081218604026	-0.14821384848478	0.0939952764857844	-1.62693464561801	0.103750978801665	0.999831983216163
ENSMUSG00000085720	51.6490479852827	0.0436995342074875	0.115451846918906	0.377415676275373	0.705864718832751	0.999831983216163
ENSMUSG00000122231	27.7775440872021	-0.00499503985768073	0.101453554000953	-0.0492266340446061	0.960738686093927	0.999831983216163
ENSMUSG00000122690	14.6039874706044	0.0585927971247627	0.083134526999506	0.695269207914726	0.486886607532284	0.999831983216163
ENSMUSG00000106164	13.7267961977699	0.0953097535179487	0.0825261522136357	1.13444681257361	0.256607172158078	0.999831983216163
ENSMUSG00000106820	13.5619430291068	-0.0268668596181049	0.0792471763471167	-0.342711215520002	0.731815724399106	0.999831983216163
ENSMUSG00000123352	20.6303963730122	-0.0487467571094042	0.0932034787638864	-0.527147831174413	0.59809093324504	0.999831983216163
ENSMUSG00000123490	11.4106567788074	-0.0883940245303388	0.0759761774326731	-1.20798363895416	0.22705355567342	0.999831983216163
ENSMUSG00000087541	29.0969638850109	-0.155419529784212	0.10222450023697	-1.55424648864643	0.120125632314473	0.999831983216163
ENSMUSG00000105640	29.6618210068551	-0.083129212430643	0.101020343601647	-0.833203466944824	0.4047299876436	0.999831983216163
ENSMUSG00000124141	27.6524196491013	-0.0395556656260509	0.101442153632888	-0.392049115003055	0.695021924188747	0.999831983216163
ENSMUSG00000120053	14.0201293412904	0.0769225329445772	0.0796899682926964	0.945372318780166	0.344468829173593	0.999831983216163
ENSMUSG00000097145	79.7035909677935	-0.0980267857727247	0.120964385548321	-0.812132342607794	0.416715696548218	0.999831983216163
ENSMUSG00000097321	66.727998404426	0.0234943657955256	0.119566795637763	0.196350368573055	0.844335940168598	0.999831983216163
ENSMUSG00000125280	19.3119820135096	-0.0559987947875612	0.0866054894887584	-0.657022053990722	0.511166735924598	0.999831983216163
ENSMUSG00000087431	78.7116193705737	-0.0647420900858787	0.119932954763269	-0.541237723089901	0.588343739434596	0.999831983216163
ENSMUSG00000126057	49.5133388230497	-0.0250971302794067	0.110278313721105	-0.227847840127912	0.819764533658003	0.999831983216163
ENSMUSG00000120761	72.706395928084	-0.0219474688084415	0.118503044462671	-0.185480012187698	0.852852556221627	0.999831983216163
ENSMUSG00000126378	59.3613755012521	-0.00413322991166501	0.111354196002224	-0.0371464400765438	0.970368243733507	0.999831983216163
ENSMUSG00000126419	18.7338278270735	0.0459244735413238	0.0907975149100851	0.502058886857843	0.615626099075787	0.999831983216163
ENSMUSG00000126499	76.8558198207553	0.120470218298053	0.120922633588748	0.993564740407226	0.320434817274532	0.999831983216163
ENSMUSG00000086916	37.6218020122635	-0.107213100873008	0.102629177798175	-1.06288137496796	0.287835750328792	0.999831983216163
ENSMUSG00000126573	15.6067092820225	-0.0524272275283988	0.0858313574730708	-0.618840932912358	0.536021153609529	0.999831983216163
ENSMUSG00000126697	101.698043720416	0.0936924849489805	0.12081762013803	0.772476839810054	0.439832058940263	0.999831983216163
ENSMUSG00000126882	37.4367953813147	-0.0919370772586479	0.108758548926488	-0.85287399420846	0.393729184641894	0.999831983216163
ENSMUSG00000127072	34.7698915989746	-0.0978947349995743	0.107973154863004	-0.914237369187215	0.360592132233309	0.999831983216163
ENSMUSG00000127320	16.803271964535	0.0793287543255013	0.0847650113169653	0.92058506576491	0.357267102175721	0.999831983216163
ENSMUSG00000120573	13.8658143963257	0.049026008015016	0.0771183740567665	0.629118121227494	0.529271727723884	0.999831983216163
ENSMUSG00000107096	1151.99097447552	0.00769781980439026	0.0993453755586778	0.0774824376790372	0.938239761970674	0.999831983216163
ENSMUSG00000086075	54.0182499215087	0.0262703909466872	0.116956015364342	0.224328125641245	0.82250199272992	0.999831983216163
ENSMUSG00000127810	21.4335390723652	-0.00315272435772842	0.0907756384933158	-0.0346513015552071	0.97235779331281	0.999831983216163
ENSMUSG00000106644	14.5650083831097	0.0465574684245764	0.0792873506123449	0.581397763285684	0.560972404590713	0.999831983216163
ENSMUSG00000128101	37.473752674387	0.0575181443580718	0.109146251713586	0.524603847307371	0.599858611662344	0.999831983216163
ENSMUSG00000128104	18.3042071626683	0.035563755018327	0.0896446244825	0.394843018002327	0.692958745159068	0.999831983216163
ENSMUSG00000086401	50.2091372641058	-0.00420221845844487	0.115111514411237	-0.0364991535800452	0.970884353606412	0.999831983216163
ENSMUSG00000090086	492.528045703357	0.100872999640302	0.115209982476917	0.874699211110696	0.381737589483182	0.999831983216163
ENSMUSG00000085227	30.7806113781281	-0.0417600952519171	0.10545371667675	-0.39771074137221	0.690843418731452	0.999831983216163
ENSMUSG00000105664	30.2015131259875	-0.0594749474903983	0.102883142020721	-0.581948420471069	0.560601424167524	0.999831983216163
ENSMUSG00000106943	101.833997643555	0.112153937934668	0.121846549039344	0.918220228309763	0.358503580512302	0.999831983216163
ENSMUSG00000129427	23.5586152775071	-0.0111839048099786	0.0977892337091574	-0.114619098420449	0.908747041127704	0.999831983216163
ENSMUSG00000129512	37.7881719031079	-0.156747047368669	0.108808475973099	-1.46088915897385	0.144045862214575	0.999831983216163
ENSMUSG00000106978	82.0194226229267	-0.00333645884456865	0.121324356675622	-0.0275006126851398	0.978060451181277	0.999831983216163
ENSMUSG00000085433	101.87474081325	-0.190787344485426	0.121855059499145	-1.57004488113682	0.116404670270389	0.999831983216163
ENSMUSG00000085269	56.8890161065195	-0.110093021199653	0.115340901693055	-0.960167009568143	0.336971167646398	0.999831983216163
ENSMUSG00000129758	26.1060557013671	0.0739434423987674	0.0992398778347449	0.737557693476586	0.460783272074615	0.999831983216163
ENSMUSG00000098649	131.439376679024	-0.0055269285496794	0.121699430109033	-0.0454247021158357	0.963768791864961	0.999831983216163
ENSMUSG00000052848	14.5664534833457	0.0942909635517509	0.0737523592277257	1.25151493367179	0.210746668695391	0.999831983216163
ENSMUSG00000130398	47.6541280544978	0.0834361558288216	0.113010565313571	0.734867899357789	0.462419949985661	0.999831983216163
ENSMUSG00000075585	231.509460489468	0.0110261717691678	0.118316379447821	0.0931845340368253	0.925756960974504	0.999831983216163
ENSMUSG00000130488	15.8056713666063	-0.080444400954069	0.0810530886308294	-1.02185060834242	0.306851612347749	0.999831983216163
ENSMUSG00000107143	26.5551944856111	0.0416473050756248	0.101299973832316	0.409542585662547	0.682141521380926	0.999831983216163
ENSMUSG00000130727	102.838524592359	0.0655656323350648	0.121826992938128	0.537404133132533	0.590988488980609	0.999831983216163
ENSMUSG00000101856	61.1732594698261	0.0831532854320979	0.118426587094572	0.699671369736486	0.484132560235	0.999831983216163
ENSMUSG00000131095	23.8990929901334	-0.1114432543294	0.0971760099206382	-1.16895584113245	0.242421423350665	0.999831983216163
ENSMUSG00000120460	13.3166261315294	-0.0653353771101267	0.078364740642691	-0.855013769918478	0.392543524698318	0.999831983216163
ENSMUSG00000087484	23.4232506451507	-0.0919153091759078	0.0962615763433982	-0.96998363661082	0.332054648609934	0.999831983216163
ENSMUSG00000086655	38.1375807260724	-0.0990779931315972	0.110176336074056	-0.906114964781306	0.364875005325773	0.999831983216163
ENSMUSG00000119979	52.8291863508553	0.0757931611733046	0.110133501029662	0.683228437347368	0.494462505932068	0.999831983216163
ENSMUSG00000131896	15.3844352648659	-0.000859520960186882	0.0855400917541388	-0.0100570380092422	0.991975779912217	0.999831983216163
ENSMUSG00000099061	48.0146856650433	-0.0563029178534698	0.111249603913579	-0.508206027100613	0.611308864522489	0.999831983216163
ENSMUSG00000131998	20.1860675336229	0.0454566289033536	0.0924297614786876	0.487458201955859	0.625933656629526	0.999831983216163
ENSMUSG00000120374	30.0395206086217	0.104529043615513	0.101785286116719	1.01797781509011	0.308688499162542	0.999831983216163
ENSMUSG00000132072	12.0057131326836	0.0161162273688051	0.0780591737266184	0.205231386952838	0.837391348093172	0.999831983216163
ENSMUSG00000132124	33.452755539899	0.0349663630280413	0.107428993640355	0.324705605089821	0.745403892094452	0.999831983216163
ENSMUSG00000120013	50.4090389501604	0.140803968732984	0.110323283018583	1.26276531741612	0.206673532367278	0.999831983216163
ENSMUSG00000120846	12.6767579416632	0.00194154869162276	0.0799753194705926	0.0242602779839032	0.980644997374713	0.999831983216163
ENSMUSG00000042184	15.9426084049934	-0.0359708316429095	0.0830515897296135	-0.43707879130337	0.662054207743648	0.999831983216163
ENSMUSG00000133479	39.2197069665228	-0.148544109850786	0.10771927685367	-1.4014531174178	0.161078617763861	0.999831983216163
ENSMUSG00000133837	28.6518801088366	0.0374615825012998	0.103325697663411	0.360995606978413	0.718102731082768	0.999831983216163
ENSMUSG00000120316	21.8456482712527	0.0912855631041544	0.0942531843957242	0.955227023930319	0.339462902507089	0.999831983216163
ENSMUSG00000072591	69.5386789080323	-0.0177967299085691	0.119806451218557	-0.14854630303554	0.881911646720478	0.999831983216163
ENSMUSG00000134259	15.3450655413133	-0.107647205463761	0.0826417212765099	-1.3530899227764	0.17602690461076	0.999831983216163
ENSMUSG00000134631	26.1504595359646	-0.116209319454862	0.0975497723496064	-1.21609419008465	0.223949043507894	0.999831983216163
ENSMUSG00000134740	16.0151021482318	0.0763974504643068	0.0868657971250325	0.868746347409211	0.384985884956599	0.999831983216163
ENSMUSG00000135031	25.5360090972568	-0.0205130516668847	0.099531759022969	-0.206736226367211	0.836215863968431	0.999831983216163
ENSMUSG00000135097	14.1748672037533	-0.0411441944280174	0.0786228197798953	-0.529518002322371	0.596446159539013	0.999831983216163
ENSMUSG00000097626	155.951813773327	-0.00773807212735841	0.121111023407929	-0.0639049472213037	0.949045913020351	0.999831983216163
ENSMUSG00000135200	10.4989777918188	-0.0168038039349295	0.0732621148131906	-0.231417706704358	0.816990310512074	0.999831983216163
ENSMUSG00000121172	20.5895798568947	0.00409986453002734	0.0909547019228762	0.0450090349275128	0.964100107423261	0.999831983216163
ENSMUSG00000104784	94.0103335962086	0.0678230447302277	0.121635151940971	0.556900557227212	0.577595373892511	0.999831983216163
ENSMUSG00000136351	18.8556364168109	-0.0166218010171667	0.0880675515897757	-0.189914249946095	0.849376325844014	0.999831983216163
ENSMUSG00000136448	18.9731323809664	-0.0405110261407127	0.0842150252763563	-0.486380536486698	0.626697387720644	0.999831983216163
ENSMUSG00000136485	20.4901203022303	-0.00144803319416503	0.0940085704476939	-0.0154088421427378	0.98770600925504	0.999831983216163
ENSMUSG00000097640	35.6521522212151	0.0617880954789262	0.107474228815872	0.571474753529278	0.567677869191339	0.999831983216163
ENSMUSG00000136525	149.894789684512	0.0385102736033152	0.0876548836227967	0.434846880562912	0.663673573776608	0.999831983216163
ENSMUSG00000097275	102.761520950361	-0.127106661406179	0.121845039595631	-1.04524606142048	0.295909259817602	0.999831983216163
ENSMUSG00000067285	11.4439890737345	-0.0741758456076906	0.0746183551328178	-1.02757557179967	0.304149519980802	0.999831983216163
ENSMUSG00000086047	37.2365302555059	-0.0768747691930588	0.103601350431282	-0.749066439130146	0.453817161803248	0.999831983216163
ENSMUSG00000137527	29.0259514237235	0.0645167899064439	0.101820885582752	0.628732738462538	0.529524041152886	0.999831983216163
ENSMUSG00000137719	15.0964871800553	0.0519207805112645	0.0841823832344862	0.611330398143954	0.540980870541809	0.999831983216163
ENSMUSG00000097287	624.455313637817	0.0284412612523917	0.110526730277167	0.257241369314742	0.796992450150132	0.999831983216163
ENSMUSG00000092354	95.6537806412613	-0.0204763075838217	0.121800741856879	-0.16819441505934	0.866430334494021	0.999831983216163
ENSMUSG00000138173	34.8137329144411	0.0450485229082333	0.105548930944923	0.425398412262402	0.67054626327486	0.999831983216163
ENSMUSG00000096936	76.6301641419645	0.174575588285881	0.120348208851135	1.44353564067351	0.148869640048443	0.999831983216163
ENSMUSG00000138567	35.6551424173078	-0.018186402367507	0.107507860150256	-0.169328074081929	0.865538594886609	0.999831983216163
ENSMUSG00000120342	13.0056592763958	0.0481054192783561	0.0773704946191372	0.614159936848359	0.539109644571302	0.999831983216163
ENSMUSG00000107121	14.4939840760732	-0.0496558717152003	0.082512621851437	-0.610733956458659	0.541375722123812	0.999831983216163
ENSMUSG00000139155	18.259830742318	0.0109089235738974	0.0896025176586304	0.121310612289912	0.903445014706861	0.999831983216163
ENSMUSG00000120376	15.4216561945779	0.0986464740372638	0.0824163340799049	1.17305946362303	0.240771960706285	0.999831983216163
ENSMUSG00000139315	13.3696377280634	-0.0136808751094661	0.0758655029770226	-0.181010740137014	0.856359145860365	0.999831983216163
ENSMUSG00000105489	109.787666109419	-0.0779997073064502	0.121803557336631	-0.641412419259999	0.52125476618537	0.999831983216163
ENSMUSG00000139573	14.6031110385717	0.0123934067136187	0.0804486035005263	0.153347468945942	0.878124268512544	0.999831983216163
ENSMUSG00000097877	363.230944619362	-0.158341685464642	0.111896681270176	-1.41573312386601	0.156853656350967	0.999831983216163
ENSMUSG00000097216	29.6218472789422	-0.0818727187552788	0.101866931446987	-0.813460407025955	0.41595413767199	0.999831983216163
ENSMUSG00000140346	31.3896355717829	0.0185705779648028	0.101043539877993	0.183309429725	0.854555235912356	0.999831983216163
ENSMUSG00000140444	12.8487031975087	-0.0980518175821688	0.079814604182402	-1.27193726476001	0.203395410199525	0.999831983216163
ENSMUSG00000140667	10.2690779524741	-0.0480266749294676	0.0726745636267626	-0.676390142560976	0.498792974127048	0.999831983216163
ENSMUSG00000140859	14.3973479176925	-0.0569971967632154	0.0820118258505767	-0.70765432901257	0.479159945609724	0.999831983216163
ENSMUSG00000140901	33.2805580741291	-0.0416924149171919	0.10619642842572	-0.393848558640951	0.693692851242685	0.999831983216163
ENSMUSG00000039563	34.0933056252907	0.135721762680596	0.107890650797345	1.24649690614155	0.212582024341213	0.999831983216163
ENSMUSG00000140976	36.9498604396331	0.033960788555569	0.107720137551384	0.314744714601971	0.75295549103408	0.999831983216163
ENSMUSG00000107090	11.3610076975858	0.0662419781350807	0.0758444578821916	0.858803116254252	0.390449148017782	0.999831983216163
ENSMUSG00000141270	17.7746110970343	-0.0870974190253159	0.0890740744574578	-0.997380553619865	0.318579826819861	0.999831983216163
ENSMUSG00000141353	12.0281986911078	-0.115995527358787	0.0781214231027743	-1.55704874261459	0.119458913279042	0.999831983216163
ENSMUSG00000141355	12.6686691930054	-0.0486650613412512	0.0750460145459376	-0.662901055438796	0.50739392573046	0.999831983216163
ENSMUSG00000141431	16.9967499381421	-0.0132447780826299	0.0881554364752857	-0.150811870912459	0.880124121741864	0.999831983216163
ENSMUSG00000087611	23.8918513564789	0.133856172818117	0.0977304211922505	1.34858114736448	0.177471539494331	0.999831983216163
ENSMUSG00000141774	34.0393450958591	-0.0140876904549829	0.106904717138288	-0.132005057599207	0.894980291373357	0.999831983216163
ENSMUSG00000141797	15.1419507489835	-0.0874246830698592	0.0837016162578868	-1.07178093072938	0.283818440134313	0.999831983216163
ENSMUSG00000119945	19.5183481953953	0.123100085930886	0.0863710301315279	1.39708456312072	0.162388143312931	0.999831983216163
ENSMUSG00000142143	45.9211547084132	-0.048286036695119	0.111910936592256	-0.433129790285192	0.664920481629943	0.999831983216163
ENSMUSG00000142454	33.7059434023747	-0.0378800114530123	0.0956772148723291	-0.398990053237433	0.689900533398098	0.999831983216163
ENSMUSG00000087336	38.9886307393557	0.0166912262877269	0.106534304837726	0.156254979751572	0.875832041325004	0.999831983216163
ENSMUSG00000056735	732.548037471358	-0.114657176597774	0.101590883292005	-1.12873348473534	0.259010279340368	0.999831983216163
ENSMUSG00000086247	149.683680697536	-0.129200473558184	0.121018399828884	-1.06874377439878	0.285185140867808	0.999831983216163
ENSMUSG00000142811	20.0905055991547	0.087177420742428	0.0916029751823876	0.939256878205155	0.347598872623707	0.999831983216163
ENSMUSG00000087344	25.2781474201153	0.0152556490550361	0.100103686645288	0.152052890069537	0.879145220340715	0.999831983216163
ENSMUSG00000120527	15.4272031859035	0.0651210307523721	0.0858253385229864	0.748976431479259	0.453871410923108	0.999831983216163
ENSMUSG00000097726	42.5573979403305	0.00439146096684885	0.112559840208048	0.0389925527010282	0.968896326183506	0.999831983216163
ENSMUSG00000143884	24.2180389444263	0.00642445535963806	0.0990265458538281	0.0648317596475209	0.948307954092763	0.999831983216163
ENSMUSG00000106688	65.5396865151849	-0.0928501677047719	0.11890606815688	-0.783008289437899	0.433622244242845	0.999831983216163
ENSMUSG00000059631	32.0109229394119	-0.0137237681586333	0.105344264479919	-0.130516171432533	0.896158060623587	0.999831983216163
ENSMUSG00000086446	14.6725844231302	0.0624116523650587	0.0809090512575777	0.758402382182518	0.448210132220481	0.999831983216163
ENSMUSG00000144003	12.1227640606834	-0.00673409355118353	0.0770681450495858	-0.0877701712771254	0.93005934611677	0.999831983216163
ENSMUSG00000043833	25.2707705191172	0.0859449096177921	0.0969237671412837	0.875362479719848	0.381376708144353	0.999831983216163
ENSMUSG00000144077	13.5282967172048	-0.0978377730828596	0.0804219373988783	-1.26078438784779	0.207386540158168	0.999831983216163
ENSMUSG00000120936	19.7609457615085	0.0515986252632239	0.0887822989231953	0.574641147779279	0.56553401734498	0.999831983216163
ENSMUSG00000105345	105.033526737165	0.0727195591482593	0.121863245634299	0.595723792470671	0.551359761035672	0.999831983216163
ENSMUSG00000089889	47.6366963983422	0.0469671884695961	0.114636043979521	0.408682833802224	0.682772433026695	0.999831983216163
ENSMUSG00000138269	16.7280654339396	0.0140690146465086	0.0876914407455045	0.160040570048277	0.87284911580398	0.999831983216163
ENSMUSG00000067719	784.250069594955	0.0281629563412144	0.111764741050522	0.251958985128649	0.801072766332724	0.999831983216163
ENSMUSG00000136329	16.0102573840498	0.0745817832800026	0.0862788903663655	0.853670935156768	0.393287342676296	0.999831983216163
ENSMUSG00000130143	18.9511478570738	0.00677577685804346	0.0883494044737179	0.0765157770755632	0.939008762480441	0.999831983216163
ENSMUSG00000106103	18.1948465156641	0.00233683027958427	0.0895848371822862	0.0260326017883704	0.979231334790143	0.999831983216163
ENSMUSG00000104904	14.0575697804527	0.0170893948297641	0.0826502122380211	0.205870152085265	0.836892341203021	0.999831983216163
ENSMUSG00000105867	227.191554738729	0.160686832899604	0.117595356036064	1.36488227960288	0.172290052641775	0.999831983216163
ENSMUSG00000105590	17.4581047695255	0.0505286463442615	0.0883851632839569	0.566234868818365	0.571234129336995	0.999831983216163
ENSMUSG00000086873	147.387474266363	-0.0447032005684066	0.121535432401811	-0.368089461153888	0.71280652887172	0.999831983216163
ENSMUSG00000087516	29.1051760316985	0.00934225226893602	0.100734016364736	0.0927234348533829	0.926123278892689	0.999831983216163
ENSMUSG00000097180	76.1923757644377	-0.0569532392865993	0.119890280402425	-0.475619761493897	0.634345294178073	0.999831983216163
ENSMUSG00000097207	52.8232521260765	-0.0853236795793378	0.115790039915795	-0.739798748566033	0.459422118479078	0.999831983216163
ENSMUSG00000097767	1077.77094220286	0.0944017104833276	0.104165350812219	0.894765266490391	0.370912581236829	0.999831983216163
ENSMUSG00000105987	203.374078358191	-0.196712014615879	0.118348439244075	-1.66338677095949	0.0962350394842165	0.999831983216163
ENSMUSG00000106056	126.608079428198	0.141400154411134	0.121873157529	1.15722609954597	0.247179997140573	0.999831983216163
ENSMUSG00000108207	45.626972755688	0.0423710863064668	0.111878533632116	0.377552670414408	0.705762930077349	0.999831983216163
ENSMUSG00000090558	72.3980920282914	-0.0589219459323959	0.116989313027573	-0.504919516379317	0.613615365903758	0.999831983216163
ENSMUSG00000045345	341.848639853194	-0.180814634331918	0.113812549493407	-1.58992586706505	0.111851516211019	0.999831983216163
ENSMUSG00000106357	13.0329222877812	0.0403266440695485	0.0808567781991698	0.493528288017278	0.621639357097778	0.999831983216163
ENSMUSG00000104736	35.511348668573	-0.108500448513515	0.108456912902893	-1.01025599697856	0.312372657183861	0.999831983216163
ENSMUSG00000087261	24.2735785595583	0.00552685584136878	0.0979241781406962	0.0563813826287463	0.955037987870779	0.999831983216163
ENSMUSG00000107355	537.906857319839	0.0519881433005253	0.10815716794372	0.480617926388229	0.630788072353432	0.999831983216163
ENSMUSG00000106617	22.2148779002389	-0.049085492459655	0.0949412128761159	-0.520486123553871	0.602724797090352	0.999831983216163
ENSMUSG00000136454	10.4452431134161	-0.0296464799657225	0.0728847481335108	-0.411534436989988	0.680680695282091	0.999831983216163
ENSMUSG00000120554	244.692139409123	0.0671349289228351	0.114995194836888	0.583644846106561	0.559459281443713	0.999831983216163
ENSMUSG00000121115	73.272257019901	0.0456187200757629	0.119055884443818	0.382468193902876	0.702114116461652	0.999831983216163
ENSMUSG00000087292	22.0032561969483	0.0608424420405873	0.094803956072837	0.636794044030662	0.524259006150444	0.999831983216163
ENSMUSG00000086368	71.7555277875753	0.0254194225490702	0.120315173448313	0.211119077780135	0.832794353811068	0.999831983216163
ENSMUSG00000119996	227.414977646663	0.0704332730382261	0.120263652937983	0.585040239549539	0.558520660062767	0.999831983216163
ENSMUSG00000136789	48.7184311398893	0.0455166143028321	0.112181015941915	0.404175733463184	0.68608349695374	0.999831983216163
ENSMUSG00000073147	774.442756190525	0.0346139729701985	0.10244193974797	0.337855915207616	0.735471770570896	0.999831983216163
ENSMUSG00002076957	25.3842020651401	-0.0756758876481799	0.0986201683067208	-0.776557395889593	0.437419945619184	0.999831983216163
ENSMUSG00000092021	16.3959359883928	0.120209788476082	0.083540619347663	1.40744653181402	0.159295021473819	0.999831983216163
ENSMUSG00000126152	19.2805050356469	0.0443092836693424	0.0918619510069534	0.478324498871981	0.632419261990446	0.999831983216163
ENSMUSG00000121168	15.6437365380728	0.0136864824499995	0.0838182323442022	0.162474546642705	0.870932170780393	0.999831983216163
ENSMUSG00000126262	11.4139082822336	-0.0520735546263984	0.0758537220221062	-0.700263936138462	0.483762489478962	0.999831983216163
ENSMUSG00000104369	11.0193204937035	-0.0642691031931574	0.0734072087013233	-0.901172744917329	0.367496479831505	0.999831983216163
ENSMUSG00000097908	243.515036227805	0.0504407908654487	0.115827435487964	0.435285133937936	0.663355474141885	0.999831983216163
ENSMUSG00000141861	34.2943662353778	-0.0138331377980504	0.104924430878623	-0.131850923492819	0.895102206996663	0.999831983216163
ENSMUSG00000097772	283.475244295547	-0.0224694469814256	0.117627820743212	-0.191017363286223	0.848511989692874	0.999831983216163
ENSMUSG00000107200	62.448242306039	-0.00329234130512923	0.117802378194472	-0.0279415735034764	0.977708750514992	0.999831983216163
ENSMUSG00000121865	104.451177924952	-0.0836812501092675	0.12139904982118	-0.690463419127693	0.489902806658922	0.999831983216163
ENSMUSG00000129828	13.5950841882591	0.143830081643108	0.0818344033363574	1.71941930219828	0.0855380500466626	0.999831983216163
ENSMUSG00000129597	15.6455435782403	0.00457222003863786	0.0813290626570825	0.0562833278715435	0.955116100210975	0.999831983216163
ENSMUSG00000084111	55.3277139123536	0.0851241797135758	0.116340529690996	0.729127309985671	0.46592379046417	0.999831983216163
ENSMUSG00000121013	17.1639628276442	0.104722790439364	0.0879565595561389	1.17398939120529	0.240399274951286	0.999831983216163
ENSMUSG00000129866	10.5943673103099	0.0273093375848618	0.0741301046354346	0.365527940005371	0.714717354433559	0.999831983216163
ENSMUSG00000106812	14.4140481435455	0.109170778598786	0.0819839556335418	1.30651550827306	0.191377308654591	0.999831983216163
ENSMUSG00000126761	43.6412541753412	0.0405245500002378	0.11200640737877	0.361178134648959	0.717966286497567	0.999831983216163
ENSMUSG00000105745	10.4581067771482	-0.0664133513573173	0.0739333556480749	-0.925367931802862	0.354774553743428	0.999831983216163
ENSMUSG00000136242	12.8815650470157	-0.0366919955450923	0.077495948520689	-0.479561655994423	0.631539116920781	0.999831983216163
ENSMUSG00000104728	18.2690921635396	-0.0212526876508052	0.0888065891595124	-0.239885578785019	0.810418960950267	0.999831983216163
ENSMUSG00000087281	10.752553001618	-0.0378725291202878	0.0750558045780595	-0.511402376001055	0.609069331526643	0.999831983216163
ENSMUSG00000072962	20.1273082699809	-0.0545651405532759	0.0889167890276028	-0.621264814879504	0.534425400032004	0.999831983216163
ENSMUSG00000105048	11.8668437316249	-0.0251585642395318	0.0766853210557792	-0.331492673216062	0.740272374373337	0.999831983216163
ENSMUSG00000104682	14.474817332296	-0.00314250259496148	0.0825178116063822	-0.0381673097773153	0.969554284913807	0.999831983216163
ENSMUSG00000106928	116.545586991841	-0.0553631498049475	0.121699173703365	-0.455731470431895	0.648583088778781	0.999831983216163
ENSMUSG00000083907	49.2324992492746	-0.131717418870478	0.112229732222981	-1.18611255330309	0.235577853708538	0.999831983216163
ENSMUSG00000105218	16.704706521764	-0.0941404997192166	0.0862025213434393	-1.12165519579528	0.262009073480163	0.999831983216163
ENSMUSG00000091623	22.3922032356033	-0.0817573820748297	0.0959527567979526	-0.864774598832149	0.38716251552512	0.999831983216163
ENSMUSG00000086815	83.3972017168926	-0.011132192051819	0.121155415096434	-0.0918638214391095	0.926806236186209	0.999831983216163
ENSMUSG00000136293	70.3207882318262	0.109534593201576	0.116706078237614	0.932511340012642	0.351072328947645	0.999831983216163
ENSMUSG00000120227	67.8404875984359	0.0471578379535081	0.119669803479193	0.393688634334523	0.693810933610246	0.999831983216163
ENSMUSG00000133173	14.5507703310948	-0.0771644696279179	0.0792464033163807	-1.004047882389	0.315355534558681	0.999831983216163
ENSMUSG00000097863	10.3465751037758	-0.0399524577893646	0.0739437133952549	-0.549321576035303	0.58278478302503	0.999831983216163
ENSMUSG00000097825	77.3031909289014	-0.0661508169971641	0.120703645094159	-0.548931004886376	0.583052799634364	0.999831983216163
ENSMUSG00000104986	22.0850683012655	0.0289148051237518	0.0957431362604138	0.300569962075123	0.763742439630983	0.999831983216163
ENSMUSG00000104342	18.0746434608283	0.00890957739608159	0.0860892025539807	0.10356304833864	0.917516113083825	0.999831983216163
ENSMUSG00000040407	5662.04962758937	-0.0323670844805489	0.10415849610175	-0.31080470891218	0.755949089670606	0.999831983216163
ENSMUSG00000097392	2650.07015972194	-0.187664912225187	0.104590102148242	-1.79596406735141	0.0725002319441847	0.999831983216163
ENSMUSG00000048142	8469.16740726727	0.0214333781799218	0.077882630377621	0.275195787017421	0.783165823532475	0.999831983216163
ENSMUSG00000015879	560.008740237432	-0.147774939198646	0.104566105201815	-1.41342557135773	0.157530631270474	0.999831983216163
ENSMUSG00000061118	618.249779633139	0.0625471377005554	0.104939945484409	0.59586290537601	0.551266815873835	0.999831983216163
ENSMUSG00000002633	163.457416470415	0.189121028208467	0.120086713065465	1.57269545891333	0.115789351846704	0.999831983216163
ENSMUSG00000039860	2975.14814225833	-0.0209871850820668	0.0866227610888856	-0.242285802420127	0.808558714125398	0.999831983216163
ENSMUSG00000049971	595.232069175702	0.0172937029535618	0.109329260166749	0.158157561036301	0.874332644171605	0.999831983216163
ENSMUSG00000036718	59.35213571522	0.0741257089733248	0.114615673520515	0.643533671996824	0.519877873121666	0.999831983216163
ENSMUSG00000095789	23.4346806514365	0.0223290003096368	0.0980613958405827	0.227064712083545	0.820373423067401	0.999831983216163
ENSMUSG00000029089	366.612315451981	-0.0214288935101585	0.10874915723377	-0.197074625875116	0.84376913963916	0.999831983216163
ENSMUSG00000003161	3254.19544613749	-0.132734366979608	0.090848132742159	-1.46135572162798	0.143917845404636	0.999831983216163
ENSMUSG00000028864	29.741573765157	0.112200574011134	0.0904209675520282	1.21892094915653	0.222874197591174	0.999831983216163
ENSMUSG00000035273	12.148164558505	0.0705421360669508	0.0720530245692339	0.961385686207091	0.336358278627267	0.999831983216163
ENSMUSG00000036087	1582.81453134989	0.0189079553557153	0.0876621101435974	0.215693476707077	0.829226686372815	0.999831983216163
ENSMUSG00000043410	96.0252838480702	-0.00225635427842365	0.121576709671642	-0.0185706239576488	0.985183637479679	0.999831983216163
ENSMUSG00000037795	854.442338567061	-0.0363503948548733	0.101350718162067	-0.358710309113454	0.719811815425011	0.999831983216163
ENSMUSG00000034981	1706.14199888115	-0.00242276395932902	0.0912937958593297	-0.0265385550994776	0.97882778189684	0.999831983216163
ENSMUSG00000029592	914.5260101223	-0.0309358508375063	0.0938860311695051	-0.329497074606907	0.74178000474627	0.999831983216163
ENSMUSG00000029659	332.313768109745	0.0965868587137476	0.112243929354521	0.860189602267479	0.389684535335599	0.999831983216163
ENSMUSG00000070493	5106.70501865076	0.0456596715278938	0.0880488049083331	0.518536248615744	0.6040841758917	0.999831983216163
ENSMUSG00000029410	63.4684719878639	0.0375430120835298	0.117275994431368	0.319258076417195	0.749530820642974	0.999831983216163
ENSMUSG00000029263	991.931422092482	-0.053434052738148	0.103492143306352	-0.516380272016458	0.605588841639694	0.999831983216163
ENSMUSG00000029608	13012.8206741772	-0.0564781023446942	0.0933948110969234	-0.604807901126588	0.545306643164578	0.999831983216163
ENSMUSG00000029547	3016.17321910397	0.0190344531351956	0.0822590459088369	0.231391892726734	0.817010362948628	0.999831983216163
ENSMUSG00000029228	648.856747545292	0.0401849022299428	0.100317525297881	0.40054972845641	0.688751664161634	0.999831983216163
ENSMUSG00000036555	957.978537149056	-0.052473073725131	0.0949047124518615	-0.552904882105534	0.580328544225132	0.999831983216163
ENSMUSG00000029512	4081.32411658661	0.0231384751379589	0.0831477456161036	0.278277996497478	0.780798965545535	0.999831983216163
ENSMUSG00000009013	2312.16418412007	-0.0900944504516041	0.0994386149734333	-0.906282104016301	0.364786555277815	0.999831983216163
ENSMUSG00000041468	335.596220312493	-0.0822664447736141	0.111638663581008	-0.737162399221437	0.461023596350941	0.999831983216163
ENSMUSG00000029335	11.5527533473264	0.0405113053728601	0.0691587599193069	0.574303152475843	0.565762676278202	0.999831983216163
ENSMUSG00000029229	1118.90924086861	-0.102518396662547	0.0933184335073901	-1.09861908261643	0.27193425062183	0.999831983216163
ENSMUSG00000029647	4166.6128562884	-0.0106701507047601	0.084670008411453	-0.126019848209507	0.899716213228332	0.999831983216163
ENSMUSG00000029384	16.0317943320274	0.0289580368908898	0.0871153787877112	0.330354146605229	0.741132384106202	0.999831983216163
ENSMUSG00000089809	486.092490167177	0.0505563665405055	0.106102360517915	0.476456664266523	0.633749073814225	0.999831983216163
ENSMUSG00000072763	87.5903797910966	0.145726907297565	0.120794040054136	1.20214381340389	0.229307813787114	0.999831983216163
ENSMUSG00000029343	26.0184115994022	0.0911999737136975	0.0948280313395452	0.95230184545741	0.340943922169896	0.999831983216163
ENSMUSG00000048520	12.0086113591386	-0.113843105274202	0.074634012715991	-1.62279699086088	0.104632809227221	0.999831983216163
ENSMUSG00000037411	12.8895024602895	-0.0865750842082565	0.0718132735196847	-1.27060950431895	0.203867604052391	0.999831983216163
ENSMUSG00000019518	441.353518212959	0.0145038162872758	0.105333380398392	0.137688877975548	0.890486309763937	0.999831983216163
ENSMUSG00000013936	25.5606681079383	0.000756469044892656	0.0980193391786384	0.00772793793572038	0.993834059007026	0.999831983216163
ENSMUSG00000029185	175.39377550397	0.00856879604585272	0.119296002649392	0.0718055040044974	0.942756692567909	0.999831983216163
ENSMUSG00000029499	167.863881073667	0.065097912076578	0.120301031512541	0.540992502410198	0.588512750536004	0.999831983216163
ENSMUSG00000019179	8749.6308286336	-0.00662168623515246	0.0798622649793913	-0.0829134855667306	0.933920331032905	0.999831983216163
ENSMUSG00000029352	12.5056638224563	-0.0305269125380007	0.0786955415847561	-0.391163725279081	0.695676219463296	0.999831983216163
ENSMUSG00000055725	713.040917696474	-0.121668453739201	0.0967895253937079	-1.25700872503947	0.208750476203134	0.999831983216163
ENSMUSG00000061535	29.4027418929832	-0.0876865783257308	0.103897791703492	-0.851837847404316	0.394304096904785	0.999831983216163
ENSMUSG00000039477	3226.32065994564	-0.0381446179318561	0.0835269437792106	-0.456688342322625	0.647895071195423	0.999831983216163
ENSMUSG00000008307	322.80016622866	-0.107450269966217	0.112347072705539	-0.956485018450673	0.338827249799816	0.999831983216163
ENSMUSG00000029649	2842.89569772307	0.0784684382816879	0.085240140991821	0.920500072691406	0.357311495055952	0.999831983216163
ENSMUSG00000002297	77.5730458902317	-0.134889486986062	0.120550282265883	-1.12324842281183	0.261332002270643	0.999831983216163
ENSMUSG00000034110	632.142141090387	-0.00321039087623149	0.105135760473679	-0.0305359426246138	0.975639628668581	0.999831983216163
ENSMUSG00000049387	22.1750548707327	0.0332101081537484	0.0876315734165332	0.374924891638433	0.707716326294839	0.999831983216163
ENSMUSG00000018001	2500.49532427176	-0.00785171983467243	0.0888571223863404	-0.0883637032727563	0.929587609005513	0.999831983216163
ENSMUSG00000041147	507.688031423911	-0.0932955438393281	0.10825650938662	-0.862106846508533	0.388628724179863	0.999831983216163
ENSMUSG00000029213	987.322520249399	0.0801310904282081	0.0982091402836828	0.815834104076745	0.41459502482344	0.999831983216163
ENSMUSG00000029328	7966.91625320326	0.0926665265543889	0.0768474911893967	1.20576928982585	0.227906459788838	0.999831983216163
ENSMUSG00000029480	741.10678410469	-0.00856585611414526	0.098234619431905	-0.0871927014561062	0.930518340657322	0.999831983216163
ENSMUSG00000015950	105.293060411126	-0.0397198490002857	0.11860211598542	-0.335233074252319	0.737449274404179	0.999831983216163
ENSMUSG00000003974	948.928539796935	-0.143779463549389	0.101299351962609	-1.41987824216203	0.155643131265039	0.999831983216163
ENSMUSG00000037355	872.711206873319	0.0452087224400198	0.0940451006954996	0.480707431698403	0.63072444851001	0.999831983216163
ENSMUSG00000032741	2381.57851990526	-0.154444696650744	0.0982328882017488	-1.57282828037921	0.115758585404297	0.999831983216163
ENSMUSG00000034211	1733.61135379571	-0.00388310029988771	0.0876957069529993	-0.0442777865067453	0.964682978105246	0.999831983216163
ENSMUSG00000029625	845.112230774311	-0.0413735749427857	0.0975683292319963	-0.424033200441694	0.671541600601257	0.999831983216163
ENSMUSG00000049907	1031.36893803758	0.067134664438672	0.0929045517873782	0.722613249947429	0.469917525542241	0.999831983216163
ENSMUSG00000058503	1954.36883401511	0.0468003797182192	0.0868666190991202	0.538740318799299	0.590066049240971	0.999831983216163
ENSMUSG00000005107	73.20512570781	0.191243007291666	0.119883460664148	1.58510083099014	0.112943426822947	0.999831983216163
ENSMUSG00000025745	2647.30402188418	-0.0246380898424656	0.0839357301216643	-0.29353922191804	0.769110024379986	0.999831983216163
ENSMUSG00000029096	401.567588414684	-0.12620803045503	0.109801482963489	-1.1496099129229	0.25030457346731	0.999831983216163
ENSMUSG00000029427	1937.47012995353	-0.0472476596316159	0.08514868723383	-0.554897028144351	0.578965094749349	0.999831983216163
ENSMUSG00000029168	1048.13840694031	-0.0136494897629624	0.0917764075379283	-0.148725992591244	0.881769850215651	0.999831983216163
ENSMUSG00000029363	155.273000483937	0.0941344347528608	0.120717087960456	0.778913087406215	0.436030914003562	0.999831983216163
ENSMUSG00000029730	821.59041736655	0.0918272035299456	0.100169207318017	0.916571305080057	0.359367326645962	0.999831983216163
ENSMUSG00000043323	2892.20171358005	-0.0184871633542471	0.0891219895290801	-0.20743747463027	0.835668218497992	0.999831983216163
ENSMUSG00000015806	3698.86374407185	-0.0476310411636804	0.102471184498194	-0.464910522967899	0.641995534454938	0.999831983216163
ENSMUSG00000029110	3118.41281799845	-0.0347834975296784	0.0865494162883888	-0.401905049546014	0.687753906377052	0.999831983216163
ENSMUSG00000002221	1548.85478159352	-0.0953012134577514	0.0872684942380092	-1.09206577830858	0.274804189927708	0.999831983216163
ENSMUSG00000059991	61.6040900853733	0.0284960308006981	0.107217903467558	0.264972110945046	0.791030946366754	0.999831983216163
ENSMUSG00000051339	505.031223722813	-0.0329700729607849	0.105320409812436	-0.313024545812603	0.75426201372695	0.999831983216163
ENSMUSG00000029550	2398.11647174224	-0.0901779886674271	0.0838265859803091	-1.07580830750009	0.28201299612984	0.999831983216163
ENSMUSG00000039156	2117.65212480154	-0.0345316797601986	0.0860652801799217	-0.401238066078797	0.688244857232778	0.999831983216163
ENSMUSG00000028949	986.113786824083	0.0592675726293462	0.101418663855298	0.584259131936489	0.559045983388857	0.999831983216163
ENSMUSG00000066952	10.3438444261048	0.0194548767554716	0.0719386556003248	0.26796238738787	0.788728270786208	0.999831983216163
ENSMUSG00000029599	670.752216931833	-0.04113611408335	0.099416426995725	-0.413796659736215	0.679023030442266	0.999831983216163
ENSMUSG00000029165	233.395414170933	-0.0293442896481196	0.115548397223206	-0.253989124691767	0.799503959907716	0.999831983216163
ENSMUSG00000037210	2180.74302976887	0.00952975706789363	0.0839722088167041	0.113488052462036	0.909643634640361	0.999831983216163
ENSMUSG00000073102	118.200883800015	0.0673263849966307	0.121883561140544	0.551681098981549	0.581166861879688	0.999831983216163
ENSMUSG00000050017	2211.09201273989	-0.0524828054911882	0.086718044187731	-0.605233603596761	0.545023791031649	0.999831983216163
ENSMUSG00000029231	1107.56825934964	-0.0268373828508111	0.0913107043108343	-0.293918361153773	0.768820287310546	0.999831983216163
ENSMUSG00000038384	2322.24135027793	-0.0928691038761567	0.108581622858537	-0.85576569211244	0.392127395536092	0.999831983216163
ENSMUSG00000029484	420.017051908061	0.00746166589605353	0.117791307801351	0.0633247128471119	0.949507937245657	0.999831983216163
ENSMUSG00000037344	841.101205894204	-0.102747739149203	0.0978469537117131	-1.05013329367602	0.293656833369189	0.999831983216163
ENSMUSG00000029207	2004.35825128543	-0.00311011048686148	0.0858463286990963	-0.0362288685953313	0.971099867283642	0.999831983216163
ENSMUSG00000057541	720.474563586861	-0.120344928145074	0.102865297562107	-1.17014380457371	0.241943102854912	0.999831983216163
ENSMUSG00000029290	1185.16185458626	-0.0646790936222996	0.101102653225237	-0.639818338760123	0.522290708678684	0.999831983216163
ENSMUSG00000029199	1169.21492276768	0.140660782144157	0.0891839017717	1.57708600529667	0.114775736888392	0.999831983216163
ENSMUSG00000029640	2115.12095918735	-0.0778604871436064	0.0847598317336327	-0.918652212984941	0.358277512427535	0.999831983216163
ENSMUSG00000029155	92.524382572278	0.125428869539209	0.11996818708275	1.04117275262516	0.297795379076404	0.999831983216163
ENSMUSG00000118662	351.987808225051	0.0908010146054631	0.111806830598127	0.811706634873298	0.416959986307371	0.999831983216163
ENSMUSG00000025532	643.319980836922	0.138712789423004	0.0987985666700518	1.40384583040297	0.160364763202387	0.999831983216163
ENSMUSG00000029125	896.670236385687	0.0372615215267454	0.0966736481465673	0.38542230407741	0.699924560337231	0.999831983216163
ENSMUSG00000029478	5041.85446651271	-0.131484525691338	0.0825438539703105	-1.59310028065115	0.111137696406526	0.999831983216163
ENSMUSG00000034663	767.44629953422	0.0569599562689201	0.103195185880616	0.551945567798009	0.5809856470891	0.999831983216163
ENSMUSG00000029500	1472.69102157922	0.0260343406739137	0.0885407998505141	0.29403553950488	0.768730746494571	0.999831983216163
ENSMUSG00000029436	1220.56717067074	0.0932794157676337	0.092910394768584	1.00387877416135	0.315437048688349	0.999831983216163
ENSMUSG00000029559	1865.83473589819	0.109112081474838	0.084888688019766	1.28527223788813	0.198697168001612	0.999831983216163
ENSMUSG00000007080	79.6284065738023	0.106670438936799	0.118880831769546	0.893882501922545	0.371384760908464	0.999831983216163
ENSMUSG00000070420	512.872742092509	0.0757666484285566	0.111388335255314	0.679836372448665	0.496608073315397	0.999831983216163
ENSMUSG00000029601	50.0407307668063	0.02267494598938	0.111814321276184	0.202312369021581	0.839672530830115	0.999831983216163
ENSMUSG00000029312	1180.10371275192	0.038001262016146	0.0920098104216886	0.413007825855716	0.679600880068732	0.999831983216163
ENSMUSG00000029408	1072.05500356917	0.0539928540345295	0.0959640444853435	0.562590186612787	0.573713975915427	0.999831983216163
ENSMUSG00000029337	50.5168266680268	0.0448771916572438	0.114020302694198	0.392572736261312	0.694635079481243	0.999831983216163
ENSMUSG00000038181	510.825888521197	0.0409267007303831	0.112326510141336	0.364250739795229	0.715670780705671	0.999831983216163
ENSMUSG00000067367	527.557159378929	0.0230599822397478	0.101742305346846	0.226653876146242	0.820692895193103	0.999831983216163
ENSMUSG00000029598	2031.75403716734	0.148567283320435	0.0866126928685571	1.71505596596649	0.0863349665279453	0.999831983216163
ENSMUSG00000041733	1331.82074067524	0.0657208694968708	0.0907947910928751	0.723819754001713	0.469176400166147	0.999831983216163
ENSMUSG00000106864	1157.03980952985	-0.0290471464058214	0.0977154115599493	-0.297257559058747	0.766269880876905	0.999831983216163
ENSMUSG00000029270	578.885293146697	-0.0371704451445203	0.101203981513302	-0.367306706141763	0.713390252393039	0.999831983216163
ENSMUSG00000040254	497.871197076943	-0.123885958500488	0.105953738645615	-1.16954200762102	0.242185326763617	0.999831983216163
ENSMUSG00000041890	3695.62046254243	0.0184211132204623	0.0940468381178781	0.195862065239614	0.84471812968863	0.999831983216163
ENSMUSG00000037822	5270.23653807502	0.0664818044680928	0.079687810666713	0.834231264008519	0.404150676723255	0.999831983216163
ENSMUSG00000043733	9860.70838470242	-0.0642308177370876	0.0856223353563058	-0.750237412505595	0.453111729899872	0.999831983216163
ENSMUSG00000029152	10611.971620297	-0.0825571352187364	0.0842746310756464	-0.979725713604242	0.327221529823391	0.999831983216163
ENSMUSG00000029578	4796.18471694299	-0.0323386333724763	0.0815859333200586	-0.396386249284943	0.691820108597338	0.999831983216163
ENSMUSG00000037313	183.32331120857	-0.0724107451198626	0.118653178890015	-0.610525250476785	0.541513921979365	0.999831983216163
ENSMUSG00000029201	1159.93827481101	0.0158358025336827	0.0898984239952225	0.176151588566473	0.860174852703294	0.999831983216163
ENSMUSG00000038582	2847.52350818494	-0.019376549501657	0.0920860448364858	-0.210430765234985	0.833331482983551	0.999831983216163
ENSMUSG00000038023	2027.77788731335	-0.0249214339264277	0.0839795556459549	-0.296757099286264	0.766651960560218	0.999831983216163
ENSMUSG00000038859	70.5062483458201	0.178845875757454	0.11982976128399	1.48411597862005	0.137778154890382	0.999831983216163
ENSMUSG00000019295	1175.06824889005	-0.00682522910966071	0.0991786578874589	-0.0688193550631708	0.945133411499881	0.999831983216163
ENSMUSG00000004642	1037.13904206326	0.0928954668178629	0.0997600291357791	0.931074771447232	0.351814887773911	0.999831983216163
ENSMUSG00000029178	1227.01092180078	0.000619795919405915	0.097501647005131	0.00635760688154038	0.994927397797312	0.999831983216163
ENSMUSG00000063646	61.0113526925171	0.00673138518740642	0.117185009866352	0.0574317807863288	0.954201247367092	0.999831983216163
ENSMUSG00000042817	1348.42658752587	0.146358900266769	0.0938496744878042	1.55926565284524	0.11893351755919	0.999831983216163
ENSMUSG00000029014	902.669815302596	0.0823825052379593	0.0982114133316956	0.838787470451432	0.401588583002768	0.999831983216163
ENSMUSG00000056531	84.1919289364006	0.184717090949858	0.120357234466397	1.52755193262216	0.12662382385773	0.999831983216163
ENSMUSG00000038552	2716.75577434623	0.0172561202906833	0.0876625909192271	0.196842820903804	0.843950540385694	0.999831983216163
ENSMUSG00000047221	617.207254929679	0.0602420549522209	0.105329831755917	0.571923450250172	0.567373836292597	0.999831983216163
ENSMUSG00000029416	1236.22128371111	-0.0936863977494154	0.0900642589219993	-1.04023113979901	0.298232527402942	0.999831983216163
ENSMUSG00000037936	277.491529628432	0.1205338778619	0.118194074412171	1.01850708950416	0.308437033401709	0.999831983216163
ENSMUSG00000004815	1280.19624293403	0.0552749122892092	0.0929666100419582	0.594524977591439	0.552161041348138	0.999831983216163
ENSMUSG00000029710	261.547271816415	0.0107322199210723	0.11514511785552	0.0932151460152785	0.925732641999079	0.999831983216163
ENSMUSG00000007987	1242.99470188996	-0.0410186613039919	0.0921487049941278	-0.445141476714838	0.65621751649516	0.999831983216163
ENSMUSG00000015804	1720.33898011812	-0.0327844129789813	0.0862087786375898	-0.380292219827241	0.703728510152921	0.999831983216163
ENSMUSG00000029097	327.891242587778	-0.0515104580188087	0.109937022509079	-0.468542348438539	0.639396794120323	0.999831983216163
ENSMUSG00000039899	152.278802729657	-0.174299092142202	0.120836351714675	-1.44416418049756	0.14869279803179	0.999831983216163
ENSMUSG00000066551	2775.42951847565	0.00674868744502268	0.0845037234722672	0.0798637894473089	0.936345589637847	0.999831983216163
ENSMUSG00000028959	2051.57786792263	-0.0171861620752966	0.0919879382887983	-0.186830450158452	0.851793571487051	0.999831983216163
ENSMUSG00000061288	2414.28299428663	-0.159181445263743	0.101492453665732	-1.56924628892322	0.116590562203385	0.999831983216163
ENSMUSG00000037905	4306.21221974561	-0.0340719315066653	0.0798363248887491	-0.426784305942143	0.669536438478973	0.999831983216163
ENSMUSG00000036599	424.467448803401	0.0144159470585655	0.109688178750395	0.131405906488438	0.895454216478741	0.999831983216163
ENSMUSG00000029094	992.744469573979	-0.0793001002111682	0.0920944898415181	-0.861081633616939	0.389193083921495	0.999831983216163
ENSMUSG00000039706	203.04235040395	0.0507799132153943	0.121057162058535	0.418607053322694	0.675503333939805	0.999831983216163
ENSMUSG00000029570	910.591533318984	-0.106502928229362	0.111301418271298	-0.957412415199317	0.338359134474541	0.999831983216163
ENSMUSG00000028986	4509.87336781868	0.0344087851881902	0.0878215410844514	0.391791077336474	0.695212588344383	0.999831983216163
ENSMUSG00000025857	213.047020486305	-0.15197267559045	0.121295382224508	-1.25557013432418	0.209271865187935	0.999831983216163
ENSMUSG00000062960	446.117463621901	0.0594108760768705	0.112580315687912	0.527544606769521	0.597815448434052	0.999831983216163
ENSMUSG00000070858	309.866126941324	-0.00857920261101789	0.116816017109639	-0.0734591674393079	0.941440735911884	0.999831983216163
ENSMUSG00000067274	2162.42906777927	-0.0237680055145783	0.0895528633022552	-0.265409991653749	0.790693639867009	0.999831983216163
ENSMUSG00000041697	5222.23971026161	-0.11650682262304	0.0897713573889329	-1.29808240104165	0.194259021116421	0.999831983216163
ENSMUSG00000048163	231.351654425877	0.0509683350429892	0.116586900980643	0.437008257819688	0.6621053592872	0.999831983216163
ENSMUSG00000029502	2809.02474412013	0.0110092578058878	0.0918301956485372	0.119888866382609	0.904571184199104	0.999831983216163
ENSMUSG00000057816	16.539022007686	0.0632590985245107	0.0862851670557747	0.725986101251875	0.467847291048166	0.999831983216163
ENSMUSG00000054099	772.14945435721	0.0088575295869389	0.0990790166800019	0.0893994831753914	0.928764434194443	0.999831983216163
ENSMUSG00000029545	209.906427955582	0.0153205746324715	0.11833903934787	0.129409974753374	0.897033255338191	0.999831983216163
ENSMUSG00000037720	6187.77537234388	-0.0592653606246566	0.0837841865372476	-0.707410900078191	0.479311165120528	0.999831983216163
ENSMUSG00000028953	3439.4957226791	0.0737022294151711	0.0810432733833489	0.909371489395731	0.363154066030016	0.999831983216163
ENSMUSG00000004415	49.0170395155297	-0.0236506106152209	0.103953107468606	-0.227871774179854	0.819745926416858	0.999831983216163
ENSMUSG00000036256	636.620108687596	0.138990450538786	0.1054681099619	1.31717902604774	0.187778622582543	0.999831983216163
ENSMUSG00000037364	4312.68281918331	0.123469203922132	0.08720834219115	1.41553698608224	0.156911112080795	0.999831983216163
ENSMUSG00000039765	1405.34651278901	0.122907607929306	0.0984065145249624	1.24870725740825	0.211772165461824	0.999831983216163
ENSMUSG00000067365	944.967665151951	0.00385961144337185	0.0987405975632275	0.0390893924640519	0.968819118094364	0.999831983216163
ENSMUSG00000029090	640.048744889571	0.014069680651451	0.0979254128472486	0.143680463305977	0.885752799131276	0.999831983216163
ENSMUSG00000029455	3141.15105378562	0.126209575023273	0.0851180597537639	1.48255352493413	0.138193072727047	0.999831983216163
ENSMUSG00000066613	729.582053126609	-0.0514537024549132	0.0999629512961883	-0.514724903869928	0.606745268267294	0.999831983216163
ENSMUSG00000029705	5335.36784746474	-0.0552602551291173	0.0796000534294851	-0.694252771573362	0.487523703445503	0.999831983216163
ENSMUSG00000072889	915.758862847983	0.0459948659919803	0.0957516878370544	0.480353218674063	0.630976252871433	0.999831983216163
ENSMUSG00000029192	2430.36862025521	-0.0235601738069517	0.0827137042140465	-0.284842293704571	0.775764968110564	0.999831983216163
ENSMUSG00000042476	165.353986386232	-0.0195214991927614	0.119623990982594	-0.163237948592978	0.870331088254112	0.999831983216163
ENSMUSG00000029467	45205.1974290556	0.0699884670220581	0.0914006112893914	0.765610804259918	0.443907913845698	0.999831983216163
ENSMUSG00000029627	402.425247316295	0.016268225707254	0.106958850104883	0.152089790453493	0.8791161165696	0.999831983216163
ENSMUSG00000029642	1699.36502382643	-0.116069929583451	0.0897219525100406	-1.29376871851563	0.195745320803428	0.999831983216163
ENSMUSG00000029103	5492.04424843967	0.0787284441346251	0.0796088209895313	0.988880332003612	0.322721694446113	0.999831983216163
ENSMUSG00000029163	86.9683831526744	-0.205711898665587	0.121241512956874	-1.70396644052358	0.0883873570660305	0.999831983216163
ENSMUSG00000029283	1879.12284471323	0.0497913740298202	0.0884016470297477	0.563208233784623	0.573293096798004	0.999831983216163
ENSMUSG00000070639	2204.67068407865	-0.114608894618808	0.0836618977158701	-1.36998390770733	0.17069192505959	0.999831983216163
ENSMUSG00000015882	881.129713717044	-0.0629258655473956	0.101376537548934	-0.620847517734122	0.534699955087947	0.999831983216163
ENSMUSG00000004952	925.491380559358	0.146142810400151	0.0969065640201325	1.50769069588448	0.131633707895348	0.999831983216163
ENSMUSG00000035325	3286.73749871549	0.0505807485634496	0.0815759552171766	0.620020309276753	0.535244416045825	0.999831983216163
ENSMUSG00000041132	1048.40262381167	-0.0285511499204208	0.0916763869669164	-0.311444370028256	0.755462827500842	0.999831983216163
ENSMUSG00000039968	3034.17518983243	-0.0394541282544393	0.0892737588443065	-0.441976580031624	0.658506153435551	0.999831983216163
ENSMUSG00000050552	217.172378179958	-0.087009671499348	0.117340916073137	-0.741620280274116	0.458317432583051	0.999831983216163
ENSMUSG00000029345	942.6271973692	0.0243289107438785	0.0946854910219658	0.256948424385912	0.79721858791354	0.999831983216163
ENSMUSG00000063406	1933.23184990555	-0.0760776252086324	0.0885777590536679	-0.858948182364805	0.390369104974581	0.999831983216163
ENSMUSG00000035266	1096.36355346573	-0.0892821442762042	0.0911771924887434	-0.979246872909596	0.327458013671646	0.999831983216163
ENSMUSG00000029173	1008.18425015071	0.131121656140165	0.0911251361971282	1.43881066000613	0.150204175285145	0.999831983216163
ENSMUSG00000044716	368.726715139109	-0.00432822814933935	0.114941174243769	-0.037651018389674	0.969965929941511	0.999831983216163
ENSMUSG00000029434	3980.35310348913	0.0887456924205403	0.0809645862580912	1.09603353537451	0.273064098920292	0.999831983216163
ENSMUSG00000029486	746.100629038918	0.0636108955623499	0.0958348134652697	0.663747444761695	0.506851967709381	0.999831983216163
ENSMUSG00000043036	344.542252700219	-0.11581106913569	0.111899710921925	-1.03517069226433	0.300589203184024	0.999831983216163
ENSMUSG00000029557	260.281479825033	-0.0228880134524605	0.114200321154144	-0.20043028030095	0.841144079675283	0.999831983216163
ENSMUSG00000054280	2493.7478104696	-0.141553164018895	0.0916172755425851	-1.5454202455088	0.122244646393781	0.999831983216163
ENSMUSG00000039917	1470.15224911881	0.0588873277117102	0.0883340756035766	0.66662327141477	0.505012800548221	0.999831983216163
ENSMUSG00000029655	2972.38473055747	-0.0925722087535357	0.0852408033777205	-1.08611005207729	0.277430305609748	0.999831983216163
ENSMUSG00000036377	1136.40030185088	0.0480922027257332	0.094195940191096	0.510551005329944	0.609665490664231	0.999831983216163
ENSMUSG00000063531	748.89744947261	-0.052912175237158	0.108278891392695	-0.488833189995358	0.624959798350849	0.999831983216163
ENSMUSG00000029456	141.588325131007	-0.0153808046042557	0.1216259820985	-0.126427346436931	0.899393656499192	0.999831983216163
ENSMUSG00000029166	5323.08936060595	0.0644972082721974	0.0845530067959275	0.762736330382973	0.445620659180012	0.999831983216163
ENSMUSG00000046079	1001.67817443718	-0.0341870708166578	0.0986157470476454	-0.346679903389419	0.728831809737448	0.999831983216163
ENSMUSG00000037653	1203.39902318316	-0.0987498699118874	0.10141643069296	-0.973918812905218	0.330096851921239	0.999831983216163
ENSMUSG00000038690	2863.52251646581	0.0296522773229927	0.0915545918294685	0.323862406035823	0.746042206919984	0.999831983216163
ENSMUSG00000003623	1642.7745734518	-0.0233094884601472	0.0924672807987016	-0.252098744354513	0.800964740488265	0.999831983216163
ENSMUSG00000037428	769.408455909707	0.110322743312958	0.117074849903079	0.935375704290135	0.349594713232742	0.999831983216163
ENSMUSG00000042726	2359.58934023601	0.0229400059554489	0.087826092945911	0.261186608895105	0.793948604358601	0.999831983216163
ENSMUSG00000120166	656.343616822282	-0.0177401965714581	0.100475876805422	-0.176577483931349	0.859840281370461	0.999831983216163
ENSMUSG00000025747	74.460507754484	-0.00655604402555513	0.120112055226727	-0.0546011493085577	0.956456223110644	0.999831983216163
ENSMUSG00000059434	46.4894741703766	-0.042134994128977	0.112775125700416	-0.374674914734026	0.707902250611759	0.999831983216163
ENSMUSG00000004849	2098.26080074307	0.0777434870048395	0.0987905322494115	0.786784491263015	0.431408033660484	0.999831983216163
ENSMUSG00000029246	810.325302032173	0.0358440557319963	0.101015865029603	0.354844773413488	0.722705883851832	0.999831983216163
ENSMUSG00000054675	274.798921688457	-0.0903626694660642	0.115269610624714	-0.784191004453323	0.432928042678708	0.999831983216163
ENSMUSG00000029712	1309.14650758977	0.0261284234409493	0.102274285661618	0.255434766565021	0.798387321328197	0.999831983216163
ENSMUSG00000029468	383.436319047374	-0.0156381794614208	0.106877547475145	-0.146326325050704	0.883663785133427	0.999831983216163
ENSMUSG00000053293	2065.09317929498	-0.0626594491066005	0.0833282661019009	-0.75197902660604	0.452063671676828	0.999831983216163
ENSMUSG00000029650	349.386223623446	0.0474390109440556	0.109624456996537	0.432667552923226	0.665256305403804	0.999831983216163
ENSMUSG00000000916	479.885778547852	0.0235251859699452	0.112283488049125	0.209446420980385	0.834099757559814	0.999831983216163
ENSMUSG00000056014	776.563787282099	-0.147875534786488	0.103359754531898	-1.43101189235249	0.152426806828622	0.999831983216163
ENSMUSG00000079215	6258.6686984376	-0.122513087474959	0.0783273068449187	-1.564258552218	0.117756861594159	0.999831983216163
ENSMUSG00000045302	2290.36356808006	0.0865521237257637	0.0928472704287642	0.932035119678244	0.351318375952199	0.999831983216163
ENSMUSG00000029147	1904.09283954803	-0.0544021711163441	0.0857303457217782	-0.634588004118758	0.525697153899991	0.999831983216163
ENSMUSG00000106379	1649.15440859092	0.0551701010345661	0.0895312799892846	0.6161945406142	0.537766131184839	0.999831983216163
ENSMUSG00000007812	2201.98899591486	0.00841387649599624	0.101273039615603	0.0830827835269111	0.93378571526705	0.999831983216163
ENSMUSG00000063015	12326.8603043979	-0.0999677385721389	0.0877888178476857	-1.13892244043501	0.254735504990493	0.999831983216163
ENSMUSG00000029490	79.0095348920263	0.154873743514202	0.11676578007527	1.31814003397014	0.187456775024883	0.999831983216163
ENSMUSG00000040570	997.672350868213	0.0456851045382267	0.100360995295077	0.455191630387128	0.64897138127353	0.999831983216163
ENSMUSG00000029134	11.6524765386306	-0.0229970478961139	0.0763849924315349	-0.30282497730378	0.762023247482511	0.999831983216163
ENSMUSG00000028932	3396.74062264813	0.0342195521573759	0.0818050941087803	0.41829448897928	0.675731818460969	0.999831983216163
ENSMUSG00000025856	596.993312261265	0.0373368392400753	0.10294720470696	0.3626403942038	0.716873531211929	0.999831983216163
ENSMUSG00000029596	135.74305382348	0.0697848345717276	0.121815006539223	0.572231866318046	0.567164901550962	0.999831983216163
ENSMUSG00000046959	83.7494816584415	-0.0670298222089298	0.120534702560198	-0.556785076949271	0.577674281011133	0.999831983216163
ENSMUSG00000043940	11600.361691591	-0.0152828715830095	0.0871518423536249	-0.175363729590884	0.860793838516656	0.999831983216163
ENSMUSG00000037426	1850.11481088012	-0.0419728715438284	0.0880241712592439	-0.476858316943344	0.633463015642538	0.999831983216163
ENSMUSG00000036968	493.247867385464	0.0183950561098299	0.10528427724304	0.174721350799988	0.861298590321003	0.999831983216163
ENSMUSG00000004530	2753.1065490298	-0.0248885113786828	0.0841657988267743	-0.295712752774146	0.767449457232315	0.999831983216163
ENSMUSG00000045078	2198.26124365426	-0.0620281784459739	0.0843163767793929	-0.735686388516376	0.461921575114794	0.999831983216163
ENSMUSG00000029414	14.0040620165803	0.0182687915832391	0.08257667096627	0.220120097998565	0.825777622715292	0.999831983216163
ENSMUSG00000005373	50.4246526798276	0.118302068716881	0.114362642272368	1.02761845565113	0.304129339291579	0.999831983216163
ENSMUSG00000055302	6789.09434680144	0.0129552229978928	0.0786121441625625	0.164797526442409	0.869103351036163	0.999831983216163
ENSMUSG00000029387	608.932011649086	-0.0434102749610694	0.107333021047605	-0.404445613806878	0.685885063504882	0.999831983216163
ENSMUSG00000005378	789.981556079262	0.0393092430913454	0.101509094990325	0.387214269154782	0.698597587281457	0.999831983216163
ENSMUSG00000036948	1512.89458639869	0.0651673413936589	0.0986960529934063	0.660149328047229	0.509158006134619	0.999831983216163
ENSMUSG00000070780	99.1779151884536	0.162543684701973	0.118809751625799	1.35705224238812	0.174764611508594	0.999831983216163
ENSMUSG00000038126	2630.91864331033	0.01705214813481	0.0855821549040632	0.199249763254561	0.842067374285139	0.999831983216163
ENSMUSG00000029191	1767.6326982137	0.0349730358528781	0.0920451350009953	0.379949665881072	0.703982778915994	0.999831983216163
ENSMUSG00000055235	177.701205879751	0.0405886017766022	0.121512532783848	0.333335809848311	0.738880811173867	0.999831983216163
ENSMUSG00000025337	2531.46049797346	0.0640056920914341	0.0878635222046447	0.728431395011748	0.466349550739772	0.999831983216163
ENSMUSG00000029463	931.406330858835	0.0240156477290017	0.0946379717588302	0.253764143035493	0.799677776529204	0.999831983216163
ENSMUSG00000029402	341.373844552329	0.13160474058876	0.110007528292892	1.19608459062746	0.231663550292226	0.999831983216163
ENSMUSG00000036639	109.437615842499	0.0094424618131543	0.121822073787551	0.0774908097686376	0.938233102033402	0.999831983216163
ENSMUSG00000039737	706.390138020773	-0.00426279178332129	0.0970090172882879	-0.0439406692100319	0.964951697249802	0.999831983216163
ENSMUSG00000046562	1737.80163995848	-0.0853167881079622	0.0849091869328467	-1.00482709953889	0.314980112428761	0.999831983216163
ENSMUSG00000029446	746.43275263988	-0.0872896025526573	0.0994091256194771	-0.87815869398942	0.37985760448301	0.999831983216163
ENSMUSG00000053178	98.5899909326037	0.000507837756069759	0.121402610380859	0.00418071603141104	0.996664280942603	0.999831983216163
ENSMUSG00000061979	363.110206094884	0.181394534913878	0.109523922193613	1.65536868401356	0.0978497343179135	0.999831983216163
ENSMUSG00000061576	11335.39126158	0.0420707769497214	0.0802502004339992	0.524223020332648	0.600123431319579	0.999831983216163
ENSMUSG00000107283	582.763809956049	-0.171320334457631	0.106847955857032	-1.60387770868562	0.108741011266362	0.999831983216163
ENSMUSG00000057406	5644.25911013151	-0.0812087569144538	0.0801843160869781	-1.01284882387372	0.311132375820078	0.999831983216163
ENSMUSG00000041548	888.918684156045	0.0599218954139394	0.10239539268216	0.585065471800772	0.558503694455168	0.999831983216163
ENSMUSG00000040473	799.644004596868	0.129517441902915	0.0943267029189923	1.37299857655506	0.169752789217454	0.999831983216163
ENSMUSG00000054434	475.657121885226	-0.101291771137969	0.109744621892377	-0.923159117742485	0.355924290298227	0.999831983216163
ENSMUSG00000044221	4490.41301279005	0.101561135016693	0.0803917112099238	1.26323853602643	0.206503467628751	0.999831983216163
ENSMUSG00000029475	1065.71013310347	-0.101168281648102	0.0950047200507103	-1.06497461129349	0.286887419029937	0.999831983216163
ENSMUSG00000028883	1131.08701224219	0.0207363359280672	0.0994024968943057	0.20861584430588	0.834748140747601	0.999831983216163
ENSMUSG00000064267	23.6056649106917	0.0312770656100908	0.0941036289768774	0.32994931683775	0.741438258704913	0.999831983216163
ENSMUSG00000033434	318.931528709164	0.067376723558572	0.112794026194001	0.597076638474872	0.550456214338567	0.999831983216163
ENSMUSG00000051950	518.707007848837	0.0390011708796461	0.102986970334791	0.378704056959661	0.704907640364548	0.999831983216163
ENSMUSG00000029161	175.472930915889	0.137422368971668	0.120560767410141	1.13836248570206	0.25496915195287	0.999831983216163
ENSMUSG00000040274	67.9764358069518	-0.0910435219962177	0.11979020342041	-0.762065077380831	0.446021164616686	0.999831983216163
ENSMUSG00000060512	263.599765323741	-0.207794443522769	0.120038847030966	-1.73472426793952	0.0827896557262553	0.999831983216163
ENSMUSG00000005514	1793.68564042278	-0.0774064034312542	0.0857807556289185	-0.902417459940141	0.366835149594462	0.999831983216163
ENSMUSG00000053553	91.1668726309163	-0.0255232401219808	0.121293348256316	-0.210409192033658	0.833348319030318	0.999831983216163
ENSMUSG00000029727	57.493548732455	0.0943572613521103	0.115951496059369	0.80937879711466	0.418297294335098	0.999831983216163
ENSMUSG00000029130	430.257941269224	-0.021533006988237	0.108248399848839	-0.198937348599164	0.842311753419963	0.999831983216163
ENSMUSG00000041740	6287.29083152183	-0.0915399619097044	0.0825453245904316	-1.10906273537497	0.267403119218015	0.999831983216163
ENSMUSG00000029381	212.986144058531	0.115568769506415	0.120659324683896	0.956449353005571	0.338845260683142	0.999831983216163
ENSMUSG00000034040	1716.5328802821	-0.0360173613134749	0.100247558238884	-0.359311205134164	0.719362292802197	0.999831983216163
ENSMUSG00000029158	13.1388923682484	0.0863120462573991	0.0775658275598944	1.08810366880665	0.276549344277214	0.999831983216163
ENSMUSG00000052139	620.704303917598	0.140632127270259	0.098425261318817	1.42869627126915	0.15309154999505	0.999831983216163
ENSMUSG00000028969	2573.50787102969	0.0490456304777192	0.0905493655795832	0.541603083984536	0.58809196685094	0.999831983216163
ENSMUSG00000049537	26.4376754414974	-0.0850397668202384	0.0990269054773866	-0.870624579331861	0.383959171300094	0.999831983216163
ENSMUSG00000056413	3942.88147322421	-0.0925000995431839	0.0863765222847773	-1.07099627118399	0.284171106266276	0.999831983216163
ENSMUSG00000044339	174.562580068608	0.0825994227676216	0.120910841863703	0.682195580827165	0.495115288658913	0.999831983216163
ENSMUSG00000039623	648.329247524218	0.00954401667454362	0.099278731745893	0.0961280552829447	0.923418869587532	0.999831983216163
ENSMUSG00000037108	215.66249619914	0.104110976481533	0.116714112829359	0.891685199761453	0.37256168863527	0.999831983216163
ENSMUSG00000029182	15.1175536826127	0.0485328897558494	0.0825468386288915	0.582657286504926	0.560124032679078	0.999831983216163
ENSMUSG00000057614	9732.68163547555	0.0122919178539341	0.0843722218563836	0.145685648692457	0.884169551170282	0.999831983216163
ENSMUSG00000029470	789.103896031887	0.0750885542837985	0.104078516439829	0.721255985649672	0.470752031782989	0.999831983216163
ENSMUSG00000029098	1062.67769325177	0.15923511026405	0.0942525485126312	1.68920769246186	0.0911796353561397	0.999831983216163
ENSMUSG00000015942	783.253117244337	0.0396014565904736	0.0974366253559908	0.406403617771487	0.684446061928667	0.999831983216163
ENSMUSG00000039533	3442.59215659411	-0.0963875013189871	0.0925463005004601	-1.04169839141827	0.297551535023203	0.999831983216163
ENSMUSG00000029196	788.809279445859	0.101776928326385	0.0958465174402611	1.06184821857725	0.288304595704479	0.999831983216163
ENSMUSG00000037221	397.794326232347	-0.06398870044826	0.108399103117795	-0.590292555515113	0.554994529495635	0.999831983216163
ENSMUSG00000041870	2146.79153042682	-0.0423326484834819	0.0852208363043136	-0.496745654152329	0.619368423403313	0.999831983216163
ENSMUSG00000029175	1068.83241043924	-0.0152764013838139	0.0919445600019128	-0.166143431218528	0.868044075924615	0.999831983216163
ENSMUSG00000029390	2075.97176553603	0.00444365016705579	0.0864313474672374	0.0514132141957111	0.95899625529407	0.999831983216163
ENSMUSG00000005220	338.805016516511	0.060458544327202	0.110902036928046	0.545135096399979	0.58566060606505	0.999831983216163
ENSMUSG00000053581	1476.59258111672	-0.0524674904867504	0.0992481873861584	-0.528697573996271	0.59701526038617	0.999831983216163
ENSMUSG00000002748	9357.22304054682	-0.0308129077957959	0.0858153918506836	-0.359077836099256	0.719536861672321	0.999831983216163
ENSMUSG00000048988	94.672215216547	0.185959101783939	0.120185858550406	1.53899933483873	0.123804458631126	0.999831983216163
ENSMUSG00000029121	5323.63957910889	-0.0638368811029401	0.0835992036160288	-0.763652642683534	0.445074269201772	0.999831983216163
ENSMUSG00000029614	4423.41302841923	0.148600466583766	0.0926435102456848	1.60350317167819	0.108823609455655	0.999831983216163
ENSMUSG00000040584	1631.49939076962	-0.0131567536663347	0.0885644025745001	-0.14855920303811	0.881901466952716	0.999831983216163
ENSMUSG00000042647	161.362456400421	-0.18595621954622	0.120296602116996	-1.54770751928454	0.121692730909704	0.999831983216163
ENSMUSG00000028944	2499.60508571976	-0.0377899400223656	0.0818710239574124	-0.461585349294671	0.644378702861621	0.999831983216163
ENSMUSG00000036693	895.303058509881	0.0544093455287884	0.0997362506550504	0.545511831099887	0.585401545719466	0.999831983216163
ENSMUSG00000029536	113.183649093601	-0.0991671148365619	0.121841902211293	-0.815109944592937	0.415009379775422	0.999831983216163
ENSMUSG00000053647	65.9104639883679	-0.0400197355619922	0.119433677678638	-0.335364029027017	0.737350499050234	0.999831983216163
ENSMUSG00000008348	2407.91209367623	-0.0374433057361937	0.0930793059841734	-0.402305176688751	0.687459445327661	0.999831983216163
ENSMUSG00000047635	460.962889278011	-0.0921985700804781	0.107420409347307	-0.858312770415838	0.390719779677881	0.999831983216163
ENSMUSG00000029465	1975.88009010989	0.00269222994580142	0.0888325636594571	0.0303067425699055	0.975822419251084	0.999831983216163
ENSMUSG00000042589	1483.71898075537	-0.0442716803735078	0.0881085812116841	-0.502482702053202	0.615328017209908	0.999831983216163
ENSMUSG00000048450	236.415985819311	0.0844902136061028	0.117572098800979	0.718011571321414	0.4727501521014	0.999831983216163
ENSMUSG00000054720	557.142111299505	-0.0420417019443134	0.108507934072555	-0.387509294392787	0.698379205466725	0.999831983216163
ENSMUSG00000045790	941.512645478538	0.164145073378854	0.0987102628703396	1.6625348685689	0.096405578024166	0.999831983216163
ENSMUSG00000010721	1462.91926522834	-0.0147880859512667	0.0912590744419364	-0.162051385334258	0.87126538895526	0.999831983216163
ENSMUSG00000039000	3647.20904427429	7.16618771982966e-05	0.0824588328672137	0.0008696336498643	0.999306132824676	0.999831983216163
ENSMUSG00000028999	874.183421668951	-0.094749746322518	0.107833345651207	-0.878915360332137	0.379447169561537	0.999831983216163
ENSMUSG00000028945	3954.89040381234	-0.0577096506442269	0.0786266287797157	-0.733993150498397	0.462952912643845	0.999831983216163
ENSMUSG00000029507	286.925573812042	0.0175138075060058	0.112223322690922	0.156059004788227	0.875986511812046	0.999831983216163
ENSMUSG00000038056	7837.8053283138	-0.028066482452112	0.0917789489036727	-0.30582661729403	0.759736661165814	0.999831983216163
ENSMUSG00000070733	2461.08312043229	0.0318940552333033	0.0938061264042588	0.339990765266018	0.733863482379909	0.999831983216163
ENSMUSG00000039782	3956.73588355727	0.107864168589521	0.0923959698826818	1.16718092324332	0.243137313164371	0.999831983216163
ENSMUSG00000039754	305.943520928316	-0.118022885617557	0.11314245202846	-1.04329782003834	0.296810380424789	0.999831983216163
ENSMUSG00000029729	2748.45367847222	0.00168841163738365	0.0876986625067163	0.0192533152717087	0.984639026033251	0.999831983216163
ENSMUSG00000032690	48.5979382096658	0.163460627680985	0.112389682116747	1.43960941581295	0.149977934198721	0.999831983216163
ENSMUSG00000029212	3744.61681883238	0.0726788365168942	0.102479133291415	0.70901911956911	0.478312612068347	0.999831983216163
ENSMUSG00000000560	1079.80969674877	-0.0514965389551556	0.118595939464189	-0.435767007735529	0.663005783316038	0.999831983216163
ENSMUSG00000029420	443.527434461743	0.196534365952447	0.112681388769797	1.74237365725823	0.0814430823204799	0.999831983216163
ENSMUSG00000039474	1330.95265748992	-0.0481865844643059	0.10324851766039	-0.466771366749097	0.64066346372389	0.999831983216163
ENSMUSG00000029189	5210.03608429364	-0.114997279199389	0.0802164810405946	-1.43370495969222	0.15165647625984	0.999831983216163
ENSMUSG00000033294	522.902175022364	-0.149910555525482	0.110612705203875	-1.35606262961237	0.175079241832286	0.999831983216163
ENSMUSG00000004947	291.24963945588	0.0621237633534556	0.111526123281454	0.557013630672226	0.577518116268146	0.999831983216163
ENSMUSG00000016833	151.914795263592	0.0104216953172484	0.121403426969293	0.0858636576719507	0.931574801755259	0.999831983216163
ENSMUSG00000045482	4028.54920080274	-0.056555418158001	0.0834624262660556	-0.677658183528947	0.497988445784366	0.999831983216163
ENSMUSG00000042190	105.857058244149	-0.142031916521886	0.120857691674982	-1.18104179856132	0.237586118942828	0.999831983216163
ENSMUSG00000040557	117.492180508884	0.176209148199297	0.121833905879357	1.44182554656354	0.149351594116279	0.999831983216163
ENSMUSG00000029101	565.483000012055	-0.132769724298821	0.105486732916925	-1.25888930243605	0.20807031828272	0.999831983216163
ENSMUSG00000028933	563.636876519263	-0.0469067962598053	0.101073741791928	-0.464076998512791	0.642592580620583	0.999831983216163
ENSMUSG00000056076	2693.82612056962	-0.0153835169452927	0.0813041242807762	-0.189211218122658	0.849927275684422	0.999831983216163
ENSMUSG00000043388	3366.80303296869	0.126797540862293	0.089086039530995	1.42303310784668	0.15472655786222	0.999831983216163
ENSMUSG00000043635	1200.78552197266	0.0388722141250177	0.108204108780517	0.359212347132488	0.719436240542316	0.999831983216163
ENSMUSG00000046798	3195.48860498217	0.032432499220809	0.0872503263483641	0.371710911829611	0.710108099778399	0.999831983216163
ENSMUSG00000028970	107.496395814728	0.111049644119796	0.121760680082031	0.91053022439594	0.362542949580912	0.999831983216163
ENSMUSG00000025854	980.115411047956	0.110074105504035	0.0942554617990018	1.16771739004677	0.242920779816126	0.999831983216163
ENSMUSG00000002486	693.48561752222	0.0197966851886246	0.106196298717842	0.186389984600934	0.852138945942221	0.999831983216163
ENSMUSG00000044681	16030.3489462408	-0.0883903506396891	0.0867725948179628	-1.01879315468928	0.308301176204073	0.999831983216163
ENSMUSG00000018604	93.0141437960184	-0.00115005442165502	0.120819196614045	-0.00952482953294897	0.992400400480511	0.999831983216163
ENSMUSG00000039252	4261.5052706145	0.169807160226091	0.0982001599427881	1.72828834169137	0.0839365421624654	0.999831983216163
ENSMUSG00000064280	67.9799461764075	0.152218428444962	0.118821809453448	1.27531160155727	0.202198972994667	0.999831983216163
ENSMUSG00000035456	540.499086444677	0.0431721722152489	0.116778940737458	0.369546745112861	0.711720237400244	0.999831983216163
ENSMUSG00000037736	4930.14263822252	-0.0808690953475851	0.0861883411976643	-0.938393969188285	0.348041984071935	0.999831983216163
ENSMUSG00000066735	2278.73765279747	0.0930749151194957	0.0852163358327385	1.09215993046753	0.274762811255255	0.999831983216163
ENSMUSG00000015652	124.125200344983	0.198297941343188	0.121879330122149	1.61969331524351	0.105298172887627	0.999831983216163
ENSMUSG00000034462	3418.33661236817	0.0523172597243502	0.0969390662831964	0.539614991951721	0.589462575439144	0.999831983216163
ENSMUSG00000036898	1501.56444232148	0.0800335859619914	0.0876562544517347	0.912992615860002	0.361246425138145	0.999831983216163
ENSMUSG00000055204	6147.46570986129	-0.0227470872358209	0.0957641837857121	-0.237550251484892	0.812229939554006	0.999831983216163
ENSMUSG00000029703	507.365152942321	-0.0133281994647837	0.104440850905356	-0.127617980833057	0.898451300840096	0.999831983216163
ENSMUSG00000072941	730.692697591198	0.0589098265128653	0.107092034002435	0.549892781475455	0.582392915613198	0.999831983216163
ENSMUSG00000029657	6401.1761257814	-0.0144836931739839	0.0898221106813712	-0.161253825834999	0.871893488885373	0.999831983216163
ENSMUSG00000005103	4580.07500122472	-0.0122956810299057	0.0799684759777046	-0.153756969788895	0.877801363416329	0.999831983216163
ENSMUSG00000061461	463.685983025001	0.0290818255625834	0.10414901001612	0.279226185027329	0.780071249734601	0.999831983216163
ENSMUSG00000029404	908.556308199116	0.12084318272846	0.0924902923508756	1.30648749470276	0.191386828937893	0.999831983216163
ENSMUSG00000047963	36.5324362570117	-0.18701454249288	0.107342615930881	-1.77618076747949	0.0757031271780166	0.999831983216163
ENSMUSG00000045348	1598.08746465201	0.0692625816513381	0.0862478851264776	0.803045184742328	0.421948618634231	0.999831983216163
ENSMUSG00000060371	15293.3938079406	-0.0242462578586403	0.120964690760292	-0.200685252566111	0.840944691867511	0.999831983216163
ENSMUSG00000004951	202.773434489494	0.0880609833942647	0.12062776360511	0.729152262853919	0.465908528327882	0.999831983216163
ENSMUSG00000037890	1075.00754281834	0.0149295795635497	0.09045919774588	0.165041432676822	0.868911370634179	0.999831983216163
ENSMUSG00000035898	1824.4084469742	0.0487288450918613	0.0983324860807566	0.495514927945113	0.620236687262272	0.999831983216163
ENSMUSG00000033467	216.642340162727	-0.0783728885809114	0.119237704250915	-0.657643790431393	0.510767048970076	0.999831983216163
ENSMUSG00000062329	24.2674961408979	-0.00523340310307727	0.0987698578927502	-0.0530351969508784	0.957703864052573	0.999831983216163
ENSMUSG00000029299	12.1703767459031	0.0585871987384439	0.0767052460382785	0.752521263293876	0.451737647643247	0.999831983216163
ENSMUSG00000070498	551.391249855187	0.065320204440897	0.111306289989071	0.586739585417274	0.557378617401813	0.999831983216163
ENSMUSG00000029623	1890.04683777748	-0.0114006633480747	0.0935051277432319	-0.121924964921379	0.902958443979886	0.999831983216163
ENSMUSG00000063430	6235.59508450063	0.0193007170520051	0.095645849408402	0.201780386821539	0.840088415213402	0.999831983216163
ENSMUSG00000042744	10985.5525804769	-0.0692010681183506	0.0816711275123818	-0.84738362049451	0.396781331190499	0.999831983216163
ENSMUSG00000041638	2372.33820878985	0.0100030932168865	0.081886679593688	0.122157721547977	0.902774108937003	0.999831983216163
ENSMUSG00000111375	2128.76218007933	0.00135205925030934	0.0901870483453146	0.014992649502497	0.988038044571912	0.999831983216163
ENSMUSG00000041609	1645.54855424945	0.06465879286748	0.0895129803596288	0.722284715957867	0.470119447783752	0.999831983216163
ENSMUSG00000029344	537.485016001115	0.0920023242814616	0.10167127227216	0.904814548099169	0.365563643122682	0.999831983216163
ENSMUSG00000042216	3897.90864777	0.0967163006827368	0.0818227289397442	1.18192259247061	0.237236416635735	0.999831983216163
ENSMUSG00000089984	11.6936111899411	-0.0548944206783003	0.0755570434188228	-0.744450982632827	0.456603685264606	0.999831983216163
ENSMUSG00000121596	772.325502801022	-0.0706227414087268	0.103605807478637	-0.68182607550911	0.495348934014734	0.999831983216163
ENSMUSG00000029265	2115.71048900023	-0.0156842796677795	0.0898491618964207	-0.174569367821363	0.861418019873358	0.999831983216163
ENSMUSG00000040751	34.1800739322003	0.0935307047756024	0.107706924873642	0.861742039008994	0.388829486473472	0.999831983216163
ENSMUSG00000036435	2568.14535328169	0.0877166841340888	0.083854797597724	1.04600139114318	0.295560390105827	0.999831983216163
ENSMUSG00000029635	1237.41150011664	-0.0038699459961425	0.0957312082600584	-0.0404223652343177	0.967756399940455	0.999831983216163
ENSMUSG00000106918	568.050938976519	0.0453686618525492	0.101247921310593	0.44810800321695	0.654075252385071	0.999831983216163
ENSMUSG00000006642	19.7154830220639	0.120878610481393	0.087400964522169	1.35459461733456	0.175546749362717	0.999831983216163
ENSMUSG00000037339	877.95528169215	0.0270132068322796	0.094170662242258	0.286841549457983	0.774233647234935	0.999831983216163
ENSMUSG00000029004	6882.25153137299	-0.0956072838427263	0.100238517832048	-0.954156608722546	0.340004375022027	0.999831983216163
ENSMUSG00000016128	700.852230678678	-0.0800315997576484	0.102634653269046	-0.779851383701352	0.435478357289942	0.999831983216163
ENSMUSG00000029413	1247.43480117049	0.044869453415733	0.0883186610757994	0.508031611478476	0.611431174346068	0.999831983216163
ENSMUSG00000038803	514.273550082456	-0.0184366101044401	0.105063101705748	-0.175490358068471	0.860694346366444	0.999831983216163
ENSMUSG00000019054	2902.15018633201	0.128768492065108	0.0886659690588116	1.45202416213828	0.146494887002217	0.999831983216163
ENSMUSG00000075569	247.825078428524	0.051044711305257	0.115475498034785	0.441885368339437	0.658572159079105	0.999831983216163
ENSMUSG00000037605	3462.1921719543	-0.11422645915755	0.0969816387839774	-1.17822165123492	0.238708253135097	0.999831983216163
ENSMUSG00000054814	6332.46849030749	-0.0996925649286303	0.0783319336084985	-1.2727844472881	0.203094541557929	0.999831983216163
ENSMUSG00000038095	7005.17874786269	-0.0509890429822441	0.0918728852893378	-0.555063521654643	0.578851212680949	0.999831983216163
ENSMUSG00000029725	322.653542758137	-0.0970486188543442	0.111505858859537	-0.870508744207194	0.384022442695133	0.999831983216163
ENSMUSG00000029438	2596.94813740051	-0.0633183347119835	0.0938849320633943	-0.674503605995574	0.4999911939442	0.999831983216163
ENSMUSG00000029123	43.0647182540933	0.0861535127403051	0.0966504241997266	0.87932119555947	0.379227146711293	0.999831983216163
ENSMUSG00000029254	46.8265582381845	0.027819514574023	0.110681736330957	0.250561344936474	0.802153270737165	0.999831983216163
ENSMUSG00000029248	49.6854780768803	-0.0676945169614934	0.114906386184693	-0.59159155930594	0.554124127404216	0.999831983216163
ENSMUSG00000038011	98.103017772735	0.00110811215310675	0.121161818854447	0.00915192860099432	0.992697919402203	0.999831983216163
ENSMUSG00000061578	2953.46628913586	-0.0367894020922791	0.109470241070593	-0.33615849115839	0.736751352555626	0.999831983216163
ENSMUSG00000060961	21060.9625961564	-0.0824884685818432	0.103725739466615	-0.795592170885099	0.4262691186176	0.999831983216163
ENSMUSG00000029088	4693.61527211788	-0.0209031606339554	0.0831372289739141	-0.25143572162966	0.801477252693484	0.999831983216163
ENSMUSG00000041298	2510.9246505405	0.0522902867963011	0.0985793768019583	0.530363962648394	0.595859606928829	0.999831983216163
ENSMUSG00000029392	476.682488290674	0.0638442509027442	0.102818219841982	0.620912974181459	0.534656884191927	0.999831983216163
ENSMUSG00000061755	4319.91137861932	-0.010230258066431	0.109011287372703	-0.0938547650089726	0.925224527449614	0.999831983216163
ENSMUSG00000095040	11.2015249860531	0.0249426109433825	0.0759999611657591	0.326033862623147	0.744398735034638	0.999831983216163
ENSMUSG00000029554	578.202288005083	-0.0392203669338491	0.100658669345342	-0.389638665175034	0.696803756725506	0.999831983216163
ENSMUSG00000053094	1706.21860888852	0.106605843244134	0.0883719865097459	1.2062259759004	0.227730370756207	0.999831983216163
ENSMUSG00000062604	8727.6496369897	-0.00863629062169038	0.0839959821816636	-0.102818772254791	0.918106806122269	0.999831983216163
ENSMUSG00000066975	12.6585922034477	0.0627775009337555	0.0750839149800687	0.81903686488378	0.412765381010911	0.999831983216163
ENSMUSG00000029482	1113.30498049896	-0.104513156999284	0.095909422293702	-1.08982321519854	0.275791025543247	0.999831983216163
ENSMUSG00000035505	462.513602129625	0.00360243165630854	0.104464239160972	0.03448268993628	0.972492245569197	0.999831983216163
ENSMUSG00000037373	7604.47075717969	-0.00286164607640535	0.0775877566134175	-0.0368821654201487	0.970578960004771	0.999831983216163
ENSMUSG00000029364	2295.79166895822	-0.0689595566862663	0.0875547636716955	-0.787678375045139	0.430884857759056	0.999831983216163
ENSMUSG00000039682	1841.23867937087	-0.00573978008578461	0.087240779513341	-0.0657918479575925	0.947543546562792	0.999831983216163
ENSMUSG00000029141	1141.663127029	-0.0498227168438194	0.0955948063872259	-0.521232382193909	0.602204898542439	0.999831983216163
ENSMUSG00000034324	1038.09242577654	0.0878516549304987	0.0926266369193918	0.9483847729938	0.342933608368244	0.999831983216163
ENSMUSG00000056602	6028.3551938739	-0.0513351316816668	0.102426396909803	-0.501303885656887	0.616157271063523	0.999831983216163
ENSMUSG00000058153	6366.55535522039	0.083754819249856	0.0951525743426324	0.880024977859398	0.378845778497729	0.999831983216163
ENSMUSG00000029624	1402.17914650322	0.0628511430195288	0.0933967741093902	0.672882340788482	0.501022147661349	0.999831983216163
ENSMUSG00000029095	2890.70057257639	0.0190998385563399	0.0813537845930736	0.234774766145629	0.814383554085405	0.999831983216163
ENSMUSG00000042121	1038.31103194188	-0.0369527606984787	0.0925039735681476	-0.399492769172471	0.689530150601808	0.999831983216163
ENSMUSG00000029426	6670.98416777135	-0.0289853090923558	0.082540216735575	-0.35117617400318	0.725456183631004	0.999831983216163
ENSMUSG00000029454	123.767966223112	-0.109412293263841	0.121811250758331	-0.899909249054027	0.368168547642049	0.999831983216163
ENSMUSG00000029198	1288.03067493842	0.0492884593739781	0.09776389370092	0.504120670063312	0.614176582514914	0.999831983216163
ENSMUSG00000079109	727.489542634291	-0.0444159478189021	0.0985763100262126	-0.450590217545732	0.652284918434033	0.999831983216163
ENSMUSG00000000568	6629.49339134428	0.0322001976687433	0.0983984039279573	0.327210840159473	0.743508422523572	0.999831983216163
ENSMUSG00000034173	266.065407290499	0.114010580189421	0.117932001600864	0.966032555447367	0.334027890901515	0.999831983216163
ENSMUSG00000060261	9504.07799965978	-0.0852156203776854	0.0808491381987944	-1.05409645955461	0.291838756948048	0.999831983216163
ENSMUSG00000072694	2630.20775513746	-0.00899871090368388	0.081825154884263	-0.109974118551214	0.912429900795176	0.999831983216163
ENSMUSG00000016503	194.221919883502	-0.135333145758413	0.117607934915172	-1.15115631537392	0.249667933345638	0.999831983216163
ENSMUSG00000036403	699.588303332702	0.0611728883415564	0.0993785918924146	0.615555897742748	0.538187666224786	0.999831983216163
ENSMUSG00000056367	1686.85156103194	-0.00774252386436032	0.088079552485756	-0.0879058483950095	0.929951508255081	0.999831983216163
ENSMUSG00000034384	938.870952347769	-0.00617745417024589	0.114860284025259	-0.0538068546196133	0.957089048236424	0.999831983216163
ENSMUSG00000014668	2160.40744888251	-0.0486268606345189	0.0873393387502262	-0.556778719779741	0.577678624981852	0.999831983216163
ENSMUSG00000013629	787.33218325854	0.0197099813172255	0.0945906897947574	0.208371152524131	0.834939178919395	0.999831983216163
ENSMUSG00000055923	556.31392346521	-0.00582101523243924	0.100065697503035	-0.0581712659381777	0.953612208411548	0.999831983216163
ENSMUSG00000029104	6776.31803096368	-0.116890306919593	0.0930379302613167	-1.25672156423874	0.208854476732957	0.999831983216163
ENSMUSG00000029449	63.3167243214936	0.0564110039414096	0.11790742018761	0.47699734872089	0.633364009579575	0.999831983216163
ENSMUSG00000001098	825.769731761284	-0.0622375931202953	0.10022936267409	-0.621012384637209	0.53459147461923	0.999831983216163
ENSMUSG00000060152	1199.54506242381	-0.0328894863810681	0.092680199665277	-0.354869363674206	0.722687460898764	0.999831983216163
ENSMUSG00000043913	19.2818665146792	0.00950491924820736	0.0872437610797942	0.108477882589663	0.91361662410851	0.999831983216163
ENSMUSG00000029544	3137.25145287967	-0.0357220105208452	0.0934575712660386	-0.382246638105174	0.702278431329815	0.999831983216163
ENSMUSG00000032754	313.185528865447	0.141011207053165	0.113438840576651	1.24209320165718	0.2142021765725	0.999831983216163
ENSMUSG00000004846	1004.45453744763	-0.0129501131823605	0.0969634589452058	-0.13355572326554	0.893753898136685	0.999831983216163
ENSMUSG00000043279	552.374979133578	0.0418690237458629	0.110015445980587	0.380564591862357	0.703526359208769	0.999831983216163
ENSMUSG00000029718	386.45893728228	0.0331813291452842	0.113341703312725	0.29263055380705	0.769804557016038	0.999831983216163
ENSMUSG00000029122	379.973776482171	0.0964911841100757	0.108263281839966	0.891204103979637	0.372819683129004	0.999831983216163
ENSMUSG00000058558	5030.07624020394	0.103110954910986	0.0914088350387937	1.12778855772278	0.259409226860849	0.999831983216163
ENSMUSG00000042508	1720.92455580102	-0.0283082258392022	0.0900520832824321	-0.314372690023117	0.753237995674816	0.999831983216163
ENSMUSG00000039886	230.988880301034	0.00994079607757646	0.118153125238734	0.0841154383906264	0.932964650084646	0.999831983216163
ENSMUSG00000029361	4720.77986127038	-0.185481000717718	0.10478117112721	-1.77186478043199	0.0764170060050904	0.999831983216163
ENSMUSG00000029587	1430.68823756673	-0.14163960853651	0.089703692535597	-1.57904635220469	0.114325425560109	0.999831983216163
ENSMUSG00000029516	2407.34688445779	0.0636729334507027	0.0841371013687297	0.756730870227345	0.449211116284751	0.999831983216163
ENSMUSG00000028962	1378.59558845974	0.102029863805841	0.0912301460266039	1.11823498497347	0.263466646097961	0.999831983216163
ENSMUSG00000036687	20.6237893328296	0.0703875558493728	0.0902581651366922	0.768443705305567	0.442223623364073	0.999831983216163
ENSMUSG00000025534	391.225771441116	0.0667669308121347	0.109133011258858	0.61167188237747	0.540754868658682	0.999831983216163
ENSMUSG00000051391	19534.9300052767	-0.0613282406862304	0.0891378586917732	-0.688096678575445	0.491391901946692	0.999831983216163
ENSMUSG00000029179	480.970416418524	0.0122915638383568	0.107336132986551	0.114505653479712	0.908836965048956	0.999831983216163
ENSMUSG00000029250	3485.53399169388	-0.00798690199057197	0.0862494215761997	-0.0926041683907584	0.926218032084334	0.999831983216163
ENSMUSG00000050822	1821.56640950558	-0.0786609499623373	0.0925999896916221	-0.849528959313585	0.395587023053082	0.999831983216163
ENSMUSG00000038525	460.64622597979	0.0523972328112159	0.105077751878155	0.498663481743761	0.618016475158744	0.999831983216163
ENSMUSG00000049265	3011.79817310845	-0.0791899448602534	0.10349992475833	-0.765358010554261	0.444058389186266	0.999831983216163
ENSMUSG00000062761	1841.69524044957	-0.00403664669965821	0.0854057702305516	-0.0472645814453365	0.962302356430688	0.999831983216163
ENSMUSG00000029407	4152.78288511297	0.0374115683949457	0.08433777953747	0.44357784648061	0.657347825444909	0.999831983216163
ENSMUSG00000028973	985.071598528611	-0.0177195706268104	0.0952738585187028	-0.185984293523754	0.852457078387828	0.999831983216163
ENSMUSG00000029524	826.001484751936	0.033066074745975	0.112015289255826	0.29507940532721	0.767933221806408	0.999831983216163
ENSMUSG00000037017	854.921093975969	-0.0876022981829782	0.0948111169829714	-0.924012337829106	0.355479892157657	0.999831983216163
ENSMUSG00000038593	490.528876229762	-0.0203600704221319	0.103830293206613	-0.196078000385072	0.844549115168579	0.999831983216163
ENSMUSG00000041313	1364.85429694236	-0.0535502580354362	0.106354365248392	-0.503650824611033	0.614506770463333	0.999831983216163
ENSMUSG00000018974	1370.75246629087	0.0744448885725637	0.0882654763214729	0.843376144550955	0.399018109299279	0.999831983216163
ENSMUSG00000049606	3690.11611594897	-0.0400965273845538	0.0920452241122292	-0.435660699677574	0.663082923663124	0.999831983216163
ENSMUSG00000042249	5343.81240143505	-0.0242345002319341	0.0786859243663339	-0.307995347912417	0.758085872220806	0.999831983216163
ENSMUSG00000004455	6992.77349548082	-0.101140153265552	0.0777743846790615	-1.30052479170875	0.193421164887825	0.999831983216163
ENSMUSG00000029616	3414.1427063588	-0.0142172331061604	0.0842359151410551	-0.168781848122777	0.865968236575676	0.999831983216163
ENSMUSG00000038564	2379.33543762447	0.0962417870938459	0.0830100703162651	1.15933139182026	0.246321130664984	0.999831983216163
ENSMUSG00000029528	4921.1951719727	-0.103229292003675	0.10299451984	-1.00272385563641	0.315994116492101	0.999831983216163
ENSMUSG00000072762	139.235973309376	0.1529717625376	0.121884722228907	1.25232745625941	0.210450568161636	0.999831983216163
ENSMUSG00000029221	7601.90538277544	0.0217953609282518	0.0797145863719206	0.273413968189054	0.784535016646384	0.999831983216163
ENSMUSG00000079659	899.675002329566	0.0597900280238336	0.0931564837066689	0.641813192386558	0.520994482887468	0.999831983216163
ENSMUSG00000032959	8527.54312584527	0.0589672031758149	0.0799711199954477	0.737316061477825	0.460930167064151	0.999831983216163
ENSMUSG00000029607	46.8202278577625	0.0726264292441868	0.114774267754346	0.630760420924484	0.528197185910294	0.999831983216163
ENSMUSG00000054256	1321.6200399195	0.0284749710966936	0.0969991283729367	0.293526311090209	0.769119891363953	0.999831983216163
ENSMUSG00000036928	44.4307965910153	0.0452475936638521	0.113632708030581	0.397379448186443	0.691087668497539	0.999831983216163
ENSMUSG00000029234	1342.37308462763	-0.0103151738500296	0.0895778655999348	-0.115150816400477	0.908325582088086	0.999831983216163
ENSMUSG00000010825	2163.59834685512	-0.187247064310721	0.105174429096679	-1.78200956867815	0.0747476713477543	0.999831983216163
ENSMUSG00000036817	3015.0483669481	-0.0122427001006775	0.0807299989355152	-0.151650433977659	0.879462652835075	0.999831983216163
ENSMUSG00000144223	3292.76998425752	0.00782787209724875	0.0823149940066159	0.0950976651447577	0.924237252617211	0.999831983216163
ENSMUSG00000029119	782.885526266568	-0.0235671117405968	0.0966168548612209	-0.243928329570092	0.807286327945083	0.999831983216163
ENSMUSG00000045438	1077.69051298325	-0.0483168839190831	0.0972469070526452	-0.496847264519287	0.619296762103311	0.999831983216163
ENSMUSG00000039747	2205.85552756054	-0.0185653408874739	0.0861841664701715	-0.215419776744896	0.829440052328354	0.999831983216163
ENSMUSG00000066900	4510.43596172666	-0.042708012848337	0.0819942063123671	-0.520883627794254	0.602447841304843	0.999831983216163
ENSMUSG00000029287	1166.77477500598	0.0494456795231039	0.0936118990406508	0.528161580892705	0.597387192379553	0.999831983216163
ENSMUSG00000044017	19.4755014398386	0.0408755654032858	0.0919556521964616	0.441102983487968	0.659138443708195	0.999831983216163
ENSMUSG00000006641	1015.11644921273	0.140450409603427	0.0929303755583653	1.51113353762075	0.130754431487808	0.999831983216163
ENSMUSG00000029513	547.72256025194	0.0579534780529788	0.103927362846147	0.557563320896061	0.577142608820024	0.999831983216163
ENSMUSG00000038780	1180.17549442725	0.00681723199566094	0.0916770409342767	0.074362576169656	0.940721886214352	0.999831983216163
ENSMUSG00000029464	703.178021978488	0.0196152613043429	0.09714401501677	0.20192272531734	0.839977135762262	0.999831983216163
ENSMUSG00000029247	4642.37747676239	0.000937503126369152	0.0814188002173649	0.0115152022969833	0.990812400918926	0.999831983216163
ENSMUSG00000041453	1517.89761741858	0.125503643187773	0.0923195123228753	1.35927909219756	0.174058166716539	0.999831983216163
ENSMUSG00000037379	11.8756822353482	0.0701605745651864	0.0659505957523188	1.03175422059103	0.302187270066103	0.999831983216163
ENSMUSG00000036285	682.964188335149	0.0468714097234808	0.0988198282635555	0.474306044680392	0.635281681665396	0.999831983216163
ENSMUSG00000005057	156.801281469101	-0.0649251823691816	0.119730435768482	-0.542471113032571	0.587494002166143	0.999831983216163
ENSMUSG00000039178	1474.27406343417	-0.124568058140427	0.0909570946489581	-1.36968314992562	0.17078583083884	0.999831983216163
ENSMUSG00000072774	136.443764726824	-0.11958433556986	0.121507537716044	-0.985550753670463	0.324353614128166	0.999831983216163
ENSMUSG00000043059	117.420346445931	-0.0557048434639597	0.121627652478396	-0.458270519951625	0.646758101007754	0.999831983216163
ENSMUSG00000047881	1286.98603268241	0.0872975586343843	0.0901217741124584	0.968600230536286	0.332744688303927	0.999831983216163
ENSMUSG00000038276	26.157382930353	-0.036984979206378	0.0950854315819537	-0.39121407620253	0.69563900448849	0.999831983216163
ENSMUSG00000014932	1490.30727176514	-0.0539995339063305	0.0946640831560206	-0.570507250236481	0.56833370606332	0.999831983216163
ENSMUSG00000051306	1316.3810727635	-0.0754487549942834	0.0954560236982164	-0.790501301097036	0.429235062673126	0.999831983216163
ENSMUSG00000057315	224.095992055496	0.186236334453584	0.121661835008741	1.52565283401344	0.127096346688589	0.999831983216163
ENSMUSG00000023079	943.200981538219	0.0312782559146874	0.097773068750088	0.319871704101502	0.749065588673352	0.999831983216163
ENSMUSG00000036980	656.106027592532	0.0243752980086209	0.0989956646672747	0.246215604683788	0.80551533653174	0.999831983216163
ENSMUSG00000044827	11.6914575289074	-0.0456041425440365	0.0752674878375319	-0.616163887812681	0.537786359721169	0.999831983216163
ENSMUSG00000059518	638.700797491357	0.0413586928068387	0.102075393827202	0.40513465345547	0.685378535344996	0.999831983216163
ENSMUSG00000029447	7299.02503579263	-0.0255887445548339	0.080414057421676	-0.318219972039379	0.750318084088992	0.999831983216163
ENSMUSG00000034021	4882.75495156392	0.000654597700964849	0.0907364388272783	0.00721503808667744	0.994243282451103	0.999831983216163
ENSMUSG00000033615	17566.2164399283	0.0796501905323398	0.0773697141441002	1.02940356044864	0.303290076723789	0.999831983216163
ENSMUSG00000029613	1728.89460395355	0.0200865851844796	0.0861503761998144	0.233157123345209	0.81563939894475	0.999831983216163
ENSMUSG00000029501	2072.56494481863	-0.060793622147968	0.0911999628049035	-0.666644415094911	0.504999291639725	0.999831983216163
ENSMUSG00000029267	2379.15130941886	0.0916503105125558	0.0833398486358509	1.09966392875917	0.271478576661824	0.999831983216163
ENSMUSG00000029169	7252.35962044165	-0.0543514947445103	0.0812029938137587	-0.669367861493968	0.503260847548825	0.999831983216163
ENSMUSG00000002944	36.3278880176887	0.127624573780262	0.108214277347475	1.16938168979727	0.242249883623455	0.999831983216163
ENSMUSG00000025858	1023.29983232265	0.124756348012546	0.091120307531581	1.36903297816977	0.170988966589242	0.999831983216163
ENSMUSG00000023284	832.619081778867	-0.0935021258600951	0.104954908940712	-0.891152794798255	0.372847204940716	0.999831983216163
ENSMUSG00000001569	1288.44141892026	0.0238887969472075	0.0983792219622148	0.242813155122192	0.808150144189977	0.999831983216163
ENSMUSG00000046572	781.651820329438	0.0259298180154935	0.0984624224033896	0.263351004603075	0.7922800506543	0.999831983216163
ENSMUSG00000029389	744.598944208953	-0.0766196325761976	0.101804865508182	-0.752651350125565	0.451659451702619	0.999831983216163
ENSMUSG00000041930	806.077490795618	0.0285712981196062	0.0983973323186935	0.290350261782717	0.771548290745557	0.999831983216163
ENSMUSG00000053134	687.114230408467	0.0206184051605644	0.108983775908965	0.189165590489061	0.849963035545091	0.999831983216163
ENSMUSG00000038072	1899.53077515387	-0.0409317500368081	0.0849809114362516	-0.481668472398932	0.630041476105416	0.999831983216163
ENSMUSG00000072720	23.8600050021153	0.0753390345968308	0.0965329306582481	0.773924803015593	0.438975261082212	0.999831983216163
ENSMUSG00000029279	470.308342288446	-0.0976352113712676	0.105520235427435	-0.925278533168349	0.354821042129206	0.999831983216163
ENSMUSG00000038970	4217.7524719155	-0.0330303071669017	0.0819187594923866	-0.403220979436034	0.686785667401883	0.999831983216163
ENSMUSG00000019494	2346.09744004533	-0.0135709849589871	0.0842984118973452	-0.160985974498916	0.872104447282458	0.999831983216163
ENSMUSG00000023106	1015.94439309269	0.0231491660594742	0.0949766633466456	0.243730208284092	0.807439775936017	0.999831983216163
ENSMUSG00000029504	688.321598647399	0.0429172730570585	0.0967314868222366	0.443662506190234	0.657286606969981	0.999831983216163
ENSMUSG00000028978	233.704445274992	0.187682946074117	0.119467250708956	1.567376408491	0.117026734955174	0.999831983216163
ENSMUSG00000034573	757.264594743532	-0.0765027842457032	0.0975263817716467	-0.784477172623594	0.432760171261806	0.999831983216163
ENSMUSG00000029474	2395.96434803599	0.0673412424318288	0.0869641448692414	0.774312228858934	0.438746173733798	0.999831983216163
ENSMUSG00000040351	2405.39770314344	-0.156014231454605	0.0915448081356136	-1.7046712879505	0.0882557476383868	0.999831983216163
ENSMUSG00000029106	10130.0692808457	-0.0524582923308288	0.0770361752925106	-0.680983666925168	0.495881825325117	0.999831983216163
ENSMUSG00000029162	148.369312376767	0.164341150885281	0.120282696005684	1.36445991937082	0.172422860529292	0.999831983216163
ENSMUSG00000038722	596.858663427057	-0.146047742240214	0.105838240618548	-1.38033012503898	0.167485023613213	0.999831983216163
ENSMUSG00000029440	984.536438338479	0.0480663208715257	0.0950742511771027	0.505523813181463	0.61319097726245	0.999831983216163
ENSMUSG00000029546	772.915805628442	-0.095736279846176	0.103730222998173	-0.923071734474378	0.355969823484387	0.999831983216163
ENSMUSG00000029591	79.0377881185759	-0.165068064678464	0.119268467676925	-1.39299949013357	0.16361994486278	0.999831983216163
ENSMUSG00000023348	269.511482158675	-0.00845200219854679	0.116310925861807	-0.0726577142207335	0.94207849873004	0.999831983216163
ENSMUSG00000023452	1255.04977623412	0.0125237734594476	0.0937735991104959	0.1335496593272	0.893758693502359	0.999831983216163
ENSMUSG00000040429	158.105192852452	-0.0146865906717427	0.120079675016675	-0.122343969834109	0.902626610634607	0.999831983216163
ENSMUSG00000060063	71.1668462656341	-0.0093930055550106	0.12018755735092	-0.0781840982377618	0.937681611062446	0.999831983216163
ENSMUSG00000025340	1446.32135830875	0.0612816993085468	0.0881953185488066	0.694820457756954	0.487167825843116	0.999831983216163
ENSMUSG00000029149	103.906904080939	-0.0624993139816054	0.121686512084366	-0.514270409777284	0.607062946695041	0.999831983216163
ENSMUSG00000029204	13.4408025961608	0.0715121588712192	0.0778498033001721	0.901865470845254	0.36712833562488	0.999831983216163
ENSMUSG00000044197	852.584142541592	0.113441821161137	0.0943163097989339	1.20266461645798	0.229106131694356	0.999831983216163
ENSMUSG00000062110	459.32519350709	-0.0345396492863268	0.108362725944105	-0.318772937571442	0.749898701203451	0.999831983216163
ENSMUSG00000040537	3129.40726299059	-0.155487947420229	0.104945869096351	-1.4828050252069	0.138126220554071	0.999831983216163
ENSMUSG00000042594	1642.46301826743	0.0125127656298287	0.0912439176261451	0.137131994958198	0.890926463037743	0.999831983216163
ENSMUSG00000029108	1562.55962929861	0.163831227427435	0.112109759487553	1.45957284920057	0.144407505711218	0.999831983216163
ENSMUSG00000029238	5223.76976704835	0.0184167285170331	0.0854130002191075	0.215617708611014	0.829285751003966	0.999831983216163
ENSMUSG00000040731	12633.0015704093	-0.0127829042583743	0.0769296233635251	-0.166164395994186	0.868027577766165	0.999831983216163
ENSMUSG00000040003	3170.75178536118	0.0743690925492297	0.0980522479563708	0.758323246702679	0.448257493873176	0.999831983216163
ENSMUSG00000029346	299.816219352319	-0.0948027991159121	0.116447925602349	-0.814388812023536	0.415422245886654	0.999831983216163
ENSMUSG00000000600	3621.88623489888	-0.0935089915696244	0.0837281568338826	-1.11691684957766	0.264029879515366	0.999831983216163
ENSMUSG00000056493	1794.55715331235	-0.0942809327785893	0.100358307867153	-0.939689986628357	0.347376602908458	0.999831983216163
ENSMUSG00000041264	1744.81101739721	0.0389852095239443	0.087150151476374	0.447328510495748	0.654637884602141	0.999831983216163
ENSMUSG00000005299	2906.87729907601	0.0239576775531625	0.082659920119273	0.289828007853219	0.771947819887448	0.999831983216163
ENSMUSG00000029428	498.828490677716	0.0360684685770254	0.101962543658926	0.353731817709686	0.72353987522268	0.999831983216163
ENSMUSG00000083012	29.3572530286608	-0.118113163689514	0.104095122007783	-1.14931290653186	0.250426978016935	0.999831983216163
ENSMUSG00000045102	37.5571419399303	-0.00415247591648109	0.106574887769792	-0.0390143996226012	0.968878908115924	0.999831983216163
ENSMUSG00000050050	13.2421063636527	0.0357775019070017	0.0791862648023643	0.448223110590547	0.653992185357755	0.999831983216163
ENSMUSG00000029518	2178.95010153303	0.0832005397521157	0.0900439190232849	0.923874516430445	0.355551652468778	0.999831983216163
ENSMUSG00000029466	1325.00981687279	0.028438870611653	0.0888492379969339	0.320077202377171	0.748909807161046	0.999831983216163
ENSMUSG00000053334	845.039524152515	0.00692816838787753	0.100016971610495	0.0692648985445149	0.94477876551194	0.999831983216163
ENSMUSG00000008090	428.027210152282	-0.0632952580020348	0.11160423397014	-0.567216289904856	0.570567241888681	0.999831983216163
ENSMUSG00000033209	878.265325348769	-0.162213445700409	0.100759864093423	-1.61030503055805	0.107331281567697	0.999831983216163
ENSMUSG00000015880	12.1954067134167	0.0264019661038846	0.0789449709139476	0.332430721460302	0.739564043931013	0.999831983216163
ENSMUSG00000050248	186.969198663522	-0.0579096751619496	0.118361477189332	-0.489360240165887	0.624586679656493	0.999831983216163
ENSMUSG00000007415	2567.87084910828	-0.0613429869193384	0.0823439418109147	-0.744978940782598	0.456284450914195	0.999831983216163
ENSMUSG00000029126	22148.4663245528	-0.00625876803575024	0.0832781028009463	-0.0751551236118476	0.94009128949389	0.999831983216163
ENSMUSG00000029151	102.224364907958	0.179042687595911	0.121139588890427	1.47159448079695	0.141130416868919	0.999831983216163
ENSMUSG00000028995	566.478400903563	-0.0506870824845304	0.112968482823673	-0.448908666115835	0.653497544257784	0.999831983216163
ENSMUSG00000029338	97.3074586847051	-0.171988234899544	0.121775755724981	-1.41626906886627	0.156696740347679	0.999831983216163
ENSMUSG00000029577	3771.64017552725	-0.0727053398032455	0.0805082875879381	-0.903123498912988	0.366460353618973	0.999831983216163
ENSMUSG00000029370	194.283098654636	0.0818111720035178	0.119293080806756	0.68562735609406	0.492948126316201	0.999831983216163
ENSMUSG00000042453	10979.7973178565	0.00760737614052612	0.0971196658412739	0.0783293751447392	0.937566051254621	0.999831983216163
ENSMUSG00000093910	40.2512425979341	-0.0509699229978048	0.111161789232607	-0.460268750027786	0.645323328875003	0.999831983216163
ENSMUSG00000029227	2206.76453016025	-0.010155238024791	0.0842910700242191	-0.120480079731297	0.904102858764394	0.999831983216163
ENSMUSG00000050022	158.858035276168	-0.0222948445597143	0.120326279905727	-0.185293280149511	0.852999008434022	0.999831983216163
ENSMUSG00000011831	3163.77217750373	0.0489569158896255	0.0861944633747944	0.567961287076937	0.570061255111053	0.999831983216163
ENSMUSG00000029373	22.0310501949994	-0.0544944169812774	0.0946256042395697	-0.580677184836504	0.561458041211793	0.999831983216163
ENSMUSG00000015944	5630.02973252081	0.0297449861509558	0.0775642023409044	0.383482056998729	0.701362371741425	0.999831983216163
ENSMUSG00000039753	8553.39153220055	0.0149206425199459	0.0854589490271432	0.174592487420935	0.861399852085624	0.999831983216163
ENSMUSG00000029597	21.0589121123958	-0.0641038170374573	0.0935156858177921	-0.694241517340041	0.487530760046227	0.999831983216163
ENSMUSG00000005374	1342.00108303133	-0.112981694955653	0.0897189339876166	-1.25938177963722	0.207892467363764	0.999831983216163
ENSMUSG00000029249	270.257032307298	0.165174986862232	0.114692701803306	1.43948679353977	0.150012649062832	0.999831983216163
ENSMUSG00000029209	1019.73679256807	-0.033455013095437	0.0932657295486332	-0.358727014903263	0.719799316727215	0.999831983216163
ENSMUSG00000035851	4998.80372143857	-0.0516974007349606	0.088630933436823	-0.583344369643899	0.559661499194263	0.999831983216163
ENSMUSG00000029359	1529.87728147799	0.035921479265887	0.0994443807522884	0.36116706817756	0.717974558741164	0.999831983216163
ENSMUSG00000042096	2348.52008885791	-0.093553479202723	0.103540957998775	-0.903874219496382	0.366062100782189	0.999831983216163
ENSMUSG00000079562	2326.1450151036	0.0962186186505122	0.0940390301872584	1.02298527768391	0.306314806766387	0.999831983216163
ENSMUSG00000029538	1543.37396447207	-0.0221418733508343	0.0984137575114672	-0.224987641129163	0.821988888755366	0.999831983216163
ENSMUSG00000045435	715.809239989498	0.0140246636193816	0.0974402208138406	0.143928411063708	0.885557000477135	0.999831983216163
ENSMUSG00000029510	17.2299533535771	-0.0521610658717878	0.0872140328418541	-0.605163509119888	0.545070359329342	0.999831983216163
ENSMUSG00000029186	145.78163267137	-0.121618369486795	0.121169303520164	-1.0053274017762	0.314739224717153	0.999831983216163
ENSMUSG00000029311	1055.87853602691	0.113275098634444	0.102693374883258	1.1026241289815	0.270190427348424	0.999831983216163
ENSMUSG00000079111	900.83893509692	0.00212504426625768	0.0983387835367485	0.0216090771832506	0.982759792678232	0.999831983216163
ENSMUSG00000034826	614.548327802662	0.0289697604461477	0.0993724211936261	0.29153094758558	0.770645278500302	0.999831983216163
ENSMUSG00000029202	4016.6374523793	-0.0477315277557959	0.0806902198170161	-0.59156440369071	0.554142316280985	0.999831983216163
ENSMUSG00000042078	2871.30614733232	0.0286247770129671	0.0818593260799501	0.349674402436216	0.726583066253778	0.999831983216163
ENSMUSG00000050856	2246.08422836825	0.0173189974063789	0.091851990879009	0.188549174500143	0.850446171028817	0.999831983216163
ENSMUSG00000079555	1095.75677720058	-0.0599720358496678	0.0967928682944388	-0.619644331423919	0.535491973534044	0.999831983216163
ENSMUSG00000029673	2362.82724973709	-0.112778950108135	0.106819919856514	-1.05643631641496	0.290768921494231	0.999831983216163
ENSMUSG00000029111	1035.90295813778	-0.0668960758519921	0.0972220882154406	-0.688118602648769	0.491378096711853	0.999831983216163
ENSMUSG00000029621	3361.4413585711	-0.0279175974288148	0.0838796665375417	-0.332834354403467	0.73925932422813	0.999831983216163
ENSMUSG00000047843	550.314581576837	-0.0559898851702364	0.102394061176807	-0.546791035006768	0.584522302885396	0.999831983216163
ENSMUSG00000029681	1810.04968603082	0.0449914746322257	0.086433949431204	0.520511357957893	0.60270721365158	0.999831983216163
ENSMUSG00000029136	102.054401419617	-0.0659900182609986	0.121883874139193	-0.541896171352096	0.58789003443585	0.999831983216163
ENSMUSG00000036553	63.2484934586067	0.0216120240503983	0.117588277359774	0.183492468299295	0.85441162787707	0.999831983216163
ENSMUSG00000046658	820.44090448344	-0.0476301946686316	0.104016977401665	-0.457943230764665	0.646993227076506	0.999831983216163
ENSMUSG00000048271	5474.71989564097	-0.0571704892125702	0.087763045714773	-0.651483946434485	0.51473413674225	0.999831983216163
ENSMUSG00000064247	114.119346929194	0.185890429121725	0.121099656014066	1.52673050447429	0.126828038784783	0.999831983216163
ENSMUSG00000029726	1328.05067641526	0.0200867757985059	0.0897535128128692	0.223800856422611	0.822912263541492	0.999831983216163
ENSMUSG00000040532	374.566196067907	-0.0151609437572925	0.111750213940074	-0.135685872489973	0.892069616545021	0.999831983216163
ENSMUSG00000029253	1805.01556992579	0.0372879934892278	0.085885964215756	0.434155246893525	0.664175709013668	0.999831983216163
ENSMUSG00000109771	29.1924179588924	0.128572909308972	0.104063158143239	1.22318527973287	0.221259724125044	0.999831983216163
ENSMUSG00000029195	10.3061052085245	0.0222900968812346	0.074275949828435	0.297894438513499	0.765783732785125	0.999831983216163
ENSMUSG00000029458	2234.63349380965	-0.037308689759676	0.0828072121088216	-0.450557355671759	0.65230860749594	0.999831983216163
ENSMUSG00000029472	5885.38935125584	-0.0139488272126174	0.0799153080639358	-0.174545705701459	0.861436614059033	0.999831983216163
ENSMUSG00000090015	1500.02970326125	0.00838461593802198	0.0888013956127593	0.0944200987281511	0.92477545065122	0.999831983216163
ENSMUSG00000029127	654.938448926149	-0.041089819386444	0.100731150032746	-0.407936428293521	0.683320347541818	0.999831983216163
ENSMUSG00000029176	2901.84227398359	-0.0105457517001735	0.0826014331744654	-0.127669322726564	0.898410668298903	0.999831983216163
ENSMUSG00000037007	446.757067844335	-0.128138959646232	0.111211507250682	-1.15276347572103	0.249007479645542	0.999831983216163
ENSMUSG00000016520	996.089264755588	-0.142736501924278	0.0914597648812111	-1.56066491104708	0.118602834482915	0.999831983216163
ENSMUSG00000032850	2037.3012244495	0.00241663937192124	0.0890709092149767	0.0271316198975344	0.978354755007027	0.999831983216163
ENSMUSG00000018143	188.01010768747	0.121138238119346	0.11776494364258	1.02796118113246	0.30396808824066	0.999831983216163
ENSMUSG00000029206	99.4553287666969	-0.0647677462600704	0.121834363313087	-0.532085500183728	0.594666779465454	0.999831983216163
ENSMUSG00000048373	53.9024487116798	-0.118468473893458	0.116379212852289	-1.02341422594747	0.306112036003203	0.999831983216163
ENSMUSG00000034118	1128.02752405747	-0.0693363925159384	0.0913231234623436	-0.759260214700598	0.447696911993884	0.999831983216163
ENSMUSG00000018076	3564.37255929356	-0.0585913215883731	0.0803801123880999	-0.728957985155218	0.466027363393895	0.999831983216163
ENSMUSG00000033773	517.563148305108	-0.0190297258103826	0.10465196602122	-0.18185093196804	0.8556997129224	0.999831983216163
ENSMUSG00000028954	2054.08747388388	0.0148904085901427	0.0844920817867717	0.176231529174952	0.860112051710678	0.999831983216163
ENSMUSG00000062372	126.010306736885	0.117768163408786	0.116974595822169	1.00094490067776	0.316853447300175	0.999831983216163
ENSMUSG00000029422	5442.8009948766	-0.00328266662660987	0.0851180601438243	-0.0385659515658028	0.969236448800808	0.999831983216163
ENSMUSG00000044134	699.903929058409	-0.0253620229673545	0.101216943061905	-0.250568309814199	0.80214788530623	0.999831983216163
ENSMUSG00000056004	2394.91197413798	-0.00190511033080277	0.0852844717249395	-0.0223381251120728	0.982178237020483	0.999831983216163
ENSMUSG00000029012	987.11910081657	0.11055393957126	0.0945206700266165	1.16954585749926	0.242183776641575	0.999831983216163
ENSMUSG00000034724	3694.23818964536	-0.0679915001628541	0.0924341506879858	-0.735675247579887	0.461928356774123	0.999831983216163
ENSMUSG00000118665	620.894574929163	-0.0137111264283547	0.102036054934594	-0.134388453611606	0.893095411495466	0.999831983216163
ENSMUSG00000043614	355.142898157929	0.133490748711307	0.111551988924318	1.19617581381809	0.231627957111562	0.999831983216163
ENSMUSG00000029291	10540.8507995261	0.0137726298303504	0.0817222961461781	0.168527796188975	0.86616807819114	0.999831983216163
ENSMUSG00000016510	497.475920121931	-0.0114398069480893	0.103585176624248	-0.110433294499875	0.912065749409011	0.999831983216163
ENSMUSG00000045294	2654.32927614328	0.153327307865691	0.0976324601392986	1.56984103589142	0.116452098106136	0.999831983216163
ENSMUSG00000029535	512.233627879982	-0.0665586818170284	0.109467615321197	-0.608094548828937	0.543124767445341	0.999831983216163
ENSMUSG00000029203	4606.0492326587	-0.0383838947154024	0.0874428385196795	-0.438985258304843	0.660672218020188	0.999831983216163
ENSMUSG00000029348	1660.87588108759	-0.0338627030473359	0.0957095128296384	-0.353823981586916	0.723470799902047	0.999831983216163
ENSMUSG00000029156	2896.06544359554	-0.102500427872951	0.0820095755844342	-1.24993826546134	0.211322099717895	0.999831983216163
ENSMUSG00000029217	151.1624732608	0.0866814309697119	0.120671325896588	0.717962847861457	0.472780194704235	0.999831983216163
ENSMUSG00000051034	290.819063717429	0.0147632156590252	0.111879290354443	0.131947333237234	0.895025949384924	0.999831983216163
ENSMUSG00000029167	2304.8701270098	0.0345015174042027	0.0971494643118291	0.355111129143553	0.722506339461751	0.999831983216163
ENSMUSG00000006262	2374.87059612223	-0.075264284297291	0.0944609274300297	-0.796905391108347	0.425505979651478	0.999831983216163
ENSMUSG00000039095	5470.06886071157	-0.0484848049867961	0.084170205927899	-0.576059782622088	0.564574773970402	0.999831983216163
ENSMUSG00000056310	739.388108304439	0.0530182398561913	0.0989747277850366	0.535609273593042	0.59222861821849	0.999831983216163
ENSMUSG00000029276	602.093281932781	0.00452572868403974	0.105031944363681	0.0430917902735843	0.965628363634684	0.999831983216163
ENSMUSG00000029469	1297.1329270723	0.0795270370755383	0.0930219819495779	0.854879284250031	0.392617980039926	0.999831983216163
ENSMUSG00000029153	983.415850739401	-0.0301306302803854	0.0962003446195274	-0.313213782726377	0.754118247783771	0.999831983216163
ENSMUSG00000029135	768.40868192298	-0.167653185159305	0.109887286972014	-1.56652987211044	0.117224620893794	0.999831983216163
ENSMUSG00000038828	1487.1877757915	0.0166491375525359	0.098611044076737	0.168822951932269	0.865935904418029	0.999831983216163
ENSMUSG00000029319	1959.48430070633	0.0450734186555878	0.088895698946859	0.507003560864046	0.612152320080569	0.999831983216163
ENSMUSG00000029385	3530.32939893036	-0.0286159916739857	0.0896532046412619	-0.319203880491162	0.749571914562972	0.999831983216163
ENSMUSG00000014956	13835.0434791886	0.000968793447242579	0.0766697593538227	0.0126365315248585	0.989917774919789	0.999831983216163
ENSMUSG00000013495	682.615594458959	-0.0308291412006962	0.0971699164131656	-0.317267613427711	0.751040549620257	0.999831983216163
ENSMUSG00000028771	1656.1901576984	-0.00402700706983542	0.0898856511691228	-0.0448015092057553	0.96426552213021	0.999831983216163
ENSMUSG00000001687	8436.42210878328	-0.00361226143160502	0.0772953038440578	-0.0467328055401233	0.962726183860321	0.999831983216163
ENSMUSG00000037224	2811.30857964039	0.00155120716989878	0.0920465710947128	0.0168526091662613	0.986554199797937	0.999831983216163
ENSMUSG00000000915	2559.60422779022	0.0153035497369796	0.0857227090970593	0.178519378250756	0.858315103983748	0.999831983216163
ENSMUSG00000025538	220.710203588462	-0.124222579197471	0.118216641811104	-1.05130353797109	0.293119202685004	0.999831983216163
ENSMUSG00000029401	262.408610862937	-0.0345334152349759	0.116062164591164	-0.297561820251116	0.766037618213747	0.999831983216163
ENSMUSG00000048578	4921.11232468654	-0.0701496453962062	0.0968800855684872	-0.724232588104157	0.468922954993275	0.999831983216163
ENSMUSG00000049550	8594.1121986076	-0.0404617262710594	0.0828396734625378	-0.48845876302713	0.62522492774066	0.999831983216163
ENSMUSG00000037979	4909.55218330016	-0.0599964533943207	0.0793639350889393	-0.755994517470163	0.449652482816908	0.999831983216163
ENSMUSG00000029713	4339.38721172768	-0.0540436371851554	0.0883577201950893	-0.611684928248345	0.540746235546297	0.999831983216163
ENSMUSG00000057068	19.5174247837599	-0.0149127691013554	0.0896182431450958	-0.166606683881203	0.867679534234261	0.999831983216163
ENSMUSG00000032898	4342.54298659292	0.0048893429451207	0.0850402062721871	0.0574943854402303	0.954151378481999	0.999831983216163
ENSMUSG00000058291	2539.39900080843	0.0432398224997302	0.095444571892661	0.453007844491244	0.650543092884994	0.999831983216163
ENSMUSG00000029190	6600.94938074695	-0.0308470351184778	0.086008446397176	-0.358670088124089	0.719841907694191	0.999831983216163
ENSMUSG00000029575	598.774985414062	0.10907280438061	0.10309971203997	1.05783595066429	0.290130239617111	0.999831983216163
ENSMUSG00000052783	250.543120212475	-0.122511331388274	0.11586416190215	-1.05759215734023	0.290241419557288	0.999831983216163
ENSMUSG00000039206	1276.46099381683	-0.0122914273935245	0.0905806640540913	-0.135691898809932	0.892064852298265	0.999831983216163
ENSMUSG00000090061	738.24086463908	0.14111859991119	0.106914490360096	1.31943290066308	0.187024428632976	0.999831983216163
ENSMUSG00000029595	525.609596051271	-0.0695359094288788	0.113806645439055	-0.611318019583709	0.540989063835417	0.999831983216163
ENSMUSG00000066278	572.445810824269	-0.169059767893232	0.10175541365778	-1.6614284579185	0.0966274262807464	0.999831983216163
ENSMUSG00000029603	1459.91112606247	0.058998524148276	0.0885410418008401	0.66631892387911	0.50520727232404	0.999831983216163
ENSMUSG00000029388	842.630255337604	0.015951440711589	0.0984846922341463	0.161963462444871	0.871334626662581	0.999831983216163
ENSMUSG00000029610	28.0013719912479	0.00873166542588803	0.10130332252671	0.0859801823722081	0.931482171054485	0.999831983216163
ENSMUSG00000036323	3769.43267361346	0.0533607857133095	0.0806788438758475	0.661377117930347	0.508370496517646	0.999831983216163
ENSMUSG00000029131	3895.54524612959	-0.0215992233003351	0.0822661114945732	-0.262554842611431	0.79289370951666	0.999831983216163
ENSMUSG00000033970	237.998950826885	0.0837941085809813	0.115184175604756	0.72730543649471	0.467038868513136	0.999831983216163
ENSMUSG00000029366	1163.29617146887	-0.031096149836039	0.0942242949972353	-0.330040097736467	0.741369664415226	0.999831983216163
ENSMUSG00000023104	1026.52551944062	-0.0283207862977601	0.0983077403347849	-0.288073020028499	0.773290844507356	0.999831983216163
ENSMUSG00000049327	1520.96977754064	-0.0659573945361239	0.0880600946766436	-0.749037333593342	0.453834703798018	0.999831983216163
ENSMUSG00000063146	2650.20619160441	0.0715747440477633	0.0852580633181691	0.839458364865972	0.401212143716664	0.999831983216163
ENSMUSG00000029148	2530.69631976793	0.0551719809594998	0.0888310467602109	0.62104409273876	0.534570612337463	0.999831983216163
ENSMUSG00000066640	1645.39003771132	-0.123293230782072	0.106505356364517	-1.15826174098028	0.246757239345257	0.999831983216163
ENSMUSG00000029432	2195.83874203176	0.0024008781720154	0.0965889336892567	0.0248571357155308	0.980168917403442	0.999831983216163
ENSMUSG00000029307	602.188598604409	0.0974540999480733	0.109851754624899	0.88676654000335	0.375204605549752	0.999831983216163
ENSMUSG00000033540	691.676189539849	0.109587304201309	0.0990951840953606	1.10570775466464	0.268853032477972	0.999831983216163
ENSMUSG00000029093	551.128940722101	0.173020867385326	0.112105244176078	1.54211911339439	0.123044651105596	0.999831983216163
ENSMUSG00000029171	647.639727634735	0.022160901518323	0.0988621892244262	0.22414800419866	0.822642140672254	0.999831983216163
ENSMUSG00000029145	1334.16526465965	-0.100349061569678	0.0911939820474295	-1.10043186155589	0.271144002624709	0.999831983216163
ENSMUSG00000029430	5740.47073223393	0.135720814727563	0.0834324575626891	1.6264735423403	0.103848957256404	0.999831983216163
ENSMUSG00000029403	796.093713522368	0.121057747805956	0.103654703225136	1.16761777033728	0.242960978927489	0.999831983216163
ENSMUSG00000029394	2059.76048007774	-0.0629409755341244	0.0880729371782127	-0.714666428966027	0.474815186510204	0.999831983216163
ENSMUSG00000029560	531.123290094797	-0.0939987079906265	0.101873998858268	-0.922746888233244	0.356139124758417	0.999831983216163
ENSMUSG00000029716	42.1318392861156	0.167297642702712	0.109208076983456	1.51460113071718	0.129873445687812	0.999831983216163
ENSMUSG00000044968	531.481718760329	0.0793555722150952	0.103161373208145	0.769190291805037	0.441780352802156	0.999831983216163
ENSMUSG00000029330	5011.79914418575	0.108161562439169	0.0846922940125621	1.27695898700141	0.20161672713106	0.999831983216163
ENSMUSG00000066894	149.290269159394	-0.0240393975984176	0.121649332706513	-0.197626630426248	0.84333719765168	0.999831983216163
ENSMUSG00000029617	1639.67163435291	-0.0160291795834957	0.0876140302295688	-0.182955936877323	0.854832592252158	0.999831983216163
ENSMUSG00000029313	1903.70739298351	0.0216818851040918	0.104202018946085	0.208062072593442	0.835180500760654	0.999831983216163
ENSMUSG00000029551	209.37847043985	0.0162700710533524	0.116564662509504	0.139572062225653	0.888998115631975	0.999831983216163
ENSMUSG00000039191	1500.07396334307	0.0896421045734852	0.091489269936392	0.97970889411728	0.327229834541515	0.999831983216163
ENSMUSG00000013622	1655.87773355656	0.0492995976985254	0.0911541451487243	0.540806454550077	0.588640993481482	0.999831983216163
ENSMUSG00000029309	95042.5558844193	0.0185727261762248	0.0814578412481129	0.22799965217331	0.819646510926983	0.999831983216163
ENSMUSG00000040464	445.315144385275	-0.0760928421825328	0.105040991325378	-0.724476517295916	0.468773238737785	0.999831983216163
ENSMUSG00000005907	1068.32738456926	-0.11729818248711	0.0912228226258639	-1.28589208080174	0.19848072786707	0.999831983216163
ENSMUSG00000066621	7227.8120439649	0.0178331222244766	0.0794303919682307	0.224509060309631	0.822361217738304	0.999831983216163
ENSMUSG00000029174	1429.38862513773	0.113097826617799	0.0876421673656653	1.29037591604662	0.196920170003269	0.999831983216163
ENSMUSG00000023353	6812.95632687223	-0.013854770929376	0.0791559498166807	-0.175032114915783	0.861054399038735	0.999831983216163
ENSMUSG00000040118	3764.47160504801	-0.0579805399361491	0.0877582627541522	-0.660742509723702	0.508777457132045	0.999831983216163
ENSMUSG00000029326	1082.93501116218	-0.0528757941475554	0.0919171996466474	-0.575257490991186	0.565117166176742	0.999831983216163
ENSMUSG00000034842	128.37336249331	0.157241173119856	0.121388891190279	1.29330486850744	0.195905637494323	0.999831983216163
ENSMUSG00000029415	998.235869818967	0.0735302378138415	0.0920610749407825	0.798700823224901	0.42446390933211	0.999831983216163
ENSMUSG00000007207	136.933407758253	0.00443167413935271	0.118546360978291	0.0373887804077942	0.970175018354744	0.999831983216163
ENSMUSG00000029397	1306.97156352136	-0.164445679277469	0.0934186383357359	-1.76050124838561	0.0783228560271113	0.999831983216163
ENSMUSG00000018965	29118.7392217766	0.0548743996131912	0.085736469335884	0.639981304060604	0.522184754147219	0.999831983216163
ENSMUSG00000029439	4319.33768200981	0.0676476316795973	0.0850015380337884	0.79577095668317	0.426165175635283	0.999831983216163
ENSMUSG00000035297	2482.94759632786	0.0210526847372443	0.0848846618835915	0.248009171326503	0.804127310758453	0.999831983216163
ENSMUSG00000029208	2078.8275557203	-0.0186080559911696	0.085237030022727	-0.218314444554308	0.827184120757902	0.999831983216163
ENSMUSG00000029017	2128.28486124952	0.00984898941847512	0.083820034612782	0.117501267562549	0.906462839633336	0.999831983216163
ENSMUSG00000043510	188.015609374234	0.195501295504423	0.118509152717201	1.64717046458661	0.0995230128035229	0.999831983216163
ENSMUSG00000029442	88.5214309528401	0.137650853837617	0.120956499593329	1.13480701348004	0.25645618700889	0.999831983216163
ENSMUSG00000029634	3629.86490948937	0.0556713633916871	0.092361972436472	0.602702603763509	0.546706549106252	0.999831983216163
ENSMUSG00000079363	116.213967784615	0.194856223186461	0.121228987448794	1.59920382157088	0.10977532148041	0.999831983216163
ENSMUSG00000046985	4084.54328972446	-0.0142356302301505	0.0822084975478379	-0.173165146037908	0.862521619157513	0.999831983216163
ENSMUSG00000032867	2028.08710769557	-0.116119762850404	0.0908323384849983	-1.27853203105374	0.201061898203486	0.999831983216163
ENSMUSG00000029636	6525.4781104364	-0.172982226627617	0.0960596497073245	-1.8016963132143	0.0715931984638352	0.999831983216163
ENSMUSG00000029651	4041.61674307449	-0.0398691264324393	0.0887685541277557	-0.449169764569735	0.653309196865153	0.999831983216163
ENSMUSG00000033316	2577.6377979289	-0.10787674047993	0.089497733896382	-1.20551300229337	0.228005321631813	0.999831983216163
ENSMUSG00000040302	733.352687835556	0.0384484324933418	0.0989090244410259	0.388683536871806	0.697510262315418	0.999831983216163
ENSMUSG00000058013	4258.29756807073	-0.0900720166043307	0.0808547146224399	-1.11406752426005	0.265250219573469	0.999831983216163
ENSMUSG00000015653	4165.77567802621	0.040711120479802	0.120980238834917	0.335864475640832	0.736973066792727	0.999831983216163
ENSMUSG00000028998	1436.41337857465	0.0692679407776801	0.0964099700632312	0.718394446177008	0.472514110267524	0.999831983216163
ENSMUSG00000046709	9381.76887990664	-0.0103817471612412	0.0805654104102871	-0.128861905511669	0.897466920284128	0.999831983216163
ENSMUSG00000048439	318.43951623066	0.0316780824220486	0.115005773804805	0.275353903922485	0.783044355005617	0.999831983216163
ENSMUSG00000039771	223.134590380973	-0.0465899057182652	0.115488996727255	-0.4034587679372	0.686610761391423	0.999831983216163
ENSMUSG00000054630	16.5401920284926	-0.0150029993706704	0.087978780608954	-0.171179304066586	0.864082780260958	0.999831983216163
ENSMUSG00000029128	2551.14239280437	0.0468858326559012	0.0823244887827337	0.569507516173383	0.569011771445714	0.999831983216163
ENSMUSG00000044576	677.021689855194	-0.157665320455429	0.0988728676776651	-1.59474077855854	0.110770215056342	0.999831983216163
ENSMUSG00000029505	3852.83261748722	-0.0449592651218593	0.0849974501592595	-0.528973437322667	0.596823876612588	0.999831983216163
ENSMUSG00000001844	745.497803708835	-0.0282885940109712	0.0995726705445618	-0.284089807118301	0.776341558045786	0.999831983216163
ENSMUSG00000001847	8101.09125549778	-0.0149359158339684	0.0791926020834741	-0.188603312930143	0.850403736073848	0.999831983216163
ENSMUSG00000029462	194.971750589805	-0.205513684361887	0.119543336077937	-1.72161556911859	0.0851391809590748	0.999831983216163
ENSMUSG00000029146	127.279268102388	-0.0440308789961101	0.121668828019898	-0.361944477683791	0.717393521656655	0.999831983216163
ENSMUSG00000033805	480.732897768909	0.0349224420314181	0.103389754124877	0.337746493504624	0.735554234672981	0.999831983216163
ENSMUSG00000042719	1535.30120694395	-0.00602047630060814	0.0944719225983791	-0.063730397848784	0.94918489995552	0.999831983216163
ENSMUSG00000092060	180.092184029394	0.135915662574404	0.119058089223442	1.14085095336764	0.25393195263967	0.999831983216163
ENSMUSG00000055991	654.97423805991	-0.0436953774139375	0.0983870772067485	-0.444136924669785	0.656943591701193	0.999831983216163
ENSMUSG00000047215	5125.21182973603	0.149904873570098	0.0928365194204738	1.61418672931313	0.10648692960673	0.999831983216163
ENSMUSG00000029722	1290.20004321943	0.078718338049278	0.0954396351640069	0.82474034424593	0.409519021651341	0.999831983216163
ENSMUSG00000035234	128.518893448519	-0.0323999341997661	0.121596442098858	-0.266471500381728	0.789876105560576	0.999831983216163
ENSMUSG00000046607	338.496163424778	-0.151601300516245	0.113159513433154	-1.34033982654863	0.180134889035196	0.999831983216163
ENSMUSG00000029600	604.061507053667	-0.0386168471884616	0.103860612560735	-0.371819521357554	0.710027228147266	0.999831983216163
ENSMUSG00000039244	546.166837524259	-0.129286773469224	0.101529163196557	-1.2733544623855	0.202892288720635	0.999831983216163
ENSMUSG00000037962	25.2556690581905	-0.0772723081993368	0.100004998217491	-0.781166141895418	0.434704784554584	0.999831983216163
ENSMUSG00000039987	1167.58232426545	-0.119481291406625	0.0957423565293055	-1.24818560200643	0.211963095416224	0.999831983216163
ENSMUSG00000028958	454.143980354186	-0.0292313714613435	0.103716632686668	-0.281837222821408	0.778068327699726	0.999831983216163
ENSMUSG00000064037	928.323122620905	0.025606858264048	0.0950274278336156	0.269450940776332	0.787582690058552	0.999831983216163
ENSMUSG00000029211	1766.01890750065	-0.108510802356311	0.0942206150018416	-1.15191423062062	0.249356319894718	0.999831983216163
ENSMUSG00000061898	740.498001507654	-0.0286736191985908	0.098227287582998	-0.291900619880608	0.77036260952428	0.999831983216163
ENSMUSG00000029594	363.41707099529	-0.0445932442870057	0.110547046125975	-0.403418786097358	0.686640168974562	0.999831983216163
ENSMUSG00000023707	763.407827070881	0.0438923763911699	0.10185546656414	0.430875951444082	0.666558570352237	0.999831983216163
ENSMUSG00000054932	16.589985362469	-0.0226964253878458	0.0840870335796251	-0.272237684422039	0.785439267691016	0.999831983216163
ENSMUSG00000001082	606.397752081232	0.130229717428332	0.108198905823822	1.20284838991322	0.229034995176148	0.999831983216163
ENSMUSG00000029521	97.0088827185773	0.0139359039691811	0.121478454905638	0.114651559496194	0.908721310559222	0.999831983216163
ENSMUSG00000029699	30.309730851906	-0.025156567788306	0.102801543521974	-0.245056203055443	0.806412913979553	0.999831983216163
ENSMUSG00000038569	163.712750376519	0.0710224071481283	0.120334151462813	0.589700454992481	0.555391490131563	0.999831983216163
ENSMUSG00000059866	188.850785972359	0.129340413455809	0.119419484585006	1.08232132198788	0.279109774855782	0.999831983216163
ENSMUSG00000037685	7734.55489453971	0.00425595319551127	0.0796052771440258	0.0534638413531273	0.957362339845826	0.999831983216163
ENSMUSG00000029406	3270.5882229366	-0.0798537306977431	0.0906158513715801	-0.881348517717619	0.378129213331364	0.999831983216163
ENSMUSG00000042328	774.012209478125	-0.0954575641447351	0.10692422207515	-0.892938616930105	0.371890045467944	0.999831983216163
ENSMUSG00000050640	924.62963238472	0.121734751638475	0.0943698443306833	1.28980103720136	0.197119747742838	0.999831983216163
ENSMUSG00000032840	1625.95338252487	-0.0444128120875575	0.0884036201700462	-0.502408404519603	0.615380268293863	0.999831983216163
ENSMUSG00000051246	94.0588289505321	-0.12136523247935	0.12176069118968	-0.998843525574169	0.31787049739191	0.999831983216163
ENSMUSG00000029405	9656.35446266935	0.143139329573035	0.0857878799451269	1.66818290946284	0.0952794225119152	0.999831983216163
ENSMUSG00000005672	7726.5589280701	-0.0618646429089501	0.0933472543919881	-0.662842149743105	0.507431655410494	0.999831983216163
ENSMUSG00000029233	342.460464282441	-0.125705956064575	0.114721371166579	-1.09619665398533	0.272992723603448	0.999831983216163
ENSMUSG00000037999	5021.70053786477	-0.0751488887877057	0.100888041826981	-0.745111249646389	0.456204468913614	0.999831983216163
ENSMUSG00000012428	32.1603938691697	0.0207461382401272	0.0934966632587531	0.220512903018055	0.825471724530796	0.999831983216163
ENSMUSG00000059447	3292.84567943899	0.0408649845957799	0.085549637262406	0.477656286282819	0.632894862195259	0.999831983216163
ENSMUSG00000029452	119.096262607272	-0.00414540950579579	0.12188404500067	-0.0339938967254428	0.972882017597484	0.999831983216163
ENSMUSG00000000148	752.625743207561	-0.0708156951736136	0.105215475270272	-0.673112867206578	0.500875488505524	0.999831983216163
ENSMUSG00000029245	760.076894810939	0.106643524300772	0.114109248439992	0.933928863037277	0.350340589111123	0.999831983216163
ENSMUSG00000063409	13.713763196342	0.025029835222545	0.0826013326285528	0.301260928774032	0.763215532028076	0.999831983216163
ENSMUSG00000086753	177.202639752714	-0.0273908048484205	0.120939419439596	-0.226557109500212	0.820768146704723	0.999831983216163
ENSMUSG00000029433	253.893593173104	-0.119047403911001	0.114759085161087	-1.03774699115081	0.299387861464871	0.999831983216163
ENSMUSG00000114278	25.5894402420461	-0.0608913772510842	0.0980055725666931	-0.626787597079196	0.530798474699604	0.999831983216163
ENSMUSG00000071112	129.635231702791	0.0558410612001109	0.121809465993886	0.457779391969274	0.647110942864838	0.999831983216163
ENSMUSG00000105687	14.6160644565055	0.0155469720444971	0.081701940258522	0.189451723893054	0.84973878859288	0.999831983216163
ENSMUSG00000053604	409.067953199518	0.0451652942586674	0.109272507627261	0.413261290917694	0.679415187109215	0.999831983216163
ENSMUSG00000105776	23.8631888718697	0.0254642970667278	0.0979644332278081	0.259400120779108	0.795326536534074	0.999831983216163
ENSMUSG00000068396	375.695304984261	0.0533447167716657	0.117124012197181	0.455210373398752	0.648957898327351	0.999831983216163
ENSMUSG00000071494	15.6308377325625	-0.087080344727777	0.0818327386267258	-1.09995306970548	0.271352570154216	0.999831983216163
ENSMUSG00000107698	21.4848930632061	0.00973969264205601	0.0954417438274369	0.101920955608972	0.918819416407498	0.999831983216163
ENSMUSG00000018656	42.0981839573131	0.106495477618119	0.110351184329742	0.959569830430411	0.337271759112064	0.999831983216163
ENSMUSG00000107709	14.9031091215603	-0.0142818794281454	0.0825445582598298	-0.173468054133949	0.862283536296685	0.999831983216163
ENSMUSG00000085828	67.5926088279793	-0.137603847216121	0.118320750347421	-1.16909492373303	0.242365388911843	0.999831983216163
ENSMUSG00000108802	43.9676559771489	0.0985732616386332	0.112256550989825	0.872635897974696	0.382861567413944	0.999831983216163
ENSMUSG00000108594	14.2229599567817	-0.0428374168223122	0.0826270332561631	-0.525551535433685	0.599199837487846	0.999831983216163
ENSMUSG00000108681	23.9275188258259	0.00800130375431465	0.095745395900817	0.0832812258996251	0.933627927991757	0.999831983216163
ENSMUSG00000101823	13.7546784520725	-0.0345012535253029	0.0738002749198779	-0.476042664547299	0.634043982882602	0.999831983216163
ENSMUSG00000108181	141.511998002384	-0.145393391399955	0.120815228032257	-1.20481430098799	0.228274997911837	0.999831983216163
ENSMUSG00000107951	42.3245071794827	-0.174788064133139	0.107020917726386	-1.6692214404607	0.0950735025117293	0.999831983216163
ENSMUSG00000080824	51.4893310507224	0.169867858841466	0.115755430293465	1.45720384616489	0.145060119237119	0.999831983216163
ENSMUSG00000107770	16.2246995192131	-0.0647172637263436	0.0861834322522707	-0.763062216091385	0.445426292257249	0.999831983216163
ENSMUSG00000107962	939.137475540152	-0.0840074528685	0.105931544859757	-0.793332665493968	0.427584029952979	0.999831983216163
ENSMUSG00000107512	12.0851224289091	0.0384152170243865	0.0777104686484431	0.489017978305785	0.624828968787261	0.999831983216163
ENSMUSG00000108071	12.9837238607561	-0.0141831261291224	0.0785607732130301	-0.181587110259835	0.85590676519179	0.999831983216163
ENSMUSG00000107655	80.1570889288254	0.153663226271384	0.120607806427593	1.26907449227177	0.204414496885387	0.999831983216163
ENSMUSG00000040121	18.3039306167779	-0.0861967241486972	0.0891303390206219	-0.985925520828797	0.324169662334638	0.999831983216163
ENSMUSG00000107747	79.9318081146316	0.0394722766342116	0.120817435504597	0.326211278089583	0.744264509036743	0.999831983216163
ENSMUSG00000106755	98.5626526899601	-0.0952616189674421	0.121559085021831	-0.785630656225093	0.432083899058219	0.999831983216163
ENSMUSG00000081113	256.429839257262	0.154613702666295	0.113997898763592	1.35578128692034	0.175168767013722	0.999831983216163
ENSMUSG00000106905	292.379013417974	-0.0604091833699214	0.116254833072516	-0.519779725098818	0.603217112193441	0.999831983216163
ENSMUSG00000107879	127.484002168354	-0.0140306780627916	0.121287609902927	-0.115700919863808	0.907889577204104	0.999831983216163
ENSMUSG00000107810	227.768142525933	-0.0896725560428512	0.118485939907746	-0.757559192161507	0.44871491769745	0.999831983216163
ENSMUSG00000043496	2463.25432189262	-0.0239863146702596	0.0872246442043852	-0.274996777642697	0.783318713973986	0.999831983216163
ENSMUSG00000106858	54.1756390867292	0.130569891566882	0.11497901588444	1.12677876819314	0.259836029469745	0.999831983216163
ENSMUSG00000107976	26.2135237860904	-0.128515406185366	0.0981995308023407	-1.33877027256738	0.180645471230015	0.999831983216163
ENSMUSG00000108283	11.9972937506915	-0.0237883729199828	0.0744870092954884	-0.323519948631905	0.74630150231567	0.999831983216163
ENSMUSG00000106944	155.183098907424	-0.120307727950214	0.121516112569643	-0.992258543054641	0.32107142095283	0.999831983216163
ENSMUSG00000106826	83.3765913727021	-0.117577324842514	0.12098697221827	-0.97498366561329	0.329568362492659	0.999831983216163
ENSMUSG00000106855	129.279994951621	0.193183166782132	0.119864202806316	1.60072989134159	0.109436757610406	0.999831983216163
ENSMUSG00000107997	44.7446565795426	0.023357278467065	0.110351197445246	0.211622623293281	0.832401458213849	0.999831983216163
ENSMUSG00000107583	13.3551164586382	-0.0165472189761073	0.071471656532539	-0.234218833471011	0.814815094625959	0.999831983216163
ENSMUSG00000071893	12.8922278442432	0.0311355793686985	0.0801687987576206	0.385162937279462	0.700116700805733	0.999831983216163
ENSMUSG00000107728	96.442139264033	0.014499483978411	0.121339742280671	0.119434647787049	0.904931012775372	0.999831983216163
ENSMUSG00000104204	92.4851518215306	-0.000364112441204589	0.121491635675035	-0.00299698938777627	0.99760875201828	0.999831983216163
ENSMUSG00000043162	784.394023294245	-0.00418633969549218	0.098362219020387	-0.0425618145280767	0.966050835481777	0.999831983216163
ENSMUSG00000100876	17.1811130707163	0.0463195445129679	0.0884244929267158	0.518949982822011	0.603795621042655	0.999831983216163
ENSMUSG00000078179	12.647923790052	-0.00848146977934212	0.0777245086588998	-0.109543831850322	0.912771158135436	0.999831983216163
ENSMUSG00000048022	3298.7632535316	-0.0240154840019327	0.0890175055386974	-0.269794623854509	0.787318259052978	0.999831983216163
ENSMUSG00000055430	18833.2699828345	0.137706959564278	0.0911992543243486	1.50950196127045	0.131170554471252	0.999831983216163
ENSMUSG00000043024	31.6521663417564	-0.0686421933788374	0.105857313674696	-0.652762103770218	0.5139096581917	0.999831983216163
ENSMUSG00000108242	283.867805343825	-0.00358963342524052	0.112684342492067	-0.0318553314709496	0.97458742086662	0.999831983216163
ENSMUSG00000071424	9113.09483833124	-0.031838455510193	0.101685993828645	-0.3131516490054	0.754165450705557	0.999831983216163
ENSMUSG00000083443	135.671571537675	0.00197082385267985	0.120844329050904	0.0163092953315448	0.986987641926218	0.999831983216163
ENSMUSG00000029633	10.5861596042913	0.00538324272285311	0.0714326168793074	0.0753164058595736	0.939962968568239	0.999831983216163
ENSMUSG00000107370	37.3771524891406	-0.0361384634505579	0.105752898619879	-0.343152613983735	0.731483651173222	0.999831983216163
ENSMUSG00000107278	73.7028872723198	-0.0388471215763704	0.120564925751	-0.322502129224148	0.747072324968916	0.999831983216163
ENSMUSG00000103899	43.1562008935452	-0.0985507671372193	0.108878889701314	-0.914448760106757	0.360481090495635	0.999831983216163
ENSMUSG00000108231	27.6394321608153	0.0306244214176238	0.101913447189739	0.299625870266251	0.764462548674948	0.999831983216163
ENSMUSG00000106904	62.119251854082	-0.0417632355568597	0.118834444885276	-0.352079418311584	0.724778703223978	0.999831983216163
ENSMUSG00000100707	137.503905287702	-0.0144466528366264	0.121884286855066	-0.118471069701534	0.905694416673135	0.999831983216163
ENSMUSG00000071553	72.1682749806668	0.0142983969119588	0.119597918233421	0.119511869705791	0.904869836769264	0.999831983216163
ENSMUSG00000107577	278.79623231861	-0.0121109450220995	0.121144841872127	-0.0999491664831421	0.920384682536527	0.999831983216163
ENSMUSG00000107608	15.5634955739815	0.0716697042973766	0.0851601866139422	0.830528559670067	0.406240007407759	0.999831983216163
ENSMUSG00000082791	14.3621433748152	0.0576417232338681	0.0835156865764797	0.68247223097446	0.49494039597206	0.999831983216163
ENSMUSG00000107145	29.1637910425856	-0.0110457216566789	0.0999940622613861	-0.110557808447385	0.911967006286975	0.999831983216163
ENSMUSG00000107035	12.2259982738355	-0.0898950193735497	0.0771832724386225	-1.21181375252783	0.225583682735367	0.999831983216163
ENSMUSG00000038600	10.4370181540608	-0.00529338889543596	0.0739959764275534	-0.0716274332796707	0.942898407542887	0.999831983216163
ENSMUSG00000081670	10.3234049980688	-0.0914299556175501	0.0699879571591225	-1.38180892065745	0.167030379256044	0.999831983216163
ENSMUSG00000030019	702.137161925776	0.0683027858076753	0.101143288740015	0.675238165485341	0.49952446238869	0.999831983216163
ENSMUSG00000089936	12.8080941271488	0.0241446900869695	0.0793563579820025	0.30276889759088	0.762065987676034	0.999831983216163
ENSMUSG00000107915	11.8469423826808	-0.0999727163628214	0.0780684492015507	-1.33250590233348	0.182694003233559	0.999831983216163
ENSMUSG00000085782	34.0404584992594	0.178145689181035	0.106289574723345	1.65450536558727	0.0980248740321305	0.999831983216163
ENSMUSG00000108053	32.999779444559	-0.121770339311108	0.105917586963795	-1.16411859107691	0.244375955489778	0.999831983216163
ENSMUSG00000058706	1430.07575272511	-0.137649576445384	0.111723104326755	-1.23328233813747	0.217470444997044	0.999831983216163
ENSMUSG00000059159	42.5739762444116	0.145777919514978	0.111905531277335	1.29340090359948	0.195872437773385	0.999831983216163
ENSMUSG00000107215	17.9693161278881	0.0294246934428599	0.0888377526607436	0.3291595555513	0.742035091077918	0.999831983216163
ENSMUSG00000044156	21.197961222514	0.0682126296904744	0.0918183334458514	0.736623654483102	0.461351245985536	0.999831983216163
ENSMUSG00000107094	23.3753548545186	-0.0403811074636475	0.0981972710098561	-0.413541144013797	0.679210184405058	0.999831983216163
ENSMUSG00000107881	323.481202267981	0.115078987751683	0.117716240698118	0.976290669071019	0.328920442602802	0.999831983216163
ENSMUSG00000093651	10.9350469645233	-0.038180701967936	0.0721333873790713	-0.537602452719823	0.590851536561746	0.999831983216163
ENSMUSG00000097994	203.858491519005	-0.0773990076547651	0.116830347653492	-0.662699037787147	0.507523326169311	0.999831983216163
ENSMUSG00000108154	36.8237946995828	-0.125739195795028	0.109613160941103	-1.1583386579463	0.246725861394285	0.999831983216163
ENSMUSG00000108137	181.314061579362	-0.0226500268495047	0.120945954712412	-0.187304851448358	0.851421619398403	0.999831983216163
ENSMUSG00000108297	79.4809026960989	-0.11089149569414	0.118891516339696	-0.937085221256809	0.348714722807883	0.999831983216163
ENSMUSG00000087083	169.360163325645	0.0749232495782256	0.121753239785447	0.614220571843135	0.539069581058658	0.999831983216163
ENSMUSG00000108037	56.9998381637425	0.101582365386378	0.115678001740426	0.874209565880163	0.382004137530047	0.999831983216163
ENSMUSG00000037827	210.65819739785	-0.0127139869180818	0.1174757997807	-0.108219290678945	0.913821743072153	0.999831983216163
ENSMUSG00000082691	117.314857931223	-0.0904893588247155	0.121733172736796	-0.744262404862112	0.456717740824991	0.999831983216163
ENSMUSG00000030208	127.876187050337	-0.0763601935327985	0.121848603731722	-0.627129230983665	0.530574527585352	0.999831983216163
ENSMUSG00000079293	16.1681794387182	0.0827948972170105	0.0836297736329422	0.970802684278257	0.331646545653422	0.999831983216163
ENSMUSG00000089997	23.3210927908386	0.0985082942794636	0.0972530425708975	1.00288796198789	0.315914921465272	0.999831983216163
ENSMUSG00000068262	13.3653762336642	-0.0262669920251914	0.0815929365758028	-0.324050441846885	0.745899845762286	0.999831983216163
ENSMUSG00000108064	54.5481536543891	-0.172272302653164	0.116820452330697	-1.48608463912784	0.137256734804623	0.999831983216163
ENSMUSG00000108120	13.0444563273972	-0.0397705848790252	0.0801175103362729	-0.503481321161999	0.614625909659651	0.999831983216163
ENSMUSG00000108042	42.0949721404074	0.0271534190099349	0.109096296019869	0.248416097913498	0.803812479540839	0.999831983216163
ENSMUSG00000108049	193.516465453837	0.0231651333744998	0.119145159272406	0.194350572758433	0.845901389141584	0.999831983216163
ENSMUSG00000044927	218.765956005511	-0.00806412616697912	0.117008559528839	-0.0689077457486861	0.945063052961279	0.999831983216163
ENSMUSG00000090098	10.6128748021984	-0.0292957877924681	0.0722746812767644	-0.411473313081961	0.680725505850371	0.999831983216163
ENSMUSG00000107937	69.1848444444894	-0.13203230465621	0.117630213951538	-1.13069836220771	0.258182070930663	0.999831983216163
ENSMUSG00000107560	70.8652010603138	-0.0166574649738419	0.119931833457143	-0.139039378192895	0.889419031945299	0.999831983216163
ENSMUSG00000090194	25.8255234551001	-0.0360359175838834	0.0984344969806602	-0.367987414508016	0.712882618542414	0.999831983216163
ENSMUSG00000107944	54.8545229742017	0.0365914299983187	0.117347132307481	0.31130854576686	0.755566071266802	0.999831983216163
ENSMUSG00000107509	24.2480441567808	0.0685876004356078	0.0909153650244589	0.745963457509096	0.455689489910844	0.999831983216163
ENSMUSG00000080921	1004.78890435899	0.166197728853635	0.0952315376770927	1.74487835928063	0.081006045081895	0.999831983216163
ENSMUSG00000079343	10.6970810201577	0.0604140681420774	0.074654550743118	0.795581151250771	0.426275525726889	0.999831983216163
ENSMUSG00000004264	1391.15353100234	-0.0142822016820817	0.0885575128187509	-0.161273193999793	0.871878234966952	0.999831983216163
ENSMUSG00000047905	116.948077582898	0.130886878295252	0.121836065443352	1.07166901480677	0.283868722746599	0.999831983216163
ENSMUSG00000107402	19.1956934273748	0.0211155283141606	0.0875042498766815	0.240059834049885	0.810283871593714	0.999831983216163
ENSMUSG00000063171	421.064943162741	-0.0775310134191635	0.119155182099029	-0.651216496189342	0.514906743104603	0.999831983216163
ENSMUSG00000106990	573.281593306631	-0.0347879470537218	0.102357061746142	-0.339899964579412	0.733931863315668	0.999831983216163
ENSMUSG00000107320	122.696665408298	-0.0607678967834435	0.121768079103525	-0.499810324867612	0.617208639859366	0.999831983216163
ENSMUSG00000107749	24.5909818278092	0.0156619135464128	0.0946943315446401	0.165040063242223	0.868912448504723	0.999831983216163
ENSMUSG00000034063	103.454248853058	-0.186973986410397	0.121619800915611	-1.54384710638871	0.122625376421576	0.999831983216163
ENSMUSG00000108199	77.6810342505187	-0.0874592855450791	0.119711665548514	-0.732716932436304	0.463731094427468	0.999831983216163
ENSMUSG00000107066	73.1553299498169	-0.044953839910971	0.118857545453709	-0.378902102629341	0.704760562752823	0.999831983216163
ENSMUSG00000097635	17.3642239472327	0.121762531191199	0.0867832009989864	1.37443583117846	0.169306418725358	0.999831983216163
ENSMUSG00000092035	1198.59046809994	0.145117301257722	0.102619585145531	1.41358258204581	0.157484498403713	0.999831983216163
ENSMUSG00000091408	10.4022066885455	-0.00515948782650875	0.0742126352265494	-0.0695650906325071	0.944539823239238	0.999831983216163
ENSMUSG00000094626	173.885123150988	-0.00384253799484596	0.11925372684035	-0.0322137129599131	0.974301620494543	0.999831983216163
ENSMUSG00000079575	17.5399934929258	0.062504368640697	0.089447501998768	0.691753954636535	0.489091857358789	0.999831983216163
ENSMUSG00000086922	451.961507019358	0.00378069756859035	0.107082750851852	0.0353094543485438	0.971832984553108	0.999831983216163
ENSMUSG00000122094	13.456306756838	0.124410753439809	0.0780773849851339	1.56389781579351	0.117841567551851	0.999831983216163
ENSMUSG00000122200	12.4439060142877	0.0322534873969604	0.0776905694856633	0.41214325410077	0.680234426719494	0.999831983216163
ENSMUSG00000043340	67.3050558198956	0.0688600024773078	0.119959606251845	0.572924232409742	0.56669599632434	0.999831983216163
ENSMUSG00000108084	12.6795978423086	-0.0621298260883157	0.0759065784370723	-0.841553879671898	0.400037714123853	0.999831983216163
ENSMUSG00000087305	150.007078871553	0.142633803871601	0.120142775326254	1.18589480356533	0.235663845573384	0.999831983216163
ENSMUSG00000068601	14.1463691896468	-0.0561540822488304	0.0833374825919814	-0.684047770258795	0.493945001240727	0.999831983216163
ENSMUSG00000123300	14.2339985780344	-0.0452716881196146	0.0832406315997819	-0.550663527130738	0.581864351538738	0.999831983216163
ENSMUSG00000108196	65.9085868732245	0.0495609431018548	0.119490996028514	0.414001973618453	0.678872661443545	0.999831983216163
ENSMUSG00000104222	26.4209981817323	0.106072063036671	0.101363708716691	1.0366739045997	0.299887857563927	0.999831983216163
ENSMUSG00000108079	54.5304950997775	0.108180511334842	0.110537514818073	0.970488041475087	0.331803282846621	0.999831983216163
ENSMUSG00000124159	14.7931707089437	-0.0223500149516446	0.0820863277500648	-0.273832136267922	0.784213626013703	0.999831983216163
ENSMUSG00000124710	208.605631528967	0.018381826459738	0.118954309588363	0.154533633664589	0.877188993890817	0.999831983216163
ENSMUSG00000121202	38.8197182283338	0.116100812663515	0.109871440432143	1.04939556051917	0.293996100623162	0.999831983216163
ENSMUSG00000124915	11.9505471261408	-0.0505123599127145	0.0760971709131787	-0.676689677640878	0.498602867129381	0.999831983216163
ENSMUSG00000125699	15.9440999617252	-0.0822861831646667	0.0860130863213722	-0.977726369900388	0.32820967592759	0.999831983216163
ENSMUSG00000097924	157.285285999471	0.19919826668048	0.119912987594862	1.65871526533089	0.0971731818445327	0.999831983216163
ENSMUSG00000056771	89.6774911534973	-0.0603052681947681	0.120775579476451	-0.50058220970421	0.616665185439287	0.999831983216163
ENSMUSG00000085658	18.2813156176315	0.0681771417021266	0.0907831479072022	0.742953455160451	0.457509860574147	0.999831983216163
ENSMUSG00000127364	92.586803870701	0.143751606199564	0.120807971061591	1.18558677890848	0.235785525965619	0.999831983216163
ENSMUSG00000127396	21.689583862955	-0.00343566985797121	0.0949869448067907	-0.0362085957633617	0.971116032057349	0.999831983216163
ENSMUSG00000127620	16.4008418106501	-0.0141394540238169	0.085909698168913	-0.164991969128412	0.868950303134826	0.999831983216163
ENSMUSG00000127782	53.2041404647907	0.0299917379793426	0.116732843473539	0.256513591648546	0.797554286831284	0.999831983216163
ENSMUSG00000085382	16.7262784995221	0.00494980394094374	0.0859782542143135	0.0575581350434558	0.954100597750979	0.999831983216163
ENSMUSG00000084950	160.23643603894	0.00567966429260388	0.119521685868965	0.047520808697703	0.962098146126418	0.999831983216163
ENSMUSG00000128068	87.0501773295704	0.0720724290901932	0.118661101206788	0.605861479157123	0.544606740781263	0.999831983216163
ENSMUSG00000128181	32.0720926106045	-0.0480338954100269	0.104982115707093	-0.459415961099634	0.645935488576033	0.999831983216163
ENSMUSG00000099354	109.552226392868	-0.0456286155630069	0.12186877050594	-0.374505152539885	0.708028523885725	0.999831983216163
ENSMUSG00000107638	38.383836822161	0.0556703426274966	0.109941778438237	0.50483787182571	0.613672713590807	0.999831983216163
ENSMUSG00000128563	17.245547268456	0.0350839726905566	0.0874394548917231	0.398911509580889	0.689958408217312	0.999831983216163
ENSMUSG00000108709	21.4595195531077	-0.140378913147118	0.094695049184846	-1.52418523839986	0.127462444461359	0.999831983216163
ENSMUSG00000128889	62.7606436562522	-0.136651001588552	0.116488428338743	-1.18295057182847	0.236828737311486	0.999831983216163
ENSMUSG00000128970	17.5460034107211	-0.00490655326450015	0.089677301614358	-0.054723235205203	0.956358958079061	0.999831983216163
ENSMUSG00000097816	29.1942999412289	-0.00195218699404947	0.104033715159441	-0.018768551714567	0.985025741498534	0.999831983216163
ENSMUSG00000129230	20.2020372725271	0.0626472595343055	0.0907267534988574	0.682910419408427	0.494663449581178	0.999831983216163
ENSMUSG00000092090	787.765834171819	-0.15740652546963	0.11178249616892	-1.40941186012902	0.158713419106011	0.999831983216163
ENSMUSG00000129860	24.1645955254912	0.0590215521732935	0.0906977043455486	0.641691587801689	0.52107345227322	0.999831983216163
ENSMUSG00000073154	14.7365759121478	0.056777335006193	0.0838134885171465	0.668382428433123	0.503889508979304	0.999831983216163
ENSMUSG00000130820	10.4923756188293	0.11029145144051	0.0734430659875946	1.46419145538641	0.143141644218089	0.999831983216163
ENSMUSG00000108081	17.3541242020403	0.0765454521287704	0.0875900288862129	0.864166653340395	0.387496347947614	0.999831983216163
ENSMUSG00000130921	37.1071544603518	-0.0451409381239683	0.108281730704318	-0.418067997015764	0.675897402744747	0.999831983216163
ENSMUSG00000130996	15.0324314580981	-0.0144147674794845	0.081401241138246	-0.177654017509324	0.858994699398825	0.999831983216163
ENSMUSG00000073144	15.2370612802802	0.043231795950484	0.0836994009918759	0.511175106689529	0.609228447967386	0.999831983216163
ENSMUSG00000131564	14.7057230443955	0.0350445950907104	0.0832995425598183	0.41669617063795	0.676900655679259	0.999831983216163
ENSMUSG00000086582	40.1412865054567	0.12129156681622	0.111308353681411	1.0824415137472	0.279056390254319	0.999831983216163
ENSMUSG00000132047	19.598225399154	-0.0682537254959804	0.0915304609946716	-0.756734226006937	0.449209105408278	0.999831983216163
ENSMUSG00000107704	15.47628455835	0.120694046946527	0.0851322940872449	1.39277168813326	0.163688842394215	0.999831983216163
ENSMUSG00000085739	11.1144108072524	0.094674835511089	0.0742731747217355	1.2501474438298	0.211245691335698	0.999831983216163
ENSMUSG00000132896	25.7219606233936	0.0146904264239997	0.0996569182372547	0.147064972736931	0.883080736920023	0.999831983216163
ENSMUSG00000132986	42.8211953420733	0.0432032904080138	0.110922371060347	0.388593858022508	0.69757661097617	0.999831983216163
ENSMUSG00000120675	27.2368449415079	0.00621981099950745	0.102129189687981	0.0608298838554843	0.951494690508133	0.999831983216163
ENSMUSG00000133486	60.4991590483905	-0.0371034551212535	0.116016561802925	-0.320744394008838	0.748404101703842	0.999831983216163
ENSMUSG00000097486	19.6396741794371	-0.0499948844768501	0.0920855343157084	-0.547589254708351	0.583973969222112	0.999831983216163
ENSMUSG00000108010	18.0710565688725	-0.00419579048815876	0.0891829452119145	-0.0470468705540226	0.962475871562411	0.999831983216163
ENSMUSG00000108228	19.6258072947074	-0.0356057425028529	0.0920432898078584	-0.389879028825217	0.696626001822579	0.999831983216163
ENSMUSG00000108435	20.1024928308541	0.0154537691526413	0.0917064725813217	0.168053373467687	0.866541290152438	0.999831983216163
ENSMUSG00000134299	14.0590777276758	0.109899828338448	0.0799520401753847	1.34767710871116	0.177762257783503	0.999831983216163
ENSMUSG00000134364	33.9587086285167	-0.0420362015922194	0.10591174542601	-0.398415189652518	0.690324163009153	0.999831983216163
ENSMUSG00000134570	11.310761171526	0.0775711224216906	0.0755062199274007	1.00723196948953	0.313823313362061	0.999831983216163
ENSMUSG00000051844	31.0585038449358	-0.0469813572747856	0.104301982390556	-0.452781704665154	0.650705938941301	0.999831983216163
ENSMUSG00000107412	27.555727380347	0.00786505284090579	0.0988006424183422	0.0795414956810259	0.936601927368331	0.999831983216163
ENSMUSG00000072683	25.2802604352003	-0.132240971136583	0.0972330215444224	-1.39373313719896	0.163398205665982	0.999831983216163
ENSMUSG00000135335	155.136998317263	-0.0168748134897604	0.120106224983041	-0.140512045312602	0.888255436122288	0.999831983216163
ENSMUSG00000096299	62.9607211590163	-0.0386572539378316	0.118972902700148	-0.325428428241546	0.744856842790235	0.999831983216163
ENSMUSG00000086429	1044.7236566578	0.0880927997863141	0.0990598703516075	0.889162254011723	0.373915885491886	0.999831983216163
ENSMUSG00000108034	76.1698277540612	-0.155039304089643	0.12047088830692	-1.29255549493744	0.196164840627735	0.999831983216163
ENSMUSG00000086013	79.168837603538	0.0734376587307792	0.121088989196383	0.605295416518089	0.544982726346531	0.999831983216163
ENSMUSG00000097675	23.9110951458633	-0.0308412531857171	0.0987015201930638	-0.313641051918373	0.753793676719512	0.999831983216163
ENSMUSG00000086804	30.4893736818295	0.0103113497133956	0.103696876467539	0.0992860519541129	0.920911152622968	0.999831983216163
ENSMUSG00000106874	442.009049510674	0.166676889230282	0.111312238794491	1.49660522997682	0.134496008481081	0.999831983216163
ENSMUSG00000137175	11.0726787111037	-0.00995786964731929	0.0711853152516824	-0.139899356510064	0.888739509720075	0.999831983216163
ENSMUSG00000085058	108.179398095779	0.0527060474821569	0.121885783103493	0.432198275804317	0.665597312399738	0.999831983216163
ENSMUSG00000137881	85.7806801195719	-0.141227915883366	0.121475511346371	-1.16558408394895	0.243782645947615	0.999831983216163
ENSMUSG00000108584	23.4340857444851	0.0716080026207072	0.09358735880189	0.755183945433891	0.450138620220945	0.999831983216163
ENSMUSG00000044471	28.5980635097089	-0.161027401504978	0.0982862503615076	-1.69008132116992	0.0910123978669971	0.999831983216163
ENSMUSG00000106734	106.639423813705	0.172663933285471	0.121873505567229	1.41221809925157	0.157885752855363	0.999831983216163
ENSMUSG00000086212	202.139531299973	-0.025126245000192	0.118385249757717	-0.212313351198708	0.831862580110765	0.999831983216163
ENSMUSG00000138982	14.1120729337184	0.025746863267348	0.0810257039163362	0.315669708857927	0.752253220750128	0.999831983216163
ENSMUSG00000139034	40.9993657589352	0.0417056910590672	0.111448314720396	0.373141558530951	0.709043089442356	0.999831983216163
ENSMUSG00000139101	20.6379328773198	-0.0120632586897042	0.0918441325906475	-0.131718900265175	0.89520663552408	0.999831983216163
ENSMUSG00000055818	203.153282110255	-0.0585585932004774	0.116886084951448	-0.50106837461512	0.616323003171259	0.999831983216163
ENSMUSG00000139135	27.2001635573486	-0.0717822463968339	0.101255471503929	-0.716124582526759	0.473914425953768	0.999831983216163
ENSMUSG00000139156	17.8022995638049	-0.0555381411817348	0.0892796318417029	-0.628877838747185	0.529429035563743	0.999831983216163
ENSMUSG00000139182	16.1493033193038	-0.006917748174846	0.0871889596915867	-0.0794980487881376	0.936636483544318	0.999831983216163
ENSMUSG00000139259	29.6323608423514	0.0388870109621156	0.0979660986110676	0.394263070805028	0.693386824966155	0.999831983216163
ENSMUSG00000139855	16.6339379058928	-0.0733590001473689	0.0864085753219711	-0.865203796283321	0.386926942120531	0.999831983216163
ENSMUSG00000140041	16.4731232409377	0.0487272805306272	0.0857863978831601	0.562180161305541	0.573993276616597	0.999831983216163
ENSMUSG00000140106	113.180943388873	-0.0845441985238603	0.12188156242863	-0.694834127513791	0.487159258119915	0.999831983216163
ENSMUSG00000121841	14.1355568459471	-0.0646231652353663	0.0804932913170327	-0.818973609557536	0.412801470555199	0.999831983216163
ENSMUSG00000107219	20.6370931673966	-0.145336475233041	0.0934452231638872	-1.60419205341246	0.108671725815222	0.999831983216163
ENSMUSG00000140379	20.8358831584543	0.0921512765370446	0.0928459496349195	0.979241703530964	0.327460567264815	0.999831983216163
ENSMUSG00000073067	113.004044886696	-0.0733996707633714	0.121671682502391	-0.60398415281378	0.545854178165532	0.999831983216163
ENSMUSG00000140848	16.0297576135746	0.037936928523527	0.08473500954213	0.444420255213959	0.656738771786406	0.999831983216163
ENSMUSG00000087578	83.8694407558633	0.0590231386635787	0.119938973199328	0.490617720566017	0.623696850653923	0.999831983216163
ENSMUSG00000097166	20.5278351838447	0.0463673644372902	0.0885387662537913	0.518737576904994	0.603943753722693	0.999831983216163
ENSMUSG00000141418	40.3519506952703	-0.0854082975705932	0.106171880703887	-0.812972435659258	0.416233862090628	0.999831983216163
ENSMUSG00000107458	12.1938453075772	-0.0212335477512375	0.0769078494471204	-0.278331285996518	0.78075806181761	0.999831983216163
ENSMUSG00000092448	106.715427813741	-0.0305598019925627	0.121829933595348	-0.250956219905454	0.801847957627725	0.999831983216163
ENSMUSG00000097730	34.9773634567296	-0.0419607216365366	0.108243554465345	-0.389114924409966	0.697191133707376	0.999831983216163
ENSMUSG00000107667	72.5429688253329	0.0964103307466121	0.119984966103649	0.800950939162891	0.423160048682338	0.999831983216163
ENSMUSG00000107978	18.8165253488346	0.011712851701747	0.089874009160782	0.130127238121422	0.896465760432091	0.999831983216163
ENSMUSG00000121482	21.8482480417406	0.0918459495422691	0.0925888608351909	0.978773852485989	0.327691731977317	0.999831983216163
ENSMUSG00000085067	207.23458151875	0.0298592809114437	0.117840241495385	0.25336585580949	0.799985510123495	0.999831983216163
ENSMUSG00000086946	22.2507250786454	-0.0802646798155748	0.0953610620513756	-0.85319151708003	0.393553106821739	0.999831983216163
ENSMUSG00000085238	46.8394772633151	-0.0584364427198365	0.114574084798154	-0.511540809469165	0.608972420152984	0.999831983216163
ENSMUSG00000142392	116.208446536483	-0.00971280444426677	0.0690727474377898	-0.141532748349862	0.887449090979527	0.999831983216163
ENSMUSG00000107802	97.3691927938852	-0.161671213412037	0.121866479994423	-1.32974060751443	0.183603750532065	0.999831983216163
ENSMUSG00000107994	28.7516040491159	-0.00584121350896376	0.101705955654372	-0.0573824842856144	0.954240515524914	0.999831983216163
ENSMUSG00000120052	24.5352736239564	-0.052799480358003	0.0975582459390167	-0.545303895638445	0.585544525257222	0.999831983216163
ENSMUSG00000108175	59.0809675375524	-0.208592422509397	0.118213041315888	-1.7781363939925	0.0753814564080904	0.999831983216163
ENSMUSG00000142977	14.5072537264177	0.00847840268235202	0.0829982164469941	0.102137739949251	0.918647345492682	0.999831983216163
ENSMUSG00000142991	11.1629198198016	-0.021300785668936	0.072050757553791	-0.297994696102006	0.765707211730752	0.999831983216163
ENSMUSG00000097133	29.543234717385	0.0597496522040485	0.103517744942579	0.573765422238247	0.566126550395072	0.999831983216163
ENSMUSG00000108255	24.449812820633	0.0808855550572765	0.098247838586958	0.81543392290864	0.41482397320909	0.999831983216163
ENSMUSG00000143482	33.0842530125443	-0.0698698527538093	0.102005849419203	-0.690108869476065	0.490125725900679	0.999831983216163
ENSMUSG00000087356	10.4285411952342	0.0433773909672309	0.0728398234537498	0.588338007612437	0.55630543904369	0.999831983216163
ENSMUSG00000085776	62.3926603526292	0.0496779108711097	0.118007089823455	0.420266170022124	0.674291020619665	0.999831983216163
ENSMUSG00000090256	36.3870633087061	0.0381774668096107	0.107460987626111	0.353719371994498	0.723549203255529	0.999831983216163
ENSMUSG00000108030	42.4453315885984	-0.00206729616069713	0.112560630059417	-0.0183591948601438	0.985352304735724	0.999831983216163
ENSMUSG00000095526	12.4752390618464	-0.016081106376027	0.0786705763348659	-0.205470772389448	0.837204331177574	0.999831983216163
ENSMUSG00000132897	70.8318535268299	-0.0192209623902724	0.120130004887588	-0.160068182670248	0.872827364516907	0.999831983216163
ENSMUSG00000097462	110.395206298655	-0.09853487353039	0.121877522442201	-0.810068826671492	0.417900619556525	0.999831983216163
ENSMUSG00000097616	144.904224621351	-0.0685052654505104	0.121527315608203	-0.564313010200565	0.572541128739111	0.999831983216163
ENSMUSG00000120732	809.86376957117	-0.073175560653295	0.0993655276462461	-0.736490105479215	0.461432486909434	0.999831983216163
ENSMUSG00000121879	589.421897646695	0.0931818398088553	0.110140289910609	0.845522644448717	0.397819095046265	0.999831983216163
ENSMUSG00000054556	52.8796336665678	0.0095362665825682	0.115795421547707	0.0822522236358408	0.93444614563929	0.999831983216163
ENSMUSG00000087231	234.695240381755	-0.0344374779845746	0.116049414243444	-0.296733877030927	0.766669691139741	0.999831983216163
ENSMUSG00000087341	77.3544389836299	0.0797144295676686	0.120064005773615	0.662213505011201	0.507834400310916	0.999831983216163
ENSMUSG00000087380	207.578287222702	0.192739447221123	0.119266374257428	1.61383247584953	0.106563768260123	0.999831983216163
ENSMUSG00000107439	142.439467245745	0.0945673378570934	0.120921651510452	0.78151661062918	0.434498711040409	0.999831983216163
ENSMUSG00000107528	92.6715296640256	0.0496760722230844	0.120783570724278	0.410346491418015	0.681551792206361	0.999831983216163
ENSMUSG00000086643	17.925310874823	0.154109682076113	0.0901157684391759	1.6770424600466	0.0935341792186692	0.999831983216163
ENSMUSG00000122832	27.5396032277775	0.0471808411456541	0.101310039614931	0.462741747736887	0.643549490163793	0.999831983216163
ENSMUSG00000108368	50.6275804546007	0.196983280493075	0.116025031059916	1.68377202727543	0.0922257351816639	0.999831983216163
ENSMUSG00000079679	55.5488572727732	-0.0870285247271633	0.117356096146291	-0.744371442542243	0.456651790730136	0.999831983216163
ENSMUSG00000143523	42.3142462270849	0.0841653397070836	0.111420432289356	0.751261502702298	0.452495292893043	0.999831983216163
ENSMUSG00000059659	125.146899448808	-0.0709274791031315	0.121550656960787	-0.58379303248921	0.559359566498219	0.999831983216163
ENSMUSG00000107505	43.718459856722	-0.18567474512273	0.112994434469858	-1.66328802714617	0.0962547941903544	0.999831983216163
ENSMUSG00000138648	11.6728684387448	-0.016883607582538	0.0721266586341	-0.236689828423248	0.812897426519011	0.999831983216163
ENSMUSG00000120976	6597.046323199	0.02708497248229	0.0840122402264127	0.322382103775533	0.747163240239441	0.999831983216163
ENSMUSG00000045534	50.8149481762665	-0.160069247290137	0.115248174709617	-1.40204124733735	0.160902929893856	0.999831983216163
ENSMUSG00000110390	508.903924686258	0.0436474189623934	0.118586788404152	0.367757373860766	0.713054155650474	0.999831983216163
ENSMUSG00000102771	22.2305993530579	0.0235256682723754	0.0866327333310059	0.269011085218202	0.787921152241544	0.999831983216163
ENSMUSG00000047976	5230.78119000692	-0.143287296380887	0.0925306963059749	-1.54903749401289	0.121372707144123	0.999831983216163
ENSMUSG00000107368	309.076457315796	0.0493260713415113	0.11894668685958	0.41445757993482	0.678539027444289	0.999831983216163
ENSMUSG00000134613	125.44380223282	-0.140795152540733	0.121735724006409	-1.15914463018115	0.246397236536059	0.999831983216163
ENSMUSG00000040078	318.011609648156	0.0211089978469311	0.114628700646642	0.18415442168403	0.853892314122163	0.999831983216163
ENSMUSG00000134652	11.7899739772956	0.0554494403300683	0.0764648989329959	0.714981035883013	0.474620761577567	0.999831983216163
ENSMUSG00000106965	73.4356391739036	0.133775725200668	0.120338065602	1.1080154905478	0.26785512600524	0.999831983216163
ENSMUSG00000107230	30.628999808585	0.091425753864384	0.103339369689962	0.876998694028602	0.380487347421959	0.999831983216163
ENSMUSG00000123509	22.1657437061533	-0.025153118146759	0.0938455117888726	-0.269298684207873	0.787699844643301	0.999831983216163
ENSMUSG00000057716	3994.40114557412	-0.112331787996879	0.0949180302659152	-1.18379847779538	0.236492844945963	0.999831983216163
ENSMUSG00000107604	11.0744061677771	-0.0885343346639336	0.074252690389048	-1.24633385792482	0.212641852651247	0.999831983216163
ENSMUSG00000121486	295.291618455349	-0.0758495492884854	0.113667827470748	-0.6674622596653	0.504476908730667	0.999831983216163
ENSMUSG00000142113	16.2929719714026	-0.101516442486993	0.0824172526882125	-1.2765449151854	0.201762959994609	0.999831983216163
ENSMUSG00000107875	20.2647592521501	0.122186867910869	0.0934726902572524	1.28891226037503	0.197428591203974	0.999831983216163
ENSMUSG00000029797	102.586108396898	-0.0903571715551426	0.121884498316203	-0.742226394192265	0.457950179403239	0.999831983216163
ENSMUSG00000101655	25.1399925184735	0.0980452901856572	0.0993429173255824	0.975950832950947	0.32908882983632	0.999831983216163
ENSMUSG00000107689	22.0650618475651	-0.0559719755273393	0.0957963421003705	-0.58969563061525	0.555394725097543	0.999831983216163
ENSMUSG00000097048	256.915862654749	0.13290927401653	0.114369522558638	1.16139593255955	0.245480922334982	0.999831983216163
ENSMUSG00000130765	11.2216036181675	-0.00909495096210539	0.0747448590228479	-0.122305810758199	0.902656830230603	0.999831983216163
ENSMUSG00000131716	15.133546717546	-0.132731193835726	0.081168038134917	-1.72666190115249	0.0842284017745208	0.999831983216163
ENSMUSG00000100164	85.4161461348196	-0.122961517286959	0.121405149517162	-1.01503274130729	0.310090220543914	0.999831983216163
ENSMUSG00000107546	10.8705550779514	0.0671937118501687	0.0741601591173329	0.891590560830403	0.372612431373427	0.999831983216163
ENSMUSG00000030002	8987.26053347197	-0.131766182047418	0.0884273324285453	-1.49044010915145	0.136108552953391	0.999831983216163
ENSMUSG00000072875	471.070202137215	0.0164336943592375	0.104399142549977	0.157418608970453	0.874914948458369	0.999831983216163
ENSMUSG00000045160	791.009805126818	0.116333068457951	0.0982322824349922	1.18404774550194	0.236394163284647	0.999831983216163
ENSMUSG00000030098	467.52844861453	0.186310965126725	0.118963932118121	1.5623667670305	0.118201611374524	0.999831983216163
ENSMUSG00000068263	134.72083400777	0.189310834238862	0.121851215204278	1.5473254657169	0.121784784032927	0.999831983216163
ENSMUSG00000000416	2560.73799205467	-0.0163783752565042	0.086951252271767	-0.188369568455256	0.850586953507036	0.999831983216163
ENSMUSG00000037709	3234.9335399833	0.0251405492067807	0.0864042295159102	0.290959996851915	0.77108191436995	0.999831983216163
ENSMUSG00000001521	1097.84792344493	0.0772850378170701	0.103948307396698	0.74325000472438	0.457330334057334	0.999831983216163
ENSMUSG00000047749	235.513538906898	0.0985332883836378	0.116469409499168	0.845647934976537	0.397749176099408	0.999831983216163
ENSMUSG00000034930	317.908567932507	-0.133141426427878	0.111056176221375	-1.19905860701545	0.230505157756924	0.999831983216163
ENSMUSG00000030051	248.671036242715	0.0579687000002777	0.118433368809489	0.489410269143714	0.624551267255207	0.999831983216163
ENSMUSG00000030031	462.195482280211	-0.038241595062513	0.11433909290126	-0.334585788911126	0.737937566452924	0.999831983216163
ENSMUSG00000030056	640.754605971801	-0.024592773640826	0.108154961976031	-0.22738312231676	0.820125843037711	0.999831983216163
ENSMUSG00000079652	10.7699050742795	-0.0481088814909061	0.0747096697322054	-0.657491708874878	0.510864800407814	0.999831983216163
ENSMUSG00000033508	51.5870230431591	-0.164905111233102	0.114840516817348	-1.44912907518116	0.147301539686034	0.999831983216163
ENSMUSG00000030283	3471.08675573458	-0.0966866762202675	0.100048577729713	-0.966721559181332	0.333683246547297	0.999831983216163
ENSMUSG00000030105	6068.38377930932	0.0301593734179247	0.078080292742374	0.386253074970082	0.699309249653137	0.999831983216163
ENSMUSG00000030302	27082.2437056506	-0.0141814164628673	0.0898415882716434	-0.157853369518764	0.874572343005125	0.999831983216163
ENSMUSG00000013736	1040.95959814234	0.0510955005987616	0.0933105002077368	0.547574849753674	0.583983862522677	0.999831983216163
ENSMUSG00000042460	873.612016175663	0.0151690686957841	0.0956116799335745	0.158657842508581	0.873938454173488	0.999831983216163
ENSMUSG00000057497	545.146992796677	0.134694831509299	0.103163984199566	1.30538625515263	0.191761356280202	0.999831983216163
ENSMUSG00000004446	39.1552599561155	0.021528354138734	0.11082600984722	0.193927548361413	0.846232612685378	0.999831983216163
ENSMUSG00000058979	2734.36040535641	-0.0915319868195655	0.08595984688208	-1.06490314863708	0.286919760045735	0.999831983216163
ENSMUSG00000057841	3062.62821820963	0.126000467581772	0.0853902814858507	1.47539682913215	0.140105887362483	0.999831983216163
ENSMUSG00000017978	11924.9482917507	-0.0995137492613558	0.0748624919230244	-1.32937623861035	0.183723873106924	0.999831983216163
ENSMUSG00000038390	5090.12215664782	0.0093278009796333	0.105867765357424	0.0881019408598426	0.929795653797059	0.999831983216163
ENSMUSG00000030322	698.362152714941	-0.0623160613149914	0.0985018534480744	-0.632684036079116	0.526939996784489	0.999831983216163
ENSMUSG00000047115	28.9728399120773	0.168174363185986	0.103405961817317	1.60345938403299	0.108833269364848	0.999831983216163
ENSMUSG00000030268	4338.99167124912	0.068773198888569	0.0864226310115608	0.795718551942718	0.426195641316503	0.999831983216163
ENSMUSG00000029780	1697.27348288364	0.017461717705539	0.0893950620096573	0.195329798886228	0.845134770205437	0.999831983216163
ENSMUSG00000004902	898.14571229654	0.0343284572677039	0.101394861913308	0.338529473548499	0.734964220130012	0.999831983216163
ENSMUSG00000032667	1924.50240115806	-0.160669672755454	0.0977259011957269	-1.64466785484953	0.100038325304368	0.999831983216163
ENSMUSG00000032718	257.923001718673	0.0954474436817778	0.118595905410316	0.803867676711709	0.421473399402404	0.999831983216163
ENSMUSG00000068011	114.750149997386	-0.111011834238836	0.121837789966386	-0.912270431221137	0.361626375772065	0.999831983216163
ENSMUSG00000023964	24.6725936989425	0.158687667297867	0.0951329191010121	1.64000469088544	0.101004191612782	0.999831983216163
ENSMUSG00000029763	2735.28531472802	0.0569002304900426	0.0826758827622992	0.68821003052765	0.491320528298592	0.999831983216163
ENSMUSG00000072662	30.8865863257885	-0.00484438630364407	0.105661041959495	-0.0458608318698528	0.963421172949793	0.999831983216163
ENSMUSG00000029708	1159.92985456617	0.0245847402516963	0.0966742539836499	0.25431188372778	0.799254619657563	0.999831983216163
ENSMUSG00000051169	475.324446717744	-0.0413255837195568	0.10354570857145	-0.399108884323668	0.689812976272095	0.999831983216163
ENSMUSG00000030087	1184.26777605228	-0.152404494070288	0.101692276006297	-1.49918420622892	0.133825851157312	0.999831983216163
ENSMUSG00000030122	7762.00830729008	-0.049397469522954	0.0844519693874077	-0.584949839328676	0.558581445227593	0.999831983216163
ENSMUSG00000029815	581.71444502909	-0.0662611049079171	0.10542715138657	-0.628637759235298	0.529586234266693	0.999831983216163
ENSMUSG00000059022	62.7487970976115	-0.0950278193711052	0.116299424435336	-0.821175841537787	0.411546115197577	0.999831983216163
ENSMUSG00000038058	250.145288866652	0.0695370454210517	0.115013521007413	0.604421899722775	0.545563179435261	0.999831983216163
ENSMUSG00000068794	18.5496242978088	0.107037923681821	0.090351881096507	1.16892408984461	0.242434216778803	0.999831983216163
ENSMUSG00000033174	3057.94196087169	-0.0787309206821713	0.0893003301246493	-0.881716638156075	0.377930061209106	0.999831983216163
ENSMUSG00000038456	868.937122772483	-0.0805430402831203	0.0933336940887881	-0.86297313747231	0.388152236504194	0.999831983216163
ENSMUSG00000015112	208.35338886431	0.0929250266781586	0.121778788536426	0.762081118189417	0.446011591422161	0.999831983216163
ENSMUSG00000001630	1394.26193019958	0.0394723859595818	0.0932099375604811	0.423472511259434	0.671950550276418	0.999831983216163
ENSMUSG00000030187	11.7899788444888	0.0416326704055409	0.0750093446967676	0.548374838247099	0.583434549878819	0.999831983216163
ENSMUSG00000030275	17111.613339197	-0.0159606609737796	0.0874146505681766	-0.182590906148879	0.855119020229836	0.999831983216163
ENSMUSG00000043088	154.313569634748	0.181686490219563	0.121764566962485	1.48696244876004	0.137024729018125	0.999831983216163
ENSMUSG00000030329	2864.35761071177	0.116992399399304	0.0820296806467836	1.42609658951742	0.153840463104534	0.999831983216163
ENSMUSG00000043832	16.0714659122793	0.0134651037776881	0.0810125435229468	0.165148992790467	0.868826711727544	0.999831983216163
ENSMUSG00000005667	509.432338812318	-0.0922160328663698	0.103472317698428	-0.891260444289157	0.372789464112242	0.999831983216163
ENSMUSG00000030216	2297.72545886438	0.01930583096816	0.0874538584824695	0.220751240436484	0.82528613140467	0.999831983216163
ENSMUSG00000029569	1107.29792154882	-0.0426825075228049	0.090852769207807	-0.469815405952372	0.638486906622972	0.999831983216163
ENSMUSG00000030101	1071.33416667685	0.120706929400539	0.0911577388224576	1.32407887065239	0.185476852095031	0.999831983216163
ENSMUSG00000079426	2366.23692301565	-0.0765516292358018	0.086363866745367	-0.886422400343671	0.375389952844006	0.999831983216163
ENSMUSG00000048776	91.1878751109873	0.045621722942624	0.121637198789022	0.374589293966217	0.707965936430279	0.999831983216163
ENSMUSG00000029670	1231.93630886311	-0.0219988661888043	0.0892999142470096	-0.246348710103344	0.805412306281307	0.999831983216163
ENSMUSG00000030083	1493.83369609021	0.0333822378435882	0.0941406969575369	0.354571461345199	0.722910659293038	0.999831983216163
ENSMUSG00000029994	148.277940514749	-0.0886916989232168	0.120504335266532	-0.736362475672639	0.461510134517401	0.999831983216163
ENSMUSG00000029910	458.076144704921	0.0137150937105849	0.106724315833814	0.128516039039878	0.89774060615651	0.999831983216163
ENSMUSG00000035199	4107.78914634801	-0.0677183111213661	0.0971284032240394	-0.697326522553938	0.485598473406547	0.999831983216163
ENSMUSG00000056666	188.366189371812	0.176105880445905	0.118201880112456	1.48821560154683	0.136694044085433	0.999831983216163
ENSMUSG00000003477	27.4272903807447	0.0735112571895412	0.100119697700186	0.729621798933874	0.465621393736329	0.999831983216163
ENSMUSG00000079304	132.505093720944	-0.122526930076945	0.121670641388001	-1.00876585200834	0.313086941571778	0.999831983216163
ENSMUSG00000042599	4972.72786790565	-0.164049607977524	0.101869193750795	-1.61150819300532	0.107069002933066	0.999831983216163
ENSMUSG00000030313	4164.06213975184	-0.040168777218038	0.0915358295345116	-0.43886504920455	0.660759322971662	0.999831983216163
ENSMUSG00000055799	196.171838813364	-0.0767166300289113	0.119269903696719	-0.643329618998715	0.520010241166331	0.999831983216163
ENSMUSG00000030303	1373.56408112264	-0.095217931182533	0.0968407703841579	-0.983432842676584	0.325394452810929	0.999831983216163
ENSMUSG00000030059	2647.94627690322	-0.0218405253492607	0.09348319878987	-0.233647261442574	0.815258833739865	0.999831983216163
ENSMUSG00000029920	1605.86442715658	-0.00620170666100469	0.0883645064460829	-0.0701842462910433	0.944047013041418	0.999831983216163
ENSMUSG00000020440	2328.09912351061	-0.0574868212498026	0.0992132265612725	-0.579504313062518	0.562248937226758	0.999831983216163
ENSMUSG00000014550	2381.04757778781	-0.00565920236283605	0.0962739918222307	-0.058781979775809	0.953125761694419	0.999831983216163
ENSMUSG00000029782	1315.63340908829	0.0661097304749063	0.0937588501739003	0.705042668585118	0.480783683128379	0.999831983216163
ENSMUSG00000040797	3824.829461106	0.0438194832874239	0.0795865844395818	0.550572555579498	0.581926726589461	0.999831983216163
ENSMUSG00000045100	364.899235531058	-0.0256782725599452	0.109767809288482	-0.233953316408768	0.815021221032076	0.999831983216163
ENSMUSG00000030353	478.336820588868	-0.0296551156556491	0.107101220411031	-0.276879949389337	0.781872289002365	0.999831983216163
ENSMUSG00000072770	352.931515545953	0.0567825559132844	0.117427540485787	0.483183758002841	0.628965266725012	0.999831983216163
ENSMUSG00000048108	613.564305887697	0.131659195113879	0.109939244290182	1.1820266825978	0.237195113692709	0.999831983216163
ENSMUSG00000029781	1252.05685920926	-0.0523733326962985	0.0971742985954925	-0.538973397318757	0.589905210753317	0.999831983216163
ENSMUSG00000079654	124.458982845429	0.0091228544795811	0.121503049391627	0.0750954630578208	0.940138757589206	0.999831983216163
ENSMUSG00000063975	49.9469282559255	-0.056480114987533	0.114051281327767	-0.496451952230489	0.619575578721375	0.999831983216163
ENSMUSG00000029676	1216.86737474458	-0.00965115897031311	0.0953053067839123	-0.101266451985838	0.919338946695173	0.999831983216163
ENSMUSG00000030036	672.641169661755	-0.0289551111986232	0.100251189908199	-0.288839518046301	0.772704189322673	0.999831983216163
ENSMUSG00000037997	661.33102539569	-0.0430828774387323	0.0990228479230613	-0.435082683323939	0.663502412343927	0.999831983216163
ENSMUSG00000030315	559.832164333244	0.0409063890173668	0.103617926794168	0.394771252181223	0.693011712771668	0.999831983216163
ENSMUSG00000029638	192.384537534721	-0.0584088559125422	0.120098533571988	-0.486811050140193	0.626392238792256	0.999831983216163
ENSMUSG00000036371	11347.1774743847	-0.0375106908134165	0.0840113001424209	-0.446519725521035	0.655221867169629	0.999831983216163
ENSMUSG00000035158	555.499984319401	0.0654902246922015	0.111576966961697	0.586731652757523	0.5573839458907	0.999831983216163
ENSMUSG00000001642	730.415387616883	0.157370231602859	0.10380794289089	1.5154033426703	0.129670291416599	0.999831983216163
ENSMUSG00000030137	1148.56975262494	-0.114278329983558	0.103749295526878	-1.10198783311439	0.270466961151818	0.999831983216163
ENSMUSG00000042742	1876.96891235559	-0.0798395658571181	0.093303695545457	-0.855811480046457	0.392102064200196	0.999831983216163
ENSMUSG00000060032	518.517069598822	-0.0122258147495317	0.101540701922199	-0.120399066990606	0.904167030460089	0.999831983216163
ENSMUSG00000035378	139.406890241336	0.0112021471588203	0.121226901281208	0.0924214335239568	0.926363210817201	0.999831983216163
ENSMUSG00000038074	745.770284015339	-0.00445042810949422	0.0980670656438747	-0.0453838127196942	0.963801383271169	0.999831983216163
ENSMUSG00000034639	213.582542690046	0.0890531846436586	0.118424432080852	0.75173212718748	0.452212165933722	0.999831983216163
ENSMUSG00000039419	2806.57257317793	0.164779187990322	0.0954316722545389	1.7260402969064	0.0843401633990381	0.999831983216163
ENSMUSG00000030223	284.949735050693	-0.00103916458506271	0.100808079740896	-0.0103090834412356	0.991774687180339	0.999831983216163
ENSMUSG00000030301	1413.42959162244	0.128449768610155	0.0974409801559085	1.31795139694869	0.18751991859608	0.999831983216163
ENSMUSG00000035357	127.436743831531	0.134684153244967	0.121473792311481	1.10673417300593	0.268408875999451	0.999831983216163
ENSMUSG00000068335	35.9437929397152	0.0723925011809641	0.107702680755319	0.669230894471505	0.503348201476743	0.999831983216163
ENSMUSG00000052419	1459.33086793852	0.0269775345887896	0.0884414226934938	0.305022966554813	0.760348660529041	0.999831983216163
ENSMUSG00000068250	713.002999568488	-0.0362274300136415	0.0992267385894878	-0.365108533664622	0.715030391050552	0.999831983216163
ENSMUSG00000004988	24.6007442835623	-0.0754477157034885	0.099391120052771	-0.767261444621334	0.442926086942143	0.999831983216163
ENSMUSG00000040669	1745.18010415896	-0.0348217459420439	0.0894515416173654	-0.389289291027453	0.697062157288839	0.999831983216163
ENSMUSG00000034192	370.873184244309	0.120694240691428	0.111110513639749	1.08586253197141	0.277539815771807	0.999831983216163
ENSMUSG00000056215	61.106245931672	0.0718642311755299	0.11703577522558	0.612812625318854	0.540000241832688	0.999831983216163
ENSMUSG00000003031	5711.04592147189	0.0246310841373067	0.0872261934964148	0.282371890030078	0.77765836685294	0.999831983216163
ENSMUSG00000067825	891.654652658702	-0.00790792624172674	0.0950687309351817	-0.0831814825162087	0.933707236517841	0.999831983216163
ENSMUSG00000032712	995.248732304218	-0.0455376395931466	0.100299180640145	-0.454084266708099	0.649768176870307	0.999831983216163
ENSMUSG00000029918	901.2005019564	0.0971511152082533	0.0963329456990663	1.00836982156631	0.313276955084438	0.999831983216163
ENSMUSG00000045962	11905.3296483301	-0.0922570826956351	0.0829801178972146	-1.11193052204089	0.266168024228405	0.999831983216163
ENSMUSG00000055003	1084.26607205031	-0.0160172761673915	0.0992741779082172	-0.161356189698641	0.871812870014635	0.999831983216163
ENSMUSG00000029765	2419.3438628511	0.0357520766016141	0.100268664846498	0.356536284491019	0.721438983910669	0.999831983216163
ENSMUSG00000030249	362.865698127068	0.0684409825501459	0.113689000761788	0.601879991007704	0.547254024100644	0.999831983216163
ENSMUSG00000079495	15.8217861072404	0.0904888370617099	0.0861962685269963	1.0346517532904	0.300831575325805	0.999831983216163
ENSMUSG00000029684	4920.03183707003	-0.0228481615333156	0.0897922562318748	-0.254467187878756	0.799134650212365	0.999831983216163
ENSMUSG00000054226	4140.44582011993	-0.0484777756781874	0.10604223475103	-0.457265814168187	0.647479998240293	0.999831983216163
ENSMUSG00000030254	354.916689430099	0.0017733340888918	0.109567874080045	0.0161856845219345	0.987086256065706	0.999831983216163
ENSMUSG00000004270	584.68503395907	-0.151393016913251	0.102253475947003	-1.48067413645624	0.138693429193239	0.999831983216163
ENSMUSG00000047735	297.683862234366	0.140274675680716	0.115282021852209	1.21597450927111	0.223994632541189	0.999831983216163
ENSMUSG00000030259	1547.35834814923	-0.135246965691091	0.0878512862645838	-1.53959551029405	0.123658980554095	0.999831983216163
ENSMUSG00000051124	23.1691530292653	0.0549932403653045	0.0962510812834484	0.56681786636033	0.570837930758936	0.999831983216163
ENSMUSG00000038346	1780.6773062454	-0.0239126368039618	0.09650390694164	-0.247788278933007	0.80429822423309	0.999831983216163
ENSMUSG00000030094	649.640500746084	0.13165941824817	0.0988701561870674	1.33147618623946	0.183032375617573	0.999831983216163
ENSMUSG00000030316	489.421287297555	0.0606492751176107	0.105121195992744	0.576873887037711	0.564024651869303	0.999831983216163
ENSMUSG00000030235	2268.23095741353	0.051487481662927	0.100173376739009	0.513882307208754	0.607334278121123	0.999831983216163
ENSMUSG00000030247	123.609090464936	0.0132710713980143	0.121883042464126	0.10882136740093	0.91334417572847	0.999831983216163
ENSMUSG00000063884	2469.28161559871	3.90575071083259e-05	0.0845844428774326	0.000462318786127848	0.99963112299152	0.999831983216163
ENSMUSG00000030120	9750.28011806474	-0.02829097431936	0.0786092363140025	-0.359901697678512	0.718920647425751	0.999831983216163
ENSMUSG00000030061	4829.54875760909	-0.00285046155510905	0.0799326346525794	-0.0356605057698213	0.97155306233771	0.999831983216163
ENSMUSG00000024211	240.782115264283	0.14822527744172	0.117001640664803	1.26597261186707	0.205522887894939	0.999831983216163
ENSMUSG00000004980	24641.3894390598	0.00854205702837102	0.0814967243957249	0.104814572785926	0.916522946335493	0.999831983216163
ENSMUSG00000038065	5199.0108890552	0.0129890703888469	0.0834157616408567	0.155714698085362	0.87625791110048	0.999831983216163
ENSMUSG00000019577	580.594488251942	-0.0790998788954901	0.111308068258363	-0.710789467734598	0.477214708229911	0.999831983216163
ENSMUSG00000014747	199.781334341171	-0.050851466940593	0.118218607353491	-0.430300802530672	0.666976843401865	0.999831983216163
ENSMUSG00000030170	41.7056005092125	-0.0282358688595445	0.109232382934474	-0.259111780898345	0.795548995296264	0.999831983216163
ENSMUSG00000029798	147.613696009164	0.16000379247616	0.120717469240132	1.32335216775209	0.185718290648728	0.999831983216163
ENSMUSG00000009281	179.667434157465	0.0240092216477034	0.11910149771931	0.2016069580535	0.840224005187255	0.999831983216163
ENSMUSG00000052751	1658.92999910347	0.0627438846147468	0.0928903403780307	0.675390703417371	0.499427570369531	0.999831983216163
ENSMUSG00000042389	757.692334196268	-0.0681090798797353	0.0954771467518199	-0.713350234083322	0.475629059931089	0.999831983216163
ENSMUSG00000069678	346.855122144177	0.063073175308246	0.112473790550383	0.560588322552512	0.575078213960762	0.999831983216163
ENSMUSG00000030265	2577.25229578284	-0.0662725302546181	0.0906797024965527	-0.730929572562301	0.464822171719461	0.999831983216163
ENSMUSG00000038871	2302.68750897834	-0.0335981905526653	0.0902063497771961	-0.37247876759363	0.709536417574404	0.999831983216163
ENSMUSG00000049939	3317.90738992906	-0.00470572345732323	0.0850094739579938	-0.0553540593623855	0.955856395003813	0.999831983216163
ENSMUSG00000030123	968.915236180302	0.0806746687645317	0.102272392480569	0.78857456819877	0.430360699882524	0.999831983216163
ENSMUSG00000029814	291.773610736819	-0.152687627652348	0.114667311075076	-1.33241466287815	0.182723966460855	0.999831983216163
ENSMUSG00000052738	4365.75699418953	0.0756317718953917	0.0828644219327569	0.912650541877591	0.361426363447372	0.999831983216163
ENSMUSG00000042447	1134.75141820254	0.015738339853623	0.0985367309474325	0.159726772284469	0.873096310424404	0.999831983216163
ENSMUSG00000003452	4012.51606003062	-0.0858396957881152	0.0874402377986786	-0.981819186491681	0.326188934157086	0.999831983216163
ENSMUSG00000054966	35.4215802207312	-0.137900933130293	0.107854154406155	-1.29400654000855	0.195663161801889	0.999831983216163
ENSMUSG00000042810	3134.59408270037	0.0766422138695892	0.0821620949850929	0.93276086538923	0.350943451205873	0.999831983216163
ENSMUSG00000049232	966.482432298223	0.0604224056767369	0.0952466801243902	0.634372322328625	0.525837868008822	0.999831983216163
ENSMUSG00000061762	152.516631483281	0.0582503326196351	0.0711258052959258	0.799994850874831	0.423713780489069	0.999831983216163
ENSMUSG00000029771	70.0350706530005	0.0444872282714122	0.117928361116802	0.376220431876635	0.706753026925906	0.999831983216163
ENSMUSG00000039958	154.377924362864	0.0888128855674175	0.120127173995546	0.738718331367718	0.460078052083534	0.999831983216163
ENSMUSG00000063870	7648.97680487461	-0.0620386814818961	0.0906095612285248	-0.684770257860796	0.49348890627477	0.999831983216163
ENSMUSG00000029629	2698.24979670534	-0.042092317635885	0.0944135234385385	-0.445872207525656	0.655689559094222	0.999831983216163
ENSMUSG00000052656	3592.82240958306	-0.0168363676519194	0.0793205183150991	-0.212259068941073	0.831904926084959	0.999831983216163
ENSMUSG00000051855	126.545579529274	0.0752446416254159	0.121609873164068	0.618167505255491	0.536464927633365	0.999831983216163
ENSMUSG00000008845	108.680024120896	-0.188214625003748	0.121054001517271	-1.56340842331953	0.117956560165305	0.999831983216163
ENSMUSG00000030282	2466.37532853144	0.102639670744083	0.0878113769366147	1.16873354789695	0.242511001111041	0.999831983216163
ENSMUSG00000038167	16.0548055834	-0.0163537249111647	0.0859113480029854	-0.190878977437479	0.848620410913676	0.999831983216163
ENSMUSG00000029552	88.5397969557287	0.0286247850624177	0.12160975019702	0.23518393517425	0.814065974218271	0.999831983216163
ENSMUSG00000050732	524.225783545774	0.160845795803369	0.102215834076807	1.573269302484	0.115656474205105	0.999831983216163
ENSMUSG00000029862	624.148910100419	0.0473327130417742	0.0994582659228189	0.47587165737847	0.634165815305229	0.999831983216163
ENSMUSG00000030102	102292.212890823	-0.0682487550410432	0.107198244636995	-0.636942594799361	0.524162236366594	0.999831983216163
ENSMUSG00000030020	1268.47909981837	0.072013388094066	0.110866394347434	0.649304442843169	0.516141614628316	0.999831983216163
ENSMUSG00000093661	555.253647465949	-0.032990215941685	0.102539179000373	-0.321730187887512	0.74765710617678	0.999831983216163
ENSMUSG00000051343	3387.23528294732	0.074777348913447	0.0806140669903819	0.927550644759082	0.35364070956029	0.999831983216163
ENSMUSG00000030204	1810.23370343169	0.0467729658405971	0.085517009439868	0.546926336539997	0.584429341211191	0.999831983216163
ENSMUSG00000030093	2005.25189745129	-0.0316433114553589	0.10011147283547	-0.31609137659734	0.751933151929029	0.999831983216163
ENSMUSG00000012483	328.057293820982	0.0948938485840477	0.110216105372863	0.86076227284526	0.389368987632881	0.999831983216163
ENSMUSG00000002930	8849.70814632337	-0.0438349544940909	0.108827982809149	-0.402911872157563	0.68701305721165	0.999831983216163
ENSMUSG00000030264	886.534066934423	0.031126600508269	0.0969016929007988	0.321206775536294	0.748053697854824	0.999831983216163
ENSMUSG00000031668	1482.60894287078	0.0299941753124011	0.0895471358980821	0.334952363202935	0.737661021141582	0.999831983216163
ENSMUSG00000029672	1033.09376752094	0.0784830482212834	0.0956915495091086	0.82012840330998	0.412142911801502	0.999831983216163
ENSMUSG00000051499	173.125110538472	-0.109436154941615	0.119633351412187	-0.915213503985107	0.360079556732828	0.999831983216163
ENSMUSG00000048930	985.21489937639	-0.0762260897129662	0.0928634463647994	-0.820844254215701	0.411734987490242	0.999831983216163
ENSMUSG00000030226	209.187484264564	0.0907407107153231	0.090866801049581	0.980090484008621	0.327041456011546	0.999831983216163
ENSMUSG00000030000	5069.4638111447	-0.0131113629476479	0.0814994159923997	-0.160878736732783	0.8721889097714	0.999831983216163
ENSMUSG00000056698	956.112227593832	-0.0146806761465685	0.0920888671696089	-0.159419842672239	0.873338106635499	0.999831983216163
ENSMUSG00000039841	1081.17236796496	-0.0188177915564475	0.0923518328444027	-0.203767586475966	0.838535123626681	0.999831983216163
ENSMUSG00000029864	372.42712405227	0.0223392992512542	0.108389392922307	0.206091221887747	0.836719655512604	0.999831983216163
ENSMUSG00000030279	3224.48892140489	0.0352348557629725	0.0904088142101703	0.389701511870191	0.696757278422164	0.999831983216163
ENSMUSG00000030286	2670.12464934702	0.00211796925642291	0.0831539231880986	0.0254709865544925	0.979679290351889	0.999831983216163
ENSMUSG00000030314	844.815206466094	0.0237845985451191	0.0940834078755336	0.252795732708147	0.800426065431684	0.999831983216163
ENSMUSG00000055239	2327.69162276255	-0.0219930740486898	0.0843960809888948	-0.260595830134501	0.794404205674285	0.999831983216163
ENSMUSG00000030145	585.201547003176	0.0172680084755031	0.106456818281858	0.162217377293421	0.871134675937517	0.999831983216163
ENSMUSG00000064080	91.7714860114403	-0.192179707830746	0.121415076478901	-1.58941666060425	0.111966355636797	0.999831983216163
ENSMUSG00000086040	1063.97636861742	-0.133048563230757	0.10457830759636	-1.27270696182924	0.203122046291629	0.999831983216163
ENSMUSG00000057278	384.496943825768	0.0281187736483109	0.109248684441107	0.257346259368411	0.796911484799991	0.999831983216163
ENSMUSG00000038784	1798.69669925405	0.00708985581136544	0.0903375035097189	0.0784826204248389	0.937444154468436	0.999831983216163
ENSMUSG00000004633	25752.6125815077	-0.0382678574240687	0.0800261448077394	-0.478211993691247	0.632499326898853	0.999831983216163
ENSMUSG00000029832	696.918140461678	0.151835233010124	0.101119408056833	1.50119698933984	0.133304618438479	0.999831983216163
ENSMUSG00000090164	13.8666964445266	0.111934451634612	0.0818512580527192	1.33893500150891	0.180591833818489	0.999831983216163
ENSMUSG00000029911	866.047127015314	0.0659499239250481	0.0998447389806277	0.660432167596747	0.508976535021682	0.999831983216163
ENSMUSG00000000399	2960.22277207577	0.0421124914257141	0.0818165897879317	0.514709060416436	0.606756341140342	0.999831983216163
ENSMUSG00000029671	49.1171345916049	-0.0108045440480812	0.114863503356687	-0.0941237771045832	0.92501083282748	0.999831983216163
ENSMUSG00000030067	864.363927936751	0.0381062334947262	0.102836526949211	0.370489393243014	0.711017878165259	0.999831983216163
ENSMUSG00000042992	697.633706588006	0.110904132223707	0.0984068213033579	1.12686611185185	0.259799093174468	0.999831983216163
ENSMUSG00000030166	914.892982115722	-0.0815340987296127	0.1016758646575	-0.80196435918059	0.422573575175057	0.999831983216163
ENSMUSG00000030042	941.419102013847	0.0377069204328908	0.0999323944957435	0.377309304498489	0.705943758331307	0.999831983216163
ENSMUSG00000089862	1094.6092857722	0.0655943933546617	0.0942205713011387	0.696125834045423	0.486350029133709	0.999831983216163
ENSMUSG00000029817	5595.35338967498	-0.104189762750664	0.0776272782590735	-1.3422701789539	0.179508408894606	0.999831983216163
ENSMUSG00000000441	1734.12878667295	-0.0364862601433772	0.0849164926342437	-0.429675680412103	0.667431576527836	0.999831983216163
ENSMUSG00000042541	1438.20263877035	0.077631549747292	0.0895847506471757	0.866526296065636	0.38620161229066	0.999831983216163
ENSMUSG00000072623	796.990407250757	-0.0369401962309515	0.100956621840874	-0.365909479070333	0.714432622885805	0.999831983216163
ENSMUSG00000000627	2076.2519518121	-0.0787817503341307	0.0948684703972467	-0.830529270913983	0.40623960545485	0.999831983216163
ENSMUSG00000053470	2405.19352413846	-0.0418485174450566	0.0840887249891143	-0.497685965101883	0.618705401877524	0.999831983216163
ENSMUSG00000004535	7742.60686730024	0.0275924076074872	0.0847345159720382	0.325625115131001	0.744708007854642	0.999831983216163
ENSMUSG00000030276	1019.47937408818	0.0991285219226938	0.0941114796270264	1.05325415012924	0.292224526533325	0.999831983216163
ENSMUSG00000033420	924.906564135443	0.0388533961399049	0.0991225824065601	0.391926454579903	0.69511255562987	0.999831983216163
ENSMUSG00000029632	8088.8755446346	0.0139973810672892	0.0872402067117486	0.160444390239985	0.87253102416207	0.999831983216163
ENSMUSG00000040613	90.482915374275	0.0700645625916431	0.121742771424682	0.574793534320263	0.565430940068785	0.999831983216163
ENSMUSG00000029851	63.9064476893239	0.0251578014768281	0.117783314362196	0.213167183612484	0.831196563677104	0.999831983216163
ENSMUSG00000030257	12806.948573021	0.0175733084765444	0.105597095344765	0.166402342234267	0.867840330816558	0.999831983216163
ENSMUSG00000062980	252.578393181937	-0.0944640555138038	0.116922809268377	-0.808111975825684	0.419026124105765	0.999831983216163
ENSMUSG00000030341	320.360889256821	0.065897809479185	0.114752376150486	0.573916803003212	0.566024101906618	0.999831983216163
ENSMUSG00000068748	18901.0108196444	-0.0913002095031568	0.0887908332222602	-1.02844581707169	0.303740165800023	0.999831983216163
ENSMUSG00000029861	6619.9806750269	-0.0358244753523252	0.0827506997114896	-0.432934837533094	0.665062110123386	0.999831983216163
ENSMUSG00000030339	317.955860465882	-0.0627115597845062	0.11205024179764	-0.559659717019615	0.575711563964491	0.999831983216163
ENSMUSG00000001517	36.77184834155	-0.0832078734293316	0.108769792295749	-0.770127712152732	0.441224138901019	0.999831983216163
ENSMUSG00000040029	2371.2968920188	0.0603002909230522	0.083455330666896	0.722522663306607	0.469973196754129	0.999831983216163
ENSMUSG00000068699	121.851481905614	-0.024391173535611	0.121499527266899	-0.20082619159635	0.840834482201768	0.999831983216163
ENSMUSG00000030323	913.959180764393	-0.01477466224006	0.102524571739111	-0.144105607902459	0.885417076480422	0.999831983216163
ENSMUSG00000029922	4763.79221402531	-0.0821501343934585	0.0781039098971761	-1.05185910369386	0.292864197487719	0.999831983216163
ENSMUSG00000059182	487.422902532702	0.0625198617685884	0.104134957108561	0.600345045838127	0.548276303781847	0.999831983216163
ENSMUSG00000023439	16.4895898961553	0.0397112486122707	0.0864428187682749	0.455092719942527	0.649042535255439	0.999831983216163
ENSMUSG00000030089	962.029623023086	0.102321872539422	0.10968536943245	0.932317571229467	0.351172429569394	0.999831983216163
ENSMUSG00000030016	6778.99713059554	0.012262369426225	0.0968964314749731	0.126549491057688	0.899296975707419	0.999831983216163
ENSMUSG00000054435	20.4094643661152	0.00996900070763967	0.0931656526224534	0.106700344730289	0.91502670911411	0.999831983216163
ENSMUSG00000052763	609.736110957559	0.00841326289850212	0.0998325443928341	0.0842691846077446	0.932842412352107	0.999831983216163
ENSMUSG00000030103	2850.04165889848	0.0388894823135813	0.0942418227052263	0.412611996942097	0.679890910169124	0.999831983216163
ENSMUSG00000038271	1442.59542324236	-0.0320552345887131	0.0950585344708806	-0.337215756406915	0.735954260324099	0.999831983216163
ENSMUSG00000038022	130.394435945343	0.0310500118358732	0.121837570789136	0.25473250614401	0.798929707966925	0.999831983216163
ENSMUSG00000029752	3246.76386348438	0.0355618581464008	0.0897278086156405	0.396311083790536	0.691875551559811	0.999831983216163
ENSMUSG00000033216	364.909435605992	-0.0289574465154335	0.110966728072569	-0.26100280256648	0.79409034601292	0.999831983216163
ENSMUSG00000057691	1246.61717518732	-0.0391133864302833	0.0960313263724793	-0.407301406960154	0.683786629558237	0.999831983216163
ENSMUSG00000019210	6129.66112904208	0.0764920512892949	0.0828449573254575	0.923241105114316	0.355881572115363	0.999831983216163
ENSMUSG00000068551	1828.10074097939	-0.0142071604340455	0.0854929560173036	-0.166179281186225	0.868015863950124	0.999831983216163
ENSMUSG00000001763	741.109959355546	0.161608205117707	0.106137107411524	1.52160758015162	0.128107437088479	0.999831983216163
ENSMUSG00000056737	75.7244087998104	0.122153383075898	0.120855491606199	1.00757420797217	0.313658916077116	0.999831983216163
ENSMUSG00000047867	205.653113790681	0.126636494981079	0.119554883871592	1.05828370212981	0.289926120921831	0.999831983216163
ENSMUSG00000053460	1133.13477178214	-0.0667519687177081	0.0997754603418931	-0.669069194719021	0.503451339589599	0.999831983216163
ENSMUSG00000029868	11.9491759127222	0.00851683440632883	0.0774344215145587	0.109796466356058	0.912570793541469	0.999831983216163
ENSMUSG00000029762	29.2171966759098	0.13725641462896	0.103972835153903	1.3050368833558	0.191880288851678	0.999831983216163
ENSMUSG00000030220	155.585356869327	-0.0557597377963262	0.119865489303051	-0.465296512629558	0.641719131830425	0.999831983216163
ENSMUSG00000043298	15.2873605159813	-0.0417020544659012	0.0838059807882832	-0.504263214805541	0.614076423425069	0.999831983216163
ENSMUSG00000071337	6597.82655870142	-0.0548737005522733	0.0793499370912209	-0.691569951129765	0.489207437636546	0.999831983216163
ENSMUSG00000039159	4501.95306398469	-0.071344738267655	0.0788063234880193	-0.905360156081308	0.365274616783183	0.999831983216163
ENSMUSG00000030298	1611.86140558779	0.00621878024528547	0.0962904525309231	0.0645827109812078	0.948506250606781	0.999831983216163
ENSMUSG00000005893	1650.9263400141	-0.122792459756219	0.101592854234855	-1.20920969638821	0.226582293445744	0.999831983216163
ENSMUSG00000030127	3001.00418652746	0.0515078188754954	0.0858194559948015	0.600156901857694	0.548401673304008	0.999831983216163
ENSMUSG00000029823	12888.8997287371	-0.0654325589038641	0.0931222315941272	-0.702766338249364	0.482201378262537	0.999831983216163
ENSMUSG00000029534	650.991413799347	-0.0597152044412449	0.100395289901143	-0.594804110954296	0.551974419315457	0.999831983216163
ENSMUSG00000064293	1902.74526443215	-0.0172917959506465	0.0909562435871175	-0.190119891001413	0.849215183580171	0.999831983216163
ENSMUSG00000000693	116.100083456958	-0.00712118161930818	0.121718376432707	-0.0585068104287353	0.953344937851638	0.999831983216163
ENSMUSG00000030203	1980.08784439295	-0.0441447327193948	0.0958102903053762	-0.460806284375992	0.644937592605202	0.999831983216163
ENSMUSG00000002897	415.756197546516	-0.0092470607796577	0.116447083156235	-0.0794166434988501	0.936701230854752	0.999831983216163
ENSMUSG00000001424	2112.42703555416	0.0400222916130605	0.085618266711835	0.467440177697725	0.640184982886063	0.999831983216163
ENSMUSG00000000184	408.151612563757	-0.0322226796057822	0.111840434258466	-0.288120671624885	0.773254369588022	0.999831983216163
ENSMUSG00000073002	49.8478345650319	0.0604721756057791	0.11522748955869	0.523270399881202	0.600786096508772	0.999831983216163
ENSMUSG00000030188	195.644578754166	0.0555780706013719	0.117327332549495	0.473606838049075	0.635780298326275	0.999831983216163
ENSMUSG00000009145	23.1493395317408	0.0459976613816252	0.0901726592732484	0.504054766813396	0.614222891879034	0.999831983216163
ENSMUSG00000030108	561.872575796843	-0.080801192195129	0.116639094200797	-0.693139340068397	0.488222111462224	0.999831983216163
ENSMUSG00000007458	1149.25088261967	0.0376926804078862	0.094012066500279	0.400924722080235	0.688475547765132	0.999831983216163
ENSMUSG00000030148	18.6984043151404	-0.052014505372374	0.0909331175744325	-0.577621798687372	0.563519486443571	0.999831983216163
ENSMUSG00000029804	6660.24827822808	0.0807452296954907	0.0793844788130217	1.0170772836387	0.309116665852508	0.999831983216163
ENSMUSG00000030199	740.134673296592	-0.0910750670657344	0.101736607119453	-0.895260092880751	0.370648067873917	0.999831983216163
ENSMUSG00000030055	83.5736737001825	0.0449641242811517	0.121172834753341	0.370855517728284	0.710745147970975	0.999831983216163
ENSMUSG00000029833	1351.8877505009	-0.116363255626086	0.0919833357543966	-1.26517965982446	0.205806932114638	0.999831983216163
ENSMUSG00000000440	101.609373527948	0.131529235283868	0.121882937321359	1.07699620692896	0.281481960250935	0.999831983216163
ENSMUSG00000036667	10088.5996686203	0.066483486369811	0.0877321083625728	0.75772172944083	0.448617587772083	0.999831983216163
ENSMUSG00000029816	72.2036210106715	0.163561258342436	0.120196975673147	1.35438062186669	0.175614976686713	0.999831983216163
ENSMUSG00000038252	1748.68549262977	-0.0739578551668231	0.0886190016836768	-0.834595615961072	0.403945431381139	0.999831983216163
ENSMUSG00000045613	425.086999879786	0.112796015886629	0.101729457076615	1.09148072972668	0.275061406679277	0.999831983216163
ENSMUSG00000061758	651.471297455854	0.146385109322491	0.0991428855554843	1.47634448260653	0.139851438343626	0.999831983216163
ENSMUSG00000079494	100.82779570765	-0.0896440426030635	0.121699523266546	-0.738143396980367	0.46042731483059	0.999831983216163
ENSMUSG00000003500	1165.31042704592	0.00270280095517835	0.0929127601157226	0.0290891011881358	0.976793528113016	0.999831983216163
ENSMUSG00000049112	25.4073597847036	0.00466385834363582	0.0996953396537524	0.0468042876908754	0.962669211697477	0.999831983216163
ENSMUSG00000056305	997.386007912813	-0.0254942719937818	0.0964515105841401	-0.26431984135495	0.791533472599345	0.999831983216163
ENSMUSG00000030047	42.0227135796247	-0.0485473926852467	0.112058773807474	-0.434410850609841	0.663990119740379	0.999831983216163
ENSMUSG00000055172	21.1299012757816	0.0760586426928696	0.0897777163742855	0.834336034243386	0.404091651565438	0.999831983216163
ENSMUSG00000040187	226.61406931204	-0.0194940326502598	0.117772006555682	-0.165485655107152	0.868561739734359	0.999831983216163
ENSMUSG00000062519	2390.95345176207	-0.117603065490672	0.0859282046201683	-1.36874988798465	0.171077470106541	0.999831983216163
ENSMUSG00000057604	82.6617427137226	0.0911048092739955	0.120072223912047	0.757199999282776	0.448930050651929	0.999831983216163
ENSMUSG00000079477	9163.8958373875	-0.0633671238076864	0.0780611099590314	-0.81180152337912	0.416905527810613	0.999831983216163
ENSMUSG00000002222	14490.9795932415	-0.0210482251856817	0.0903991854878609	-0.232847228368559	0.815880037753804	0.999831983216163
ENSMUSG00000029775	6858.01035818782	-0.0372330403013315	0.0799326128497542	-0.465820606417481	0.641343913937468	0.999831983216163
ENSMUSG00000033963	39.3878052734688	-0.0563724904188175	0.107878899886593	-0.526038919464147	0.59886116595585	0.999831983216163
ENSMUSG00000091983	11.1203482241828	-0.0574749156002465	0.0753860439348625	-0.780431652377453	0.435136843015044	0.999831983216163
ENSMUSG00000038028	913.290924784334	0.0102036983050494	0.0941468911591997	0.108379919811567	0.913694328970153	0.999831983216163
ENSMUSG00000029821	437.811361799473	0.148055989284396	0.106045744896873	1.39577142412333	0.162783338139875	0.999831983216163
ENSMUSG00000035125	358.903830398985	-0.000856788821277033	0.109112096642174	-0.00785217652512744	0.993734933962493	0.999831983216163
ENSMUSG00000058446	1149.88228551521	0.0277358575174115	0.0929805164141186	0.298302598910224	0.765472220896266	0.999831983216163
ENSMUSG00000030357	8015.85873628247	-0.0439809754455807	0.0813189613381503	-0.540870769411816	0.588596659734013	0.999831983216163
ENSMUSG00000048489	59.0298057756045	-0.0374825979533295	0.0585516270763879	-0.672434493680036	0.501307129617929	0.999831983216163
ENSMUSG00000030104	961.441044357068	0.00498610496688643	0.0930031218674395	0.0536126297625725	0.957243793889683	0.999831983216163
ENSMUSG00000037788	1760.52505935475	-0.0205738388005882	0.0934698546880325	-0.220123831485348	0.825774715125759	0.999831983216163
ENSMUSG00000046806	51.5537163660771	0.0967859136602461	0.115836279413615	0.831447267317638	0.405721006240681	0.999831983216163
ENSMUSG00000030138	1874.97732131095	0.0480338546712743	0.0908889530014075	0.528474788884181	0.5971698408333	0.999831983216163
ENSMUSG00000030340	38.1738223442285	0.0677511737176997	0.106950874478942	0.630095430368687	0.528632149267086	0.999831983216163
ENSMUSG00000030086	624.662648062228	0.0599704603315401	0.105586314137447	0.56790228344283	0.570101321364815	0.999831983216163
ENSMUSG00000059900	35.0710270988784	-0.139794235596418	0.107577136794816	-1.31683093169087	0.187895302119595	0.999831983216163
ENSMUSG00000014551	1225.10796782337	-0.0517739322022592	0.0926758398862131	-0.558698288491022	0.576367647598281	0.999831983216163
ENSMUSG00000042213	341.266054395031	0.162318380064864	0.11404434199718	1.42248395079989	0.154885807370093	0.999831983216163
ENSMUSG00000033769	3807.61074843984	0.0758065278722355	0.0831363396966946	0.911782745259026	0.361883095278777	0.999831983216163
ENSMUSG00000000439	960.849428410883	-0.0622513204925628	0.0922082441335944	-0.675125083825317	0.499596298245275	0.999831983216163
ENSMUSG00000041671	321.764140037977	-0.0618100288353543	0.112598368256389	-0.548991994071056	0.583010944024645	0.999831983216163
ENSMUSG00000030079	1026.17686289398	0.119703830953596	0.0923297804392729	1.29637292583216	0.194847035043108	0.999831983216163
ENSMUSG00000023191	1342.57535641128	-0.0133196334197781	0.104125032515938	-0.127913576806017	0.898217366573863	0.999831983216163
ENSMUSG00000056832	267.517342167789	0.118839039328423	0.114441304894957	1.03797550870293	0.29928145741037	0.999831983216163
ENSMUSG00000052962	1244.85369987444	0.0531042736864628	0.0905700496151075	0.5863102876304	0.557667018932167	0.999831983216163
ENSMUSG00000001518	1474.92871258525	-0.0404789786034894	0.0969047390838066	-0.417729443417368	0.676144942548904	0.999831983216163
ENSMUSG00000029759	164.237481442276	0.0158834374099987	0.121402279295727	0.130737248648157	0.895983165061252	0.999831983216163
ENSMUSG00000032641	485.700896038693	0.127817023994155	0.103088262217111	1.23971197299481	0.215081947036804	0.999831983216163
ENSMUSG00000042873	2840.62149215242	-0.00748360612213661	0.101532920187909	-0.0737082263976515	0.941242552878744	0.999831983216163
ENSMUSG00000041301	14.2505418523351	-0.00712210149466638	0.0803406668495874	-0.0889990861982857	0.929082636347505	0.999831983216163
ENSMUSG00000002797	574.885628426076	0.0244020541349616	0.105811513681824	0.230629144059027	0.817602924215402	0.999831983216163
ENSMUSG00000051256	780.442126472376	0.00786721618648706	0.0983352828666769	0.0800034612902986	0.936234503085664	0.999831983216163
ENSMUSG00000025701	20.7901183852189	-0.028748681219242	0.0943728942817496	-0.306103284010416	0.759526007590557	0.999831983216163
ENSMUSG00000032757	1139.4557992741	-0.0575107603036276	0.0930118121169126	-0.618359294471718	0.536338523931597	0.999831983216163
ENSMUSG00000030324	32.8713790531958	0.0425172482319238	0.106622988145198	0.397179372025006	0.69123519255772	0.999831983216163
ENSMUSG00000005362	1996.1224883743	0.0902655918638507	0.0869802223820897	1.03771695988751	0.299401846722801	0.999831983216163
ENSMUSG00000030284	913.511717967756	-0.0584704892915208	0.0940373539441871	-0.621780310065647	0.534086335157968	0.999831983216163
ENSMUSG00000048216	1411.44314276989	-0.0168717445782658	0.0933214479951398	-0.180800532483206	0.856524145137148	0.999831983216163
ENSMUSG00000072772	435.533093480117	0.0688800979640367	0.108024351292857	0.637480625015459	0.523811826315028	0.999831983216163
ENSMUSG00000071537	65.3167715394131	0.00749439587175194	0.118993208326177	0.0629784099941814	0.949783696514897	0.999831983216163
ENSMUSG00000045725	54.4452504856805	0.0456764307483448	0.112960354148413	0.40364341826977	0.686474952885861	0.999831983216163
ENSMUSG00000034744	357.160605147246	0.0456572534518979	0.110955811934348	0.411445537013813	0.68074586914526	0.999831983216163
ENSMUSG00000030084	2530.09382321918	-0.0950986238635755	0.0856728932178804	-1.1101028681292	0.266954701460173	0.999831983216163
ENSMUSG00000034037	289.08351654743	0.197481294999149	0.111885096971108	1.76390574855198	0.0777478488671052	0.999831983216163
ENSMUSG00000033735	561.431167523058	0.0350497699614183	0.100287654196233	0.349479876575345	0.726729075751537	0.999831983216163
ENSMUSG00000030064	667.311824683758	-0.0258959914879038	0.102443042168375	-0.252769487301193	0.800446347762908	0.999831983216163
ENSMUSG00000015733	8911.30607651927	0.0140260193138434	0.0771902410643303	0.181706295767231	0.855813224920793	0.999831983216163
ENSMUSG00000035245	1111.86698565496	0.0745710954661803	0.0943585836582131	0.790248355477502	0.429382741080269	0.999831983216163
ENSMUSG00000030237	2897.50766264444	-0.0660505218502765	0.0965813525421013	-0.684017638916847	0.493964027577544	0.999831983216163
ENSMUSG00000059689	862.55377479262	0.0182218603137941	0.102586628459583	0.177610221221716	0.85902909680358	0.999831983216163
ENSMUSG00000000058	909.847625690002	0.0584673738357978	0.102153837185626	0.572273881950538	0.567136441148822	0.999831983216163
ENSMUSG00000024104	13958.5459888362	0.0356483962998749	0.0909276046896518	0.392025461215706	0.695039401180754	0.999831983216163
ENSMUSG00000051586	5915.95008569088	-0.131707815046698	0.0859691794109855	-1.53229844107838	0.125448805638624	0.999831983216163
ENSMUSG00000030134	3420.11148668569	0.0945600956797435	0.0811276857417899	1.16549142636903	0.243820128677102	0.999831983216163
ENSMUSG00000071226	660.140966402281	-0.0166233155432943	0.104963403426929	-0.158395346748798	0.874145280250547	0.999831983216163
ENSMUSG00000040112	988.957004479532	-0.0299986287174226	0.0941519879899682	-0.318611058367118	0.750021466792426	0.999831983216163
ENSMUSG00000004631	1074.42500583223	-0.0558984897719202	0.094900909938951	-0.589021717120508	0.555846705385592	0.999831983216163
ENSMUSG00000042079	1944.48134675152	-0.0714285468354792	0.0891541713915604	-0.801250880801991	0.422986420655967	0.999831983216163
ENSMUSG00000039904	2165.34887414157	-0.065939405179979	0.0867148972546957	-0.760448529691651	0.446986524279364	0.999831983216163
ENSMUSG00000030157	179.484833733468	0.095722958946744	0.119668548842873	0.79899565797527	0.424292929702993	0.999831983216163
ENSMUSG00000007827	1535.71465366927	-0.0124678161166514	0.101777314034322	-0.122513867411319	0.902492064117063	0.999831983216163
ENSMUSG00000000811	184.749058264091	0.148689082560091	0.117913811823959	1.26001576631113	0.207663674723336	0.999831983216163
ENSMUSG00000029757	4792.54205368506	0.103890274500974	0.0806106073726498	1.2886916273603	0.197505314406892	0.999831983216163
ENSMUSG00000033082	40.4883941277706	-0.0993472483862997	0.110915316882708	-0.902766366240696	0.366649905206004	0.999831983216163
ENSMUSG00000063568	635.099725895902	-0.0723624797412015	0.10278351995238	-0.704110839578298	0.4813637502111	0.999831983216163
ENSMUSG00000030168	4074.81987750684	-0.0766570605620908	0.106263664901908	-0.721685748455423	0.47048770610288	0.999831983216163
ENSMUSG00000029860	2413.86344367757	-0.0197579075337566	0.0918970052166331	-0.214999575640511	0.829767649413592	0.999831983216163
ENSMUSG00000056952	1442.54420205168	-0.0523134801130379	0.0982162765546455	-0.532728525072992	0.594221517207191	0.999831983216163
ENSMUSG00000038388	3770.01640593995	-0.14594547481155	0.0869213694048115	-1.67937457710055	0.093079064787711	0.999831983216163
ENSMUSG00000030346	137.580298441921	0.0464370997145834	0.120884654472424	0.383949969231734	0.701015529378145	0.999831983216163
ENSMUSG00000030180	3120.90955351603	-0.00284976413609608	0.0995097593083828	-0.0286383961211016	0.977152988956958	0.999831983216163
ENSMUSG00000023456	11552.7420846569	0.0878312395350132	0.0865452912839415	1.01471690611586	0.310240792897748	0.999831983216163
ENSMUSG00000062190	2785.49838033152	-0.0205474514137416	0.0849197572420531	-0.241970255870489	0.808803210838562	0.999831983216163
ENSMUSG00000029913	245.443645755146	-0.0497579567590566	0.115480192449716	-0.431010658335006	0.666460620677821	0.999831983216163
ENSMUSG00000038648	569.526435620649	-0.129596792756144	0.113926301294029	-1.13838520820696	0.254959667850349	0.999831983216163
ENSMUSG00000043541	70.6332629221851	0.120346137864767	0.120291933191662	0.997152134061697	0.318690670694052	0.999831983216163
ENSMUSG00000040242	3679.46229367071	-0.0225021774927591	0.0806145305901163	-0.279138714862682	0.780138373286986	0.999831983216163
ENSMUSG00000002416	1932.51319987231	-0.0295556160513416	0.0937560383110482	-0.31525879100504	0.752565170812258	0.999831983216163
ENSMUSG00000030207	5836.41494088822	0.0525942833120256	0.0792594788051708	0.663545773223123	0.506981073940545	0.999831983216163
ENSMUSG00000004267	25835.6120713981	-0.0123815889780322	0.0781011946776932	-0.158533627522356	0.874036324770494	0.999831983216163
ENSMUSG00000006269	18.4202620642974	-0.0234423371246307	0.0891023696854635	-0.264285309172985	0.791560079548324	0.999831983216163
ENSMUSG00000052581	156.032288363107	-0.0496037883600879	0.121670538980857	-0.40799009196142	0.68328094903831	0.999831983216163
ENSMUSG00000040649	1296.64205409783	0.00633715442807524	0.0947177954830306	0.0669076458793034	0.946655226149171	0.999831983216163
ENSMUSG00000064177	91.253942772833	-0.0571001429060184	0.120043758510989	-0.476483474316735	0.633729977915052	0.999831983216163
ENSMUSG00000009112	1665.58780767082	-0.0367864658933632	0.0900688342254889	-0.408449904397533	0.682943401783316	0.999831983216163
ENSMUSG00000056091	4538.00369513286	-0.0851952178125948	0.106491931468758	-0.80039323126196	0.423483001455358	0.999831983216163
ENSMUSG00000039130	658.882315954657	0.038487432580415	0.100920538147742	0.381319242548084	0.702966376879025	0.999831983216163
ENSMUSG00000029686	6053.49938513589	0.0313507149161222	0.0778135892351479	0.402887071498248	0.687031302646312	0.999831983216163
ENSMUSG00000032827	5288.56091879176	-0.0446953292847164	0.102751239002172	-0.435077341238583	0.663506289792805	0.999831983216163
ENSMUSG00000001157	1622.47714098328	-0.0356375990989751	0.0857632816379212	-0.415542638387378	0.677744708400198	0.999831983216163
ENSMUSG00000018999	1696.28534809215	0.0854416756273966	0.0871975949988762	0.97979467658741	0.327187480385905	0.999831983216163
ENSMUSG00000025702	3084.51145052064	-0.121000896463886	0.0896554302020666	-1.34986735861206	0.177058533618542	0.999831983216163
ENSMUSG00000039629	7396.3412916938	0.0874154456545699	0.0907502827579755	0.963094111813343	0.335500296426697	0.999831983216163
ENSMUSG00000034023	25.5095680193508	-0.0623732505762213	0.100361869733664	-0.626464404117254	0.531010377593619	0.999831983216163
ENSMUSG00000030077	11625.5715541501	-0.116721330119316	0.0913759490846625	-1.27771034453698	0.201351576427815	0.999831983216163
ENSMUSG00000030263	18.9949638771462	0.00811175600703695	0.0921151733712974	0.0879032716610672	0.929953556263308	0.999831983216163
ENSMUSG00000025609	6139.74309068798	-0.0433763623060258	0.0905649787389215	-0.478994891812379	0.631942262654076	0.999831983216163
ENSMUSG00000029925	60.0168899108065	0.0102235458652419	0.118451639227769	0.0862623607648252	0.931257858665001	0.999831983216163
ENSMUSG00000039985	61.3848941962375	0.000422907334053733	0.117136945547977	0.00361056639419834	0.997119191077445	0.999831983216163
ENSMUSG00000057230	22789.7225338342	-0.0235649443950671	0.0782398245968086	-0.301195145287723	0.763265691547777	0.999831983216163
ENSMUSG00000032766	745.895273182769	0.0802877283320948	0.106389727632896	0.754436915102214	0.450586912323014	0.999831983216163
ENSMUSG00000052337	6015.05156403911	-0.000205993807878917	0.0812676187915159	-0.002534188976111	0.997978011906044	0.999831983216163
ENSMUSG00000057137	12.3945977273109	-0.0389226095734038	0.0776996670264079	-0.5068156978817	0.612284140803507	0.999831983216163
ENSMUSG00000040370	1152.9419529221	0.0160909221999399	0.0953722932598976	0.168711845458531	0.866023301019213	0.999831983216163
ENSMUSG00000053012	1147.47901562685	-0.0830323504701081	0.0913406524181603	-0.909095015436102	0.363299973511317	0.999831983216163
ENSMUSG00000030092	3242.03616122601	0.112160099892545	0.0831276093793845	1.34911507145099	0.177300008030095	0.999831983216163
ENSMUSG00000030214	14.1347278298385	0.00391660426761521	0.0811725358126011	0.0482189338276422	0.961541760725769	0.999831983216163
ENSMUSG00000029859	58.9650633343299	-0.0892377792749529	0.116655709688839	-0.767886802404746	0.442554438796169	0.999831983216163
ENSMUSG00000029836	2049.8624400523	-0.0917481360118883	0.085814481045963	-1.06922225041635	0.284969534926031	0.999831983216163
ENSMUSG00000055027	95.6261402255195	0.151915184354823	0.121851819225212	1.24343402104721	0.213707940055256	0.999831983216163
ENSMUSG00000039347	8176.80209208139	-0.00840912926784489	0.0791817961218488	-0.106200084378641	0.91542360400182	0.999831983216163
ENSMUSG00000043421	89.8258245524696	0.0924930200904786	0.121556244616363	0.759114672033452	0.447783963080475	0.999831983216163
ENSMUSG00000030330	83.6456863177286	-0.0881303963325816	0.11672412495073	-0.757983089996165	0.448461106020361	0.999831983216163
ENSMUSG00000033940	2465.45937908392	-0.0429885935085823	0.0880611393013592	-0.488186905987468	0.625417458395756	0.999831983216163
ENSMUSG00000004347	4720.10123400544	-0.00849350661048164	0.08337655140482	-0.101869205947163	0.918860492868834	0.999831983216163
ENSMUSG00000030232	3706.63517426632	-0.0127877270288544	0.0853293277100063	-0.149866916419694	0.880869613750647	0.999831983216163
ENSMUSG00000034083	1142.98209767937	0.0355165147260646	0.0957016494958327	0.371123157066483	0.710545803882032	0.999831983216163
ENSMUSG00000030306	2038.55445720343	-0.0272354466776091	0.0913607724353463	-0.298128980399118	0.76560472355948	0.999831983216163
ENSMUSG00000107499	223.310707697595	0.0416837654271493	0.118579217376416	0.351279220526076	0.725378882486293	0.999831983216163
ENSMUSG00000056755	808.439461725922	0.121102335666441	0.1058775066067	1.14346691930569	0.252844781944433	0.999831983216163
ENSMUSG00000004285	1826.5859581396	0.0040420478152105	0.091044099995266	0.0443966395282067	0.964588240277514	0.999831983216163
ENSMUSG00000030243	403.546093021311	-0.150588995280005	0.10634295143186	-1.41616935053473	0.156725927241006	0.999831983216163
ENSMUSG00000034312	9309.60971963809	0.0114626436575367	0.0808068083454352	0.141851196771231	0.887197543726864	0.999831983216163
ENSMUSG00000030287	966.087160484197	-0.100949235186365	0.101738511494834	-0.992541418429006	0.320933485448802	0.999831983216163
ENSMUSG00000023089	1119.06621100854	0.135968246328661	0.0969950083884053	1.40154622553084	0.161050794588852	0.999831983216163
ENSMUSG00000030225	105.392440940638	-0.126265402275973	0.121657760627781	-1.04104508158052	0.297854625875265	0.999831983216163
ENSMUSG00000029571	11463.1586155496	0.0621803259621232	0.0847905210119279	0.733281273841103	0.463386893976271	0.999831983216163
ENSMUSG00000000182	28.0698395030515	0.0464178778666259	0.100884020498696	0.457417126623272	0.647371256580638	0.999831983216163
ENSMUSG00000046192	181.513880428422	-0.0930788153169597	0.118496717905341	-0.785934778653825	0.431905698124849	0.999831983216163
ENSMUSG00000073155	541.970371847729	-0.0853156507105595	0.103021180910153	-0.828132542052327	0.407595441850081	0.999831983216163
ENSMUSG00000033152	3428.43345647273	-0.0454126341603911	0.0881215859408817	-0.515359923616364	0.606301532003185	0.999831983216163
ENSMUSG00000053119	4103.48468678251	0.120610860802759	0.0807386062783735	1.49371636682039	0.135249768848712	0.999831983216163
ENSMUSG00000029802	925.568473438846	-0.114577989587099	0.0931828016581124	-1.22965536640696	0.218826187435721	0.999831983216163
ENSMUSG00000038077	2354.05209228459	0.0990297172542569	0.0879021244744658	1.1264822925009	0.25996143161121	0.999831983216163
ENSMUSG00000052861	648.423239612477	0.066984234322304	0.10710497287064	0.625344828649446	0.531744763880818	0.999831983216163
ENSMUSG00000079523	1808.03397790162	-0.108530977305683	0.0985212592808803	-1.10185774279382	0.270523522209129	0.999831983216163
ENSMUSG00000002871	1794.59664397141	0.00728031008078994	0.102509315502248	0.0710168743866123	0.943384325580558	0.999831983216163
ENSMUSG00000030043	47.2358166599028	0.143698596416551	0.103810979980508	1.36573951315453	0.172020737518558	0.999831983216163
ENSMUSG00000029992	3648.79066090748	0.00937217305326545	0.0888493553154192	0.105484443147915	0.91599141368675	0.999831983216163
ENSMUSG00000012535	2783.90813046462	0.0368097190133604	0.0844304725040076	0.435970483190273	0.662858145328615	0.999831983216163
ENSMUSG00000041372	55.7354434889647	0.138733607833785	0.11682794150066	1.18133736864424	0.237468727946929	0.999831983216163
ENSMUSG00000040102	1790.57138720568	0.0243326787230798	0.0913822332831141	0.266272478237294	0.790029367384233	0.999831983216163
ENSMUSG00000051262	58.717391471109	-0.129038024534733	0.118186811587537	-1.09697333607683	0.272653048207162	0.999831983216163
ENSMUSG00000003476	44.3106488957056	0.136637637306607	0.112654060897682	1.20310094420357	0.228937260066076	0.999831983216163
ENSMUSG00000052144	3795.74035544209	-0.0892648237885434	0.0872167532458885	-1.02361194884995	0.306018599163629	0.999831983216163
ENSMUSG00000029761	2375.4382270483	0.0633180263978173	0.0903013746968127	0.701121306571641	0.483227314569927	0.999831983216163
ENSMUSG00000030213	4724.20825448325	-0.109228668184269	0.0994855575698943	-1.09835255722558	0.272050570342685	0.999831983216163
ENSMUSG00000073096	350.32227368938	0.00699093360525459	0.120175270278178	0.0581585444478457	0.953622341536796	0.999831983216163
ENSMUSG00000030350	2499.79238001813	-0.0718432824002095	0.10740886858366	-0.669159984845174	0.503393428898399	0.999831983216163
ENSMUSG00000029735	275.334359696578	-0.00770594483717506	0.113196942697219	-0.068076911578199	0.945724409600927	0.999831983216163
ENSMUSG00000004655	267.565891916592	0.119618886931132	0.121882247652351	0.977637029593334	0.328253876186518	0.999831983216163
ENSMUSG00000038279	792.30497844026	0.0683156629869476	0.0946154278891608	0.722026833917081	0.470277979779444	0.999831983216163
ENSMUSG00000014554	823.09532858429	-0.017045342415553	0.101800703781638	-0.167425706125207	0.867035100075242	0.999831983216163
ENSMUSG00000047420	138.004726382455	-0.214436048802576	0.121794199850277	-1.77034055032545	0.0766704267781657	0.999831983216163
ENSMUSG00000002870	292.04131882757	0.0690773361018541	0.111776428349795	0.617904743691237	0.536638131849978	0.999831983216163
ENSMUSG00000059187	94.9668640195813	0.215741985267885	0.118761976156757	1.80245312689434	0.0714741430381908	0.999831983216163
ENSMUSG00000034430	1225.66275674162	-0.124761866257061	0.0925395217073915	-1.34828461364695	0.17756685895215	0.999831983216163
ENSMUSG00000029687	449.946848730248	-0.0927411573681271	0.105930511898172	-0.875655565780288	0.381217308121522	0.999831983216163
ENSMUSG00000029915	35.4045693632208	0.0348196440530762	0.106015271571228	0.327679099100853	0.743154308142405	0.999831983216163
ENSMUSG00000029701	2170.15622515569	-0.0420553521240445	0.0869923766595522	-0.483442704153121	0.628781432770022	0.999831983216163
ENSMUSG00000030269	680.411613837326	-0.02363286553839	0.102295306985573	-0.2310356694144	0.817287091357577	0.999831983216163
ENSMUSG00000072704	8210.27094856865	-0.00999939394654471	0.0817371468672157	-0.122337488617459	0.902631743341953	0.999831983216163
ENSMUSG00000030032	242.322508962795	0.0274025028059104	0.114892032754759	0.238470935554268	0.811515855241482	0.999831983216163
ENSMUSG00000060882	11996.653483583	-0.060826615198483	0.0806753129051772	-0.75401855924705	0.45083807762674	0.999831983216163
ENSMUSG00000019124	11323.3659635403	-0.123510867758621	0.0892136175830077	-1.38476161770594	0.166125370882122	0.999831983216163
ENSMUSG00000030309	702.148349957938	0.100355250758882	0.0986687193927158	1.01701376826308	0.309146879685296	0.999831983216163
ENSMUSG00000003153	5650.00835006076	-0.0526003940077355	0.078521747841977	-0.669910091458891	0.502915106299086	0.999831983216163
ENSMUSG00000046178	933.232347602415	0.162069910283467	0.104009608003894	1.55750758019349	0.119350022286578	0.999831983216163
ENSMUSG00000036390	138.693643962214	0.0893371901474506	0.121031626822096	0.73733115946505	0.460920987800101	0.999831983216163
ENSMUSG00000030231	3805.60016856382	0.0431399442031935	0.0840334866190492	0.513337354227508	0.607715358616642	0.999831983216163
ENSMUSG00000029669	680.544379419212	0.0666452983501103	0.104432235440683	0.638126824303782	0.523391126397945	0.999831983216163
ENSMUSG00000061838	977.765222203699	0.0132096738131877	0.0950139444774211	0.13902945574914	0.889426872758864	0.999831983216163
ENSMUSG00000030035	771.640673022404	-0.0453361072861162	0.10400696801522	-0.43590238137853	0.66290755727268	0.999831983216163
ENSMUSG00000018341	31.7612536177345	0.048672980693022	0.105651940180474	0.459096767049417	0.646164678189136	0.999831983216163
ENSMUSG00000030088	2699.56923270712	-0.0310921458647229	0.0882026023160885	-0.35252593024335	0.724443875488952	0.999831983216163
ENSMUSG00000041377	56.7752599796518	0.0263178285346132	0.116750356566703	0.224950920116055	0.822017455755614	0.999831983216163
ENSMUSG00000041477	704.445799761299	-0.0542394444798408	0.101019974659251	-0.536911273299935	0.591328903571416	0.999831983216163
ENSMUSG00000030091	1162.0642059763	0.0225272338820877	0.0926169750384368	0.243233684051633	0.807824374153146	0.999831983216163
ENSMUSG00000029810	634.396662193348	0.0939914415869385	0.100035789983082	0.939454768846755	0.347497304623339	0.999831983216163
ENSMUSG00000038665	821.843988849782	-0.184262365544586	0.102654927460381	-1.79572599531185	0.0725381054676791	0.999831983216163
ENSMUSG00000029924	1666.40984752426	-0.0682687016915979	0.0861668254924018	-0.792296514425241	0.428187803602432	0.999831983216163
ENSMUSG00000042042	1226.67998207113	-0.0536253491488424	0.0910745627782533	-0.588840729324763	0.555968120850164	0.999831983216163
ENSMUSG00000055850	1457.08079059574	0.0606714703387654	0.0890936097565466	0.68095484103547	0.495900065435131	0.999831983216163
ENSMUSG00000030347	1049.99279806804	0.0815818992568687	0.0920373135089381	0.886354589880835	0.375426480981992	0.999831983216163
ENSMUSG00000019689	283.508357565133	0.0968929539321046	0.11614915140623	0.833756987189093	0.404417937988692	0.999831983216163
ENSMUSG00000048794	122.67984770762	0.0867753262078413	0.121844142559468	0.711548260858252	0.4767445556714	0.999831983216163
ENSMUSG00000001158	1293.63560531754	-0.035342057904706	0.0901073093547944	-0.392224013233136	0.694892702768863	0.999831983216163
ENSMUSG00000064262	71.9715427398785	0.0641164278230787	0.119455083214306	0.536020827433447	0.591944156237805	0.999831983216163
ENSMUSG00000044155	845.726758754648	0.00196467410447085	0.0951999991426869	0.0206385965561838	0.983533951416289	0.999831983216163
ENSMUSG00000002413	6424.27187491929	-0.0016884331932679	0.0870234920512557	-0.0194016526956517	0.984520691997007	0.999831983216163
ENSMUSG00000015053	169.389557843929	0.00369913724030211	0.121329540289208	0.0304750240229899	0.975688212069535	0.999831983216163
ENSMUSG00000090698	264.930404209838	0.0408968867426635	0.0747804611885222	0.537629027863884	0.590833185826339	0.999831983216163
ENSMUSG00000030224	5516.51990330473	-0.0289882059772434	0.077552780348407	-0.373793777053871	0.708557749651038	0.999831983216163
ENSMUSG00000030161	6900.74613997907	0.122772792578723	0.078936466898036	1.55518300885818	0.119902489759316	0.999831983216163
ENSMUSG00000029767	5016.21786000681	-0.0808868638250567	0.0842235241537355	-0.960476208329202	0.336815599455757	0.999831983216163
ENSMUSG00000005225	1401.08499764853	-0.109742636478407	0.0968794356719021	-1.13304454053518	0.25719554929165	0.999831983216163
ENSMUSG00000030075	399.017625567362	0.0657267816698485	0.11052467826968	0.59462000618817	0.552097503974907	0.999831983216163
ENSMUSG00000030281	129.339219631813	-0.0499563125818047	0.12168098650481	-0.410616978164155	0.681353412259198	0.999831983216163
ENSMUSG00000038213	193.479776010333	0.124014527843819	0.120578017483353	1.02677957713212	0.304524268149721	0.999831983216163
ENSMUSG00000030004	75.0578645754506	-0.00397100020033011	0.119799486638732	-0.033123849285317	0.973575824203448	0.999831983216163
ENSMUSG00000030272	1674.50691057087	0.019947188706412	0.0951006628215211	0.209740401692826	0.83387029081732	0.999831983216163
ENSMUSG00000059486	2945.26945780006	-0.00751504982896251	0.091507357721086	-0.0821274786519842	0.934545342124782	0.999831983216163
ENSMUSG00000030351	831.824473356362	-0.0273227450343301	0.0976413603957213	-0.27984867567343	0.779593605275236	0.999831983216163
ENSMUSG00000049001	603.658698647578	-0.117020989947033	0.10435361739064	-1.12167832141783	0.261999237159817	0.999831983216163
ENSMUSG00000061353	2294.02867594642	-0.127222135449052	0.0859350610345494	-1.48057269767799	0.13872047525065	0.999831983216163
ENSMUSG00000030029	2918.87663097799	-0.00923054594338793	0.0858554371960222	-0.107514525322547	0.914380802574404	0.999831983216163
ENSMUSG00000046679	704.170847806702	0.0360369510474228	0.096356660857879	0.373992659446249	0.708409777478373	0.999831983216163
ENSMUSG00000037826	2419.47420289434	-0.0165283804929555	0.0911051343925808	-0.181424449177497	0.856034429631771	0.999831983216163
ENSMUSG00000029777	4447.34527278093	0.0135840131060169	0.0792274893455997	0.171455229158839	0.863865831052149	0.999831983216163
ENSMUSG00000038429	4878.63185496693	0.110347836810619	0.0795108726360149	1.38771440136857	0.165224028947319	0.999831983216163
ENSMUSG00000030060	727.407790931894	-0.0420855683936573	0.0980908435117723	-0.429052285418099	0.66788517494204	0.999831983216163
ENSMUSG00000033542	266.178090651766	0.012963199824369	0.11304484696084	0.114671525835894	0.908705484105071	0.999831983216163
ENSMUSG00000041741	1142.57811156788	-0.00683304303116499	0.0996087029580298	-0.0686010827773008	0.945307156967673	0.999831983216163
ENSMUSG00000091625	160.642849352422	-0.0717000543393303	0.119910070958859	-0.598133813882945	0.549750649596072	0.999831983216163
ENSMUSG00000041390	269.474543357435	0.0892269622809998	0.120780538900747	0.737359806221476	0.460903571445405	0.999831983216163
ENSMUSG00000052852	789.617770896007	0.00218575309771322	0.0993711723624869	0.0219982482594263	0.982449352887263	0.999831983216163
ENSMUSG00000025607	2368.97668697404	-0.0118682034604934	0.0840452014650039	-0.141214254463226	0.887700685486033	0.999831983216163
ENSMUSG00000049553	1263.46187734902	0.141166963927826	0.0949785874175175	1.48604680109548	0.137266742233741	0.999831983216163
ENSMUSG00000030310	23212.5022383087	-0.0349369182646639	0.0795927686037435	-0.43896217356307	0.660688945143555	0.999831983216163
ENSMUSG00000030124	78.1049030490894	-0.0552713442402399	0.120678203845853	-0.458463223138347	0.646619678637602	0.999831983216163
ENSMUSG00000016487	960.337320076544	-0.0439189610740735	0.0950078139301505	-0.462304218651957	0.643863174778542	0.999831983216163
ENSMUSG00000030246	17872.7070723599	0.137942972608251	0.0796261912673786	1.73213463854062	0.0832495931422696	0.999831983216163
ENSMUSG00000068328	1779.49217770664	0.0458771809885652	0.0944319254629956	0.485773924995754	0.627127463591423	0.999831983216163
ENSMUSG00000004268	351.407035261113	0.0142352553241888	0.113273567491686	0.125656061909355	0.900004183615986	0.999831983216163
ENSMUSG00000030307	4674.12311039085	0.175330021154891	0.1173303781846	1.47806747408008	0.139389718951472	0.999831983216163
ENSMUSG00000005069	1656.38921386609	-0.00849965743450954	0.0880789622093914	-0.0965004699587467	0.923123100696338	0.999831983216163
ENSMUSG00000059878	1372.4354200458	-0.0420086023062496	0.0870939032958326	-0.482341329065856	0.629563492419832	0.999831983216163
ENSMUSG00000025823	2091.18641660247	-0.165892678549625	0.0934038978290749	-1.77648061820744	0.0756537337160006	0.999831983216163
ENSMUSG00000038836	521.151369985362	0.174849168025384	0.102179171613153	1.71076646007289	0.0871242334337159	0.999831983216163
ENSMUSG00000009394	10015.6572243966	-0.0342711427121145	0.0760910744776932	-0.450407114400055	0.652416916035782	0.999831983216163
ENSMUSG00000004263	465.427927261996	0.0273781999349833	0.11081329447276	0.246996111913147	0.804911233116099	0.999831983216163
ENSMUSG00000029778	4914.57779261779	0.0194232022699035	0.081507716711655	0.238294571528867	0.811652631393505	0.999831983216163
ENSMUSG00000029999	825.026441404863	-0.0214244023410095	0.0964620742953384	-0.222099845473978	0.824236158149671	0.999831983216163
ENSMUSG00000029772	8766.14661611256	0.0750671505427174	0.0791809434622992	0.947986356246432	0.343136400054403	0.999831983216163
ENSMUSG00000030335	1389.65110099796	-0.0324484850490954	0.0890261453499049	-0.364493842333683	0.715489271134642	0.999831983216163
ENSMUSG00000008153	16735.4333250992	0.0503216122815426	0.0842366976999098	0.597343843217185	0.550277838317644	0.999831983216163
ENSMUSG00000001520	270.39043897268	0.0344446182460215	0.113077582809425	0.304556351934984	0.760704067653813	0.999831983216163
ENSMUSG00000048668	306.274412503313	-0.0561432894133934	0.111069512564188	-0.505489691283976	0.613214937110761	0.999831983216163
ENSMUSG00000063455	1774.60390236303	-0.110088044296748	0.110756937435499	-0.994749623947311	0.319858052700733	0.999831983216163
ENSMUSG00000053907	6875.37043355497	-0.120594929314257	0.0922198007874739	-1.3080482409142	0.190856947432537	0.999831983216163
ENSMUSG00000053063	11.1265673766476	0.120949220343512	0.0753029936845753	1.57346761449968	0.115610581502315	0.999831983216163
ENSMUSG00000030057	11577.2415911266	0.0655850805667683	0.0767770423207388	0.854182661282013	0.393003788635148	0.999831983216163
ENSMUSG00000032899	13.8195639391134	-0.0247911713772031	0.0827896743605246	-0.301296319364327	0.763188547323278	0.999831983216163
ENSMUSG00000049037	11.6686836754266	0.0110668107422643	0.0748940706420687	0.146831471359772	0.88326504334584	0.999831983216163
ENSMUSG00000030007	5402.26203192657	0.0152770335200511	0.0882831783981761	0.173042282471552	0.862618192304582	0.999831983216163
ENSMUSG00000060780	252.299941066358	0.0985840334094059	0.119230016616164	0.826051418278399	0.408774924655922	0.999831983216163
ENSMUSG00000038451	177.451776821921	0.00705516088127796	0.121303384795768	0.0581623327633638	0.953619324006256	0.999831983216163
ENSMUSG00000030037	755.450027924962	-0.0124712298095308	0.103137722600585	-0.120921201682358	0.903753448879879	0.999831983216163
ENSMUSG00000001761	764.48868865803	-0.107042316215428	0.104507237697408	-1.02451734076299	0.305590984550346	0.999831983216163
ENSMUSG00000030095	1200.46439939373	0.0894757870724617	0.0945772195851062	0.945986144951258	0.344155653021023	0.999831983216163
ENSMUSG00000008540	554.678939845085	0.108913117715276	0.103933856719627	1.04779484484378	0.294733138153332	0.999831983216163
ENSMUSG00000003154	2321.63902877184	-0.0677408036778998	0.0839829053818435	-0.806622836967011	0.419883812481777	0.999831983216163
ENSMUSG00000029843	903.509865084824	-0.0502109033310007	0.105863166199171	-0.47432315940789	0.635269478921616	0.999831983216163
ENSMUSG00000007216	213.257914048687	0.131053529207853	0.1161086340613	1.1281543272335	0.259254748775444	0.999831983216163
ENSMUSG00000038759	1857.8285871263	0.0692722356490159	0.086942708729845	0.796719520958239	0.425613944091517	0.999831983216163
ENSMUSG00000030209	949.342182926308	-0.130407929309288	0.109055826721801	-1.19673494218753	0.231409882991516	0.999831983216163
ENSMUSG00000060477	305.924835828933	-0.074578832732852	0.116658564514635	-0.639419468226169	0.522550087431746	0.999831983216163
ENSMUSG00000029916	1111.84528223852	0.012434467766758	0.091990533325058	0.135168425547517	0.892478710714713	0.999831983216163
ENSMUSG00000037984	215.401108672044	-0.0893951101758693	0.119730069889461	-0.747159036253214	0.454967567675979	0.999831983216163
ENSMUSG00000053007	668.545829385121	-0.0746707371076362	0.110236159179679	-0.677612634457968	0.498017333140674	0.999831983216163
ENSMUSG00000023505	22.6241225400641	-0.0210576305154789	0.0934113880260452	-0.226382363290658	0.82090404395202	0.999831983216163
ENSMUSG00000043505	23.4491928234526	0.0747715089148719	0.0974666817394694	0.760339159668505	0.447051880072802	0.999831983216163
ENSMUSG00000033933	1650.40658306941	-0.0681751655895542	0.0859126121579044	-0.793555227100099	0.427454406213336	0.999831983216163
ENSMUSG00000046947	542.618921201251	0.0519461469577953	0.104373443115799	0.497619222835429	0.618752452214462	0.999831983216163
ENSMUSG00000030321	381.355336688201	0.144795914219454	0.107626342971437	1.34491059404361	0.17865410862764	0.999831983216163
ENSMUSG00000030327	7185.25256512076	0.0507536156628152	0.0777440645668079	0.652805496577016	0.513881679618124	0.999831983216163
ENSMUSG00000029863	976.321331778295	-0.0336107173680367	0.0915308190063017	-0.367212312209975	0.713460656082061	0.999831983216163
ENSMUSG00000045441	1168.86631932374	0.0309051679392592	0.103088691982318	0.299787910396134	0.764338937549068	0.999831983216163
ENSMUSG00000015189	3821.60032230142	0.0505556233078535	0.0790126683418482	0.639824869181887	0.522286462606623	0.999831983216163
ENSMUSG00000063694	3643.24460622245	-0.0182650828976581	0.0874621347938622	-0.208840413305935	0.834572821613015	0.999831983216163
ENSMUSG00000047013	2502.18270821822	-0.0740945907473571	0.0860493420188315	-0.861121636236095	0.389171053912583	0.999831983216163
ENSMUSG00000030045	810.314049172836	-0.0496608872130432	0.100186629110054	-0.495695404240446	0.620109330048208	0.999831983216163
ENSMUSG00000001632	2305.19411540769	-0.0579567377528819	0.0846832947086024	-0.68442216217139	0.493708625409591	0.999831983216163
ENSMUSG00000030034	260.696066638619	0.0399342519648811	0.114142739597055	0.34981761846542	0.72647557583728	0.999831983216163
ENSMUSG00000031865	12181.8935481326	0.0387223165303731	0.0750224191917336	0.516129950334468	0.605763650962203	0.999831983216163
ENSMUSG00000038301	2547.32531589518	0.132951257056946	0.0895090098609665	1.48510269151114	0.137516623225928	0.999831983216163
ENSMUSG00000030291	489.675251564953	0.0795709569933861	0.105605138881295	0.753378727260804	0.451222362232141	0.999831983216163
ENSMUSG00000040234	1467.59452719354	0.000105430281145441	0.0868919219818176	0.00121387432223157	0.99903146865739	0.999831983216163
ENSMUSG00000033706	523.02519835501	0.159626230498258	0.104357222827294	1.5291111578478	0.126236889734925	0.999831983216163
ENSMUSG00000030109	187.574669102017	0.0886577632144851	0.118832990554721	0.745439965121544	0.456005791327746	0.999831983216163
ENSMUSG00000030126	3611.2502522565	-0.0356562865566236	0.0823981070843769	-0.432746513686727	0.665198934227436	0.999831983216163
ENSMUSG00000055912	254.396394976699	0.0869209864161819	0.117826569100253	0.737007929957368	0.461117526979471	0.999831983216163
ENSMUSG00000042770	207.599737824701	-0.0803922786971486	0.11903872005052	-0.675893117309755	0.499108507899979	0.999831983216163
ENSMUSG00000045095	3140.56311822748	-0.0358272785559692	0.0863603237574019	-0.414877876791575	0.678231305916885	0.999831983216163
ENSMUSG00000030062	4532.61223448717	0.0247249456742013	0.0812144787609829	0.304432240855937	0.760798608050553	0.999831983216163
ENSMUSG00000043131	2135.9958082648	-0.0947854259119901	0.0863387081927453	-1.09792263182806	0.272238274531555	0.999831983216163
ENSMUSG00000038521	26.525458929024	0.0161344095266736	0.0975536062210723	0.164794609823059	0.869105646775549	0.999831983216163
ENSMUSG00000035104	488.293915829201	-0.114116379666364	0.114628451001404	-0.99632094182615	0.319094231786521	0.999831983216163
ENSMUSG00000030245	1512.47311026061	0.0750980129784711	0.0883184007322134	0.850258537718614	0.395181362883137	0.999831983216163
ENSMUSG00000034203	840.325071446202	0.0614961669479799	0.101272026483439	0.607199061435532	0.543718815044889	0.999831983216163
ENSMUSG00000071477	1110.93197658055	-0.0375347757087711	0.0911896657150963	-0.411616461271409	0.68062056420544	0.999831983216163
ENSMUSG00000058440	942.492378231039	0.031572096129632	0.0927238060850122	0.340485114433141	0.733491230845313	0.999831983216163
ENSMUSG00000030256	1325.16259529347	-0.0786460613679856	0.0977782112769115	-0.804474681565016	0.421122885704817	0.999831983216163
ENSMUSG00000039578	736.251444399108	0.0505358047389009	0.102966475389855	0.490751178169271	0.623602444441444	0.999831983216163
ENSMUSG00000045009	1294.15122339062	-0.0478867094387387	0.0933951230548917	-0.512766603650113	0.608114593437751	0.999831983216163
ENSMUSG00000032625	2378.32752749362	0.0239097107947569	0.11272537120467	0.21159733172695	0.832421191172181	0.999831983216163
ENSMUSG00000040552	53.9590705927817	0.0742925453436611	0.116471055121566	0.635944193520749	0.524812796544519	0.999831983216163
ENSMUSG00000030201	3788.60015202813	-0.102508275530068	0.0900064361381511	-1.13910816120772	0.254658043954871	0.999831983216163
ENSMUSG00000037172	11110.0762884429	-0.123577150546584	0.0860606984975848	-1.43621242948378	0.150941903253941	0.999831983216163
ENSMUSG00000029776	2898.51619475369	-0.00576786418006115	0.0805836289885536	-0.0715756878485659	0.942939588724536	0.999831983216163
ENSMUSG00000029998	3806.89525443373	0.129653659133405	0.0824694376677005	1.57197655978511	0.115955987459513	0.999831983216163
ENSMUSG00000062995	1678.1231334246	0.0284294484460981	0.0917696965088055	0.309768625216656	0.756736912245543	0.999831983216163
ENSMUSG00000030319	296.977623721266	0.0671987561098665	0.113955935097657	0.589587943899286	0.555466936370006	0.999831983216163
ENSMUSG00000014748	2980.68235951446	0.0482787211041985	0.0880843234992482	0.548061723482632	0.583649521663557	0.999831983216163
ENSMUSG00000045466	898.494523134515	0.107407458531342	0.093115412719067	1.15341322218512	0.248740816958722	0.999831983216163
ENSMUSG00000030271	114.26461694854	-0.0230378826776533	0.12188227563812	-0.189051320468538	0.85005259403153	0.999831983216163
ENSMUSG00000090019	34.1103246387288	-0.0341928555681075	0.107182211880095	-0.320075399891825	0.748911173521618	0.999831983216163
ENSMUSG00000029919	125.570378427262	-0.012415118469138	0.121535032013874	-0.102198540793996	0.918599085970201	0.999831983216163
ENSMUSG00000029787	3334.06985686007	0.0513469414883983	0.095003074073652	0.54042792894375	0.588901951329343	0.999831983216163
ENSMUSG00000006906	1285.72960775886	0.000306183812354689	0.0884433100801837	0.00346246632654015	0.997237357095825	0.999831983216163
ENSMUSG00000029993	676.169522067774	0.0348711099301939	0.0990274734565926	0.352125850570417	0.724743882422013	0.999831983216163
ENSMUSG00000029790	163.708525702684	0.113155558968582	0.120627636098205	0.937307524579517	0.348600393506361	0.999831983216163
ENSMUSG00000034648	5953.83728546617	-0.0537426903829144	0.0775477354822712	-0.693050578480586	0.48827781102641	0.999831983216163
ENSMUSG00000040250	1564.41076881208	0.00338574002098914	0.0938584791137752	0.0360742415696864	0.971223161205068	0.999831983216163
ENSMUSG00000030022	151.939119099942	-0.0455452229636395	0.121406374422089	-0.375176517645369	0.707529193028876	0.999831983216163
ENSMUSG00000053768	2499.78486740782	0.0274924910158803	0.0873862329526221	0.314599806258062	0.753065526283353	0.999831983216163
ENSMUSG00000030304	1987.85171709751	-0.0387432352002974	0.0841250652926067	-0.460552910718387	0.645119402408924	0.999831983216163
ENSMUSG00000030096	4286.25150444665	-0.0445801819322502	0.0903207045246234	-0.493620905405144	0.621573933854065	0.999831983216163
ENSMUSG00000058486	915.035159718121	-0.120723169177744	0.0931291020475031	-1.29630076413516	0.194871885432755	0.999831983216163
ENSMUSG00000057103	356.442867286202	-0.012141898588585	0.113761496960182	-0.106737602585007	0.914997150448151	0.999831983216163
ENSMUSG00000037159	25.9193474495335	-0.00985482943772915	0.0972700582255158	-0.101278384395888	0.919329474707018	0.999831983216163
ENSMUSG00000009376	28.2201561637327	0.138953724089757	0.0989586596652862	1.38058814737432	0.167405629748968	0.999831983216163
ENSMUSG00000057666	370.936354265368	0.078593856252517	0.112603181889922	0.697675713757641	0.485380019645192	0.999831983216163
ENSMUSG00000051695	1030.48583836199	0.0734075669182138	0.0913758008039229	0.803314223620358	0.421793138848972	0.999831983216163
ENSMUSG00000030125	148.814397304876	0.134718028522766	0.120193772477173	1.11958194927439	0.262891951215421	0.999831983216163
ENSMUSG00000056429	8524.78683815937	0.116532643757977	0.0848067518055703	1.37388907646323	0.169476121363375	0.999831983216163
ENSMUSG00000030189	1947.62908274398	-0.0795264633483541	0.0907996955926506	-0.875895293926836	0.381086958152381	0.999831983216163
ENSMUSG00000068299	584.407412935503	0.0813268522466632	0.103327821881639	0.78702107816641	0.431269527300252	0.999831983216163
ENSMUSG00000033788	81.5641960143072	0.127513774710012	0.120877757809456	1.0522475435741	0.292685991706011	0.999831983216163
ENSMUSG00000033634	10.8254544237979	-0.072574786860925	0.0741490830747079	-1.01238987500565	0.311351677535899	0.999831983216163
ENSMUSG00000063063	2595.67432681621	0.00598858926996311	0.0909952188781073	0.0658137855276563	0.947526080768837	0.999831983216163
ENSMUSG00000004266	64.6835684010129	0.0358978574502475	0.118837794640422	0.301506010605764	0.763028667331168	0.999831983216163
ENSMUSG00000042097	484.44566233712	0.0885660660011609	0.102900029414573	0.860608521945114	0.389453690777857	0.999831983216163
ENSMUSG00000029828	93.4608403964316	0.173024011550894	0.121748762683082	1.41691324678224	0.156508293052703	0.999831983216163
ENSMUSG00000001376	2812.13779328829	0.0922415940121011	0.0864090829136233	1.06741442878401	0.285784735764655	0.999831983216163
ENSMUSG00000068329	303.816890086097	0.131747939854573	0.115129328518579	1.14327449319877	0.252924641743194	0.999831983216163
ENSMUSG00000029563	610.37389589613	0.0345961699665749	0.118002918215183	0.293070169699545	0.769468517302896	0.999831983216163
ENSMUSG00000030177	445.189021827163	-0.0575905964572658	0.106362737816993	-0.541487984261025	0.588171277450024	0.999831983216163
ENSMUSG00000034269	5383.95231618553	-0.0362372576313992	0.0888797348634505	-0.407733451566182	0.683469375705432	0.999831983216163
ENSMUSG00000030352	9979.7194372248	-0.0407914916569993	0.100151589759618	-0.407358337866981	0.683744821537432	0.999831983216163
ENSMUSG00000061414	34.7701584104786	0.0288722685267677	0.106713533733142	0.270231733971888	0.78698198037001	0.999831983216163
ENSMUSG00000030111	4290.87901915416	0.0611643049348422	0.0919637211814522	0.665003039480635	0.506048549008808	0.999831983216163
ENSMUSG00000030082	2588.08666570385	-0.0391748635141405	0.0849501499582534	-0.461163856203068	0.644681050890323	0.999831983216163
ENSMUSG00000030058	8014.30172659429	0.101014875535869	0.076645278446694	1.31785976292704	0.187550597452669	0.999831983216163
ENSMUSG00000029769	4784.89366155442	-0.0374083907345836	0.0859010034036667	-0.435500848574027	0.663198923190902	0.999831983216163
ENSMUSG00000056836	12.6398902889224	0.0634125050830501	0.0799025596941918	0.783419861172914	0.433380596796333	0.999831983216163
ENSMUSG00000108518	15.9845331348671	-0.0480508505746425	0.0860382289792412	-0.565211352837814	0.571930015659474	0.999831983216163
ENSMUSG00000066537	37.4800359632084	-0.0769688991492295	0.10830630838307	-0.715404931540073	0.474358866102292	0.999831983216163
ENSMUSG00000109575	106.186768294862	-0.014648627736223	0.121857301624903	-0.120194128863478	0.904329368548263	0.999831983216163
ENSMUSG00000109428	14.9912235569476	-0.0816595260630937	0.0820439181035876	-1.02121685625492	0.30715170789469	0.999831983216163
ENSMUSG00000109222	111.379074842876	0.0894667627925825	0.121881059152579	0.733271921733203	0.463392596809589	0.999831983216163
ENSMUSG00000108421	79.1163818464652	-0.110891276814266	0.120732666817257	-0.920822849015599	0.357142923643543	0.999831983216163
ENSMUSG00000101800	51.6607293559349	-0.0494454660598019	0.116145667045189	-0.426836965831646	0.669498079867827	0.999831983216163
ENSMUSG00000033458	347.717942753172	0.0348846857737398	0.119324536326514	0.292232835868964	0.770108607437893	0.999831983216163
ENSMUSG00000070520	645.673710991048	-0.123797917167929	0.0979665704331594	-1.26363599890381	0.206360706425603	0.999831983216163
ENSMUSG00000086662	17.947888402885	0.0663264123838757	0.0906441233037697	0.724508376806582	0.468753686300658	0.999831983216163
ENSMUSG00000069972	20.2192562127724	-0.0400243685418886	0.0867259390145258	-0.466740813140526	0.640685325961149	0.999831983216163
ENSMUSG00000109150	53.0773453978759	-0.0238886824658942	0.116786982887695	-0.204795915390635	0.837731578425467	0.999831983216163
ENSMUSG00000108897	11.8957649856807	0.0325660890031331	0.0784609542294971	0.411398036459165	0.680780693468689	0.999831983216163
ENSMUSG00000074243	29.3301496205849	0.00517691598957161	0.104017331607518	0.0497374917764247	0.960331579301875	0.999831983216163
ENSMUSG00000066245	153.679274476172	0.078587054379647	0.121201568497538	0.647854693045169	0.51707893687475	0.999831983216163
ENSMUSG00000109352	14.3305476339706	-0.0761204458044076	0.0799830821395482	-0.978752542914191	0.327702263535605	0.999831983216163
ENSMUSG00000081895	356.476720503467	0.0954726117917038	0.112979021983217	0.844699284630304	0.398278758995167	0.999831983216163
ENSMUSG00000108601	115.491108031818	0.10549613273301	0.121680893401854	0.866038386641874	0.386469111304297	0.999831983216163
ENSMUSG00000078671	3990.18591034931	0.0236304140997152	0.0921732958046907	0.25636345619528	0.797670202878315	0.999831983216163
ENSMUSG00000091890	63.9265418509568	0.0802542042957974	0.116597757698076	0.686324869402775	0.492508269781124	0.999831983216163
ENSMUSG00000044030	1618.61524124011	0.0101078316464141	0.086322515459369	0.117092940510643	0.90678640391023	0.999831983216163
ENSMUSG00000081370	24.2056382071639	0.0129632831213266	0.0965891506635536	0.133801033088025	0.893559910256527	0.999831983216163
ENSMUSG00000085601	15.3699238418248	-0.0363239151757979	0.0845596903372972	-0.4328747550211	0.665105761035725	0.999831983216163
ENSMUSG00000109005	39.6828266117938	-0.0534315309122359	0.110927358866929	-0.483301895530845	0.628881394352425	0.999831983216163
ENSMUSG00000109279	76.8271156502606	-0.149284854606158	0.120792749665855	-1.24080104887873	0.214679253680356	0.999831983216163
ENSMUSG00000108536	16.9379296164248	0.0226239503823858	0.0861990654124029	0.261770140895814	0.793498660661771	0.999831983216163
ENSMUSG00000073867	84.9129463675098	0.00493224934302764	0.121486879252568	0.0406015040303066	0.967613585104242	0.999831983216163
ENSMUSG00000108402	31.3086662556702	0.0061726690390113	0.103982890792074	0.0593476720557413	0.952675191192178	0.999831983216163
ENSMUSG00000044362	50.2382417084618	0.064826835173486	0.114114411490176	0.565953190365327	0.571425601723583	0.999831983216163
ENSMUSG00000109216	51.7622061602795	-0.0178729256558862	0.115505068798484	-0.154853855354029	0.876936532810034	0.999831983216163
ENSMUSG00000054083	10.9265471361917	0.0418101911383116	0.0738006612346155	0.560665748977397	0.575025420599999	0.999831983216163
ENSMUSG00000102995	50.6094526963748	-0.129587348453237	0.112670071315286	-1.16230038058004	0.245113472088656	0.999831983216163
ENSMUSG00000103831	76.5917662933985	-0.104973459236377	0.120111530100718	-0.877426250406805	0.380255160221829	0.999831983216163
ENSMUSG00000109505	15.0257290475454	0.0707788157614485	0.0836071909561882	0.833776685865891	0.404406835419454	0.999831983216163
ENSMUSG00000109574	18.1252609437202	-0.0560490326641123	0.0883981245302596	-0.643696359446088	0.519772351131016	0.999831983216163
ENSMUSG00000109031	64.28654531437	-0.0341517522744217	0.118473551264101	-0.288788819127219	0.772742988786427	0.999831983216163
ENSMUSG00000102555	338.733371287111	-0.133768661839765	0.115291961741706	-1.16135006385922	0.245499567707655	0.999831983216163
ENSMUSG00000098041	28.4696130604615	0.0533352279186304	0.102682540768698	0.517201229568193	0.605015693800952	0.999831983216163
ENSMUSG00000108425	10.8481964223624	-0.0492191265546489	0.0742511112209372	-0.677118007122903	0.498331084672738	0.999831983216163
ENSMUSG00000108350	273.182976882463	-0.0693646774201648	0.115927275392162	-0.598435188067471	0.549549592464666	0.999831983216163
ENSMUSG00000108655	28.0897955764168	0.00819445483052106	0.102112549462636	0.0800913074765859	0.936164636167936	0.999831983216163
ENSMUSG00000098132	25.0065326259609	-0.137440156048994	0.0974075615438465	-1.44745742163337	0.147768853341986	0.999831983216163
ENSMUSG00000108320	23.8967204566268	0.0810938374726063	0.0975360193016423	0.822551841081197	0.410762894731997	0.999831983216163
ENSMUSG00000082183	15.5965616943819	-0.0391688899856082	0.0849564156211195	-0.466112936791996	0.641134663727937	0.999831983216163
ENSMUSG00000091989	31.2490746066766	0.0184265177169107	0.104959366162219	0.175225890144816	0.860902141649923	0.999831983216163
ENSMUSG00000109390	71.5957354918121	-0.149818962631475	0.116987618408197	-1.29263963056295	0.196135726180948	0.999831983216163
ENSMUSG00000083774	22.0236807009539	0.0114896627790267	0.0930758444737411	0.123462861008867	0.901740581863975	0.999831983216163
ENSMUSG00000109401	57.3567237792527	0.189636107488396	0.116841767407998	1.61159373292381	0.107050375348102	0.999831983216163
ENSMUSG00000082988	57.3103123327785	0.0187750681991037	0.115453717067534	0.162393372780113	0.870996089326618	0.999831983216163
ENSMUSG00000108736	21.9720477229186	0.0827478190567462	0.0952830868633633	0.858640493992415	0.390538889864348	0.999831983216163
ENSMUSG00000107383	244.198278270076	0.177798194360377	0.117058035113549	1.51724958674709	0.129203681093375	0.999831983216163
ENSMUSG00000102241	11.7136524629688	-0.0199611094660363	0.0696406212010246	-0.288754112583413	0.772769549745112	0.999831983216163
ENSMUSG00000066807	51.484982567749	-0.017270248976222	0.114114035886464	-0.151657536454327	0.879457050672309	0.999831983216163
ENSMUSG00000110146	13.861888402454	0.0193719650275398	0.0810108318066177	0.237775645064817	0.812055109405081	0.999831983216163
ENSMUSG00000108883	97.0577835524806	0.0174088167446158	0.121853228100315	0.142794217895353	0.886452703736035	0.999831983216163
ENSMUSG00000109570	32.4675273055572	-0.11239049892876	0.106228920042804	-1.07049917404727	0.28439468055777	0.999831983216163
ENSMUSG00000108910	37.6253890162171	-0.108382354970744	0.104928835843065	-1.04748252495664	0.294877087745308	0.999831983216163
ENSMUSG00000109399	22.5792831932441	-0.0228877406850282	0.0955907297335219	-0.240132932210657	0.810227204781517	0.999831983216163
ENSMUSG00000062758	15.6558108722167	-0.0196768355158625	0.0856470219354576	-0.230520155783486	0.817687603129696	0.999831983216163
ENSMUSG00000110159	118.331356961602	-0.0189460230412803	0.121580594873061	-0.155804240557399	0.87618732796784	0.999831983216163
ENSMUSG00000110010	177.348725032147	-0.0630630309446155	0.119323015574895	-0.52859460156594	0.59708670600537	0.999831983216163
ENSMUSG00000085663	19.4528465437186	0.061677340290092	0.091627512508099	0.665683576805806	0.505613373051887	0.999831983216163
ENSMUSG00000110087	24.3518243944993	-0.132433995579043	0.0980088193315089	-1.38045976753422	0.167445128885821	0.999831983216163
ENSMUSG00000109233	37.5036543938057	-0.0237187162043692	0.109365240605759	-0.217245131695775	0.828017314431776	0.999831983216163
ENSMUSG00000109404	13.6952109402867	-0.043360790594992	0.0784156168951786	-0.560081031424442	0.575424168100019	0.999831983216163
ENSMUSG00000097750	119.430861519739	0.0452573893102868	0.121833784170218	0.371148639282237	0.710526825159074	0.999831983216163
ENSMUSG00000108702	18.8511577422678	-0.0630059019668344	0.0906057372441586	-0.705574329251973	0.480452893025589	0.999831983216163
ENSMUSG00000052273	62.026891253158	0.0484153367449009	0.11214061983118	0.430876317788901	0.66655830396353	0.999831983216163
ENSMUSG00000109317	11.5597858428943	-0.0357233829178061	0.0701931983508403	-0.51896226855079	0.603787053428969	0.999831983216163
ENSMUSG00000109792	26.468536150651	0.0809009596499077	0.0951539500243077	0.840660684883935	0.400538051484497	0.999831983216163
ENSMUSG00000109337	20.8571710713716	0.0741881611701574	0.086702416978982	0.84097502874052	0.400361923875508	0.999831983216163
ENSMUSG00000078636	20.537929739393	-0.0796607787443412	0.0936320119798646	-0.862665582328848	0.388321360884428	0.999831983216163
ENSMUSG00000108842	125.076335626937	-0.0277037448407772	0.121638835641201	-0.227776770449166	0.819819786523901	0.999831983216163
ENSMUSG00000092118	122.601804352788	0.093434771249162	0.121569624506472	0.767521647551196	0.442771427495737	0.999831983216163
ENSMUSG00000099647	220.306850023602	0.0792971949903534	0.115619820281544	0.685662375856553	0.492926037603269	0.999831983216163
ENSMUSG00000053358	40.2330963284913	-0.0345933285597568	0.111349355131403	-0.31128686729864	0.75558255007224	0.999831983216163
ENSMUSG00000108954	11.4099350828911	0.00713127753962533	0.0768286644738005	0.0925144922258089	0.92628927746942	0.999831983216163
ENSMUSG00000109036	10.6957611304281	-0.010522896208214	0.0727516789812711	-0.14548396348727	0.884328776325246	0.999831983216163
ENSMUSG00000049571	142.965024727162	0.0672823902133732	0.121885079835262	0.551568462161523	0.581244048980754	0.999831983216163
ENSMUSG00000046321	91.0920138910684	0.161772908769844	0.120625233712697	1.33505233304071	0.181859218885747	0.999831983216163
ENSMUSG00000081161	38.1896859384396	-0.0506114095892082	0.108642260139069	-0.468169794527828	0.639663170878848	0.999831983216163
ENSMUSG00000108573	81.6519435361898	-0.206146540048853	0.120768212655102	-1.71620656085216	0.0861242428234433	0.999831983216163
ENSMUSG00000108732	15.54756742438	-0.0515460069376102	0.0848545265804594	-0.615237025608679	0.538398199229115	0.999831983216163
ENSMUSG00000108486	12.6720825151771	0.104083972630946	0.0791302454739637	1.2870357650646	0.198081822541128	0.999831983216163
ENSMUSG00000108753	28.5648381084499	-0.00880500417093838	0.102181776064987	-0.0863078717868123	0.931221681047566	0.999831983216163
ENSMUSG00000092526	14.5048883894105	-0.0033102680433571	0.0820105982804875	-0.0404673820953073	0.967720511047413	0.999831983216163
ENSMUSG00000108701	29.0656222550003	0.0351698422412743	0.101544991516221	0.344715840287033	0.730308008434146	0.999831983216163
ENSMUSG00000108358	715.301270803794	0.149590647110398	0.0965298362509517	1.54954579141633	0.121250572621534	0.999831983216163
ENSMUSG00000084230	26.9355897352682	0.0646236647203109	0.102028962982861	0.629620068096418	0.528943190486388	0.999831983216163
ENSMUSG00000108551	23.1514999627497	0.00868422833293838	0.0973509373080734	0.0891720142545146	0.928945206144111	0.999831983216163
ENSMUSG00000030769	40.7881682606399	-0.110720094979985	0.109243487452212	-1.02271177548614	0.30644414213026	0.999831983216163
ENSMUSG00000097509	12.8148129281928	0.0789107085462776	0.079244870690272	0.97949464880228	0.327335631367858	0.999831983216163
ENSMUSG00000109332	47.3934355759925	-0.0214557327897734	0.114045246386905	-0.188502164142341	0.850483019187131	0.999831983216163
ENSMUSG00000109536	1865.42622653755	-0.111093026093741	0.0886025778303668	-1.2539775312534	0.209850172338745	0.999831983216163
ENSMUSG00000104420	11.7673142139824	0.0916752098711593	0.0769910586379085	1.16715938393713	0.243146009876381	0.999831983216163
ENSMUSG00000078591	115.416033723647	0.141552635130177	0.119319644152416	1.17990787197646	0.238036858634391	0.999831983216163
ENSMUSG00000108943	177.511442286603	-0.0414714442495754	0.121359610801873	-0.342019264419255	0.73233639465771	0.999831983216163
ENSMUSG00000108880	56.4458445891393	-0.0972924188556207	0.116230925855559	-0.841118981056464	0.40028128259203	0.999831983216163
ENSMUSG00000108886	49.1369261944676	-0.127052982632336	0.114278383712985	-1.12018702124565	0.262634073517674	0.999831983216163
ENSMUSG00000109157	90.3888866899144	-0.200734246102971	0.121319087569377	-1.66291131277242	0.0963301895456826	0.999831983216163
ENSMUSG00000109122	450.368277130155	0.0846088838786706	0.110488883783561	0.765405244478162	0.444030271002094	0.999831983216163
ENSMUSG00000064377	143.908359978294	-0.0463726846557277	0.121491163860364	-0.381821161066169	0.702594021573476	0.999831983216163
ENSMUSG00000104150	20.0323879311052	-0.0870578130306337	0.0922085620483746	-0.96179716603393	0.336151501898354	0.999831983216163
ENSMUSG00000074903	40.0446396532614	-0.0511495883703848	0.111417034908071	-0.460445775028019	0.645196284655795	0.999831983216163
ENSMUSG00000082561	13.1766069274119	-0.0484985121087449	0.0766475851200691	-0.645673911542267	0.518490559443644	0.999831983216163
ENSMUSG00000118661	21.5359116655174	0.0414594074897101	0.095371925520404	0.432430885926105	0.665428274245849	0.999831983216163
ENSMUSG00000051515	569.736396682796	0.126684659069393	0.10064142119766	1.25867247966574	0.208148655615101	0.999831983216163
ENSMUSG00000083626	259.022811131282	0.0743830460679017	0.116762635004657	0.636604672580718	0.524382380847213	0.999831983216163
ENSMUSG00000025515	16.9420770206564	0.055057486540885	0.08750524677245	0.624167186620917	0.532517794002373	0.999831983216163
ENSMUSG00000087298	125.471585519769	-0.0052154186583734	0.121884286409791	-0.0427926396229636	0.965866831346623	0.999831983216163
ENSMUSG00000109231	18.7031092672366	-0.0197866818700367	0.0887482795850881	-0.22343362802696	0.823198034399086	0.999831983216163
ENSMUSG00000099137	79.1069423125897	0.00203258810129657	0.121132129440376	0.0167830680322827	0.98660967774883	0.999831983216163
ENSMUSG00000067121	167.044814050096	0.0137992505298127	0.120594671304787	0.114400324629554	0.908920456668808	0.999831983216163
ENSMUSG00000003271	91.9818380760511	0.120349675009224	0.121060277235843	0.991130670450776	0.321621778435617	0.999831983216163
ENSMUSG00000109882	25.5383646998776	0.0113964719586856	0.0998078988920624	0.114103949163626	0.909155391693402	0.999831983216163
ENSMUSG00000096146	1208.35409715859	0.124594502878185	0.100507693137313	1.23921775803949	0.215264865890334	0.999831983216163
ENSMUSG00000108348	2421.73294557501	0.110172419459883	0.0917424665679633	1.20070192613386	0.229866846710545	0.999831983216163
ENSMUSG00000108561	10.3441177971309	-0.0878463332316702	0.0733836966179563	-1.25020495679416	0.211224686582161	0.999831983216163
ENSMUSG00000023159	10.5519079020766	0.00175034527142977	0.0730923415032846	0.0238781511952071	0.980949802134213	0.999831983216163
ENSMUSG00000041117	108.556572656989	-0.0702787338635777	0.121880629600727	-0.577292537740615	0.563741853815221	0.999831983216163
ENSMUSG00000098900	48.5991849634256	-0.000261845162682397	0.115090962561438	-0.00227502075431815	0.998184797630453	0.999831983216163
ENSMUSG00000063286	42.9353728159052	0.0667283630029613	0.106206783000327	0.625148533739519	0.531873576670959	0.999831983216163
ENSMUSG00000108823	18.3125775502777	-0.00673883612939914	0.0875552122044073	-0.0771460000670257	0.938507399249803	0.999831983216163
ENSMUSG00000083854	37.2402661535396	0.195664625925405	0.110185786895363	1.7559160059604	0.0791027515361	0.999831983216163
ENSMUSG00000109609	18.1580610981746	0.111950699376053	0.089634658036656	1.22702795256145	0.219812085030723	0.999831983216163
ENSMUSG00000078786	457.317003248668	0.0581603888648545	0.109046761278372	0.533184060469664	0.593906174231149	0.999831983216163
ENSMUSG00000082016	34.2429377386891	0.0778021162946334	0.104952667889248	0.735278756742364	0.462169743028654	0.999831983216163
ENSMUSG00000061099	112.761726115271	-0.0393141968257696	0.121788099037061	-0.322971974009579	0.746716467090479	0.999831983216163
ENSMUSG00000120950	99.4406142265695	-0.022785670116541	0.121875590560022	-0.187029395975386	0.851637584941255	0.999831983216163
ENSMUSG00000041571	8907.24642637325	-0.108035487009136	0.077176900435638	-1.39995077665031	0.161528059150238	0.999831983216163
ENSMUSG00000109243	75.0246125009949	0.0452853990949332	0.119832544384449	0.377262670080276	0.705978411014024	0.999831983216163
ENSMUSG00000109379	48.8656635234773	-0.092145575403077	0.114537064329377	-0.808049352518999	0.419062172019386	0.999831983216163
ENSMUSG00000109517	104.320186781874	-0.0869881212059376	0.121880901210665	-0.714411866572249	0.474972536336145	0.999831983216163
ENSMUSG00000109015	12.068569420222	0.0238152471566646	0.0756379708703035	0.311632425105579	0.75531988886133	0.999831983216163
ENSMUSG00000046058	874.367886018996	0.0297239977175701	0.0958712524654366	0.310016781701874	0.756548194698497	0.999831983216163
ENSMUSG00000046750	18.9274946071492	0.000354612665155779	0.0898692037785663	0.00395220577033589	0.996846604244039	0.999831983216163
ENSMUSG00000083396	306.911969339768	-0.0794588503513906	0.112906377275455	-0.703988579293155	0.481439885959277	0.999831983216163
ENSMUSG00000074158	153.84668422169	-0.0840470480598565	0.120714501659454	-0.696856966125304	0.485892311429397	0.999831983216163
ENSMUSG00000044609	38.8075427286878	-0.0103155576337197	0.105838432952609	-0.0973915646876307	0.922415443288921	0.999831983216163
ENSMUSG00000108446	10.8494209417222	-0.0255246771595369	0.0728932403278617	-0.354311274409789	0.723105619341575	0.999831983216163
ENSMUSG00000121294	10.891307563534	0.00579408393108395	0.0729288806680825	0.0792112488257998	0.936864597438751	0.999831983216163
ENSMUSG00000108543	25.4266207135544	-0.00967071851772514	0.0959734916055574	-0.100891285558067	0.919636760926586	0.999831983216163
ENSMUSG00000095334	264.126669606525	0.0986964733390683	0.115492675275368	0.8541571560803	0.393017918462117	0.999831983216163
ENSMUSG00000121080	119.766424306422	-0.0613590747360888	0.121784075028682	-0.504293330087802	0.614055263837441	0.999831983216163
ENSMUSG00000107068	237.62200394834	-0.0650825583337209	0.12121038161358	-0.537239084677955	0.591102476673531	0.999831983216163
ENSMUSG00000046721	1956.63202902366	0.113488795058844	0.087183342730048	1.30157672785755	0.193061119595362	0.999831983216163
ENSMUSG00000110070	28.0472497027163	-0.0263517439688928	0.101529501777131	-0.260544444119605	0.794443837255299	0.999831983216163
ENSMUSG00002076924	32.3389393735303	-0.0374759354900095	0.102036076052458	-0.369062052992944	0.712081472739197	0.999831983216163
ENSMUSG00000109998	11.0166761695019	0.0152968841409253	0.0750629968799732	0.202479684250656	0.839541739101148	0.999831983216163
ENSMUSG00000110221	23.6938892060307	-0.0129724700693177	0.0937500140665254	-0.138735071223405	0.889659503251375	0.999831983216163
ENSMUSG00000120872	12.0641478959893	0.0748546619059718	0.0785318972298262	0.936176331321415	0.349182407363058	0.999831983216163
ENSMUSG00000074405	898.682273347564	0.0145047323761504	0.108500779520995	0.133665539689147	0.893667055922515	0.999831983216163
ENSMUSG00000095276	15.0284769785532	-0.026413859152428	0.0820552163981223	-0.324605917384464	0.745479348140736	0.999831983216163
ENSMUSG00000074211	473.800176497717	0.106780403041259	0.109725684747929	0.972667300656535	0.330718681990428	0.999831983216163
ENSMUSG00000118440	12.0657508911314	0.0151257461788711	0.0781940678092824	0.192463807477411	0.847378915345215	0.999831983216163
ENSMUSG00000109378	83.2967541779148	0.0818852324064493	0.120225639939702	0.678916859792388	0.497190542419212	0.999831983216163
ENSMUSG00000044814	50.654716144117	-0.0957928123908951	0.115950794874216	-0.829653323028937	0.406734819188224	0.999831983216163
ENSMUSG00000043925	29.8697086976068	0.0211751194302616	0.103378650266512	0.204134579112618	0.838248333006206	0.999831983216163
ENSMUSG00000044824	52.7272553144906	-0.0443826173232707	0.114270014071652	-0.389021601512575	0.697260166875394	0.999831983216163
ENSMUSG00000052281	10.5151273517803	0.109950704062988	0.0738215378871682	1.45334619234196	0.146127658056725	0.999831983216163
ENSMUSG00000085886	107.320463593062	-0.110882090985917	0.121561777648355	-0.914279175155396	0.360570170233862	0.999831983216163
ENSMUSG00000098506	16.2934699276528	0.00935280841670893	0.0836926844077165	0.111450068935905	0.911259458058374	0.999831983216163
ENSMUSG00000093187	42.2561010482053	-0.194816752565154	0.111696800122407	-1.7694754676349	0.0768145612407903	0.999831983216163
ENSMUSG00000056972	41.2439355846936	0.054724577515433	0.103630535925907	0.524719562751445	0.599778155875348	0.999831983216163
ENSMUSG00000097231	28.4494334732982	0.0903480492072248	0.10199953332238	0.877289709301107	0.380329300269796	0.999831983216163
ENSMUSG00000034957	248.181794820208	-0.00155172866105555	0.11626928925257	-0.0133446091761191	0.989352858374033	0.999831983216163
ENSMUSG00000110099	19.2300738213366	-0.0281335514561338	0.0908006449081431	-0.311823113535296	0.755174957192344	0.999831983216163
ENSMUSG00000110077	120.184784736911	-0.0874767789509977	0.121519491956532	-0.722073509678764	0.470249283845733	0.999831983216163
ENSMUSG00000036862	564.968097962441	-0.021126861365741	0.106421178669418	-0.198556906498452	0.842609365957415	0.999831983216163
ENSMUSG00000081339	45.541927496272	-0.0391579990820535	0.10592207201224	-0.37129751919126	0.710415945511107	0.999831983216163
ENSMUSG00000121773	75.584562632573	-0.209466892037709	0.120151378090633	-1.75465607305817	0.0793181539542713	0.999831983216163
ENSMUSG00000121793	13.7275081592999	0.0256496775259178	0.0823581910013288	0.309680621582536	0.756803840558206	0.999831983216163
ENSMUSG00000090330	76.4671148367322	0.0786012471837268	0.119208569765043	0.65689145095325	0.51125071561881	0.999831983216163
ENSMUSG00000011751	6854.78366272493	0.046527345538911	0.0846776103995394	0.549429647619315	0.582710632608344	0.999831983216163
ENSMUSG00000030592	1508.98843497007	-0.0683458919337876	0.0932720774926623	-0.73284978800007	0.463650050974121	0.999831983216163
ENSMUSG00000121470	18.8884781605679	0.0499802472626865	0.0888574822569129	0.557289313025201	0.577329776224505	0.999831983216163
ENSMUSG00000060397	462.051871900741	-0.0279700490935817	0.104457388445802	-0.26775539065147	0.788887610339497	0.999831983216163
ENSMUSG00000108799	103.340329215116	-0.0242640629688857	0.121884948078869	-0.199177360945197	0.842124007962898	0.999831983216163
ENSMUSG00000109104	14.3966602921284	-0.0481763879977484	0.0816840511357234	-0.598041132596101	0.549812487772703	0.999831983216163
ENSMUSG00000006204	37.5106902901059	-0.0889414712948478	0.110121254194043	-0.813256718712845	0.416070886343717	0.999831983216163
ENSMUSG00000091955	38.334916745353	-0.0828760892144093	0.109477192645116	-0.761766197389975	0.44619955834262	0.999831983216163
ENSMUSG00000097320	293.363526861937	-0.087998438602226	0.112720102316196	-0.780756161289966	0.43494592230273	0.999831983216163
ENSMUSG00000091083	23.4671625587001	0.164474868938677	0.0968555944622064	1.66914270803999	0.095089101082193	0.999831983216163
ENSMUSG00000122011	14.3629570403693	-0.00143665750349371	0.0835419864866665	-0.0172105571731612	0.986268640031039	0.999831983216163
ENSMUSG00000101609	1009.56600818652	-0.0392035752375642	0.0994387678469192	-0.394276695935838	0.693376766645497	0.999831983216163
ENSMUSG00000122448	29.8579808723313	0.0551774568969408	0.102076901333995	0.538393723828154	0.590305258395708	0.999831983216163
ENSMUSG00000092536	83.699901370976	0.21796660651461	0.121120354136345	1.79040766970143	0.0733883982354744	0.999831983216163
ENSMUSG00000123209	76.6444906663019	0.0217328674085435	0.120845832654595	0.179766414892224	0.85733595106928	0.999831983216163
ENSMUSG00000108546	55.8520111742917	0.00862794666148746	0.116234551817392	0.0741337393465988	0.940903968997698	0.999831983216163
ENSMUSG00000120870	42.5280884761059	0.0394789948934098	0.111220877424833	0.354171386448288	0.723210445884686	0.999831983216163
ENSMUSG00000074024	187.187500409275	0.00268290703680212	0.118798046697667	0.0225887892812768	0.981978286405048	0.999831983216163
ENSMUSG00000124114	35.7261365617571	-0.0665810416326261	0.10775362710677	-0.62103876556509	0.534574117311975	0.999831983216163
ENSMUSG00000124136	20.6856195298654	0.100889031933324	0.0935540956347732	1.06552624940385	0.286637853470614	0.999831983216163
ENSMUSG00000091510	20.71923567918	0.0141179737399907	0.0932262080145152	0.151118766537832	0.879882028950737	0.999831983216163
ENSMUSG00000084974	21.701861605147	-0.0165095936386528	0.0919123428601341	-0.18017331479962	0.857016507290531	0.999831983216163
ENSMUSG00000124374	27.0726337713967	-0.0481896552889371	0.0971556779730435	-0.499587057501034	0.617365872934797	0.999831983216163
ENSMUSG00000124434	12.7259011211601	-0.0681223089200711	0.0776517585305007	-0.899666894990491	0.368297545924376	0.999831983216163
ENSMUSG00000108668	11.2160787473718	-0.0224361827696557	0.0751436304656598	-0.301399161731329	0.763110133454054	0.999831983216163
ENSMUSG00000124684	15.8249879793066	0.00992349956225329	0.0846600267775225	0.11674022579349	0.90706591262222	0.999831983216163
ENSMUSG00000093405	72.7256605801181	0.100527719733533	0.120333083919289	0.83292206875476	0.404888682397697	0.999831983216163
ENSMUSG00000055048	16.2234927762971	0.094436760359139	0.0830281646946227	1.11584163714973	0.264489927537571	0.999831983216163
ENSMUSG00000109602	20.1482859777649	0.121622944555225	0.0921665252944923	1.300968458318	0.193269251405722	0.999831983216163
ENSMUSG00000109008	38.7896700407242	0.0895438921649549	0.109899298671149	0.8095468668893	0.418200656258892	0.999831983216163
ENSMUSG00000121374	22.887902277361	-0.137298189859323	0.0907134488155862	-1.56775944967224	0.116937281668148	0.999831983216163
ENSMUSG00000120985	32.2618983787231	-0.0329242397577441	0.104519704628079	-0.31563888331564	0.752276620690433	0.999831983216163
ENSMUSG00000089636	37.4706938046857	-0.0573599083084019	0.107177895041809	-0.537497854553096	0.590923766497902	0.999831983216163
ENSMUSG00000108778	46.6428501272831	0.0216248302807071	0.11296827636561	0.191233636268928	0.848342551945757	0.999831983216163
ENSMUSG00000126235	19.5589875422128	-0.011629119308687	0.0888704521747498	-0.131396096788531	0.895461976206247	0.999831983216163
ENSMUSG00000100600	34.5745735783491	-0.050050757397664	0.100417343698668	-0.501952791503033	0.615700729031606	0.999831983216163
ENSMUSG00000110279	112.183156207836	-0.0161157565489988	0.121776532823539	-0.132343641915546	0.894712489678306	0.999831983216163
ENSMUSG00000126768	11.6847012567789	-0.0317315536401755	0.0762365626628873	-0.421985762103117	0.673035409870616	0.999831983216163
ENSMUSG00000108713	14.131469556437	0.0112164680006867	0.0780693987908892	0.14274812312156	0.886489109110742	0.999831983216163
ENSMUSG00000097023	1039.59100031755	-0.0070964171927732	0.099389361183566	-0.0713999549390487	0.943079445473152	0.999831983216163
ENSMUSG00000127106	181.777969170141	-0.0626888204813128	0.121330270348716	-0.517185457880437	0.605026702442816	0.999831983216163
ENSMUSG00000127147	63.2646554870926	-0.0922990505331455	0.115578952301104	-0.803508725924595	0.421680755289597	0.999831983216163
ENSMUSG00000110027	81.5395912112171	0.0938056326033899	0.120556030719426	0.776090830671425	0.437695357270693	0.999831983216163
ENSMUSG00000092187	174.501023162333	0.183151569889401	0.121883676439813	1.49699799810017	0.134393778955072	0.999831983216163
ENSMUSG00000127315	13.2945683577966	-0.113077356570079	0.0794487201184654	-1.49149917072426	0.135830488771482	0.999831983216163
ENSMUSG00000127435	15.7016609589847	-0.0204550391214282	0.0840349509476993	-0.244178251475921	0.807092770153385	0.999831983216163
ENSMUSG00000127600	12.987438290652	-0.00586535436287618	0.0808347694683175	-0.0726072283783664	0.942118674491182	0.999831983216163
ENSMUSG00000127683	12.8143123201854	-0.0336397949395688	0.0747618626506877	-0.45579947605029	0.648534180930061	0.999831983216163
ENSMUSG00000127738	11.910410716637	0.0191890653285297	0.0780500527466854	0.244460275443885	0.806874364363694	0.999831983216163
ENSMUSG00000127914	11.1301027344614	0.0475072579902472	0.0742385103985021	0.630928066485999	0.528087559489117	0.999831983216163
ENSMUSG00000128034	16.7312395693076	-0.0201050552727341	0.0879450192458509	-0.229666159231267	0.818351193033934	0.999831983216163
ENSMUSG00000097415	143.227567525594	0.0746301326644439	0.120610870456163	0.618347393986765	0.536346366821448	0.999831983216163
ENSMUSG00000097170	73.9494025643792	-0.0718595823906211	0.119796495779894	-0.601529862704581	0.547487127913309	0.999831983216163
ENSMUSG00000128262	359.489917573441	-0.173071341459298	0.108914576799338	-1.58917431762042	0.112021042995837	0.999831983216163
ENSMUSG00000085945	34.9920140548791	-0.0618430763228067	0.107889916033284	-0.576400657226251	0.564344400289322	0.999831983216163
ENSMUSG00000128462	13.6238776939216	-0.00803892949246787	0.0768624585496427	-0.104798839899438	0.916535430607677	0.999831983216163
ENSMUSG00000086993	17.4220264463728	0.10854987527598	0.0885478742576038	1.20694230422835	0.227454364196081	0.999831983216163
ENSMUSG00000128861	31.4169464256164	-0.0446044294456086	0.105581866010031	-0.424368617212364	0.671297004254362	0.999831983216163
ENSMUSG00000085105	28.8147418636081	-0.0732625009743647	0.0997193024873416	-0.743862618943868	0.456959592187517	0.999831983216163
ENSMUSG00000129177	30.0698885413722	0.176322118953318	0.101097653690641	1.71291216523267	0.0867286998790814	0.999831983216163
ENSMUSG00000108980	11.8271777675412	-0.00143378239465574	0.0775391096857828	-0.0185190386202732	0.985224789547002	0.999831983216163
ENSMUSG00000097162	324.277551265632	0.154107762113622	0.111690332575398	1.37899124041948	0.167897454682862	0.999831983216163
ENSMUSG00000129878	11.7762462676745	0.00932159548958558	0.0745698786460059	0.124624610889296	0.900820743620005	0.999831983216163
ENSMUSG00000087475	72.9973949704831	0.0642070465432678	0.116128472214133	0.551785858019116	0.581095077524072	0.999831983216163
ENSMUSG00000000031	60.3097898695382	-0.125673907707643	0.112127744527826	-1.1314874448178	0.257849984889971	0.999831983216163
ENSMUSG00000130594	25.0649917252324	-0.139926069083269	0.0974032030039277	-1.47378857365889	0.140538525760218	0.999831983216163
ENSMUSG00000110357	194.873149141198	0.12463883419499	0.119362679454314	1.04335735992009	0.296782814268829	0.999831983216163
ENSMUSG00000131039	2210.9373084704	0.0252408409427634	0.104345113649529	0.241863007279077	0.808886315121709	0.999831983216163
ENSMUSG00000131088	15.6996339749183	-0.0311375960914309	0.0827884587465836	-0.378937671554616	0.704734148839846	0.999831983216163
ENSMUSG00000086533	85.1682379136436	-0.0612093497837146	0.120377919355795	-0.509517467293883	0.610389557957753	0.999831983216163
ENSMUSG00000100005	25.7871773807461	0.0440535405671797	0.100026759116952	0.437733383985809	0.661579566247797	0.999831983216163
ENSMUSG00000131546	21.4809669573367	-0.0148132186049357	0.0868796762440778	-0.171658937781416	0.863705669440005	0.999831983216163
ENSMUSG00000097247	10.5837721467542	0.0481413630291828	0.0714418752563859	0.663841984160522	0.506791451357829	0.999831983216163
ENSMUSG00000131967	20.402129691397	0.0216350514905805	0.0930587859070462	0.231842301204539	0.816660500421029	0.999831983216163
ENSMUSG00000087178	660.678099772507	0.0295476787763287	0.100550725864144	0.29385605244535	0.768867901223151	0.999831983216163
ENSMUSG00000121724	295.204098887274	-0.123546030819219	0.112846720040198	-1.09509364986085	0.273475610407782	0.999831983216163
ENSMUSG00000086108	43.4833871577479	-0.0366598317382139	0.112040167591525	-0.328000953968763	0.742910941329043	0.999831983216163
ENSMUSG00000097527	39.7139385714436	0.071579663658944	0.11027662397784	0.645588505053696	0.518545883669606	0.999831983216163
ENSMUSG00000132631	23.4886991842267	-0.0601913301629692	0.0964653208629056	-0.630499800651291	0.528367633171988	0.999831983216163
ENSMUSG00000133115	10.3551564183836	-0.0874121035200036	0.0727189497616978	-1.25575574659708	0.209204540710162	0.999831983216163
ENSMUSG00000133162	140.854734129497	-0.18113625693947	0.121574449794442	-1.49351771653372	0.135301720247412	0.999831983216163
ENSMUSG00000133253	23.0968171004245	-0.0968914826465378	0.0957551182197656	-1.02790661094206	0.303993759508158	0.999831983216163
ENSMUSG00000133279	13.3294620585632	-0.0549644668680011	0.0793143411574894	-0.708099020093237	0.478883768105456	0.999831983216163
ENSMUSG00000133542	19.6486614806575	-0.00700148213608692	0.0921605649877408	-0.0759718421597666	0.939441500139197	0.999831983216163
ENSMUSG00000133650	20.8063157876285	0.025168335231569	0.0929776807674408	0.269619122036816	0.787453287725857	0.999831983216163
ENSMUSG00000097756	133.043885709055	-0.0915947326954458	0.121469442057153	-0.75502450059574	0.45023428167833	0.999831983216163
ENSMUSG00000108621	3323.85484964488	-0.115188591902761	0.0951633168219667	-1.21079118890392	0.225975442943939	0.999831983216163
ENSMUSG00000134048	18.7255378858036	-0.0287090857176899	0.0915659567667282	-0.315421890538783	0.752441348257341	0.999831983216163
ENSMUSG00000134064	15.8944814696151	0.0435221351241136	0.0839030610015724	0.514734464397374	0.606738586528707	0.999831983216163
ENSMUSG00000121788	77.3167358511817	0.0105348808482916	0.118865834985496	0.0885341327243974	0.929452156850513	0.999831983216163
ENSMUSG00000097699	58.4833174169011	0.0774226434255099	0.106499852544914	0.721507432272972	0.470597369550377	0.999831983216163
ENSMUSG00000108563	45.472106104895	-0.134547599535195	0.113887110531523	-1.19025463945703	0.233946323463251	0.999831983216163
ENSMUSG00000108659	21.5249097663741	-0.0411390968050723	0.0929306647834579	-0.446699056541589	0.655092363133578	0.999831983216163
ENSMUSG00000121502	37.1990710650567	-0.0373008409750356	0.109540496888106	-0.341377473206205	0.732819431429126	0.999831983216163
ENSMUSG00000136315	41.5144177010539	-0.176180047735918	0.11189380156963	-1.59446305304976	0.110832359677296	0.999831983216163
ENSMUSG00000108511	17.4032128829839	-0.0915235116360881	0.0885515015112955	-1.05576928690121	0.291073633284248	0.999831983216163
ENSMUSG00000136915	115.66189858405	0.126351341825162	0.120690614224538	1.04233770959017	0.297255134964323	0.999831983216163
ENSMUSG00000120837	13.4157147293617	-0.0038927458097021	0.0815516278079638	-0.0477473727140356	0.961917579166198	0.999831983216163
ENSMUSG00000136971	14.4184192874431	-0.0737941707066544	0.0839864600530526	-0.89715239292449	0.369637604666802	0.999831983216163
ENSMUSG00000137155	14.1561555548417	-0.032699813282117	0.0833469336661939	-0.395435392234622	0.692521593699865	0.999831983216163
ENSMUSG00000109284	53.0446056805939	0.0765197145499502	0.116756804700407	0.653601146536533	0.51336880537123	0.999831983216163
ENSMUSG00000039133	19.6838913189288	0.0498420188319777	0.0929233972101984	0.532509888142066	0.594372895134636	0.999831983216163
ENSMUSG00000120250	98.5378880341278	0.0839571804777174	0.121823358274329	0.688256642376252	0.491291180109168	0.999831983216163
ENSMUSG00000121844	13.3220705559856	0.0688753965007917	0.0815575262181675	0.832223039137965	0.405283061732136	0.999831983216163
ENSMUSG00000098066	247.000825639818	-0.106978145660049	0.114036112843072	-0.938312280367436	0.348083950606925	0.999831983216163
ENSMUSG00000086155	175.124267996734	-0.117538045770775	0.120285760384649	-0.978462936291132	0.327845413906591	0.999831983216163
ENSMUSG00000137566	23.644086564192	-0.152590284699132	0.0973749569251987	-1.60757078817513	0.107929214271724	0.999831983216163
ENSMUSG00000109644	29.9860843861861	-0.0175019646348523	0.102174507006987	-0.171624485631338	0.863732756323742	0.999831983216163
ENSMUSG00000137725	15.7905099995389	0.0217969888717456	0.0859726382090181	0.252131801197253	0.800939190006332	0.999831983216163
ENSMUSG00000109491	14.1263286655942	-0.059024841289808	0.0801605215736462	-0.75273548717445	0.451608880517012	0.999831983216163
ENSMUSG00000137809	112.046931960463	-0.0978745398374173	0.121845117442431	-0.804531794796004	0.421089914594831	0.999831983216163
ENSMUSG00000108832	109.43847956781	-0.144807221316075	0.121534135486707	-1.1967898358067	0.231388480964137	0.999831983216163
ENSMUSG00000109958	26.9780294642757	-0.0583129202110979	0.0999383554958722	-0.587583397778324	0.556811957406598	0.999831983216163
ENSMUSG00000084984	329.124646683624	-0.209194505765355	0.117404227592091	-1.78528325966219	0.0742153828003252	0.999831983216163
ENSMUSG00000086844	52.3628735279677	-0.0708518063449735	0.115520114829016	-0.615110304273865	0.538481877537891	0.999831983216163
ENSMUSG00000108393	12.994694848337	-0.109644398890932	0.0790164236590032	-1.44908953332063	0.147312580619945	0.999831983216163
ENSMUSG00000098708	51.6276672398824	0.138382987703018	0.112080970906179	1.22421670314692	0.22087048974025	0.999831983216163
ENSMUSG00000120971	14.8545429587008	0.00778967059880129	0.0828478782080101	0.0936514975937705	0.92538600017563	0.999831983216163
ENSMUSG00000138954	15.5714852703725	0.105528645006362	0.0843675080970939	1.22858043815503	0.219229153543673	0.999831983216163
ENSMUSG00000139225	10.9498766347551	0.0122199156795239	0.0700266609229908	0.172818164987819	0.862794358282942	0.999831983216163
ENSMUSG00000139360	114.106260978055	-0.0129502003895979	0.121807011193353	-0.106422138646361	0.915247428719749	0.999831983216163
ENSMUSG00000085923	10.6737766065354	0.0456719528805528	0.0711301072558034	0.633567135635353	0.526363354240843	0.999831983216163
ENSMUSG00000108935	17.0488761172322	0.0367443497973492	0.0870820209848232	0.418123189957064	0.67585705071267	0.999831983216163
ENSMUSG00000097343	109.622712831265	0.0854939305883164	0.121873254493869	0.700666637361683	0.483511081322362	0.999831983216163
ENSMUSG00000139738	35.2754574368517	0.0935311620748646	0.104699027104903	0.885985555944342	0.375625310657388	0.999831983216163
ENSMUSG00000139778	11.2464986407885	-0.0251448148412274	0.0757043257054851	-0.334906262106877	0.737695798152074	0.999831983216163
ENSMUSG00000097842	197.686753897681	0.0258717563800588	0.120667869677955	0.214276070582384	0.830331777577262	0.999831983216163
ENSMUSG00000139940	175.839692037383	0.0755171969460571	0.121875738803319	0.618665009765678	0.536137065259168	0.999831983216163
ENSMUSG00000052629	56.8293024218838	0.0477618839058557	0.11676972860631	0.407893412376175	0.683351929359785	0.999831983216163
ENSMUSG00000140094	13.8861616442709	-0.0698518926937233	0.0796674332466883	-0.897141494607631	0.369643419317347	0.999831983216163
ENSMUSG00000140129	139.461646697645	0.13568939367507	0.121834045085396	1.11085551099616	0.266630547861752	0.999831983216163
ENSMUSG00000140205	507.993602151305	-0.0999284583519609	0.103462369080418	-0.965860994928303	0.334113742323107	0.999831983216163
ENSMUSG00000109341	33.7472538370329	-0.0311233910171706	0.106910238321208	-0.291643141177469	0.770559486735306	0.999831983216163
ENSMUSG00000086942	88.9527651247314	-0.0934707966710784	0.121413430862049	-0.771823998202329	0.440218676135673	0.999831983216163
ENSMUSG00000097441	20.5550580723884	0.118035041043591	0.0945565036883831	1.23115178025942	0.218266102200283	0.999831983216163
ENSMUSG00000140684	29.0405335587176	0.0132307786961441	0.102934457147588	0.128420104875912	0.897816521497754	0.999831983216163
ENSMUSG00000140720	39.617742583898	-0.0870676810678446	0.108453759954712	-0.809940215160947	0.417974537181676	0.999831983216163
ENSMUSG00000110424	65.2480973308269	-0.044920973559261	0.117941534951184	-0.381294794268075	0.702984516000121	0.999831983216163
ENSMUSG00000120003	27.8655816776383	0.0758718406330521	0.0996450440873882	0.754750080332057	0.450398951432064	0.999831983216163
ENSMUSG00000120671	11.4188352816669	0.00733354574895243	0.0767999639906608	0.0951889660382635	0.924164734016115	0.999831983216163
ENSMUSG00000100826	7426.15891098203	-0.121143924046119	0.0834160970589938	-1.45250196739558	0.146362082532866	0.999831983216163
ENSMUSG00000141936	16.7880810718575	0.0685846017937609	0.0880394221862446	0.770422209500476	0.44104948315248	0.999831983216163
ENSMUSG00000100583	99.4771531468856	0.0436605847220798	0.121732305478366	0.358180744632601	0.720208056172131	0.999831983216163
ENSMUSG00000109080	11.4202512592524	0.0728598869908384	0.0744346230695483	0.961190404154505	0.336456440338304	0.999831983216163
ENSMUSG00000070574	13.0035381072557	0.00836993955900913	0.0775997581768085	0.107907017500407	0.914069450468874	0.999831983216163
ENSMUSG00000053714	349.971878663506	0.100781722697503	0.109452189554672	0.920505113892386	0.357308861880593	0.999831983216163
ENSMUSG00000097595	18.2089519520926	-0.0531108662975637	0.0908951401043903	-0.590421676453676	0.554907981652737	0.999831983216163
ENSMUSG00000143528	12.9140014411374	-0.0274499625165899	0.0802129848621652	-0.345051722533961	0.730055486812623	0.999831983216163
ENSMUSG00000143604	70.4808349387479	-0.00293221779983196	0.11984358112114	-0.0244526029313733	0.980491589778923	0.999831983216163
ENSMUSG00000110320	43.0376539779416	-0.053369281931397	0.112426429133989	-0.476599645899286	0.633647235613625	0.999831983216163
ENSMUSG00000085049	19.2858348468286	-0.0305490189263618	0.0893691138052766	-0.34346684481804	0.731247279437888	0.999831983216163
ENSMUSG00000134199	10.2712066405647	-0.0258799291429272	0.0737180680365871	-0.354557866365625	0.722920845669357	0.999831983216163
ENSMUSG00000119958	84.2263264933935	0.0788402205784652	0.120240415666565	0.654546097762795	0.512760038256705	0.999831983216163
ENSMUSG00000108520	26.6411581123779	0.00802139362414252	0.0996015200659469	0.0805160369559289	0.935826841997403	0.999831983216163
ENSMUSG00000124948	29.5653687877498	-0.0371238858269593	0.102830812413322	-0.362781861209992	0.716767842775851	0.999831983216163
ENSMUSG00000137414	23.6955179230911	-0.0726356295042594	0.096434971906118	-0.763556109083746	0.445131813436854	0.999831983216163
ENSMUSG00000030604	700.327109834091	-0.0263977130150948	0.098111904930952	-0.269068407121013	0.7878770416355	0.999831983216163
ENSMUSG00000136791	15.5112455703375	0.0584820702549557	0.0806133574600064	0.717977703299042	0.472771034816207	0.999831983216163
ENSMUSG00000129001	34.8524524835141	0.0901932833981069	0.107974965956698	0.829887800065525	0.406602223214618	0.999831983216163
ENSMUSG00000110124	42.5598871018916	-0.0221672188633623	0.111464745948331	-0.199105583588758	0.842180153603545	0.999831983216163
ENSMUSG00000135669	11.5826370644333	-0.0319160597830251	0.0768541577225165	-0.42022636321242	0.67432009749455	0.999831983216163
ENSMUSG00000141850	11.7396875542622	-0.0636545072106011	0.0718777719027713	-0.91385831472485	0.360791299859457	0.999831983216163
ENSMUSG00000059277	236.061607764581	-0.105470794285657	0.115547862068795	-0.91309079947092	0.361194788814377	0.999831983216163
ENSMUSG00000068151	61.3103623665407	0.0714781879709767	0.111059051576061	0.640957956648806	0.521549999241817	0.999831983216163
ENSMUSG00000085039	59.8600369218958	-0.046975074161038	0.117757281762759	-0.399626069477304	0.689431952263281	0.999831983216163
ENSMUSG00000087138	40.4302929622102	-0.134189818462521	0.109374486580216	-1.24006074282017	0.214952927771294	0.999831983216163
ENSMUSG00000097277	495.277935576743	-0.0838991665939898	0.11338447235598	-0.740152950031872	0.459207192780582	0.999831983216163
ENSMUSG00000101970	1441.65405971519	-0.103017979879493	0.094975606799093	-1.08485395582675	0.27798634383665	0.999831983216163
ENSMUSG00000108513	26.9411734487033	-0.0534033227585674	0.0989273199289132	-0.54451160668233	0.586089463552829	0.999831983216163
ENSMUSG00000108530	18.3355353430339	0.00111976691928024	0.0907908800021468	0.0123371237865353	0.990156649107229	0.999831983216163
ENSMUSG00000108616	391.217215037686	-0.181952367073565	0.111653179174159	-1.63067557917118	0.102958792149034	0.999831983216163
ENSMUSG00000108738	120.00557392982	-0.0385604517426539	0.121587783596479	-0.31722698086347	0.751071378612183	0.999831983216163
ENSMUSG00000109006	119.051831490244	0.218490908059851	0.121147189354984	1.79297108519742	0.0729775476266573	0.999831983216163
ENSMUSG00000109118	34.4391258478961	-0.0243964269009777	0.10329204024999	-0.236533333203915	0.81301884481656	0.999831983216163
ENSMUSG00000109394	2267.34172687654	-0.126681501423217	0.101384496353648	-1.25003384412075	0.21128718439982	0.999831983216163
ENSMUSG00000109598	19.5255688938163	-0.0417779012377229	0.0899216871583847	-0.468943484170988	0.639110033286628	0.999831983216163
ENSMUSG00000109984	14.0364502458029	-0.0903761000080958	0.0746696554739084	-1.26946180893758	0.204276403460444	0.999831983216163
ENSMUSG00000120977	83.6586951621545	0.0419247474723067	0.1209034285447	0.346248521893684	0.729155952082122	0.999831983216163
ENSMUSG00000128874	38.7609473275233	0.0707534770340491	0.110045281388365	0.63980903862538	0.522296755645284	0.999831983216163
ENSMUSG00000136128	27.1032207870732	0.036308171447731	0.100940432436957	0.357750342763006	0.720530154971262	0.999831983216163
ENSMUSG00000137292	129.170050010312	-0.0114427196010081	0.121222645854399	-0.0943654400525534	0.924818868108433	0.999831983216163
ENSMUSG00000109814	171.571345371721	0.104124268830562	0.119620897986996	0.869808974234828	0.384404806334911	0.999831983216163
ENSMUSG00000110239	204.444788952652	-0.0612349840543293	0.117740556659704	-0.52031372632984	0.602844930378592	0.999831983216163
ENSMUSG00000109121	22.6082989566969	0.0419681777629157	0.0853862380591714	0.488156927812389	0.625438690669206	0.999831983216163
ENSMUSG00000097585	137.014666995028	0.0470188629845371	0.121881972814178	0.385327008443021	0.699995153679271	0.999831983216163
ENSMUSG00000097644	19.8185033438065	0.0467861930279391	0.0930185073918662	0.499946253869213	0.617112922258652	0.999831983216163
ENSMUSG00000109532	14.1571815333465	-0.0404219236706022	0.0819775552492722	-0.499622930557907	0.617340608628505	0.999831983216163
ENSMUSG00000120563	34.504107536663	-0.179773892000607	0.105226711017969	-1.74514315546787	0.0809599531552816	0.999831983216163
ENSMUSG00000109097	17.7967323547315	0.0100427273855305	0.0856620901907238	0.117004303919972	0.906856642875415	0.999831983216163
ENSMUSG00000066175	15.9655724508952	0.0084122983471402	0.0862271883056595	0.0974394689235699	0.922377402168565	0.999831983216163
ENSMUSG00000055323	89.3664485402536	-0.0143083992836265	0.121523185479794	-0.117733192087748	0.906279066185892	0.999831983216163
ENSMUSG00000142882	80.6541433166174	0.119644053086322	0.119861871201967	0.993478407728453	0.320476867900791	0.999831983216163
ENSMUSG00000108617	122.894334508495	-0.0176473087697121	0.12179531005495	-0.144871138025105	0.88481261451857	0.999831983216163
ENSMUSG00000139151	14.7168184935077	-0.0744736092327866	0.0823644985915742	-0.927505929540943	0.353663914569738	0.999831983216163
ENSMUSG00000086742	82.4938048395697	0.069912921627157	0.121333141340952	0.575386094951062	0.565030206139795	0.999831983216163
ENSMUSG00000132652	31.2744897060777	0.0639029177001145	0.105242640490253	0.603514091075826	0.546166744333358	0.999831983216163
ENSMUSG00000133213	30.7947512073597	0.0143634441707399	0.103030896616193	0.1391789604957	0.8893087337706	0.999831983216163
ENSMUSG00000121116	10.461276045323	-0.0927131934935086	0.0744733943709368	-1.29957784660531	0.193745696542191	0.999831983216163
ENSMUSG00000135460	77.7691041321923	-0.0843754555449648	0.120666018578458	-0.70093061740066	0.483346315900253	0.999831983216163
ENSMUSG00000049091	723.592425302997	-0.0652243011167903	0.0977874696660463	-0.667007839710964	0.504767125788079	0.999831983216163
ENSMUSG00000073985	34.2840275119625	0.113124016007969	0.103896313282702	1.07541514389567	0.282188904665746	0.999831983216163
ENSMUSG00000138749	20.5197681193956	-0.046104244677037	0.0930597724588914	-0.499285726033228	0.61757810942454	0.999831983216163
ENSMUSG00000120774	22.0526270399506	0.0291952729449529	0.0958501862607098	0.30307814901111	0.761830306034683	0.999831983216163
ENSMUSG00000099481	402.941072066353	0.0999865484021867	0.106735904302464	0.936559267992815	0.348985312343513	0.999831983216163
ENSMUSG00000070425	19.7837488181484	-0.0627396104355717	0.091014952933241	-0.697541181436549	0.48546417666603	0.999831983216163
ENSMUSG00000130544	19.175010267793	-0.0622183501164731	0.091369354180836	-0.688742676081178	0.490985215106515	0.999831983216163
ENSMUSG00000130587	14.6511028365511	0.0269639637933746	0.0797536678980779	0.336201405147381	0.73671899336679	0.999831983216163
ENSMUSG00000087088	148.110616574381	0.096527353513057	0.120878331595275	0.797921098178213	0.424916279045953	0.999831983216163
ENSMUSG00000108825	192.537828390421	0.019460311364384	0.120817173918889	0.16096695344751	0.872119428515255	0.999831983216163
ENSMUSG00000085080	51.8070994825457	-0.112134676715972	0.11459290986575	-0.985540078101488	0.324358855150712	0.999831983216163
ENSMUSG00000063902	864.488734601314	-0.0401998577890525	0.0948920779453272	-0.423661742822995	0.671812519654332	0.999831983216163
ENSMUSG00000109552	33.7388613288936	0.0509801890194964	0.105866292608875	0.478951005066309	0.631973484357243	0.999831983216163
ENSMUSG00000109452	41.2918497726724	-0.186369328921512	0.109634404833516	-1.73096099385215	0.083458721694719	0.999831983216163
ENSMUSG00000108878	50.5129533837965	-0.0342187882068758	0.115531875017571	-0.296620329744793	0.76675638814685	0.999831983216163
ENSMUSG00000121377	891.729318611315	-0.0314873269942057	0.0950962328056282	-0.331106639689184	0.740563936506696	0.999831983216163
ENSMUSG00000122303	37.5106609730765	0.127443745800116	0.106643190257101	1.18184813005255	0.237265966427188	0.999831983216163
ENSMUSG00000086502	323.696420496851	-0.184210635145781	0.113019027333231	-1.63078862313702	0.10293492884515	0.999831983216163
ENSMUSG00000108465	105.810671149715	-0.0626212081738522	0.121583217987031	-0.515888801670365	0.605932075771458	0.999831983216163
ENSMUSG00000101225	89.0427048111786	0.0809509828142396	0.121619553362147	0.664600915254556	0.506305783701681	0.999831983216163
ENSMUSG00000107023	153.729042310578	0.0510464003317604	0.120976212549876	0.42166663748406	0.673268359361862	0.999831983216163
ENSMUSG00000101845	17.6860580711432	-0.0485070179229744	0.0874276793998702	-0.561663897279355	0.574345036491601	0.999831983216163
ENSMUSG00000140431	27.1650552143249	0.0196166866171754	0.0956304834940149	0.204213650688528	0.838186544424896	0.999831983216163
ENSMUSG00000108801	33.4796577553628	-0.100394419969638	0.106859220288935	-0.94888255742251	0.342680346795204	0.999831983216163
ENSMUSG00000120382	57.5158552187971	-0.0370401289270895	0.116648408049952	-0.317920258275054	0.750545425350944	0.999831983216163
ENSMUSG00000121868	84.7654527885861	0.0331884112651565	0.120852565621856	0.274207190012239	0.783925402984348	0.999831983216163
ENSMUSG00000109282	19.8799074484798	0.000271139098878867	0.0903437798127307	0.00300236369220909	0.99760446396304	0.999831983216163
ENSMUSG00000109130	22.8373190752745	0.0233331374318101	0.0970893081939918	0.239558214413257	0.810672761618088	0.999831983216163
ENSMUSG00000096606	47.1432445972038	0.151636708141072	0.113645763117155	1.32271300801357	0.185930836014382	0.999831983216163
ENSMUSG00000097974	38.1370779992119	0.150081991230784	0.110254914061378	1.34949039600229	0.17717950307896	0.999831983216163
ENSMUSG00000085095	19.5527715646122	0.038433509791727	0.0879358055457909	0.435037832349088	0.663534966832514	0.999831983216163
ENSMUSG00000108353	10.7862139150994	-0.00200980282001626	0.0736971205375937	-0.0273011639104167	0.978219528549491	0.999831983216163
ENSMUSG00000087530	18.2421223144039	0.0382913248743387	0.0864344937991059	0.438585989178378	0.660961550918402	0.999831983216163
ENSMUSG00000108604	16.9581036994177	-0.0314764397304241	0.0811787527262513	-0.39173087831228	0.695257072205779	0.999831983216163
ENSMUSG00000062944	113.330003038301	-0.0111381306286144	0.121803456360821	-0.0914423855502969	0.927141084005467	0.999831983216163
ENSMUSG00000140143	134.338451537555	0.0222946296210902	0.0605560861892506	0.362345931589519	0.717093538362026	0.999831983216163
ENSMUSG00000043432	159.360859396543	0.0533965551980167	0.120558493970493	0.442574783520342	0.658073327468205	0.999831983216163
ENSMUSG00000142274	48.7486600114015	0.0103726355991815	0.114434694039643	0.0905144890052167	0.927878380653513	0.999831983216163
ENSMUSG00000086604	198.679550379249	0.0730016984979526	0.11861014075007	0.615171835213207	0.538441245799034	0.999831983216163
ENSMUSG00000108923	13.2518355785372	-0.0355978798486276	0.0806287322727914	-0.445587334766575	0.655895360931615	0.999831983216163
ENSMUSG00000109108	11.4898342933094	-0.0665495082634243	0.0760776192936485	-0.897303538937446	0.369556968604016	0.999831983216163
ENSMUSG00000109165	16.0624583933112	-0.00414098071495734	0.0867366805327399	-0.0477964891027309	0.961878434650446	0.999831983216163
ENSMUSG00000130907	14.1461325407301	-0.0411235393397527	0.0798151918189011	-0.521347063477511	0.602125021059841	0.999831983216163
ENSMUSG00000110105	112.830032557304	-0.0675050782499652	0.12175060017345	-0.55491361080197	0.578953751689181	0.999831983216163
ENSMUSG00000095730	15.9796203104892	0.0358503292885409	0.0824305980608718	0.431249854267403	0.666286707705787	0.999831983216163
ENSMUSG00000055452	86.9178723375826	0.0701494769293315	0.121194068819523	0.577577896672529	0.563549133358503	0.999831983216163
ENSMUSG00000107470	82.7697869739301	-0.0189788544180503	0.12086084796322	-0.157124882091541	0.875146428069124	0.999831983216163
ENSMUSG00000134561	142.360004706974	-0.0596843594665279	0.120704223469654	-0.494641537346587	0.620853176134119	0.999831983216163
ENSMUSG00000108372	30.7310842186783	0.0709572447260403	0.103904927228165	0.677592394046274	0.49803016995611	0.999831983216163
ENSMUSG00000108322	15.0779894225531	0.0774406712232919	0.0817282796997692	0.933476837576642	0.350573824138653	0.999831983216163
ENSMUSG00000108607	10.7116077937534	0.0764432926962874	0.0715780951298236	1.04473627388077	0.29614487489094	0.999831983216163
ENSMUSG00000120199	16.3617688507357	-0.0236175028922991	0.0864766039327097	-0.274422992473131	0.783759575546397	0.999831983216163
ENSMUSG00000085272	68.5894794620661	0.0274010352550252	0.118014003840768	0.231763394060797	0.816721790263821	0.999831983216163
ENSMUSG00000132274	61.7559918095963	-0.0620554850122456	0.114638604263554	-0.543329406893702	0.586903020605937	0.999831983216163
ENSMUSG00000137951	163.496446684688	-0.017323007446191	0.121851122749556	-0.142104986447799	0.886997079535427	0.999831983216163
ENSMUSG00000142314	40.7570984231968	0.00256193694455022	0.111326271641825	0.0230074174254619	0.981644356266482	0.999831983216163
ENSMUSG00000141004	11.5121133654042	-0.0171868653692528	0.0758542646179773	-0.228066296567117	0.819594701088795	0.999831983216163
ENSMUSG00000127844	79.92795047379	-0.0652748146922631	0.117880813563366	-0.556021340300002	0.578196266294721	0.999831983216163
ENSMUSG00000109205	38.6483482002138	0.013843784719498	0.109814210443286	0.126002313508268	0.899730093258056	0.999831983216163
ENSMUSG00000143157	18.3296499987675	0.0413294761726737	0.0888149937696637	0.461261641427354	0.644610901751383	0.999831983216163
ENSMUSG00000070604	43.285851534111	0.0433612373584789	0.112448063795156	0.384404337349139	0.700678786287188	0.999831983216163
ENSMUSG00000013367	1578.8792145391	0.0687080581557869	0.0939855033007958	0.730967882270047	0.464798770948795	0.999831983216163
ENSMUSG00000097178	11.5275214382256	0.0417910443823198	0.0771216307301278	0.535904631103105	0.592024463647091	0.999831983216163
ENSMUSG00000138150	22.397540451865	0.0182808993007347	0.0939544255758424	0.193718541751771	0.846396272641296	0.999831983216163
ENSMUSG00000138110	22.3988030792865	0.00213695005197641	0.0957374207637375	0.0223332246945976	0.982182146012743	0.999831983216163
ENSMUSG00000118444	10.7376428850467	0.0347159020484569	0.0748184905464287	0.459115859690696	0.646150968232491	0.999831983216163
ENSMUSG00000118477	16.6118853218041	0.0617102341608767	0.0825353424419015	0.737829829465425	0.460617864181402	0.999831983216163
ENSMUSG00000050605	731.666297723096	0.047095473776106	0.097241820426982	0.484284079138782	0.628184273312852	0.999831983216163
ENSMUSG00000134949	11.1362364768107	-0.0689732617845335	0.0744672545695576	-0.953926706691499	0.340120743788619	0.999831983216163
ENSMUSG00000107620	91.6475952061826	0.0405682639061762	0.121283283435171	0.334086457087548	0.738314319214856	0.999831983216163
ENSMUSG00000107815	38.6041609008584	-0.0962539120598123	0.107192277393273	-0.907882010202948	0.363940563219309	0.999831983216163
ENSMUSG00000107585	82.4396011016992	0.118664180815453	0.12128086845468	0.976124767840235	0.329002638920855	0.999831983216163
ENSMUSG00000043843	3912.86419329419	-0.0569468074564668	0.0936609324491815	-0.608075007094043	0.543137727572833	0.999831983216163
ENSMUSG00000030878	1253.55596725509	0.027650957457835	0.0950243569243725	0.290989235920562	0.771059551962371	0.999831983216163
ENSMUSG00000040841	95.1860738455754	0.0103321427897651	0.120355025694919	0.0857349081568337	0.931677151586334	0.999831983216163
ENSMUSG00000033585	5609.95507637881	-0.125129247094058	0.092675469754319	-1.35055860673072	0.17683686801728	0.999831983216163
ENSMUSG00000041309	309.756696533645	0.0334481548447982	0.113819697735011	0.293830242005726	0.768887624821338	0.999831983216163
ENSMUSG00000049791	982.465540879224	-0.160442521252174	0.104718610243036	-1.53278241106764	0.125329475791783	0.999831983216163
ENSMUSG00000036882	755.41378098512	-0.0365858803670808	0.103332458711642	-0.354050599826205	0.723300962812792	0.999831983216163
ENSMUSG00000070705	844.653290587648	0.117688279560353	0.105966328410467	1.11006565975939	0.266970733654429	0.999831983216163
ENSMUSG00000025789	84.1375013622811	0.124955094736234	0.120792547874929	1.03161305031384	0.302253424365759	0.999831983216163
ENSMUSG00000030431	173.808132093917	-0.0626433681814726	0.121003577601527	-0.517848566208743	0.60456393017403	0.999831983216163
ENSMUSG00000034825	4672.49921604959	0.057258924229784	0.0817809203193065	0.700120165225923	0.483852263473534	0.999831983216163
ENSMUSG00000095115	309.893878036479	-0.075519328581875	0.111475475023388	-0.677490624709956	0.498094716478583	0.999831983216163
ENSMUSG00000030553	18.7262745057504	0.0415192930971905	0.0873483790988404	0.470871482853034	0.637732513649262	0.999831983216163
ENSMUSG00000043262	692.486415386004	0.0751803543538944	0.0996669424603589	0.754253449061603	0.450697048756918	0.999831983216163
ENSMUSG00000030413	213.67060928673	-0.03640015824323	0.118996707779723	-0.305865326676332	0.759707186834034	0.999831983216163
ENSMUSG00000070462	1543.25109731909	-0.0666069500906677	0.0887028991316141	-0.750924298353517	0.452698216075415	0.999831983216163
ENSMUSG00000062785	25356.3953190861	-0.0462413779842919	0.0902395009618004	-0.512480053481463	0.60831507673462	0.999831983216163
ENSMUSG00000046574	2950.46172358841	-0.0559843675602473	0.0913167738494644	-0.613128414560786	0.539791433398092	0.999831983216163
ENSMUSG00000030965	1325.94480021458	0.0230154211157506	0.0884640995758753	0.260162529324136	0.794738406531256	0.999831983216163
ENSMUSG00000003872	202.564321963209	0.0807313601635908	0.119870868620229	0.673022890898894	0.500932728041612	0.999831983216163
ENSMUSG00000030677	456.819146153984	-0.0505141275173155	0.107792588399231	-0.468601539464475	0.639354476703126	0.999831983216163
ENSMUSG00000120378	30.1747526253917	0.0198434988056633	0.0999424468915479	0.198453700763455	0.842690105697182	0.999831983216163
ENSMUSG00000048677	455.020255502849	0.0727715112092343	0.112994555069608	0.643616326190349	0.519824260752	0.999831983216163
ENSMUSG00000090958	93.9480813130306	0.000754846925876372	0.121828614399296	0.00619726136317337	0.995055332489941	0.999831983216163
ENSMUSG00000002983	87.3267014668621	0.16902956458477	0.121534591976015	1.38669407854808	0.165535066991314	0.999831983216163
ENSMUSG00000006333	6121.4889403984	0.0242616202049842	0.0825723547847758	0.29381530978097	0.768899035667816	0.999831983216163
ENSMUSG00000032942	69.5481181138391	0.105233847233591	0.118066994962707	0.888353289284372	0.37435074315621	0.999831983216163
ENSMUSG00000060860	827.458051478938	-0.0369993383759177	0.0965381620450873	-0.383266168353725	0.701522421303931	0.999831983216163
ENSMUSG00000032812	1472.31659941537	0.0375080861493716	0.090516551608649	0.414378346888112	0.678597044149569	0.999831983216163
ENSMUSG00000057342	828.259057008737	0.0809585658128012	0.100235668390992	0.807527411518499	0.419362688370037	0.999831983216163
ENSMUSG00000025326	5658.17165936554	-0.00738910619110999	0.0940613570881177	-0.0785581964466651	0.937384039132591	0.999831983216163
ENSMUSG00000041187	233.952691524126	-0.102492253438109	0.116896848882718	-0.877259195917803	0.380345869855013	0.999831983216163
ENSMUSG00000044876	1176.69638094818	-0.0760922116880858	0.0908082683554484	-0.83797686501385	0.402043696909416	0.999831983216163
ENSMUSG00000032737	1307.77881313547	-0.0406716029454935	0.0885750125527974	-0.459174643808231	0.6461087575565	0.999831983216163
ENSMUSG00000044562	118.745981276114	0.0535634275122639	0.121812032752128	0.438960055128226	0.660690480162546	0.999831983216163
ENSMUSG00000008435	1124.40730655446	0.00566642740399385	0.0932036319855098	0.0607976745699663	0.951520342321624	0.999831983216163
ENSMUSG00000025494	45.8250547263424	0.0015890923095676	0.113163986823448	0.0140325566869369	0.988804007110874	0.999831983216163
ENSMUSG00000040390	3297.48166660954	-0.105603867587992	0.0888870794762419	-1.1882171446801	0.23474787077328	0.999831983216163
ENSMUSG00000030786	102.165811057347	0.040907494958577	0.121884887432972	0.335408504411401	0.737316953556162	0.999831983216163
ENSMUSG00000030868	2190.38007890631	-0.0312738749304874	0.0842757533830252	-0.371091072846053	0.710569699921578	0.999831983216163
ENSMUSG00000003863	3111.41177044129	-0.0200272451817453	0.0814978444547822	-0.245740869647956	0.80588283267389	0.999831983216163
ENSMUSG00000030647	3430.85088339709	0.00938055404592964	0.0876311593568065	0.107046006251297	0.914752481700761	0.999831983216163
ENSMUSG00000038387	280.892385897286	-0.110913245804163	0.111909877657077	-0.991214337329771	0.321580931150089	0.999831983216163
ENSMUSG00000042797	423.549402722031	0.0781495789499148	0.104925179244878	0.744787239126358	0.456400350424778	0.999831983216163
ENSMUSG00000030590	407.179798838002	-0.0382084147925132	0.107687601785718	-0.35484209856529	0.722707887850153	0.999831983216163
ENSMUSG00000045467	21.4043818063701	-0.0189373574233694	0.0942481010920798	-0.201613824962044	0.84021863641483	0.999831983216163
ENSMUSG00000040428	38.2880382387761	0.0978327566455755	0.108987980875335	0.892208311774695	0.37228128790682	0.999831983216163
ENSMUSG00000057177	3279.78821717172	0.0319614128952094	0.0862827599017316	0.370407123624715	0.711079166809238	0.999831983216163
ENSMUSG00000047473	693.114313556881	0.153644243276404	0.0982236919530592	1.56409518431514	0.1177952167416	0.999831983216163
ENSMUSG00000038637	137.830895615903	0.158312077699195	0.12121778037328	1.30374247031695	0.192321403626229	0.999831983216163
ENSMUSG00000030614	1368.1602988828	0.103233326994656	0.0885395936112773	1.16590939549001	0.243651079868337	0.999831983216163
ENSMUSG00000109305	66.5230994414337	0.0219322944823827	0.117797044102264	0.185801506749477	0.852600422893922	0.999831983216163
ENSMUSG00000025102	332.382087478316	-0.0109378119811091	0.109502754759621	-0.0998869456666197	0.920434080364386	0.999831983216163
ENSMUSG00000059851	897.92729987283	-0.0530068945964859	0.100347160528473	-0.528248677600403	0.597326747769952	0.999831983216163
ENSMUSG00000061723	12.2414430687664	-0.127883204542157	0.0774731201987935	-1.74999985298416	0.0801183390959016	0.999831983216163
ENSMUSG00000050382	59.1576527002141	-0.0266418197124011	0.116789920037197	-0.22859340200185	0.819184953238683	0.999831983216163
ENSMUSG00000061079	543.264948219067	0.159079499475963	0.102002743251131	1.55922065887348	0.11894416284937	0.999831983216163
ENSMUSG00000030402	10.5976458014592	-0.00831210510390277	0.0741626189967016	-0.112533518984281	0.910400394220336	0.999831983216163
ENSMUSG00000055633	326.933197941132	0.114647185991342	0.112368762181123	1.01980332289898	0.307821746951423	0.999831983216163
ENSMUSG00000050855	847.287512325446	0.0112935608508968	0.0956433340399766	0.118084875369508	0.90600040730769	0.999831983216163
ENSMUSG00000064264	407.288548622012	-0.00759284721041899	0.10963836056904	-0.0692517680842969	0.94478921700691	0.999831983216163
ENSMUSG00000030494	341.973986767463	0.00932565324802782	0.110281990133459	0.084570334018958	0.932602984573641	0.999831983216163
ENSMUSG00000030374	3907.31424841964	-0.0851499198879433	0.0855471867655372	-0.995434877674812	0.319524802511086	0.999831983216163
ENSMUSG00000035686	1695.371900752	-0.0351808557321877	0.0906570707713101	-0.388065969863525	0.697967214491266	0.999831983216163
ENSMUSG00000030669	49.8365886279662	0.189862102838429	0.109988014163273	1.70655939672944	0.0879039774656719	0.999831983216163
ENSMUSG00000039043	495.870493862282	-0.0439700408210506	0.104779710922096	-0.419641114938101	0.674747648084627	0.999831983216163
ENSMUSG00000030451	8577.66361144497	0.013271606457856	0.099341007373785	0.133592750383928	0.893724617155981	0.999831983216163
ENSMUSG00000019194	14775.3512133033	0.0291926730676165	0.076267353088882	0.382759315543747	0.701898229878586	0.999831983216163
ENSMUSG00000030595	607.020977820203	-0.0023854556565623	0.102118557299815	-0.0233584912874624	0.98136431511781	0.999831983216163
ENSMUSG00000038502	1642.32791262144	0.0757824141374028	0.0891024848883484	0.850457172504417	0.395070961540273	0.999831983216163
ENSMUSG00000030760	985.22939549415	-0.0492328891535192	0.0956202666531694	-0.514919466254143	0.606609297412719	0.999831983216163
ENSMUSG00000006763	863.606372010202	0.0359279265515575	0.0987528179891568	0.363788034210877	0.716016298639054	0.999831983216163
ENSMUSG00000063047	728.09283951602	-0.108667737507364	0.0977189065107253	-1.11210079278768	0.266094815911398	0.999831983216163
ENSMUSG00000002957	8259.93718974426	-0.0264876561810092	0.0764351530198249	-0.346542652122498	0.728934935812447	0.999831983216163
ENSMUSG00000056592	778.155767090054	-0.125494927130452	0.100857614969315	-1.24440485443698	0.213350597181199	0.999831983216163
ENSMUSG00000035458	37.2869972170825	0.0521054783140521	0.107970782501273	0.480738497696286	0.630702366234617	0.999831983216163
ENSMUSG00000038459	682.091094720657	-0.0488479278569928	0.0978964826468919	-0.498966946041758	0.617802670175782	0.999831983216163
ENSMUSG00000004610	144.165978246341	0.0304923059283433	0.121458511948018	0.250865492477534	0.801918104430759	0.999831983216163
ENSMUSG00000036111	169.860171472521	0.168157844523619	0.121840492327646	1.37562543278736	0.168937628558776	0.999831983216163
ENSMUSG00000030815	935.324527175967	-0.114142804598682	0.0973112128743224	-1.17301669426306	0.24078911110527	0.999831983216163
ENSMUSG00000030754	3430.9977129132	0.0359389283748701	0.0822572349842336	0.436899543483648	0.662184203030671	0.999831983216163
ENSMUSG00000042178	445.19798943187	0.0354273153811437	0.105105299089752	0.337030851008121	0.736093643516712	0.999831983216163
ENSMUSG00000042659	244.39883593052	-0.0982189463149296	0.117946475108974	-0.833545589090458	0.404537097674476	0.999831983216163
ENSMUSG00000037519	4114.69777491004	-0.00405384990810897	0.0788351529301495	-0.0514214377815719	0.958989702489565	0.999831983216163
ENSMUSG00000033847	84.2654433700443	0.0256349846986848	0.121475578067963	0.21087263377809	0.832986659034431	0.999831983216163
ENSMUSG00000035674	426.198510183508	-0.0509388023517633	0.110319527361052	-0.461827945182951	0.644204709146393	0.999831983216163
ENSMUSG00000092335	32.8537835635148	-0.0712831658053524	0.103937512349055	-0.692569967659032	0.488579462848393	0.999831983216163
ENSMUSG00000051403	4146.88013479916	0.0106933691573835	0.0917001752616456	0.116608150123991	0.907170578925532	0.999831983216163
ENSMUSG00000031090	313.296541407266	0.0107148570219752	0.111021457651594	0.0965068062818972	0.923118068528732	0.999831983216163
ENSMUSG00000030528	301.204271281556	-0.0699301246323698	0.115789999391028	-0.60411452877742	0.54576750076834	0.999831983216163
ENSMUSG00000030711	527.515378219142	-0.0771014034792339	0.108633464788545	-0.709959793437981	0.477729069451989	0.999831983216163
ENSMUSG00000043456	1659.29253999715	-0.0901475709202902	0.102049659232713	-0.883651978402256	0.376884110786191	0.999831983216163
ENSMUSG00000030888	758.649150052487	-0.0402847565859488	0.096685689555036	-0.416657680028419	0.676928813161563	0.999831983216163
ENSMUSG00000008036	2891.22232340164	-0.039308035666878	0.0867493685155839	-0.453134142823862	0.650452151169549	0.999831983216163
ENSMUSG00000030500	2211.53088715411	0.0946501165092308	0.0933257162229629	0.995676365182024	0.319407417304428	0.999831983216163
ENSMUSG00000035064	2165.63886233253	0.00461138708918996	0.0998783608459252	0.0461685852303984	0.963175881118102	0.999831983216163
ENSMUSG00000049676	33.21822303887	-0.124748891289007	0.105664994100977	-1.19558774387689	0.231857476596482	0.999831983216163
ENSMUSG00000005610	31251.4500636734	-0.109356510933755	0.0762135405654418	-1.43500675870075	0.151285171642714	0.999831983216163
ENSMUSG00000037613	19.771291890004	0.0634888793652835	0.0867099491481055	0.720672368331982	0.471111116901177	0.999831983216163
ENSMUSG00000040364	17.7317440098595	0.0326204950952431	0.0865957556351862	0.373336575275975	0.708897957921419	0.999831983216163
ENSMUSG00000030741	1984.22310831294	0.0237615249268407	0.0928840205943514	0.255802012006631	0.79810372023074	0.999831983216163
ENSMUSG00000048782	171.501330127718	-0.00215567095534588	0.121612281495039	-0.0177191449397718	0.9858629075918	0.999831983216163
ENSMUSG00000030706	2133.18000359353	-0.0200223906342781	0.0838278178552785	-0.238852120349971	0.811220253445487	0.999831983216163
ENSMUSG00000070348	466.921499310748	-0.140693131929418	0.105898448769558	-1.32861446379795	0.183975197707836	0.999831983216163
ENSMUSG00000030934	4573.30557334918	0.0857758648943997	0.0860302390595655	0.996934789743114	0.318796163591987	0.999831983216163
ENSMUSG00000064254	287.360163845647	0.0320918610440217	0.113861839022837	0.281770654647704	0.778119373767171	0.999831983216163
ENSMUSG00000062861	414.867287825524	0.124276630955268	0.106431433841984	1.1674196562833	0.243040936933346	0.999831983216163
ENSMUSG00000070427	557.39151937518	-0.0618710127082377	0.103725661409024	-0.596532160433726	0.550819775851573	0.999831983216163
ENSMUSG00000045757	192.321838945838	0.0620756925986597	0.117389584100085	0.528660629254394	0.597040893401569	0.999831983216163
ENSMUSG00000030407	465.458437550336	-0.0319139826041469	0.10455412328168	-0.305247140477493	0.760177931591858	0.999831983216163
ENSMUSG00000002068	323.211533410035	-0.0270620892788248	0.111311898348356	-0.243162607359656	0.807879432608249	0.999831983216163
ENSMUSG00000033790	1858.25881355109	0.0850417165847912	0.0875113090780128	0.971730723756335	0.331184527855921	0.999831983216163
ENSMUSG00000033429	521.729544817943	0.0925583637951074	0.101759607647199	0.909520407398346	0.363075490642292	0.999831983216163
ENSMUSG00000030527	1255.48617602719	-0.0677280003093826	0.100802381394278	-0.671952374530515	0.501614016101022	0.999831983216163
ENSMUSG00000003762	399.05388543539	0.0434642624308249	0.106330506878192	0.408737464760474	0.682732336593718	0.999831983216163
ENSMUSG00000036989	7114.03596595568	-0.0425700254788475	0.081389383378742	-0.523061619121607	0.600931373472258	0.999831983216163
ENSMUSG00000025484	513.179507860781	-0.0378745145724996	0.106992014508008	-0.354013422370572	0.723328824202838	0.999831983216163
ENSMUSG00000018995	579.981446134417	-0.0820757535118559	0.102330968486468	-0.802150643364329	0.422465823000915	0.999831983216163
ENSMUSG00000030554	1032.39307486265	-0.000287846822661365	0.0955671430180523	-0.00301151144402798	0.997597165146095	0.999831983216163
ENSMUSG00000068566	691.533509161706	-0.102335333275654	0.108201673933259	-0.946060946036625	0.344117501685352	0.999831983216163
ENSMUSG00000030701	13777.7839032025	0.074415542966725	0.079295058246008	0.938396072637839	0.34804090349545	0.999831983216163
ENSMUSG00000036751	4720.09199344244	0.00332296150054953	0.0897677587170046	0.0370179392905777	0.970470702057741	0.999831983216163
ENSMUSG00000030733	2678.80551753768	-0.016435099663362	0.0837482918193538	-0.196243236191292	0.844419788342683	0.999831983216163
ENSMUSG00000030659	251.485364307595	0.163853255791023	0.116063088341128	1.41090781567749	0.15827179733245	0.999831983216163
ENSMUSG00000004473	75.2606193208339	-0.0908215283785587	0.11952710693759	-0.761700756539591	0.44623862371233	0.999831983216163
ENSMUSG00000025324	703.952672560408	-0.089322161564078	0.106527725859225	-0.838818228580159	0.401571319961984	0.999831983216163
ENSMUSG00000005533	2878.45063609815	0.10213442401679	0.101949708970659	1.0014338174294	0.316617121629564	0.999831983216163
ENSMUSG00000078606	13.794930223826	0.125739266468533	0.0814624146987934	1.51141172421909	0.130683584087357	0.999831983216163
ENSMUSG00000037606	612.606854614122	0.179039062973261	0.0998004859560787	1.79372009684259	0.0728578559559082	0.999831983216163
ENSMUSG00000036854	383.805451411132	0.0277074196702855	0.107217748956675	0.258397713992562	0.796099980679664	0.999831983216163
ENSMUSG00000036733	11.7807500271586	0.0192752303743577	0.0755910065912262	0.252941536275012	0.800313391548495	0.999831983216163
ENSMUSG00000063808	991.873200262234	0.0482560436394174	0.091497343751786	0.527392129665651	0.59792130781866	0.999831983216163
ENSMUSG00000003273	2353.04208479182	0.0903132390565538	0.0886322323368367	1.01885236458064	0.308273061369684	0.999831983216163
ENSMUSG00000030870	3144.41786126506	-0.0343651974138695	0.0908089931608501	-0.378460946392892	0.705088200275096	0.999831983216163
ENSMUSG00000058886	1717.38276711356	-0.0241796013666867	0.0925469338675926	-0.261265695465823	0.793887619099543	0.999831983216163
ENSMUSG00000030849	2563.12114968334	0.0553373325714149	0.0896038765043647	0.617529534341328	0.536885506885726	0.999831983216163
ENSMUSG00000021217	416.221605758491	0.0725144470856836	0.106962554566234	0.677869747310896	0.497854283093767	0.999831983216163
ENSMUSG00000004609	155.744614260863	0.138727250656324	0.12074794074982	1.14685013944194	0.2514435627285	0.999831983216163
ENSMUSG00000005609	2675.18531332629	-0.111911723255391	0.086611259890852	-1.29224959835059	0.19627072033071	0.999831983216163
ENSMUSG00000002210	946.524229312071	0.00534899683241856	0.0963258011346235	0.05552722138029	0.955718443874128	0.999831983216163
ENSMUSG00000048921	215.286604925038	-0.0256296483585791	0.11823768973068	-0.216778436110026	0.828381017859306	0.999831983216163
ENSMUSG00000051451	4492.91426906783	0.0816102447440891	0.0816351646840256	0.999625786461416	0.317491639189583	0.999831983216163
ENSMUSG00000033904	5069.20133401822	-0.123285144502886	0.0825460560427857	-1.49371401404169	0.135250384061649	0.999831983216163
ENSMUSG00000032860	32.3840161182421	-0.0311425684452869	0.106128928722836	-0.294421925220999	0.768435515080502	0.999831983216163
ENSMUSG00000019734	129.825812399575	0.0931121850941925	0.121815091488408	0.76295048581029	0.445492925731238	0.999831983216163
ENSMUSG00000036459	109.832684559811	-0.00713467837889255	0.121872664573888	-0.0585275830810878	0.953328392025928	0.999831983216163
ENSMUSG00000030512	843.77001866939	0.0785779290973015	0.102262310709745	0.768210803113522	0.44236195636802	0.999831983216163
ENSMUSG00000036528	434.917173821938	0.182398822217588	0.107590815316029	1.69447159856353	0.0901757041888673	0.999831983216163
ENSMUSG00000030774	17399.4741209823	-0.0353597013945628	0.075363101675485	-0.469202676530815	0.638924772524827	0.999831983216163
ENSMUSG00000078768	152.844711432437	0.181780870628923	0.120064803235963	1.51212022332813	0.130503280992318	0.999831983216163
ENSMUSG00000001247	140.018919150282	0.102421239756403	0.12115006297066	0.844198999731348	0.39855821341494	0.999831983216163
ENSMUSG00000030606	16.5821112541958	-0.034256433258954	0.0817554160429353	-0.422728117755295	0.672493638341229	0.999831983216163
ENSMUSG00000045282	353.656188098155	0.0203427370724978	0.117561070075911	0.172945545859065	0.86269423060376	0.999831983216163
ENSMUSG00000038763	29.3933836349307	-0.075602635463138	0.103717704799722	-0.735214592924597	0.46220881300394	0.999831983216163
ENSMUSG00000001741	4119.03184192926	-0.118344441215983	0.0797563682178771	-1.48392275412792	0.137829414576311	0.999831983216163
ENSMUSG00000042828	20.3300232149735	0.0608718314539767	0.0913856099400602	0.658181591947449	0.510421451869024	0.999831983216163
ENSMUSG00000040231	34.8774130284441	-0.163443440340596	0.107209664943068	-1.54999891268913	0.12114177697852	0.999831983216163
ENSMUSG00000003184	1250.84835085229	0.026648518138307	0.0979855060146513	0.271941416319219	0.785667065191697	0.999831983216163
ENSMUSG00000012848	3438.34979380406	0.0847271959219392	0.0926401297156405	0.914430127841085	0.360490876993731	0.999831983216163
ENSMUSG00000030691	2290.08989838795	-0.0516165083860702	0.0859583780675646	-0.60051599422376	0.548162404801934	0.999831983216163
ENSMUSG00000002602	1756.8938232661	-0.0313971865896857	0.0860916552049428	-0.364700387436777	0.715335069367181	0.999831983216163
ENSMUSG00000048170	1432.31339612925	-0.0638756196467752	0.0913654509573601	-0.699179310293357	0.484439978813751	0.999831983216163
ENSMUSG00000015709	3939.80523047245	0.0926995284599632	0.0856349538920554	1.08238722276942	0.279080503378716	0.999831983216163
ENSMUSG00000030643	3593.74350621959	-0.120683638018261	0.0999670687445036	-1.2077549206997	0.2271415458753	0.999831983216163
ENSMUSG00000030917	290.710529894662	-0.0909331769796569	0.11307317774472	-0.80430000740657	0.421223733402349	0.999831983216163
ENSMUSG00000030956	2376.88645972529	-0.108652215151051	0.0924582102886832	-1.17532417891747	0.239865044696213	0.999831983216163
ENSMUSG00000032637	7187.38181358782	0.0351440961142335	0.0856515053739415	0.410293455656954	0.681590692189996	0.999831983216163
ENSMUSG00000015980	168.033890678106	0.0274746787945278	0.119220474817232	0.230442553006435	0.817747898241331	0.999831983216163
ENSMUSG00000035547	934.191846758284	-0.0239068778532209	0.0939808523116956	-0.25438776661577	0.799196001005844	0.999831983216163
ENSMUSG00000007891	5778.74397268633	0.113807817143086	0.0869961603026341	1.30796397013523	0.190885530195285	0.999831983216163
ENSMUSG00000060402	542.968249080866	0.10870123868381	0.102263251539258	1.06289070087978	0.287831520582448	0.999831983216163
ENSMUSG00000060601	1631.84766673174	0.0413105568075403	0.0957207449559634	0.431539493389216	0.666076142851356	0.999831983216163
ENSMUSG00000001794	3890.69566278898	0.0219339742625488	0.0836266797951821	0.26227667837254	0.7931081408055	0.999831983216163
ENSMUSG00000043831	968.878335073689	-0.0510455167568735	0.0994652746450995	-0.513216457584684	0.607799914955552	0.999831983216163
ENSMUSG00000062044	3795.61941835819	0.0593562393827299	0.100650987669186	0.589582360132013	0.555470680791043	0.999831983216163
ENSMUSG00000099689	970.47308011062	-0.0451559407334452	0.100277704898925	-0.45033229571987	0.652470855360605	0.999831983216163
ENSMUSG00000057894	1977.55380844102	-0.162199015463013	0.105763132698351	-1.53488376625521	0.124812381796377	0.999831983216163
ENSMUSG00000012640	1869.03198247648	-0.0460510232201666	0.0915527947105968	-0.503042099194447	0.61493467370349	0.999831983216163
ENSMUSG00000030536	1410.7213593528	0.0714942214275778	0.08862995175722	0.806605784812181	0.419893639857209	0.999831983216163
ENSMUSG00000047767	1082.88931274434	0.0779158969575444	0.107645151474822	0.723529752792939	0.469354481639759	0.999831983216163
ENSMUSG00000030611	687.28806615298	-0.0362086720273206	0.102016676860692	-0.354942222479466	0.722632876233907	0.999831983216163
ENSMUSG00000030516	3962.35040261964	-0.0892256195453672	0.0909370542123735	-0.981353799726823	0.326418300720541	0.999831983216163
ENSMUSG00000002981	4401.58720428722	0.031574966420772	0.0847605706373348	0.372502431065869	0.709518802295809	0.999831983216163
ENSMUSG00000061374	832.897716393774	-0.0662336961931892	0.0961407222657743	-0.688914956851016	0.490876786537486	0.999831983216163
ENSMUSG00000003752	132.823951855306	-0.0646362591993683	0.121549980575661	-0.532126091805446	0.594638667310543	0.999831983216163
ENSMUSG00000030616	1179.78735523871	-0.0528794060022521	0.113840044058966	-0.464724762316291	0.642128573140061	0.999831983216163
ENSMUSG00000030847	826.44869880137	0.166523423649941	0.0964325068350827	1.72655522874065	0.0842475724663719	0.999831983216163
ENSMUSG00000090862	2445.21779789385	0.0323500758203563	0.0915618852484896	0.353289346514316	0.723871531506025	0.999831983216163
ENSMUSG00000030649	244.684388103414	0.0876263950099236	0.115954190672062	0.75543767119803	0.449986417175818	0.999831983216163
ENSMUSG00000030976	17.6158380177253	0.0131868947769817	0.0855531778554288	0.153245535856726	0.878204649313055	0.999831983216163
ENSMUSG00000040212	69.4511618209005	-0.150945380897167	0.119311231511388	-1.27137533689	0.203595152348226	0.999831983216163
ENSMUSG00000011382	352.838246535643	0.00655196641120148	0.119542601693567	0.054811391634143	0.956288724835374	0.999831983216163
ENSMUSG00000003269	1892.54890032112	-0.0885316407842996	0.0864778870071119	-1.02378523801143	0.305936724392782	0.999831983216163
ENSMUSG00000070371	207.335360518673	0.0172208684103118	0.119108636788839	0.144509783230564	0.885097931638558	0.999831983216163
ENSMUSG00000066568	3738.17149301224	-0.0155978031059506	0.0801040198916647	-0.194720393076557	0.845611846124828	0.999831983216163
ENSMUSG00000074272	114.001151977193	0.0889777748000652	0.121753708411965	0.730148713666238	0.465299287590856	0.999831983216163
ENSMUSG00000006095	1351.84254851593	0.0372679375817907	0.0938392071971931	0.397109740997925	0.691286537015856	0.999831983216163
ENSMUSG00000030652	748.77777474561	0.0862324788126204	0.0969700956733638	0.889223057900462	0.373883213094524	0.999831983216163
ENSMUSG00000061028	2069.60022418326	0.0913954812778314	0.0937323815903123	0.974886613686814	0.32961650692711	0.999831983216163
ENSMUSG00000063594	43.2314850180668	-0.170364125631218	0.112879805313624	-1.52530184908062	0.127183826793098	0.999831983216163
ENSMUSG00000051735	80.3285344395088	-0.0769186614283004	0.120953692243048	-0.637061823109696	0.524084574607976	0.999831983216163
ENSMUSG00000007837	164.4584920044	-0.052203392706856	0.120337661450374	-0.433946496152258	0.664327294461955	0.999831983216163
ENSMUSG00000045165	46.6648057704677	0.175739457633976	0.113025878479438	1.54011447055542	0.123532453104241	0.999831983216163
ENSMUSG00000035401	3456.18735795189	-0.102702966781683	0.0824725114574164	-1.24540493981149	0.21298293842366	0.999831983216163
ENSMUSG00000030861	3528.79123316194	0.0709340221804695	0.0830884780591699	0.853672163652359	0.393286661802687	0.999831983216163
ENSMUSG00000070366	149.697184700853	-0.0747464937025194	0.12127269031143	-0.616927139424191	0.537282784956966	0.999831983216163
ENSMUSG00000031029	2824.79928443181	0.0619325411398735	0.0901805996178528	0.686678948844908	0.492285065477958	0.999831983216163
ENSMUSG00000041769	2189.96869589532	-0.0240967919741761	0.0880827911060713	-0.273569142908807	0.784415750020884	0.999831983216163
ENSMUSG00000046792	534.71104316732	0.0465423137390173	0.103836904616673	0.448157526652295	0.654039513362586	0.999831983216163
ENSMUSG00000006335	540.363227371315	0.0307057443536996	0.10402057897313	0.295150491285389	0.76787892029537	0.999831983216163
ENSMUSG00000044786	206.123167772929	-0.0476995464096688	0.0888925196769185	-0.545427179790106	0.585459751271026	0.999831983216163
ENSMUSG00000048200	50.8074340010694	0.0672524401918656	0.113405413064387	0.590075469889451	0.555140053627218	0.999831983216163
ENSMUSG00000030495	1121.90444570242	-0.168707830945544	0.0968484609328447	-1.74232895116424	0.081450900286627	0.999831983216163
ENSMUSG00000006019	393.494772832548	0.0133487361914984	0.110999303928647	0.120230399785094	0.904300636892135	0.999831983216163
ENSMUSG00000035314	1209.49060149422	-0.0287022712364472	0.0984556736414214	-0.291532296874045	0.770644246714907	0.999831983216163
ENSMUSG00000035585	1933.73582107024	0.0196231622287325	0.0874323301676785	0.224430873094674	0.822422050069256	0.999831983216163
ENSMUSG00000066721	39.7134282290499	9.8518811459873e-05	0.110726353844811	0.000890740569082436	0.99928929194623	0.999831983216163
ENSMUSG00000002204	83.3903826547208	0.0937400207451019	0.117414956547806	0.794539261072961	0.426881562148655	0.999831983216163
ENSMUSG00000025486	1078.07031948758	0.0447413864916223	0.0917567304612582	0.487594900456282	0.625836808376523	0.999831983216163
ENSMUSG00000025586	1780.64631245943	0.152342555377958	0.0915598260513561	1.66357162368547	0.0961980665342932	0.999831983216163
ENSMUSG00000030753	4402.82732497808	-0.106631909927489	0.0895415940499609	-1.191062241743	0.233629151336021	0.999831983216163
ENSMUSG00000066979	2570.6966010569	-0.000626560312321041	0.0862389315466992	-0.00726489647472816	0.994203502255651	0.999831983216163
ENSMUSG00000046456	15.450238773242	-0.036961075864414	0.0826018585680444	-0.451554207129136	0.651590165678319	0.999831983216163
ENSMUSG00000035211	21.1246856686379	-0.0516131373542004	0.0914981934730663	-0.570712140855057	0.568194787594933	0.999831983216163
ENSMUSG00000030704	16232.5841549489	-0.0314120258943037	0.0751126320050384	-0.4182080003467	0.675795046925336	0.999831983216163
ENSMUSG00000047721	443.943698162906	0.147922231522491	0.11213304213959	1.31816638669446	0.187447955073449	0.999831983216163
ENSMUSG00000030738	6790.68195311301	-0.00607076711936395	0.0803537134050913	-0.0755507196561934	0.939776544360794	0.999831983216163
ENSMUSG00000038539	899.476493763399	-0.191272739361624	0.106921188003685	-1.79009436022503	0.0734387433081364	0.999831983216163
ENSMUSG00000048965	91.21597950921	0.218647492094703	0.121749626863947	1.78937337543028	0.0735547042103251	0.999831983216163
ENSMUSG00000003438	1080.60568835713	0.0946613635428305	0.0933413916785187	1.01403679640131	0.310565194603304	0.999831983216163
ENSMUSG00000006649	28.9732695976784	0.129487123117668	0.093192141251206	1.36157677220179	0.173331489813202	0.999831983216163
ENSMUSG00000041037	2772.73102912728	-0.108935276353052	0.0833257263288077	-1.30744412774955	0.191061918770779	0.999831983216163
ENSMUSG00000040139	39.7869430835999	0.0886714065196318	0.109087015785309	0.807850069774545	0.419176897473851	0.999831983216163
ENSMUSG00000038292	47.568166869035	-0.04578952665689	0.11320972434906	-0.405167067308994	0.685354710690521	0.999831983216163
ENSMUSG00000030790	34.5493753130764	0.0125829298849319	0.108252616658127	0.116124980829499	0.90755349090625	0.999831983216163
ENSMUSG00000003380	3210.26025777582	0.130322111961714	0.0900647603234981	1.44667750720357	0.147987266995953	0.999831983216163
ENSMUSG00000050428	314.845739460513	-0.0701822726587497	0.114688169149139	-0.612085974029527	0.540480876890556	0.999831983216163
ENSMUSG00000025722	582.038307797354	0.151800558838957	0.10564728788699	1.43627146222636	0.150925111206074	0.999831983216163
ENSMUSG00000030534	761.853156998664	-0.0438950799309454	0.11202620145886	-0.391879397436292	0.695147326409917	0.999831983216163
ENSMUSG00000039990	1714.50936405401	-0.10623306717514	0.0925261812490249	-1.14830730483904	0.250841724592344	0.999831983216163
ENSMUSG00000068962	142.938850637192	-0.125467860220704	0.121140626187208	-1.03708572025151	0.29969590954947	0.999831983216163
ENSMUSG00000039257	226.214095706445	0.0175907939302106	0.0926357402045062	0.189046500883296	0.850056371396909	0.999831983216163
ENSMUSG00000030731	1415.25737186688	0.136155445566171	0.0939391759683563	1.44904968068357	0.147323708969453	0.999831983216163
ENSMUSG00000030588	944.18971069188	-0.0428983052597996	0.0934825585539653	-0.458882466431826	0.646318570441273	0.999831983216163
ENSMUSG00000030559	14.1740389366198	0.0348190620752924	0.0713783293084547	0.47941072398341	0.631646465857628	0.999831983216163
ENSMUSG00000010751	32.9465669778639	-0.0108638553432186	0.101414604880911	-0.107212157952151	0.914620670373957	0.999831983216163
ENSMUSG00000030521	919.14304494515	-0.0215229874261537	0.0971763360014854	-0.221501809301402	0.824701727967958	0.999831983216163
ENSMUSG00000044452	1172.74388150629	0.0386306284116564	0.100779768012215	0.383294044000366	0.701501754881988	0.999831983216163
ENSMUSG00000003429	1466.96453051201	0.0279710334648908	0.0955515352874593	0.292716532501849	0.769738832022236	0.999831983216163
ENSMUSG00000008384	232.862544982758	0.0434356119632136	0.115943884130934	0.374633856720906	0.707932789830368	0.999831983216163
ENSMUSG00000030814	1123.94408129985	-0.109129267565257	0.0960646670944493	-1.13608404979589	0.255921389769433	0.999831983216163
ENSMUSG00000038489	529.744267871799	-0.0505052855114141	0.105067332688702	-0.48069757239848	0.630731456748359	0.999831983216163
ENSMUSG00000038738	9067.65785891968	-0.101871566268732	0.091389308270029	-1.11493791053785	0.264877029596347	0.999831983216163
ENSMUSG00000054716	663.221889020163	0.0100264467909618	0.100283765312044	0.0999722984337619	0.920366317890975	0.999831983216163
ENSMUSG00000060538	298.688582952755	0.00973766511218578	0.111385333434348	0.0874192714648353	0.930338251604927	0.999831983216163
ENSMUSG00000025475	638.830350188431	0.0778217466754062	0.0999777791468011	0.778384165610802	0.436342570742724	0.999831983216163
ENSMUSG00000031021	3216.8380447087	0.00577674048626666	0.0904403332281451	0.0638738679876083	0.949070660102484	0.999831983216163
ENSMUSG00000061787	3524.18741344627	0.0829837499056149	0.0869546410387953	0.954247337953768	0.339958457924894	0.999831983216163
ENSMUSG00000030859	19.636230791261	0.0464655442263702	0.0917502038506263	0.502427883900469	0.615366568878383	0.999831983216163
ENSMUSG00000040703	116.048391846737	0.202005879666158	0.121749054904827	1.65475002310312	0.0979752154322129	0.999831983216163
ENSMUSG00000030802	1172.21218247865	0.0396556365988604	0.0961292305503979	0.412480044253303	0.679987604519578	0.999831983216163
ENSMUSG00000033917	5640.30856110295	-0.0586476959015868	0.0860420058694341	-0.681669230752267	0.495448127785911	0.999831983216163
ENSMUSG00000078794	1413.94749669501	0.102303041238829	0.102597122504238	0.996805394188762	0.318858979457859	0.999831983216163
ENSMUSG00000025470	481.435147560221	-0.145370739028505	0.107498568106627	-1.35251229789618	0.176211487365603	0.999831983216163
ENSMUSG00000030469	1222.6555898487	-0.0409446515523763	0.0979901010438307	-0.417897346881887	0.676022172408713	0.999831983216163
ENSMUSG00000025508	2726.99243070507	-0.00626306252967302	0.0876926850364716	-0.0714188382341508	0.943064417149402	0.999831983216163
ENSMUSG00000030630	744.025206965317	0.0738737917543565	0.100882703864117	0.732162712251892	0.464069260342296	0.999831983216163
ENSMUSG00000030852	4452.04837769057	-0.0198678903858177	0.0787106145878338	-0.252419165118109	0.800717088033418	0.999831983216163
ENSMUSG00000041375	1410.76060259467	0.143881827812716	0.0907270385906956	1.58565689438132	0.112817162451062	0.999831983216163
ENSMUSG00000063297	16033.3104820483	-0.112592695886298	0.0911396177779721	-1.23570511852953	0.216568194246984	0.999831983216163
ENSMUSG00000030898	80.0359713889492	0.0164305344846915	0.116579779723615	0.140788148498955	0.888037305933937	0.999831983216163
ENSMUSG00000073982	567.979145668981	-0.112300497549459	0.100590894528349	-1.11637299113381	0.264262509632203	0.999831983216163
ENSMUSG00000045733	1238.40775679965	0.024094714699156	0.0898425801767912	0.268178942004894	0.788561583337678	0.999831983216163
ENSMUSG00000087598	682.736733910784	-0.0605549592931545	0.0986191786148601	-0.61405250432019	0.539180632399432	0.999831983216163
ENSMUSG00000030660	2077.66647357145	-0.1531496663358	0.10175964977418	-1.50586979829317	0.132100600987572	0.999831983216163
ENSMUSG00000055026	131.069601172703	-0.0164319746941481	0.121338702383521	-0.135579742546634	0.892153520666968	0.999831983216163
ENSMUSG00000069727	244.159067681363	-0.10049879654632	0.115091547684383	-0.873355444867568	0.382469368313746	0.999831983216163
ENSMUSG00000073940	204.934999092031	-0.0148182141943215	0.0424578320123984	-0.363260143633039	0.716410563444645	0.999831983216163
ENSMUSG00000078681	916.342034379757	0.0229183439294462	0.101977790146477	0.224725352740433	0.822192940383575	0.999831983216163
ENSMUSG00000025724	736.302213448853	-0.115072216626164	0.0986748318971265	-1.16626267069421	0.243508260924727	0.999831983216163
ENSMUSG00000043964	668.148918608526	-0.0721161634706873	0.100761354013684	-0.715760582614258	0.474139195442191	0.999831983216163
ENSMUSG00000025473	72.8815340705844	-0.106817351689088	0.120432658460346	-0.889324015353534	0.373828968458784	0.999831983216163
ENSMUSG00000092216	102.231214083281	-0.0190095963675006	0.121884617096426	-0.156015443975429	0.876020847758149	0.999831983216163
ENSMUSG00000038611	2307.64735391922	-0.0341121729432208	0.0845845690400069	-0.403297357017744	0.686729485825051	0.999831983216163
ENSMUSG00000037887	5223.10200498135	-0.136016167950718	0.079988120808554	-1.70063604725709	0.0890113508682639	0.999831983216163
ENSMUSG00000048787	847.830395215466	-0.0814327652905134	0.0988199529340764	-0.824174390011342	0.40984047643285	0.999831983216163
ENSMUSG00000001249	80.6505784331937	0.0891951859204969	0.12060897713334	0.737460110657248	0.460842592305141	0.999831983216163
ENSMUSG00000051504	223.50974949749	0.0768879382611041	0.116844063666556	0.657789283615843	0.510673541402602	0.999831983216163
ENSMUSG00000030403	674.03524052822	0.0722626147251164	0.097496498503646	0.741132862926491	0.458612885581108	0.999831983216163
ENSMUSG00000031027	29.3852710734141	0.13238614725954	0.102796288830989	1.2747589802781	0.202394563668736	0.999831983216163
ENSMUSG00000052707	6504.11190443686	0.113873410934606	0.0817945573203349	1.39203805476872	0.163910874591874	0.999831983216163
ENSMUSG00000051184	95.369429182793	0.00294436463020707	0.121194410608227	0.0243075922659048	0.980607257169121	0.999831983216163
ENSMUSG00000030763	1679.64286936992	0.0193804247661757	0.0890259375036805	0.217691056294686	0.827669832617541	0.999831983216163
ENSMUSG00000030556	527.545791718216	-0.0471987529693429	0.101500642162939	-0.465001373630762	0.641930472906481	0.999831983216163
ENSMUSG00000030519	5222.23939194414	-0.0205673984413319	0.0955854491105549	-0.21518522610335	0.829622908990982	0.999831983216163
ENSMUSG00000048897	272.714575477039	0.008679986549847	0.114177074185367	0.0760076416902726	0.939413018597838	0.999831983216163
ENSMUSG00000074220	1144.14905110949	-0.0500144511119838	0.104167191765162	-0.480247790845028	0.631051208100792	0.999831983216163
ENSMUSG00000051041	620.117363684873	0.0453233973869035	0.105058615827167	0.431317703018033	0.666237379957379	0.999831983216163
ENSMUSG00000039391	66.7690902909347	0.150331408831761	0.116454683579369	1.28350826528736	0.199314065743874	0.999831983216163
ENSMUSG00000006313	28.1494052277223	-0.0232806778192539	0.101590866626632	-0.229464822535013	0.818507658778402	0.999831983216163
ENSMUSG00000015133	215.924173746325	-0.0858596396532304	0.119299702848043	-0.720257356122215	0.471366555426671	0.999831983216163
ENSMUSG00000030613	674.938176267325	-0.0363049854789294	0.100191405715174	-0.362339077562288	0.717098659614323	0.999831983216163
ENSMUSG00000030880	1491.90444720166	-0.0741389866145523	0.0991226500601036	-0.748051655467676	0.45442900071586	0.999831983216163
ENSMUSG00000030672	11.9751791490993	0.0417948851555799	0.0772968435872684	0.534977832814479	0.592665185804646	0.999831983216163
ENSMUSG00000061702	72.5808048816166	-0.0127192014119728	0.116568351459432	-0.109296991995772	0.912966932343556	0.999831983216163
ENSMUSG00000030978	1511.5225067358	0.0468952028952825	0.0888473173351712	0.527816012739594	0.597627042071144	0.999831983216163
ENSMUSG00000030826	567.008729720376	0.00248703287500239	0.105032241159903	0.0236773272925415	0.98110999113502	0.999831983216163
ENSMUSG00000003421	1286.10124277953	0.0988667374007498	0.0929212617560412	1.06383134883404	0.287405107195166	0.999831983216163
ENSMUSG00000078630	20.0869463318992	0.0408334946535439	0.0934866579320869	0.43424744593655	0.66410876256718	0.999831983216163
ENSMUSG00000035203	7650.948468716	-0.0144425595618471	0.0823524866178909	-0.175375891935482	0.860784282451648	0.999831983216163
ENSMUSG00000030380	249.013295389334	-0.0817299042026923	0.117842656686816	-0.693785688797016	0.487816618833736	0.999831983216163
ENSMUSG00000032777	3929.28097997621	0.04584526015993	0.0821269047434689	0.558205376375156	0.576704150007939	0.999831983216163
ENSMUSG00000039361	9145.36045704821	-0.0841486304869526	0.0765021794419819	-1.10001667857938	0.271324855029771	0.999831983216163
ENSMUSG00000074282	309.596174987781	0.0667900532709874	0.112674556552942	0.59258358679219	0.553459866109333	0.999831983216163
ENSMUSG00000110206	149.367247942319	0.0541113680149142	0.12085274149665	0.44734741544667	0.654624236822263	0.999831983216163
ENSMUSG00000038650	1823.10819187246	0.128358317922681	0.086389205716711	1.48565850786375	0.137369470817966	0.999831983216163
ENSMUSG00000030551	526.269360955468	0.121257219752123	0.107924030764577	1.12315075381219	0.261373473677442	0.999831983216163
ENSMUSG00000006024	7047.93654577279	-0.017223025386042	0.0800950842994303	-0.215033728101763	0.829741022374086	0.999831983216163
ENSMUSG00000074093	3572.55412075984	0.086183877890405	0.0880338140330438	0.978887512700915	0.327635562847102	0.999831983216163
ENSMUSG00000006651	17945.4000496475	-0.0171121728596085	0.0802627590565586	-0.213204869397762	0.831167170355819	0.999831983216163
ENSMUSG00000061479	1235.09111699326	-0.0208356539450719	0.0902942379184638	-0.230748336490997	0.817510319574162	0.999831983216163
ENSMUSG00000025147	1322.05006456551	0.00436785125928688	0.0920701399114129	0.047440901426812	0.962161831076983	0.999831983216163
ENSMUSG00000046410	70.1198234025589	-0.148824027836163	0.118388023430075	-1.26392731008775	0.206256118441449	0.999831983216163
ENSMUSG00000030782	401.253190148282	-0.181895977351235	0.107899293275869	-1.68593856731734	0.0918076325035107	0.999831983216163
ENSMUSG00000049583	918.873435303416	0.039921935390908	0.0864717347368605	0.456331139662479	0.648151874738186	0.999831983216163
ENSMUSG00000019082	6067.07747670139	-0.0437151631903119	0.0894447357386785	-0.488771429971602	0.625003526895672	0.999831983216163
ENSMUSG00000030541	1219.87506081816	0.104205836499343	0.0921575029576007	1.13058173181797	0.258231180065443	0.999831983216163
ENSMUSG00000041141	2088.31213488023	0.107356900284364	0.0973764776992138	1.10221309071004	0.270369042157268	0.999831983216163
ENSMUSG00000036578	234.698841843558	-0.146948690250052	0.121833650505553	-1.21036834817126	0.226137581710522	0.999831983216163
ENSMUSG00000036915	177.832430253066	-0.0700182172411064	0.120441982205702	-0.581840701807283	0.560673985405731	0.999831983216163
ENSMUSG00000046185	1341.33833598543	-0.114763119034908	0.0971663160307276	-1.18140652140597	0.237441268594802	0.999831983216163
ENSMUSG00000030745	19.4743508878048	0.073792611375522	0.0924669783046621	0.789413878411389	0.429870147006668	0.999831983216163
ENSMUSG00000039236	24.8266091165141	0.111147289509602	0.0956995859523571	1.14777534121346	0.25106131945724	0.999831983216163
ENSMUSG00000000154	19.5810377969952	0.049183965721329	0.0926256990527185	0.526648558645997	0.59843766445952	0.999831983216163
ENSMUSG00000096257	14.2739639575134	0.0245719776461165	0.0793022800108242	0.308350326334765	0.757815775424567	0.999831983216163
ENSMUSG00000041420	882.732035352342	0.0168782399937802	0.0954667504845931	0.176790520947201	0.859672934962847	0.999831983216163
ENSMUSG00000015981	262.715574623955	0.0495434112913707	0.0964889745355039	0.508444963045238	0.611141327100192	0.999831983216163
ENSMUSG00000052675	280.27618068424	0.119366542691924	0.112378566938017	1.06181983050517	0.288317485448514	0.999831983216163
ENSMUSG00000030533	1527.69498556309	-0.0832549709510416	0.0900069714714733	-0.925029524922036	0.354950549742832	0.999831983216163
ENSMUSG00000074165	2311.46159025069	0.0332007098045372	0.0832019662623876	0.399034103565568	0.689868075749177	0.999831983216163
ENSMUSG00000031075	113.516135022472	0.0702937216358121	0.121866563471336	0.576088526534577	0.564555346191639	0.999831983216163
ENSMUSG00000030793	53.8690108854723	-0.0122242917220529	0.116980203119066	-0.104565630147272	0.91672048831954	0.999831983216163
ENSMUSG00000046364	5067.31979681675	0.092906950641921	0.08761262024179	1.0602779325044	0.28901817554387	0.999831983216163
ENSMUSG00000040714	28.9611843772136	0.0925180135285454	0.1035199717042	0.886084199085317	0.375572156918603	0.999831983216163
ENSMUSG00000002635	592.656146632847	-0.0341483965493393	0.107015825004364	-0.319082630981897	0.749663854262337	0.999831983216163
ENSMUSG00000003444	325.246643713322	-0.0916811025935943	0.111282655710825	-0.823981608606886	0.409950008055621	0.999831983216163
ENSMUSG00000030879	1016.36691915492	-0.140681534922284	0.0943494700889282	-1.49119547822879	0.135910180507545	0.999831983216163
ENSMUSG00000007833	304.61707072109	0.0981440156686337	0.114290465927251	0.85816618311456	0.390800706256881	0.999831983216163
ENSMUSG00000042502	2896.0750753573	-0.0248415637140557	0.0811151416257189	-0.306252635938012	0.75941229869599	0.999831983216163
ENSMUSG00000045411	1646.78574766229	-0.00799944934934111	0.0923746782555834	-0.086598853298103	0.930990377413181	0.999831983216163
ENSMUSG00000030842	1532.95276857653	-0.0125367394610886	0.0905042210212377	-0.138521390624927	0.889828365303485	0.999831983216163
ENSMUSG00000033967	126.415891199021	-0.12622367740288	0.121882913865913	-1.03740823577019	0.299545641716353	0.999831983216163
ENSMUSG00000058402	1124.49110479811	-0.0270834878546093	0.0958347445379115	-0.282622574004851	0.777466173986011	0.999831983216163
ENSMUSG00000048330	5780.40967326141	0.10410685180827	0.0797678856108939	1.30501718263369	0.191886996954415	0.999831983216163
ENSMUSG00000025477	14936.7465924508	-0.0625885678607282	0.0871030299014896	-0.718635819306209	0.472365337418678	0.999831983216163
ENSMUSG00000073968	134.065056604171	-0.0117237282437165	0.121510867109108	-0.0964786712925893	0.923140412738034	0.999831983216163
ENSMUSG00000047371	532.34541029717	-0.0325199967230076	0.107599431037036	-0.302220491622148	0.762483984129254	0.999831983216163
ENSMUSG00000025503	2953.15540346542	-0.131360057542621	0.0887564811061146	-1.48023577373161	0.13881033656489	0.999831983216163
ENSMUSG00000030850	4509.47310949917	0.0633633206783078	0.0834273460007191	0.759461966418848	0.447576257403609	0.999831983216163
ENSMUSG00000042918	98.8911629287489	0.0346464334937928	0.120878969458134	0.286247574580702	0.774688508183721	0.999831983216163
ENSMUSG00000054381	301.276693377637	0.0745415921218594	0.111972644424645	0.665670879651313	0.505621490562026	0.999831983216163
ENSMUSG00000053111	29.1346562195713	0.0948674377069618	0.100956320511264	0.930900409713856	0.351905082573301	0.999831983216163
ENSMUSG00000002205	923.176531102769	0.00776176975578672	0.0956244810765247	0.0811648670085009	0.935310839367304	0.999831983216163
ENSMUSG00000049130	18.1885225808939	0.0112525800143483	0.0881708276610954	0.127068881311887	0.898885880890116	0.999831983216163
ENSMUSG00000078816	9499.43010570059	0.0050067649347847	0.119296956707683	0.0419579504817807	0.966532219230801	0.999831983216163
ENSMUSG00000062031	220.352548564532	-0.0276257207939826	0.116981652873107	-0.236137453903655	0.813326011578785	0.999831983216163
ENSMUSG00000052040	5870.27348886652	-0.149029493057985	0.121381051955712	-1.23698444899173	0.216092856016464	0.999831983216163
ENSMUSG00000046865	762.923329667542	-0.0146960715558238	0.0988231623040532	-0.148718044567209	0.88177612207512	0.999831983216163
ENSMUSG00000044139	45.5794307824215	-0.0809898309430235	0.113966245001567	-0.713972400094205	0.475244246217131	0.999831983216163
ENSMUSG00000045039	5054.94696823453	0.10103077422865	0.0779151182718195	1.29659252266405	0.194771426581392	0.999831983216163
ENSMUSG00000030411	1991.31922866874	-0.145323741981485	0.0899224268503717	-1.61632192736731	0.106024728372957	0.999831983216163
ENSMUSG00000060791	18.1574483027817	-0.00550995474069839	0.0907105918729115	-0.0608438949553216	0.951483531936657	0.999831983216163
ENSMUSG00000030725	118.582413177853	0.0607606901868401	0.121837973774616	0.498071167007284	0.61843388216686	0.999831983216163
ENSMUSG00000030752	222.66413007964	0.18671464845153	0.119843987652334	1.55474473897111	0.120006874889616	0.999831983216163
ENSMUSG00000030432	16.827567963859	-0.0307284398746189	0.0869336324299368	-0.356495297082549	0.721469673448271	0.999831983216163
ENSMUSG00000070426	1492.26796512667	-0.0535288188991937	0.0917806426697129	-0.583234625755202	0.559735364607298	0.999831983216163
ENSMUSG00000037337	17.4006765159519	0.0341731511832015	0.0887112738641897	0.383219715289611	0.701556861125547	0.999831983216163
ENSMUSG00000045752	881.311584795434	0.0582648467551284	0.103957558877945	0.560384289793472	0.575217345075628	0.999831983216163
ENSMUSG00000047085	3529.81907142232	0.0213158595691157	0.0819761527955504	0.260018630700998	0.794849402528224	0.999831983216163
ENSMUSG00000038520	1813.44523171142	0.100570803047028	0.092496158510566	1.08710799433211	0.276989085227355	0.999831983216163
ENSMUSG00000051727	47.089407143351	-0.0281400899659522	0.114465661859735	-0.246225215093716	0.805507897480787	0.999831983216163
ENSMUSG00000030884	7308.24450978681	0.00816647353807225	0.0855837008353397	0.09542083823583	0.923980565077637	0.999831983216163
ENSMUSG00000037706	11661.3142630581	-0.0339097810962604	0.0803747789276782	-0.42191003986651	0.673090681541426	0.999831983216163
ENSMUSG00000109324	2167.03584878203	0.0276279946570186	0.0872646795415767	0.316589075734487	0.751555426021251	0.999831983216163
ENSMUSG00000049516	1513.62354037911	0.0263235880162874	0.100511750640519	0.261888496224317	0.79340740886262	0.999831983216163
ENSMUSG00000030830	48.7700282586605	-0.0776429466241211	0.114652116479444	-0.680312617477414	0.49630653699608	0.999831983216163
ENSMUSG00000030839	770.623315284901	-0.0376038144074815	0.0966326507838906	-0.389132094422405	0.697178432913595	0.999831983216163
ENSMUSG00000036427	13450.2206095211	0.10014005417959	0.0777218107374477	1.28832554781943	0.197632663501952	0.999831983216163
ENSMUSG00000087376	10.3150005401072	0.0342965918890877	0.0733893685773325	0.462242348659356	0.643907537328441	0.999831983216163
ENSMUSG00000035596	2089.76257218003	0.135606634468569	0.0877034872411958	1.54597041907093	0.122111712039346	0.999831983216163
ENSMUSG00000007279	40.810774453339	-0.0885114761113278	0.108035714818201	-0.827200682892819	0.408123324662089	0.999831983216163
ENSMUSG00000064179	27.2411754555312	0.120603862864187	0.0959201570890278	1.23848760766756	0.215535314250836	0.999831983216163
ENSMUSG00000037463	655.654073873095	0.137765326077329	0.0994806568995106	1.38459518109661	0.16617628580321	0.999831983216163
ENSMUSG00000038371	3587.6931444029	-0.0776199488415522	0.0829630594286131	-0.935665935835621	0.349445214475259	0.999831983216163
ENSMUSG00000030621	1271.11095607528	0.0130247812837875	0.0913854594555742	0.142528104082395	0.886662882121887	0.999831983216163
ENSMUSG00000055809	30.2756663777012	0.0442459341181373	0.104050416181302	0.42323101678532	0.672126718944699	0.999831983216163
ENSMUSG00000004961	297.885467878519	0.035417739491933	0.0982319732215537	0.358124232985657	0.720250344825243	0.999831983216163
ENSMUSG00000047248	1524.44713321311	-0.00673680876542749	0.0956947851609855	-0.0704021299455342	0.943873596005727	0.999831983216163
ENSMUSG00000030824	2719.17846931991	0.102652109633078	0.0814462430074119	1.26029174680749	0.207564136163812	0.999831983216163
ENSMUSG00000030603	2884.81523211382	0.0429573903417453	0.085904155432097	0.500038565887221	0.617047922290424	0.999831983216163
ENSMUSG00000039187	26.3550725411312	-0.0343790143419265	0.100439259851189	-0.344104357266124	0.730767806158909	0.999831983216163
ENSMUSG00000031024	2107.52980213442	-0.145653861853971	0.0858180165843818	-1.69736725738937	0.0896272488306602	0.999831983216163
ENSMUSG00000060260	249.60686912287	-0.0143278585609397	0.117068892974681	-0.122360490290403	0.902613527512619	0.999831983216163
ENSMUSG00000058145	53.5873314879037	-0.0705225531426411	0.116494727213167	-0.607659290785535	0.543413468149576	0.999831983216163
ENSMUSG00000073805	112.802930535181	0.0259280546384293	0.121874303702708	0.212704833625782	0.831557196351636	0.999831983216163
ENSMUSG00000030882	173.882701511101	0.0466945164926441	0.118815373264753	0.392915261980245	0.694382068860907	0.999831983216163
ENSMUSG00000030942	1452.277702661	0.0684869225195964	0.0921399523481304	0.743258559722524	0.457325155580976	0.999831983216163
ENSMUSG00000098022	30.6987323891141	-0.0706946251570303	0.104514537802319	-0.681412828128936	0.495610308059243	0.999831983216163
ENSMUSG00000002265	22391.4168859865	0.149114542123628	0.0978662169063434	1.52289941268725	0.127783872760292	0.999831983216163
ENSMUSG00000030670	23.4033290784589	-0.120287168891849	0.0928515569740887	-1.33273825838464	0.182617713471967	0.999831983216163
ENSMUSG00000030682	3165.43856141042	-0.0458906887897249	0.085575178027797	-0.53627866328505	0.591765974590754	0.999831983216163
ENSMUSG00000041560	2573.19825212093	0.0850109907825961	0.0821334366710712	1.03497492344733	0.300680622358852	0.999831983216163
ENSMUSG00000040725	4716.96562137848	-0.0509755004731546	0.0831142443247782	-0.613343329909236	0.53964934864233	0.999831983216163
ENSMUSG00000023072	629.15080803538	0.000371744837368762	0.0989156788123135	0.00375873672816167	0.997000969058248	0.999831983216163
ENSMUSG00000037032	9861.33452225003	0.00240186273985128	0.0783212307710823	0.0306672217801783	0.975534932090667	0.999831983216163
ENSMUSG00000059146	11379.0930451822	-0.0765913943410345	0.0920863759495389	-0.831884292625234	0.405474258686618	0.999831983216163
ENSMUSG00000054594	31.3995748841822	0.00481702046780519	0.105811562611168	0.0454877342674303	0.963718551416309	0.999831983216163
ENSMUSG00000025790	1843.01123526238	0.021497804052742	0.0851440992251616	0.252483898734015	0.800667058005097	0.999831983216163
ENSMUSG00000035354	1387.74002915066	-0.0603152897708808	0.094497758387966	-0.638311405866978	0.523270988735799	0.999831983216163
ENSMUSG00000070814	639.734254661697	0.0722343672756142	0.108756364247812	0.664024924321573	0.506674358890546	0.999831983216163
ENSMUSG00000058743	21.4965305152495	0.166721733820086	0.0914674642805176	1.78853253165247	0.073690131956867	0.999831983216163
ENSMUSG00000042340	59.3350531863281	0.137529304828895	0.118425774406971	1.15570167228229	0.247803203920687	0.999831983216163
ENSMUSG00000109511	788.870354209653	-0.0880380548458352	0.0967522332807314	-0.909934170982694	0.362857227472805	0.999831983216163
ENSMUSG00000010307	406.472999561079	-0.040621374560962	0.10819271429925	-0.375436287618622	0.707336021659691	0.999831983216163
ENSMUSG00000051113	106.744224606266	0.00554031190025122	0.121702916079097	0.0454922020371075	0.963714990338305	0.999831983216163
ENSMUSG00000052889	9718.09996490679	-0.0168447362117864	0.0887719408301089	-0.189757857042068	0.849498881007057	0.999831983216163
ENSMUSG00000092416	287.299574868584	-0.11317714318267	0.113336353105058	-0.998901353589477	0.317842480463201	0.999831983216163
ENSMUSG00000041328	4033.6226400475	0.0149213374152428	0.089181172274486	0.16731459360537	0.867122521959512	0.999831983216163
ENSMUSG00000046378	436.228294500142	0.066847714170953	0.109023965642898	0.613064958535356	0.53983338900273	0.999831983216163
ENSMUSG00000025439	1823.4701116445	0.0819208480990173	0.0918103162976435	0.892184203310203	0.372294207752692	0.999831983216163
ENSMUSG00000030560	372.596570119334	0.0279746765781658	0.114687342769611	0.243834635577637	0.807358894463073	0.999831983216163
ENSMUSG00000025496	14.4504619672256	0.0219125589463238	0.0768544686596623	0.281993169291002	0.777948747967725	0.999831983216163
ENSMUSG00000003379	12.8751296738351	-0.0145713928919017	0.0801390178888006	-0.182562408328657	0.855141382364917	0.999831983216163
ENSMUSG00000030443	358.59305312286	-0.0254949080519404	0.10899883796213	-0.23392197569333	0.815045552325112	0.999831983216163
ENSMUSG00000030732	16.2109496890621	-0.0544845593320047	0.0866053427646931	-0.636888273026993	0.524197621901681	0.999831983216163
ENSMUSG00000030872	650.636939445529	0.1285693806493	0.101458732937976	1.26689055245225	0.205194427305679	0.999831983216163
ENSMUSG00000030718	4859.28700099466	0.0506066488980863	0.0806004554859487	0.627843130318042	0.530106708736839	0.999831983216163
ENSMUSG00000031016	1115.79596551745	-0.0970565507596653	0.0934079482271631	-1.03917503700595	0.298723337947261	0.999831983216163
ENSMUSG00000089832	245.727507312963	-0.0927569663379132	0.118640917577124	-0.782162305568757	0.434119194062286	0.999831983216163
ENSMUSG00000030689	694.756296804805	-0.0182053610513717	0.0970778434806353	-0.187537354328421	0.851239338677265	0.999831983216163
ENSMUSG00000042055	1881.98404538531	0.0624544732802741	0.0846610752922754	0.737681392736894	0.460708081893546	0.999831983216163
ENSMUSG00000030397	2053.17553504313	0.0622789573715692	0.0856877463856189	0.726770635038859	0.467366474640784	0.999831983216163
ENSMUSG00000006599	1661.3265464271	-0.0152357927531587	0.0909335283677991	-0.167556276246473	0.866932371281949	0.999831983216163
ENSMUSG00000062040	781.118448982106	-0.0354125040841039	0.0950391452793892	-0.372618110800249	0.709432691608418	0.999831983216163
ENSMUSG00000013091	44.7139371568603	0.102142133217281	0.109680528141233	0.925090651445517	0.354918755461685	0.999831983216163
ENSMUSG00000060591	101.13586286007	-0.166303780656463	0.121864350513734	-1.36791050083425	0.171340092426738	0.999831983216163
ENSMUSG00000030930	1261.37178209565	-0.153775544477655	0.110125587501807	-1.39757781028268	0.162239885635223	0.999831983216163
ENSMUSG00000074361	11.7072365585609	-0.0446388589930657	0.0735786514604826	-0.617084202159441	0.537179188206731	0.999831983216163
ENSMUSG00000030983	1208.61134986879	-0.0256381864128842	0.0911757159266386	-0.281208464746982	0.778550512594572	0.999831983216163
ENSMUSG00000030806	19502.3870142304	-0.0489068062789745	0.105608260103457	-0.463224646408343	0.643203351740963	0.999831983216163
ENSMUSG00000096145	205.752317534033	0.0593126509827592	0.117280824355221	0.505622382151992	0.613121766036092	0.999831983216163
ENSMUSG00000063511	15884.6084858868	0.0584720469571505	0.0816211002928557	0.716333365909783	0.473785528914001	0.999831983216163
ENSMUSG00000040136	2397.29555207581	0.0212705194141504	0.101437328499937	0.209669527338131	0.833925610524759	0.999831983216163
ENSMUSG00000061119	354.552692282199	-0.0358746136251424	0.109647461639639	-0.327214008845241	0.743506026066132	0.999831983216163
ENSMUSG00000019738	338.422921159334	-0.0638461568854419	0.109844528276648	-0.581262589644803	0.561063489891662	0.999831983216163
ENSMUSG00000063802	1159.26082378177	0.109236131967148	0.0948985891869486	1.15090729282752	0.249770377209747	0.999831983216163
ENSMUSG00000049643	851.440389738022	0.0977542761716128	0.0964923882583606	1.01292500566819	0.311095983374547	0.999831983216163
ENSMUSG00000009687	298.780516083288	0.0314851727372385	0.11973405596331	0.262754454046937	0.792739842674357	0.999831983216163
ENSMUSG00000035704	248.041261065173	-0.0421954309892906	0.115624300884312	-0.364944058215165	0.715153165369365	0.999831983216163
ENSMUSG00000030703	95.3413842783888	0.146464856159919	0.121732135977586	1.19943729238941	0.230357954174961	0.999831983216163
ENSMUSG00000030708	31.450707576661	0.0139612122368513	0.105732876749813	0.13184457287785	0.89510723020272	0.999831983216163
ENSMUSG00000019158	394.19915165488	0.0451073526416323	0.110701034947147	0.407418603992058	0.683700565308127	0.999831983216163
ENSMUSG00000015165	7423.87389408939	-0.0503081914984589	0.0780144790048065	-0.644878456275147	0.519005953913833	0.999831983216163
ENSMUSG00000025505	733.648758759197	0.0383401371323354	0.107284660575655	0.357271230845405	0.720888765125185	0.999831983216163
ENSMUSG00000030795	11542.5937895468	-0.0276771234095342	0.0863683518636186	-0.320467475110781	0.748613982396353	0.999831983216163
ENSMUSG00000057667	289.309308436259	-0.0796367773640309	0.117396538909061	-0.678581401833777	0.497403130221963	0.999831983216163
ENSMUSG00000063179	714.198100917962	0.0468866061578084	0.100074450345081	0.468453882723431	0.639460043067498	0.999831983216163
ENSMUSG00000032743	804.960027827615	-0.00736163165333421	0.104761643342301	-0.0702771581909446	0.943973062670679	0.999831983216163
ENSMUSG00000058638	1265.8043161191	0.139738201579277	0.0891812460803771	1.56676482406407	0.11716967231952	0.999831983216163
ENSMUSG00000086784	738.734651493083	-0.0683459058720754	0.102937376539634	-0.664034857074064	0.506668001751577	0.999831983216163
ENSMUSG00000041775	1559.38149792584	-0.0476385712490357	0.0978359662243652	-0.486941644546198	0.626299685858201	0.999831983216163
ENSMUSG00000000216	67.777575627048	-0.0311195142727734	0.115910626674403	-0.269062839867934	0.787881325743067	0.999831983216163
ENSMUSG00000048078	1214.06788186423	0.169865894172494	0.0986778673476976	1.72090767243226	0.0852675791195383	0.999831983216163
ENSMUSG00000053228	13.3149898955186	0.0144999928747778	0.0735897903010631	0.195229110694734	0.845213590471147	0.999831983216163
ENSMUSG00000011267	53.1710912752761	-0.0674357277557678	0.116367282537489	-0.581301966727331	0.561036955330204	0.999831983216163
ENSMUSG00000051048	26.5431784772768	0.012077106123962	0.0978094933690325	0.123296114585208	0.901872617470743	0.999831983216163
ENSMUSG00000048583	74.7821249222462	-0.124351512296475	0.116041997059369	-1.07861212698079	0.280760672960659	0.999831983216163
ENSMUSG00000015957	22.5286900463181	-0.0132662849617916	0.0959262527117788	-0.138491822943353	0.889851731690408	0.999831983216163
ENSMUSG00000055319	1750.76950837118	-0.050243750879131	0.090311322745895	-0.556378624695173	0.577952048232652	0.999831983216163
ENSMUSG00000074227	862.135420391958	0.179356253447466	0.104764051782114	1.71078321320947	0.0871211395756538	0.999831983216163
ENSMUSG00000030816	2315.16396165089	-0.0449938390883665	0.0833087505603405	-0.540092841547152	0.589133007162958	0.999831983216163
ENSMUSG00000030491	23.9994917433091	0.0316199896518955	0.0985772027567752	0.319493959613786	0.74935197110585	0.999831983216163
ENSMUSG00000038670	41.0068167392569	0.0114042725037156	0.110213712919537	0.10326765064832	0.917750549364731	0.999831983216163
ENSMUSG00000030834	58.1193942615384	-0.125929599108881	0.114765319967226	-1.10576742930475	0.268827195984255	0.999831983216163
ENSMUSG00000040125	694.099801809046	-0.123180070915506	0.114479870681235	-1.09034689491757	0.275560365209871	0.999831983216163
ENSMUSG00000058709	2325.04553307704	-0.0315699542091248	0.0824040609386179	-0.383118328914255	0.701632030065571	0.999831983216163
ENSMUSG00000006310	12.6102994116143	-0.00906558039709788	0.080042999051596	-0.113456811652331	0.909668401238457	0.999831983216163
ENSMUSG00000014402	2374.16949734335	0.0627138994741608	0.0853820795019306	0.734461745052585	0.46266736708981	0.999831983216163
ENSMUSG00000078580	121.821062010324	0.0697392695795845	0.121839771358285	0.5714836129569	0.567671865367463	0.999831983216163
ENSMUSG00000025491	97.2855486846071	-0.0475950671994088	0.120887931754078	-0.394450059096234	0.693248791509267	0.999831983216163
ENSMUSG00000040511	291.658569852202	-0.127873242061319	0.113228312619993	-1.12964506089087	0.258625815558051	0.999831983216163
ENSMUSG00000060240	8535.02234366259	0.111256500931212	0.0758166054058156	1.46733142808383	0.142285918244236	0.999831983216163
ENSMUSG00000035298	24.390828028413	0.0134048982532495	0.0986978324337369	0.135687685556696	0.89206818318274	0.999831983216163
ENSMUSG00000030750	374.067399507991	0.0609362694345777	0.109115922089851	0.558424334081685	0.576554660008458	0.999831983216163
ENSMUSG00000040734	102.37494846627	-0.0103860425640039	0.121839214810288	-0.0852281621648606	0.932080001861121	0.999831983216163
ENSMUSG00000050973	230.373541319037	-0.0667628767737524	0.118647192118016	-0.5629071611906	0.573498103582	0.999831983216163
ENSMUSG00000003545	98.2726360651422	-0.0182364524371347	0.0721601686839388	-0.255670485659276	0.798205286889946	0.999831983216163
ENSMUSG00000002968	2357.93088890078	-0.025571920518216	0.0910690014210229	-0.280801265048238	0.778862833280469	0.999831983216163
ENSMUSG00000030386	1300.2367606725	0.0823863256449979	0.0924385264954327	0.891209945554661	0.372816549837273	0.999831983216163
ENSMUSG00000030598	141.385566267405	0.0576414453824513	0.121780185754618	0.472627987192453	0.636478611630279	0.999831983216163
ENSMUSG00000066838	47.1774335329399	0.0819670696321207	0.114431654092287	0.713255255218126	0.475687820006791	0.999831983216163
ENSMUSG00000002984	1260.69915412182	-0.0479787517806651	0.0977888909574166	-0.490658897052853	0.623667722270976	0.999831983216163
ENSMUSG00000059119	4705.65119407055	0.0296093233303287	0.0784796034515389	0.377279116952615	0.705966189750926	0.999831983216163
ENSMUSG00000030538	407.406165448183	-0.066314330416996	0.108966570762237	-0.608684089216761	0.542733855204774	0.999831983216163
ENSMUSG00000049739	1389.80245533312	-0.070300607318311	0.0913201437247274	-0.769895402963713	0.441361941048532	0.999831983216163
ENSMUSG00000020420	42.1992938264608	-0.157020326659478	0.11018673727709	-1.44572882423792	0.14825327637315	0.999831983216163
ENSMUSG00000060376	385.434480412299	-0.060339664230043	0.107320570683873	-0.562243167344265	0.573950354027315	0.999831983216163
ENSMUSG00000063439	194.858622302509	0.00224760236988133	0.117866447236699	0.019067878890118	0.984786955701832	0.999831983216163
ENSMUSG00000066306	6219.00160206297	0.0810853090381282	0.0809489786422196	1.00160900084353	0.316532472096992	0.999831983216163
ENSMUSG00000025511	1619.91074897936	-0.0361837716472561	0.0905361939202808	-0.399670774694264	0.689399020441359	0.999831983216163
ENSMUSG00000030835	5397.6090486373	-0.0136566845943794	0.0834899791682755	-0.163575619937241	0.870065238630981	0.999831983216163
ENSMUSG00000030822	1118.51545233951	-0.0128755671322252	0.0936265076782045	-0.137519098437552	0.89062049778752	0.999831983216163
ENSMUSG00000030417	632.280885810324	0.0763090099849041	0.0995585399673016	0.766435422139289	0.443417262869043	0.999831983216163
ENSMUSG00000032640	611.190108381824	0.0505856752781953	0.0988912511793156	0.511527664009421	0.60898162243448	0.999831983216163
ENSMUSG00000003123	379.999209338197	0.124670939864858	0.110865875906378	1.12391249508826	0.261050149985565	0.999831983216163
ENSMUSG00000042105	5117.27776679956	-0.0566908052209219	0.085315175119792	-0.664535278686268	0.506347777260856	0.999831983216163
ENSMUSG00000042423	2028.98245655908	-0.0900459639396601	0.102052802420101	-0.882591291138667	0.377457135625311	0.999831983216163
ENSMUSG00000074166	193.877679358137	0.0604189099979394	0.118382886107086	0.510084916636392	0.609991971867129	0.999831983216163
ENSMUSG00000002771	445.360402734338	0.0863974904669407	0.106069296111253	0.81451755300413	0.415348520725741	0.999831983216163
ENSMUSG00000051007	472.804891516777	0.0549395373500457	0.110497103547759	0.496996076225811	0.619191818314138	0.999831983216163
ENSMUSG00000030739	3481.0041254991	0.10774147333865	0.090979832195107	1.18402947984509	0.236401393418511	0.999831983216163
ENSMUSG00000049600	717.357812181073	-0.0475097108003631	0.0992212729627049	-0.478817218709178	0.632068666069796	0.999831983216163
ENSMUSG00000055652	328.869913527168	-0.00136658152866722	0.110556325350538	-0.0123599072761116	0.990138471898591	0.999831983216163
ENSMUSG00000040167	233.69769160893	-0.0236830256176837	0.116445867583243	-0.203416147893317	0.838809779456222	0.999831983216163
ENSMUSG00000030530	1705.80500082619	-0.0163966395856504	0.0922938049408982	-0.177653516429855	0.858995092942844	0.999831983216163
ENSMUSG00000074218	51.8406616564142	-0.084964517596213	0.115730517289847	-0.737378686213295	0.460892093187004	0.999831983216163
ENSMUSG00000004508	1135.60993974593	-0.0594138403153866	0.0951746699445526	-0.624320267863985	0.532417275952493	0.999831983216163
ENSMUSG00000089847	534.625318923608	0.00612706188480587	0.101352298055017	0.0604524446145947	0.95179529023554	0.999831983216163
ENSMUSG00000046541	462.568906436102	-0.123571923598142	0.10491672077888	-1.17792521634463	0.238826421182406	0.999831983216163
ENSMUSG00000094152	15.7350234164991	0.148459738498645	0.0858155825720146	1.69345354774844	0.0903691696963963	0.999831983216163
ENSMUSG00000030805	1173.04232012023	0.0443945989385076	0.0904426020487511	0.490855651872917	0.623528545385663	0.999831983216163
ENSMUSG00000005611	91.4784048673911	-0.204703935242285	0.121578105006376	-1.69046616358132	0.0909388063378368	0.999831983216163
ENSMUSG00000030722	331.942432888041	0.0717989224080924	0.111563605829262	0.643373765456241	0.519981602131716	0.999831983216163
ENSMUSG00000019254	2367.45517050973	-0.0134325904948001	0.0934312245811956	-0.143769916900813	0.88568215887535	0.999831983216163
ENSMUSG00000034990	48.5455631093857	0.0179374908995624	0.115289603005664	0.155500826488888	0.876426502422954	0.999831983216163
ENSMUSG00000030935	14.9456874871544	-0.0261048085288552	0.0847600553253277	-0.310121822276229	0.756468318025405	0.999831983216163
ENSMUSG00000054676	1434.79183731931	0.120045435006257	0.0882105009558729	1.36077682795189	0.173584226849803	0.999831983216163
ENSMUSG00000025464	242.709666503708	0.0677979954392218	0.117246576568978	0.577862607278441	0.563356882409078	0.999831983216163
ENSMUSG00000008734	11560.0679440038	-0.129468031373043	0.0779590101499413	-1.66090115901248	0.0967332994624818	0.999831983216163
ENSMUSG00000059070	2771.62507924059	0.0443769980486579	0.0911236774438779	0.48695909277983	0.626287320650039	0.999831983216163
ENSMUSG00000030657	1075.47643366056	0.0774494393482545	0.100844585545427	0.76782891415894	0.442588834104092	0.999831983216163
ENSMUSG00000005575	2608.89527629452	0.0255859781032578	0.0847087878055219	0.302038079823798	0.762623034236636	0.999831983216163
ENSMUSG00000030730	20.616612472509	0.0370279578450446	0.0916592744432415	0.401000244513939	0.688419943887639	0.999831983216163
ENSMUSG00000033916	2822.60352870862	0.000413477629018688	0.0891880428550804	0.00463659325868158	0.996300547079318	0.999831983216163
ENSMUSG00000030562	12.9220057391079	-0.0255991086180662	0.0799460933230153	-0.322975437132199	0.746713844340667	0.999831983216163
ENSMUSG00000052214	1895.66834683253	-0.100250443258649	0.0872564611021701	-1.14897246162424	0.250567336186379	0.999831983216163
ENSMUSG00000055305	384.655109163766	0.0860264214721551	0.106753390905525	0.805741476415226	0.420391928902633	0.999831983216163
ENSMUSG00000033685	1873.62724106314	-0.00119659787161526	0.100074365786133	-0.0119558912503423	0.990460806221951	0.999831983216163
ENSMUSG00000042675	5416.94191879128	0.0636136738832105	0.0848545500795971	0.749612281146388	0.453488252022694	0.999831983216163
ENSMUSG00000054499	1130.02192854387	-0.0738378415746969	0.094497336875409	-0.781416740791622	0.434557428156975	0.999831983216163
ENSMUSG00000039202	3202.76470923327	0.0144504431713615	0.0835560901498488	0.172940178917337	0.862698449241504	0.999831983216163
ENSMUSG00000030641	32.0757475627563	-0.114962206208425	0.105930425546925	-1.09867657622747	0.271909163140997	0.999831983216163
ENSMUSG00000030410	2119.4889844394	0.0453898525381686	0.0891295214626197	0.509221807551787	0.610596758930286	0.999831983216163
ENSMUSG00000006021	618.805088315971	-0.126840002759483	0.110160704716823	-1.1519108799209	0.249357696921373	0.999831983216163
ENSMUSG00000031077	90.3653991744248	-0.0570966915953329	0.120466473813149	-0.47453981901404	0.635115009908548	0.999831983216163
ENSMUSG00000025507	61.631080118895	0.0605761988737653	0.115913532410302	0.520339160131217	0.602827206409743	0.999831983216163
ENSMUSG00000053877	224.957918501272	-0.00500629796678721	0.117325099047113	-0.0426826671887514	0.965954496556821	0.999831983216163
ENSMUSG00000030605	1816.37516308667	-0.15381016195237	0.0908392720964801	-1.69345651682016	0.0903686049830184	0.999831983216163
ENSMUSG00000035901	15368.1581361729	-0.13215575055481	0.075635052480168	-1.7474576084094	0.0805579920941506	0.999831983216163
ENSMUSG00000001248	3557.38304240368	0.0691964641281307	0.0916094904608678	0.75524450460577	0.450102289804133	0.999831983216163
ENSMUSG00000034867	940.259778496734	0.00134883502612683	0.0925793165845763	0.0145699939402278	0.988375238078784	0.999831983216163
ENSMUSG00000030982	2328.41811071402	-0.0259042334565296	0.0826651906835936	-0.313364823840897	0.754003505840646	0.999831983216163
ENSMUSG00000005566	599.560149684271	-0.161560829072107	0.10058860088764	-1.60626543106687	0.108215602342721	0.999831983216163
ENSMUSG00000050708	2989.88978970838	0.0373188415379687	0.0866595769784836	0.43061976302562	0.666744868804582	0.999831983216163
ENSMUSG00000004328	666.476655636919	-0.0489225806292136	0.0864884722343446	-0.576791288970635	0.564080454834579	0.999831983216163
ENSMUSG00000000486	79.8457875480076	0.132083570112756	0.121186925155235	1.08646583257395	0.277272949435802	0.999831983216163
ENSMUSG00000030699	79.5019447821819	-0.040753411174925	0.120394106431739	-0.338971614470133	0.734631113938324	0.999831983216163
ENSMUSG00000025485	1175.62552499496	-0.0382093178853497	0.0898750145458505	-0.425137895599966	0.670736154036124	0.999831983216163
ENSMUSG00000031070	657.411755881369	-0.0318691669328107	0.112020765853883	-0.284487536350599	0.7760367841825	0.999831983216163
ENSMUSG00000030515	1038.0987399832	0.110670651350378	0.098317111296586	1.12550794275774	0.260373853354233	0.999831983216163
ENSMUSG00000030890	50.8943649895698	-0.00889721216466384	0.113265178746582	-0.0784808934995665	0.937445528118507	0.999831983216163
ENSMUSG00000045659	561.048795687616	0.0926948438621551	0.10160167956068	0.912298289605745	0.361611714473748	0.999831983216163
ENSMUSG00000046182	593.127782398485	-0.0411186972701096	0.101850547096092	-0.40371899301906	0.686419371319136	0.999831983216163
ENSMUSG00000025495	1758.74681383058	-0.0553947629249401	0.0855611827629813	-0.647436365033681	0.517349566751456	0.999831983216163
ENSMUSG00000025510	846.831842828482	-0.0697627439564211	0.101744036275508	-0.6856900116081	0.492908606729187	0.999831983216163
ENSMUSG00000062444	4315.22742377137	0.0450279786662098	0.0827979507333109	0.543804948358928	0.586575703290485	0.999831983216163
ENSMUSG00000008140	4523.93697358648	-0.0848690516008485	0.0825530026328694	-1.02812286941905	0.303892034228865	0.999831983216163
ENSMUSG00000039405	156.711350571814	-0.00918020617032583	0.121341767134505	-0.0756425967061081	0.939703446252439	0.999831983216163
ENSMUSG00000059975	764.045416937126	0.043446200590644	0.113335938073569	0.383226407450188	0.701551899589061	0.999831983216163
ENSMUSG00000009545	15.4908682718028	0.0264363675135115	0.0840797044400318	0.311944900921994	0.755082397882899	0.999831983216163
ENSMUSG00000053025	10902.4405998902	-0.00567546205250153	0.0878615977315555	-0.0645956229416171	0.948495969819793	0.999831983216163
ENSMUSG00000040189	164.436717108339	0.0414796498402513	0.120885088780232	0.342895146805712	0.731677342966566	0.999831983216163
ENSMUSG00000030471	853.153042009381	-0.0358172277229656	0.0950568027267668	-0.376790488230909	0.706329309968896	0.999831983216163
ENSMUSG00000030615	822.783479152456	-0.00144622435064129	0.0959453841555676	-0.015072550128777	0.987974300298664	0.999831983216163
ENSMUSG00000030970	2235.43581144527	-0.0692686953601444	0.0870502134517686	-0.795771774927167	0.426164699956315	0.999831983216163
ENSMUSG00000058325	1440.50587555063	-0.10182037954809	0.100601674992225	-1.01244661918697	0.311324557672854	0.999831983216163
ENSMUSG00000036845	296.871423178062	0.0312269203833515	0.113602401200455	0.274795874159844	0.783473068065515	0.999831983216163
ENSMUSG00000003435	4456.59818946331	0.0591637442628246	0.08290702612037	0.713579870094478	0.475487008674955	0.999831983216163
ENSMUSG00000001918	100.445421314502	-0.0362452863027106	0.12134568033147	-0.298865063417336	0.765043004798348	0.999831983216163
ENSMUSG00000025133	1435.71820848264	-0.0211622320808919	0.0872340688731166	-0.242594150153234	0.80831981336857	0.999831983216163
ENSMUSG00000070369	14.3847624921798	-0.132340381324211	0.0803197510720331	-1.74063156230694	0.0817481814984622	0.999831983216163
ENSMUSG00000041343	285.157647199448	0.158407706179678	0.113810083274325	1.39118978722391	0.164167883336442	0.999831983216163
ENSMUSG00000074004	13.1889695566124	-0.020646390629201	0.0799982705716526	-0.259597113745904	0.795174562921206	0.999831983216163
ENSMUSG00000030867	27.7916004153777	0.053099563560903	0.100919889935233	0.522995919315988	0.600977092979786	0.999831983216163
ENSMUSG00000109336	2158.53438406338	-0.0149549817207415	0.0868793282896135	-0.172133635615624	0.863332470012611	0.999831983216163
ENSMUSG00000038704	46.3481833534263	0.0150675154320671	0.110892441221542	0.13555535979149	0.892172797335743	0.999831983216163
ENSMUSG00000073856	260.5337972277	0.0704270167144481	0.115875399092662	0.60769124382265	0.543392271539501	0.999831983216163
ENSMUSG00000029461	14198.994143642	-0.0434584073533474	0.0766912689986087	-0.566686582396961	0.570927138448476	0.999831983216163
ENSMUSG00000055629	1405.89187324802	-0.0107712432564737	0.0898351961727167	-0.119901078450276	0.904561510160537	0.999831983216163
ENSMUSG00000052572	15421.2516676947	-0.0541344984936532	0.0877032473990431	-0.617306771247647	0.537032401424347	0.999831983216163
ENSMUSG00000045252	1070.60072890468	-0.0467659778827743	0.0922152857017419	-0.507159735413121	0.612042744227258	0.999831983216163
ENSMUSG00000011096	779.497326423835	-0.01863862476982	0.0960716825485625	-0.194005596465727	0.846171499814902	0.999831983216163
ENSMUSG00000030393	641.757927950942	0.00847227837860941	0.105634637402058	0.0802093646903164	0.936070742215703	0.999831983216163
ENSMUSG00000055978	71.1257219856873	0.0144031073306076	0.120276193732516	0.119747687414892	0.904683023026851	0.999831983216163
ENSMUSG00000030980	1371.74767208576	-0.119767484624439	0.0903721161332121	-1.32538250630513	0.185044316208162	0.999831983216163
ENSMUSG00000068959	414.889610406991	-0.0134268158200135	0.105983697175468	-0.126692871033128	0.899183488461267	0.999831983216163
ENSMUSG00000030681	724.708733111888	0.0169064876262234	0.114868814101036	0.14713481844247	0.883025607800578	0.999831983216163
ENSMUSG00000030996	25.6185300848226	0.0573182542609555	0.0997098483385104	0.570977332437823	0.568015008417214	0.999831983216163
ENSMUSG00000030683	12577.279136402	0.0051238202080663	0.091205113604432	0.0561790334966841	0.955199183625907	0.999831983216163
ENSMUSG00000011658	227.931090217447	-0.0125172084267171	0.119769049095234	-0.104474578582776	0.916792741215578	0.999831983216163
ENSMUSG00000030493	125.67925148123	-0.0981358242687875	0.121865029877214	-0.806942150287064	0.419699813087592	0.999831983216163
ENSMUSG00000040268	6051.92216641904	-0.143305694042557	0.085169260216089	-1.68292071618271	0.0923904406473351	0.999831983216163
ENSMUSG00000030452	960.998182903624	0.0111129009078784	0.100732062867809	0.110324007506254	0.912152418239967	0.999831983216163
ENSMUSG00000037640	2051.31837128463	0.0141685585264408	0.0928576800658442	0.152583038439233	0.878727101723716	0.999831983216163
ENSMUSG00000054385	17.6791216634311	0.035610027267738	0.0881554680775629	0.401162789525526	0.688300274790187	0.999831983216163
ENSMUSG00000030545	280.945888381643	0.126391379355993	0.113124043467507	1.11668295134908	0.264129909875297	0.999831983216163
ENSMUSG00000030862	69.5250769474394	-0.144259452730848	0.116803324984243	-1.24389063785027	0.213539815485534	0.999831983216163
ENSMUSG00000059981	4890.57894397354	-0.0990070547606069	0.0780605985561069	-1.26841312434677	0.204650457177394	0.999831983216163
ENSMUSG00000051550	867.207715957102	-0.15210278565037	0.107215380580589	-1.41937155447199	0.155790720953752	0.999831983216163
ENSMUSG00000003099	4308.52244854232	0.0341662754469425	0.0796309021815932	0.429047426972845	0.667888710549895	0.999831983216163
ENSMUSG00000053198	30.4185665549369	-0.0465232621662552	0.105203276555532	-0.444089928825544	0.65697756753348	0.999831983216163
ENSMUSG00000038888	291.30046470698	0.111935522927292	0.111802586447653	1.00098934058111	0.316831961788143	0.999831983216163
ENSMUSG00000030729	10287.6377522656	-0.125124227189021	0.102643135418928	-1.21974094994675	0.222563092744584	0.999831983216163
ENSMUSG00000070509	1864.07931840539	-0.0525579461889165	0.0967600975687575	-0.543227990072819	0.586972837201393	0.999831983216163
ENSMUSG00000005621	2172.39912396751	-0.0636411499081618	0.0841635146774963	-0.756189151263818	0.449535796296371	0.999831983216163
ENSMUSG00000003437	2372.62034163776	0.0594879904725302	0.0825286028242237	0.72079585634412	0.471035125218156	0.999831983216163
ENSMUSG00000075701	2409.28888673939	-0.0525461451082063	0.0843630625450335	-0.622882775527356	0.533361557723104	0.999831983216163
ENSMUSG00000037049	3824.02762888353	0.00118125282207499	0.0840215958172888	0.0140594226402948	0.98878257329592	0.999831983216163
ENSMUSG00000006315	1093.48514117888	0.0300959457493484	0.09786421515684	0.307506687077916	0.758457733899187	0.999831983216163
ENSMUSG00000044317	159.504652645736	-0.118894365221017	0.120534660251386	-0.987081757738032	0.323602559928596	0.999831983216163
ENSMUSG00000038406	4254.44104275922	-0.0479108197114278	0.092349091714587	-0.518842385817061	0.603870657555594	0.999831983216163
ENSMUSG00000030435	3840.90820842053	-0.0193164948130228	0.0919677313224648	-0.210038334164882	0.833637753962592	0.999831983216163
ENSMUSG00000034071	390.545359657942	0.129395642298754	0.108089543392747	1.19688888581537	0.231349866717956	0.999831983216163
ENSMUSG00000025487	1398.09951266127	-0.0754890772442344	0.0929356721940823	-0.812325385917907	0.416604947662092	0.999831983216163
ENSMUSG00000003549	537.76913137088	0.0391043387106035	0.110687580811042	0.353176950597405	0.723955786633588	0.999831983216163
ENSMUSG00000003423	523.224704398297	0.0656780207773688	0.109840808773244	0.597791604164393	0.549978993468419	0.999831983216163
ENSMUSG00000030960	1245.90883866973	-0.00323055452635564	0.097880394302569	-0.0330037432276433	0.973671602604981	0.999831983216163
ENSMUSG00000030579	188.470806072231	0.100824436480131	0.121787361251914	0.82576742941825	0.40893603354574	0.999831983216163
ENSMUSG00000030744	6649.09367595411	0.109272479349869	0.0921007656001087	1.18616142560163	0.235558556529673	0.999831983216163
ENSMUSG00000030801	949.96458708869	-0.087656482576615	0.0974972928844845	-0.899128855510967	0.36858402981762	0.999831983216163
ENSMUSG00000030685	1342.75581328261	-0.024882326024608	0.0895979615276804	-0.277714704300012	0.781231372056796	0.999831983216163
ENSMUSG00000005686	870.907506931595	0.0531804010176286	0.0932371337697555	0.570360944206331	0.568432913367457	0.999831983216163
ENSMUSG00000007783	2052.68736628734	-0.000465904622381478	0.0958329869763578	-0.00486076933861577	0.996121682463319	0.999831983216163
ENSMUSG00000005442	7118.75896596942	0.00421710356586092	0.0851769187652929	0.0495100803551914	0.960512804091165	0.999831983216163
ENSMUSG00000055541	372.126878288684	0.0331238700475897	0.107727568367404	0.307483540482447	0.758475349408598	0.999831983216163
ENSMUSG00000053395	324.126285811136	-0.0085955767102426	0.112910293279653	-0.0761211833286766	0.939322687175485	0.999831983216163
ENSMUSG00000059273	2830.01288057115	0.016306079567601	0.0872036185596358	0.186985739880108	0.851671813681336	0.999831983216163
ENSMUSG00000055200	193.169886950641	-0.02402236343174	0.119376154281201	-0.201286350328986	0.840474675003452	0.999831983216163
ENSMUSG00000030720	466.688620185855	0.00130959562138721	0.103819052080885	0.012614207630766	0.989935585390671	0.999831983216163
ENSMUSG00000030589	31.67362909654	0.0305143854610476	0.106015249340316	0.287205824034241	0.773954727163754	0.999831983216163
ENSMUSG00000053985	533.668569872237	0.133689926357337	0.103667034451245	1.28941991345704	0.197252142119858	0.999831983216163
ENSMUSG00000045795	807.577408491978	0.039730562757022	0.104953377115294	0.37847177292142	0.705080158983455	0.999831983216163
ENSMUSG00000052296	4389.23999138988	-0.0284472936793453	0.0828036191472084	-0.343556947955856	0.731179506469066	0.999831983216163
ENSMUSG00000025499	1507.85133548408	0.054263801753914	0.0911100571605777	0.595553235073852	0.551473725639259	0.999831983216163
ENSMUSG00000030727	329.958104803657	0.140813304162091	0.110079365951863	1.2788531092225	0.20094878762448	0.999831983216163
ENSMUSG00000047554	2499.85538892181	-0.0471779593926663	0.0889637399918427	-0.530333271101362	0.595880882533491	0.999831983216163
ENSMUSG00000008496	412.44810037895	-0.0435507022932715	0.110609637215316	-0.393708511288366	0.693796256776332	0.999831983216163
ENSMUSG00000040824	1090.67161598542	-0.0233474130769895	0.0943261625985965	-0.247526344236021	0.804500905938978	0.999831983216163
ENSMUSG00000058818	15.1202496529542	0.0470696515156572	0.0838375391029512	0.554839408595813	0.579004509146988	0.999831983216163
ENSMUSG00000053046	5826.8760321027	0.0137535007881416	0.0784496053406768	0.175314963833088	0.86083215442173	0.999831983216163
ENSMUSG00000038618	57.3275683175843	0.0127909653060517	0.114400755978716	0.111672279888628	0.911083259264957	0.999831983216163
ENSMUSG00000031068	2669.75840786637	0.0637325308926398	0.0887068994314998	0.718395611975026	0.472513391653735	0.999831983216163
ENSMUSG00000070709	595.456293114013	0.0235632633582322	0.107814053369256	0.218569231658384	0.826985622854685	0.999831983216163
ENSMUSG00000030382	27.7916378864622	-0.00602019507242977	0.100921582940053	-0.0596148332787479	0.952462404133244	0.999831983216163
ENSMUSG00000042492	1908.01131854603	0.0109542040849335	0.0853032250957564	0.128413191978783	0.897821991899427	0.999831983216163
ENSMUSG00000048920	1104.82735965137	0.145223261084846	0.0935133598941352	1.55267722640625	0.120500265658409	0.999831983216163
ENSMUSG00000006307	3035.27778221984	-0.0425530826082463	0.0838648155323389	-0.507414211746321	0.611864216049578	0.999831983216163
ENSMUSG00000074358	263.491884541906	0.0733715753424198	0.117950322708176	0.621456127030151	0.534299552561813	0.999831983216163
ENSMUSG00000038540	76.9707365564942	0.0800796678639489	0.120342576499301	0.663933464055502	0.506732897064602	0.999831983216163
ENSMUSG00000011427	1062.96318425096	-0.0072317069845039	0.0987052381460847	-0.073270080638454	0.941591199879133	0.999831983216163
ENSMUSG00000041836	1147.60992300503	-0.0222809397776932	0.106234341643341	-0.209751025838574	0.833861998401616	0.999831983216163
ENSMUSG00000025466	453.294524551723	0.159810137716013	0.105520791137761	1.51398529491941	0.130029569141884	0.999831983216163
ENSMUSG00000030600	937.002181417326	-0.0304042139893081	0.096991373942473	-0.313467337751533	0.753925631825532	0.999831983216163
ENSMUSG00000055407	2999.14787985431	0.0287311821976854	0.0812282601964819	0.353704767753279	0.723560149150683	0.999831983216163
ENSMUSG00000046223	28.2314744091571	0.0843297306183151	0.0968555174127769	0.860471139953895	0.389529385584205	0.999831983216163
ENSMUSG00000030505	965.295517164141	0.129577717918475	0.092765636317287	1.3967372693102	0.1624925923988	0.999831983216163
ENSMUSG00000038187	2683.52337872328	0.0704118989632024	0.0824049614357379	0.854432314405083	0.392865497594934	0.999831983216163
ENSMUSG00000025509	966.671611685741	0.0936659450929884	0.100120296575681	0.935322876279206	0.3496219293967	0.999831983216163
ENSMUSG00000054808	3444.74724583072	-0.111012492398568	0.0802377447639551	-1.38362922305991	0.16647201547971	0.999831983216163
ENSMUSG00000038663	13.3188093181731	0.0579804747242588	0.0814788184123555	0.702586674097297	0.482313369518528	0.999831983216163
ENSMUSG00000063317	5004.20960079698	-0.0304323096436051	0.0893020575561374	-0.340801902009017	0.733252718496634	0.999831983216163
ENSMUSG00000030887	13.6105962944108	-0.00564623555514767	0.0784960713149933	-0.07224131681273	0.942409864988932	0.999831983216163
ENSMUSG00000040177	1143.69511007806	-0.0759789335961162	0.0933762194341367	-0.813731873594757	0.415798570392562	0.999831983216163
ENSMUSG00000030674	56.5339610455838	0.0451970978157821	0.116360183579151	0.387232515793506	0.698584080139855	0.999831983216163
ENSMUSG00000031028	4770.16900038714	0.128281182524853	0.0831903800609037	1.54183287334927	0.123114211436558	0.999831983216163
ENSMUSG00000063229	4068.14364085711	-0.10426742466663	0.0895791105754289	-1.16415666448647	0.244360528530738	0.999831983216163
ENSMUSG00000047084	1309.39112752846	0.00845658878251536	0.0947756729987705	0.0892241279836212	0.928903790490005	0.999831983216163
ENSMUSG00000030766	1031.36689279416	-0.129249648510779	0.0952156225355497	-1.35750974170104	0.174619300229775	0.999831983216163
ENSMUSG00000030798	57.6582588021703	0.0505533773233024	0.117047182486493	0.43070929345866	0.666679760553846	0.999831983216163
ENSMUSG00000036835	845.925901238225	0.0361422994164227	0.096034897331006	0.376323439830014	0.706676455455019	0.999831983216163
ENSMUSG00000030946	724.316331436853	-0.124834568265629	0.0995470313008822	-1.25421562706283	0.209763641342567	0.999831983216163
ENSMUSG00000030895	12.0860085953281	0.0623181328306659	0.07843212500512	0.782288507627327	0.434045039275965	0.999831983216163
ENSMUSG00000030401	1416.90404429443	0.0388840854181064	0.0941676456861205	0.412888205453513	0.679688522830686	0.999831983216163
ENSMUSG00000036864	127.988676125188	-0.0166553154407984	0.121735206687214	-0.136785251481254	0.891200541673557	0.999831983216163
ENSMUSG00000040940	2122.05223807943	0.0484424284625405	0.102405123160224	0.472938197312856	0.636257272379985	0.999831983216163
ENSMUSG00000040987	131.595104538708	-0.0658739224419658	0.121786714575726	-0.541110197617918	0.588431629795958	0.999831983216163
ENSMUSG00000019370	26924.4819799321	-0.0335044926547552	0.081444715738805	-0.411392510831585	0.680784744544352	0.999831983216163
ENSMUSG00000030972	211.418706542897	-0.0237304983381485	0.11929508461328	-0.198954837112563	0.842298073033505	0.999831983216163
ENSMUSG00000030513	3357.99753483138	-0.0195329377154127	0.0947598079479337	-0.206143126053586	0.836679112414616	0.999831983216163
ENSMUSG00000047603	955.504910979067	-0.0890430677293711	0.093966049028732	-0.947629149363306	0.343318281303596	0.999831983216163
ENSMUSG00000045948	820.050808737133	0.0187811028771716	0.0993245795723066	0.189073424072017	0.850035270305555	0.999831983216163
ENSMUSG00000070469	119.919929493597	-0.134882724027318	0.121853817747494	-1.10872002236888	0.267550981599061	0.999831983216163
ENSMUSG00000037060	423.529748198329	-0.0576686655829768	0.105526630406776	-0.546481969582499	0.584734678377101	0.999831983216163
ENSMUSG00000096916	469.918268745294	0.0259656119765844	0.105920884565932	0.245137126124903	0.806350257230415	0.999831983216163
ENSMUSG00000030994	142.340051171495	0.0457238931279505	0.121155309239636	0.37714024536703	0.706069384166229	0.999831983216163
ENSMUSG00000066189	303.260191768066	0.078248053378671	0.111913047643269	0.699044387350909	0.48452429162092	0.999831983216163
ENSMUSG00000049709	124.119595424755	0.0477172462808523	0.121471392928212	0.392492243194416	0.694694541562796	0.999831983216163
ENSMUSG00000070421	15.9615943843595	0.0781617386322707	0.0870717438493162	0.886194702159897	0.375512617985937	0.999831983216163
ENSMUSG00000078762	72.1343672475611	0.0180085765645491	0.119785245749692	0.150185446230563	0.88061830788537	0.999831983216163
ENSMUSG00000051910	593.285891347042	-0.0511196564358258	0.107371391635203	-0.476232473047071	0.633908767244691	0.999831983216163
ENSMUSG00000038296	634.686113911933	-0.0806297954435157	0.109036747403213	-0.739813840432292	0.459412959745522	0.999831983216163
ENSMUSG00000030929	369.860504191453	-0.116005897944359	0.109155922011999	-1.06286964622089	0.287841069935187	0.999831983216163
ENSMUSG00000030663	3069.34368786908	0.0436643520457076	0.0826900940645064	0.528026149163675	0.59748118673671	0.999831983216163
ENSMUSG00000040857	430.694420837479	-0.0661425520618535	0.107495872035552	-0.61535769042628	0.538318526303301	0.999831983216163
ENSMUSG00000031004	41.6574205417419	-0.0604107853368377	0.110068043234026	-0.551999155061912	0.580948932164785	0.999831983216163
ENSMUSG00000055320	1185.29680379794	-0.12644158772496	0.101646898406309	-1.24431860238771	0.213382327238367	0.999831983216163
ENSMUSG00000030796	115.154698356	-0.0491486521122746	0.121786995714304	-0.403714485922767	0.686422686022555	0.999831983216163
ENSMUSG00000039176	2080.9930742288	0.0651085717533335	0.0884591622792909	0.735981338448205	0.461742054772744	0.999831983216163
ENSMUSG00000030717	176.477381455403	-0.167134309691353	0.119958865652388	-1.39494317185567	0.163032977036196	0.999831983216163
ENSMUSG00000030869	2691.64946372648	-0.0229376081237976	0.0828796997719249	-0.276759145764773	0.781965053166749	0.999831983216163
ENSMUSG00000053291	167.044837540504	-0.181927959749828	0.119756504551028	-1.52066279053473	0.128344480867398	0.999831983216163
ENSMUSG00000035285	547.852959423849	-0.0981820124469152	0.108608596241925	-0.904169276270768	0.365905648856337	0.999831983216163
ENSMUSG00000040907	63870.7477361149	0.0790778020548083	0.0790993347107051	0.999643087923518	0.317483263234124	0.999831983216163
ENSMUSG00000002603	157.732828998614	0.0256516283057612	0.121479057729538	0.210968360868985	0.832911960067779	0.999831983216163
ENSMUSG00000019737	464.063399120269	0.0318439705090103	0.116094285151023	0.27416394181076	0.783958637050316	0.999831983216163
ENSMUSG00000030979	734.569348133616	0.0619522699697344	0.102434616620123	0.604665683874623	0.545401153687744	0.999831983216163
ENSMUSG00000030707	1368.57841330241	-0.0385861634942773	0.0960094791389877	-0.401919475951099	0.687743288892505	0.999831983216163
ENSMUSG00000042759	27.0971237668334	0.0580278682023697	0.101686515339944	0.566863650882218	0.570806821654969	0.999831983216163
ENSMUSG00000035227	2877.08244149266	-0.0427094610198195	0.0825582024293354	-0.517339989622587	0.604918843120167	0.999831983216163
ENSMUSG00000058966	3611.22258549577	-0.100109309159254	0.0930955346274634	-1.07553567655806	0.28213496825673	0.999831983216163
ENSMUSG00000045777	1253.0632384365	0.0217832799895552	0.101826498944301	0.213896563230051	0.830627720360708	0.999831983216163
ENSMUSG00000038943	199.316638049631	-0.0390995854991728	0.11875183140274	-0.329240484161892	0.741973925184571	0.999831983216163
ENSMUSG00000014418	1287.48452251547	-0.0623598092822513	0.0905242505322446	-0.688890289627405	0.490892310590342	0.999831983216163
ENSMUSG00000030747	498.971224152939	-0.0831765544076009	0.102922084434684	-0.808160299850539	0.418998308548314	0.999831983216163
ENSMUSG00000038782	23.2222450721388	-0.00718718476919745	0.0969631359388006	-0.074119037988275	0.94091566680225	0.999831983216163
ENSMUSG00000059772	626.348669484184	0.0136826436727893	0.106324269814566	0.128666486154031	0.897621555104278	0.999831983216163
ENSMUSG00000064023	11.0074682068968	-0.00404559509285092	0.0695016285294842	-0.0583130935396334	0.953499238126887	0.999831983216163
ENSMUSG00000040331	2391.29693186466	0.134169870428257	0.0820332825071286	1.63544082257863	0.101956670602827	0.999831983216163
ENSMUSG00000036931	134.981975858593	-0.000706865053029887	0.121184491309996	-0.00583180347535796	0.995346920420544	0.999831983216163
ENSMUSG00000062116	553.077752223855	-0.0420200770161816	0.110533222890051	-0.380243323542721	0.703764802549931	0.999831983216163
ENSMUSG00000035545	10887.6348593	0.0798919958280631	0.0954061035839395	0.837194151416907	0.40248344443224	0.999831983216163
ENSMUSG00000030986	1021.75129273013	0.0167885702780949	0.0929956829381205	0.180523052381883	0.856741958492139	0.999831983216163
ENSMUSG00000034875	1363.9990126915	0.0255258803066035	0.0944445378378503	0.270267927960947	0.786954137296772	0.999831983216163
ENSMUSG00000074129	496.891205375373	-0.0387644793002173	0.107189527073635	-0.36165366039927	0.717610859829963	0.999831983216163
ENSMUSG00000042831	684.849690648677	0.0121534986821812	0.100839327488782	0.120514340552804	0.904075720320142	0.999831983216163
ENSMUSG00000063931	961.527410701533	0.0159624100428584	0.0950105893264121	0.168011375355413	0.866574330051026	0.999831983216163
ENSMUSG00000030498	454.810077991675	0.0957921237972137	0.110151935550977	0.86923735465912	0.38471731964794	0.999831983216163
ENSMUSG00000035228	300.840159503093	-0.013221330806635	0.111371283193753	-0.118704331198575	0.905509605013049	0.999831983216163
ENSMUSG00000030846	6360.01163051679	-0.0466304569056909	0.0809772779839576	-0.575868919701646	0.564703784839294	0.999831983216163
ENSMUSG00000054065	364.848980294475	-0.092801293928795	0.108613548054284	-0.854518196208619	0.392817931670114	0.999831983216163
ENSMUSG00000055409	1469.37608283735	0.163363879326272	0.0964124474557735	1.69398510334911	0.0902681137896693	0.999831983216163
ENSMUSG00000038244	7994.99917746119	-0.0284637787911286	0.085754664331947	-0.331931832512342	0.739940732948427	0.999831983216163
ENSMUSG00000051811	155.536432770884	0.057998295681972	0.120403733991719	0.481306619443039	0.630298593159571	0.999831983216163
ENSMUSG00000030792	13.5138105895579	0.0420891173877074	0.0817314842883846	0.510084410994186	0.609992326096549	0.999831983216163
ENSMUSG00000070699	385.250083787551	0.0795078829959671	0.111022188823977	0.71585308524935	0.474082069629993	0.999831983216163
ENSMUSG00000006154	486.060434617037	0.0265533208843719	0.0684869489359288	0.382097443513305	0.702389088000581	0.999831983216163
ENSMUSG00000030654	9898.20568306424	0.135968515917979	0.078678602157265	1.72793685016285	0.0839995467596869	0.999831983216163
ENSMUSG00000030924	108.882118132514	-0.0639545734004523	0.121833691353736	-0.525444029393423	0.599274552551102	0.999831983216163
ENSMUSG00000057229	1236.16899473535	0.00550744251429275	0.0917790326449436	0.06000658018512	0.952150393906617	0.999831983216163
ENSMUSG00000025504	148.349699403388	0.126083981860738	0.121164529182521	1.03900873275108	0.298800674881566	0.999831983216163
ENSMUSG00000030695	1387.91826470458	0.0567540330039335	0.0927541043356175	0.611821262554373	0.540656020364634	0.999831983216163
ENSMUSG00000030474	10.6780658376326	0.0101889168841099	0.0679581702432186	0.148851831515588	0.881670550541713	0.999831983216163
ENSMUSG00000030967	6474.85491054027	0.00632109391947408	0.0778743808600059	0.0811707935580026	0.935306126216188	0.999831983216163
ENSMUSG00000030759	6115.59505655388	-0.044164733916632	0.081448267757959	-0.542269214697392	0.587633060043224	0.999831983216163
ENSMUSG00000110195	37.0824146003712	-0.0663418284101066	0.107161923492306	-0.622766985843106	0.533437656234972	0.999831983216163
ENSMUSG00000025512	1191.6389070589	0.0677146052931619	0.0904541717303349	0.748567160706919	0.45411813139796	0.999831983216163
ENSMUSG00000008683	5947.3920404737	0.0474112996121326	0.0783297932870642	0.60525688089716	0.545008326851374	0.999831983216163
ENSMUSG00000078566	2704.31672538361	0.0396487233758696	0.082717857569759	0.479310245406202	0.631717934583423	0.999831983216163
ENSMUSG00000074221	408.728852310426	-0.0538442997067557	0.110694030442765	-0.486553368385916	0.626574876448925	0.999831983216163
ENSMUSG00000030522	1439.70548135777	0.00239414170410618	0.090579403055834	0.0264313049743284	0.97891332510833	0.999831983216163
ENSMUSG00000058975	21577.5090912345	-0.0273372435899684	0.104780592129916	-0.26093637825056	0.794141570581738	0.999831983216163
ENSMUSG00000066232	6704.96439354736	-0.0111876452645838	0.0847080145104832	-0.132075557140692	0.894924529100235	0.999831983216163
ENSMUSG00000073838	1890.21802495125	-0.0738915464105913	0.0871454368954569	-0.847956794424548	0.396462032989126	0.999831983216163
ENSMUSG00000030714	510.92278266041	0.000809709310330227	0.104828423827752	0.0077242250888325	0.993837021341819	0.999831983216163
ENSMUSG00000030557	6071.36178246676	-0.0578098781467319	0.0859328718807061	-0.672789219369428	0.501081397252319	0.999831983216163
ENSMUSG00000030486	404.757653554199	0.000414043286095548	0.109030921033953	0.00379871528104346	0.996969071015876	0.999831983216163
ENSMUSG00000057093	395.057079879351	-0.0559113762775469	0.109373656612728	-0.511227443314172	0.609191804261368	0.999831983216163
ENSMUSG00000039099	19.4303827833733	-0.0666397348942339	0.0916522790786539	-0.736791335118092	0.461249253323649	0.999831983216163
ENSMUSG00000030602	248.41610453682	-0.0401166410486725	0.117048023918435	-0.342753652657286	0.731783795876215	0.999831983216163
ENSMUSG00000023118	3866.29569818985	-0.0146164136239499	0.0814229858023142	-0.179512673213721	0.857535167175741	0.999831983216163
ENSMUSG00000052833	1947.44757063835	0.0442586817385437	0.0839753943318004	0.527032798535423	0.598170812202118	0.999831983216163
ENSMUSG00000046027	1452.27052871314	0.0415827938978563	0.0970675187633003	0.428337511046904	0.668405412682468	0.999831983216163
ENSMUSG00000030447	3119.27196713456	0.041080715023222	0.0883683402226918	0.464863293525663	0.642029358305882	0.999831983216163
ENSMUSG00000043866	950.279090792098	-0.0259073529087131	0.0995093764985772	-0.26035036699879	0.79459352446233	0.999831983216163
ENSMUSG00000002778	1808.5158540111	-0.102052353806017	0.0875971845870204	-1.16506479958423	0.243992764050245	0.999831983216163
ENSMUSG00000048481	668.954389020727	0.0964368141689352	0.100694369105039	0.957522957709339	0.338303364445281	0.999831983216163
ENSMUSG00000030423	982.869371655164	-0.077952345166107	0.0950824407878157	-0.819867483099472	0.412291655545549	0.999831983216163
ENSMUSG00000035004	40.5847340456202	0.0141436163003916	0.110977804590478	0.127404693019745	0.898620102018768	0.999831983216163
ENSMUSG00000030751	3050.52998435246	0.0174998132548016	0.0895271605666203	0.195462794261063	0.84503066175565	0.999831983216163
ENSMUSG00000002043	152.660961617703	-0.0725414613168916	0.12051735204983	-0.602086621776201	0.547116479233677	0.999831983216163
ENSMUSG00000044702	102.930581525979	0.0146233049013923	0.121884350319048	0.119972535169996	0.904504904546051	0.999831983216163
ENSMUSG00000038563	496.80721471197	0.0589849732696089	0.103328618614523	0.570793562397085	0.568139587254506	0.999831983216163
ENSMUSG00000036570	1306.92183039492	-0.1484619970286	0.0899983841977048	-1.64969971832441	0.0990043678495622	0.999831983216163
ENSMUSG00000001802	176.032597505733	0.0374629280437222	0.120116924349685	0.311841127538223	0.755161266196111	0.999831983216163
ENSMUSG00000002608	1412.35836463323	-0.0559190370391211	0.0972936534384256	-0.574775763455358	0.565442960168973	0.999831983216163
ENSMUSG00000037552	245.027081281592	-0.186282513645837	0.117764691817075	-1.58302466412348	0.113415842913159	0.999831983216163
ENSMUSG00000063065	2799.73082947377	-0.00100347442912224	0.0886165490190242	-0.0113229063923543	0.990965820849192	0.999831983216163
ENSMUSG00000030518	395.69994053835	0.140595486321744	0.105878887700245	1.32769315010308	0.184279497382461	0.999831983216163
ENSMUSG00000091474	1609.03812086422	-8.08200011839642e-05	0.0989583586082349	-0.000816048569636277	0.999348887517688	0.999831983216163
ENSMUSG00000030865	37.0055294954874	0.00528131657910856	0.109728692978851	0.0481055834724282	0.961632096391878	0.999831983216163
ENSMUSG00000033676	6734.65848638475	-0.0941878215464926	0.0804788477517136	-1.17044385129069	0.24182239743722	0.999831983216163
ENSMUSG00000030871	296.39565343989	-0.0932745659956005	0.111812303693638	-0.834317278550072	0.404102217715619	0.999831983216163
ENSMUSG00000063550	2128.18619789851	0.0187072724018615	0.0859825743675113	0.21757124845845	0.827763188238508	0.999831983216163
ENSMUSG00000030610	211.570315167849	-0.0478618166596708	0.119293383032288	-0.401202539811896	0.688271010970577	0.999831983216163
ENSMUSG00000070423	17.0795873839869	-0.0776678930223093	0.084713234326256	-0.936688422714586	0.348918853184244	0.999831983216163
ENSMUSG00000031072	602.043164071384	0.0605928569801389	0.101841958753672	0.594947615965989	0.551878487281644	0.999831983216163
ENSMUSG00000052997	4306.16749797625	-0.0229673240410694	0.0787282124414799	-0.291733791509126	0.770490170638096	0.999831983216163
ENSMUSG00000025723	57.0579523344769	-0.0616769265163974	0.117562386744266	-0.526039646770312	0.598860660633013	0.999831983216163
ENSMUSG00000062797	1249.21152117474	-0.0215574790528128	0.0913794166849404	-0.235910122046396	0.813502413653907	0.999831983216163
ENSMUSG00000030609	643.709240594598	0.00274177018248903	0.100910827017077	0.0271710178760424	0.978323331552979	0.999831983216163
ENSMUSG00000030742	38.5288429299801	0.0104443769308222	0.107799920802003	0.0966664837344462	0.922991257246421	0.999831983216163
ENSMUSG00000037029	1883.93237190694	-0.11451995139249	0.0944991207101243	-1.21210774843193	0.225471138082836	0.999831983216163
ENSMUSG00000038797	181.087650651132	0.0464494692131886	0.118305085530869	0.392496177927396	0.694691634841288	0.999831983216163
ENSMUSG00000003868	847.603545164488	-0.0121718620969517	0.0948875230609493	-0.128273790146025	0.897932306166569	0.999831983216163
ENSMUSG00000063535	111.916169094303	0.087675985179701	0.121856728089546	0.71868812643279	0.472333100776643	0.999831983216163
ENSMUSG00000030785	35.1586418856865	-0.103587794885012	0.108467453530809	-0.963819239143227	0.3351365592627	0.999831983216163
ENSMUSG00000052605	69.0362532317539	0.124278376725786	0.119690697349545	1.0339736196704	0.301148496040161	0.999831983216163
ENSMUSG00000030726	915.572089002469	0.00102907669960409	0.0970942235598954	0.0105994344830541	0.991543033226926	0.999831983216163
ENSMUSG00000030894	3699.36714257438	0.0557345991614029	0.08104398573959	0.687675242848699	0.491657313691683	0.999831983216163
ENSMUSG00000031023	85.9757783243705	0.106314376702522	0.121486287972794	0.873130429890411	0.382591989399651	0.999831983216163
ENSMUSG00000060279	3453.43556595272	0.0371381614025591	0.0810240514588335	0.45834552384835	0.646704222826568	0.999831983216163
ENSMUSG00000030811	1296.41234621769	-0.0503972250083636	0.0908995391953343	-0.554446363009651	0.579273403853664	0.999831983216163
ENSMUSG00000037020	78.5211288372289	0.160965990466106	0.120318335669422	1.33191699993884	0.182887464136392	0.999831983216163
ENSMUSG00000030897	15.6500327361449	0.0491496701961326	0.0847186706455538	0.575075038358243	0.565240548903525	0.999831983216163
ENSMUSG00000003873	666.230961273258	-0.0412899445380789	0.100075433497921	-0.412587099792881	0.679909154287755	0.999831983216163
ENSMUSG00000030737	390.415097425227	0.12506294582247	0.110959004118154	1.12641945123557	0.259988017346722	0.999831983216163
ENSMUSG00000003190	66.2840178782319	-0.065720315502399	0.118841034057987	-0.554039690703481	0.579551682710411	0.999831983216163
ENSMUSG00000033961	828.968160133004	-0.0267798874383763	0.105928396659353	-0.252804843673934	0.800419024550194	0.999831983216163
ENSMUSG00000074364	452.413504826346	-0.14812330384969	0.116108811628009	-1.27693394922239	0.201625567232495	0.999831983216163
ENSMUSG00000070822	535.125421698399	0.163667049695925	0.102179380024292	1.60150304635274	0.109265545829803	0.999831983216163
ENSMUSG00000038570	154.104504317453	0.0917406328275507	0.120942358363594	0.757666173073693	0.448650854466035	0.999831983216163
ENSMUSG00000013921	28109.034616023	0.0175818536124519	0.086516526703365	0.203214187827853	0.838967623913277	0.999831983216163
ENSMUSG00000037563	2364.02762218471	0.100207834645801	0.0923205088651635	1.08524816598115	0.277811756537183	0.999831983216163
ENSMUSG00000049421	4055.46696463302	0.0121882976492803	0.0908480658665888	0.134161158639388	0.893275139099632	0.999831983216163
ENSMUSG00000055150	202.45540335646	0.0421519528232639	0.116887411082925	0.360597991761322	0.718399990799211	0.999831983216163
ENSMUSG00000032776	28.2551344290569	0.0640948869923364	0.100626649259985	0.632112868129552	0.527313127214499	0.999831983216163
ENSMUSG00000043671	2468.42530081258	-0.121706988229329	0.086609615664991	-1.40539084099931	0.159905088781866	0.999831983216163
ENSMUSG00000038623	614.033116622427	0.0115404881796482	0.104035986928498	0.110930301950768	0.911671616405506	0.999831983216163
ENSMUSG00000040564	58.6117494688017	0.11014449501272	0.115470860433027	0.948428209877472	0.34291150389173	0.999831983216163
ENSMUSG00000045114	53.4346576442705	-0.0144342008150505	0.116073735185302	-0.124407512976739	0.900992625067824	0.999831983216163
ENSMUSG00000058230	6501.44719279763	-0.0297106204570988	0.0879980947434191	-0.337647205683485	0.735629064157267	0.999831983216163
ENSMUSG00000030619	972.398273764776	-0.043605548831371	0.0954062463598072	-0.457089063464609	0.647607030786941	0.999831983216163
ENSMUSG00000040424	487.552218016883	0.111462225543397	0.108892601019701	1.02315328338504	0.306235377159207	0.999831983216163
ENSMUSG00000030881	2920.8438677736	0.0152464919598587	0.0868944343730182	0.175457537610573	0.860720133228291	0.999831983216163
ENSMUSG00000074170	761.91646954488	-0.145656016775387	0.0991023146300965	-1.46986096338705	0.141599413968892	0.999831983216163
ENSMUSG00000040466	261.028935932158	0.0740569259536374	0.119250455749648	0.620366144443817	0.535016756546028	0.999831983216163
ENSMUSG00000025465	1851.70035881658	0.0710172994928303	0.0857816449425707	0.827843060015632	0.407759385044545	0.999831983216163
ENSMUSG00000008028	19.3895100763736	0.118352484790137	0.0914932447044836	1.27383478458147	0.202721974661192	0.999831983216163
ENSMUSG00000002781	567.474892057183	0.0232193496259086	0.101926339946561	0.227801388816048	0.819800646961925	0.999831983216163
ENSMUSG00000060962	18.9722887632783	0.0491191541076637	0.087915879267227	0.554490723396794	0.579243052599065	0.999831983216163
ENSMUSG00000097075	63.3420390867486	-0.20853988144417	0.118380693941114	-1.77510831530909	0.0758800042592964	0.999831983216163
ENSMUSG00000037664	243.472261843169	-0.0389671828663663	0.118001074275262	-0.33019908942693	0.741249534820872	0.999831983216163
ENSMUSG00000031493	33.614970427053	0.0500928336723783	0.101768074698123	0.488650217053647	0.625089354283767	0.999831983216163
ENSMUSG00000039428	3247.85240913408	0.0629050919277751	0.0812457014963587	0.774225570302427	0.438797409520249	0.999831983216163
ENSMUSG00000030697	1230.02191724612	-0.0753322519331943	0.0938215659556032	-0.802952288775828	0.422002311781868	0.999831983216163
ENSMUSG00000056216	2214.76752800428	-0.0932818978585624	0.0883381420485017	-1.05607601156287	0.290933488956391	0.999831983216163
ENSMUSG00000004056	3593.90419265545	-0.0894328667326517	0.0853547481299122	-1.04786242593164	0.294701995934997	0.999831983216163
ENSMUSG00000053801	362.252379365197	0.0103004673806793	0.108385812672849	0.0950333749396332	0.92428831750887	0.999831983216163
ENSMUSG00000031015	281.296341914579	0.112105403025351	0.11622677018077	0.964041250774514	0.335025244970413	0.999831983216163
ENSMUSG00000118462	21.2720719254968	0.0673239822196958	0.0946072817180909	0.705101036529014	0.480747361538685	0.999831983216163
ENSMUSG00000064307	128.047151205714	-0.153240460460624	0.12181957310407	-1.26036239005304	0.20753866265638	0.999831983216163
ENSMUSG00000047649	461.460755774608	-0.00883368374606613	0.107696618691647	-0.0820263245295655	0.934625780040723	0.999831983216163
ENSMUSG00000030922	318.976558348733	0.0953139496074404	0.112180125828226	0.84954122979555	0.395580198340369	0.999831983216163
ENSMUSG00000049580	66.5378921809753	-0.154573353046457	0.11955460115636	-1.29881152095186	0.194008619871322	0.999831983216163
ENSMUSG00000061286	419.332315891319	-0.0913179244759695	0.108157984688549	-0.844425931322419	0.398431436940984	0.999831983216163
ENSMUSG00000030779	5312.14311245287	0.0290580423169859	0.0811220231869682	0.358195969138959	0.72019666355429	0.999831983216163
ENSMUSG00000034538	226.759281041471	0.0267950138105063	0.117550149931417	0.227969035840705	0.819670312551339	0.999831983216163
ENSMUSG00000048779	28.2603241057018	-0.157754336583225	0.102443769104063	-1.57091351731506	0.116202738351316	0.999831983216163
ENSMUSG00000030532	196.75423471905	0.00165948682336422	0.118173170634546	0.0140406351644439	0.98879756205335	0.999831983216163
ENSMUSG00000035239	171.790713725853	0.0366303753524526	0.120693365466305	0.303489304669473	0.761516997009281	0.999831983216163
ENSMUSG00000030499	321.920829054038	-0.0479616016706876	0.114864504597369	-0.41760947932218	0.676232664945893	0.999831983216163
ENSMUSG00000030555	228.712576787466	0.0293391067194402	0.116046710948554	0.252748741319554	0.800462380258456	0.999831983216163
ENSMUSG00000025139	8381.61323354813	-0.0186488945470274	0.0829944850245877	-0.224706128749637	0.822207896481205	0.999831983216163
ENSMUSG00000030990	313.422659436051	-0.0631514559103227	0.111549142743921	-0.566149035481699	0.57129247175755	0.999831983216163
ENSMUSG00000078813	184.549224292217	0.0685054138641967	0.118137077395364	0.579722945973516	0.562101466929026	0.999831983216163
ENSMUSG00000046056	154.215977342565	0.0266917423863737	0.121544943703719	0.219501065944467	0.826259749607483	0.999831983216163
ENSMUSG00000035642	723.221318961809	-0.093430590031764	0.100695161215216	-0.927966740703815	0.353424822280116	0.999831983216163
ENSMUSG00000018909	12105.2007298758	0.00689784915414077	0.0757697441493713	0.0910372466921837	0.927462995342382	0.999831983216163
ENSMUSG00000030583	2886.11385107776	-0.0515303680159342	0.0906528483150296	-0.568482416053093	0.569707442236819	0.999831983216163
ENSMUSG00000054893	830.066585373941	0.0271454031590942	0.10217340662274	0.26568376599212	0.790482767035714	0.999831983216163
ENSMUSG00000030655	23792.4655461678	-0.0974270641100987	0.0809396045335179	-1.20384020192644	0.228651347928307	0.999831983216163
ENSMUSG00000044709	791.496583103958	-0.106193982575712	0.105038869655016	-1.01117059724662	0.311934785867941	0.999831983216163
ENSMUSG00000035713	793.931741597187	0.105775961410896	0.0986809277687772	1.0716781604658	0.283864613474732	0.999831983216163
ENSMUSG00000059479	29.976585050243	0.0696215690046948	0.103231364679307	0.670283284431625	0.502677220791443	0.999831983216163
ENSMUSG00000004371	41.1871820140718	-0.00858296613821362	0.11089268782021	-0.077358850129778	0.938338075482674	0.999831983216163
ENSMUSG00000008373	1119.08311263264	0.0911577813548693	0.0908283736733607	1.0035752781695	0.315583375576635	0.999831983216163
ENSMUSG00000035632	2055.04970891653	0.0143705115437515	0.0903659876029946	0.159019605894799	0.87365342710846	0.999831983216163
ENSMUSG00000025468	1329.01597207859	0.185559576759065	0.106122687016007	1.74707178191471	0.0806248874453163	0.999831983216163
ENSMUSG00000060441	19.3722866954592	0.0716449339174392	0.0910014337656083	0.777707247229789	0.436741618772499	0.999831983216163
ENSMUSG00000044952	798.888675265348	-0.0463241233348364	0.0950870520824222	-0.487172509350224	0.626136085171305	0.999831983216163
ENSMUSG00000003436	17.5098109974009	0.0739911818854119	0.0881468561394637	0.829044345155707	0.407079314620828	0.999831983216163
ENSMUSG00000057706	360.182586521501	-0.168347868300809	0.10850380374562	-1.5517581493028	0.120720103202989	0.999831983216163
ENSMUSG00000033510	1936.07699074551	-0.139469462229744	0.0861051665854741	-1.61987216012828	0.105259741310007	0.999831983216163
ENSMUSG00000042462	154.627218206531	0.0424807923951924	0.121319061872575	0.349936006258312	0.726386724254236	0.999831983216163
ENSMUSG00000109398	147.155574122426	0.109432337350153	0.121259280828703	0.901221122540143	0.367470762424991	0.999831983216163
ENSMUSG00000025488	29.7939949994819	0.0721146562939184	0.102073856631046	0.701267041713278	0.48313637794015	0.999831983216163
ENSMUSG00000044465	2908.1554405597	-0.0911949237175158	0.0851419390660897	-1.07119309650605	0.284082615042384	0.999831983216163
ENSMUSG00000055723	373.408884023514	-0.114968939704037	0.111750338568976	-1.02931831282324	0.30333012064731	0.999831983216163
ENSMUSG00000044881	120.395246242214	0.0150295080304329	0.121728080503529	0.123432824589324	0.901764365543055	0.999831983216163
ENSMUSG00000074406	346.522377032877	-0.00509662824912809	0.115308694391597	-0.0441873619912987	0.964755055884683	0.999831983216163
ENSMUSG00000002985	28236.4846594711	0.115468689953764	0.0821153110715383	1.40597151149747	0.159732584450831	0.999831983216163
ENSMUSG00000039018	595.46938739564	0.0403146627537342	0.109105046097886	0.369380000277644	0.711844503069232	0.999831983216163
ENSMUSG00000030987	3812.49330416281	0.0231427913551946	0.0839626867517606	0.275629924149167	0.782832323495727	0.999831983216163
ENSMUSG00000051768	1069.85520211343	-0.0556348967973424	0.093572225173935	-0.594564952587132	0.552134313101291	0.999831983216163
ENSMUSG00000060621	11.0978577985654	0.0827793962786978	0.0748191122517839	1.0831993929296	0.278719929145319	0.999831983216163
ENSMUSG00000030421	1939.7023629164	0.0443944526758706	0.0853190604938812	0.520328224004095	0.602834827403651	0.999831983216163
ENSMUSG00000063801	2896.3547025695	0.00495057312484208	0.0951291562578777	0.0520398102037416	0.958496972417192	0.999831983216163
ENSMUSG00000048012	33.1981296931783	-0.0605262530291065	0.104614098002996	-0.583334189993439	0.559668350621349	0.999831983216163
ENSMUSG00000049728	523.685385034929	-0.0989481458136097	0.104529041755483	-0.946717657594727	0.343782670264609	0.999831983216163
ENSMUSG00000059263	6017.85325795376	-0.0179595145537407	0.0878329544499862	-0.204481291259068	0.837977410543922	0.999831983216163
ENSMUSG00000056856	1393.87763356062	-0.0122579268477425	0.0900242849870152	-0.136167261407238	0.891689055679949	0.999831983216163
ENSMUSG00000030509	828.773518825108	-0.133903637586091	0.102238057654466	-1.30997845680174	0.190203123617728	0.999831983216163
ENSMUSG00000045639	1594.76176162277	-0.0625023597539499	0.0934106627694452	-0.669199642387076	0.503368134347887	0.999831983216163
ENSMUSG00000069806	8329.46274264488	-0.103642290233619	0.0846142487422062	-1.22503845528433	0.220560731810361	0.999831983216163
ENSMUSG00000030591	3382.82482981044	0.0550938963671839	0.0840993728908094	0.655070405301335	0.512422425301825	0.999831983216163
ENSMUSG00000053898	1381.40495516927	0.0966515864817882	0.0918197405870568	1.05248650474956	0.292576398918631	0.999831983216163
ENSMUSG00000030876	1834.77298127305	-0.0844347226377115	0.084500690328114	-0.999243001752089	0.317676989352354	0.999831983216163
ENSMUSG00000030770	3550.12126055476	0.019059556224593	0.0901191328753813	0.211483496116872	0.832510009175036	0.999831983216163
ENSMUSG00000002083	331.823472242879	0.0749184153018674	0.111273165502722	0.673182912671527	0.500830930620236	0.999831983216163
ENSMUSG00000054612	53.4645106917574	-0.00261238164116453	0.115076690502042	-0.022705871461918	0.981884892294887	0.999831983216163
ENSMUSG00000030409	693.236358700166	-0.0437114958689164	0.100491170635651	-0.434961694747364	0.663590231760973	0.999831983216163
ENSMUSG00000057143	167.267276101182	0.120614275516691	0.120390653016119	1.0005332109556	0.317052533776062	0.999831983216163
ENSMUSG00000040435	854.740946471146	-0.0141382557598855	0.0950652527803739	-0.148725793976944	0.881770006943947	0.999831983216163
ENSMUSG00000078670	1309.55056142394	-0.00416801224243139	0.0911651311565247	-0.0457191881675004	0.963534069853997	0.999831983216163
ENSMUSG00000045251	220.754141434383	0.026872751528219	0.11608045848857	0.231457156969255	0.816959665565704	0.999831983216163
ENSMUSG00000047037	1270.5910021083	-0.0167613995830069	0.0911171089751498	-0.183960962965226	0.854044079259836	0.999831983216163
ENSMUSG00000001829	1983.98799952608	0.0149436532569481	0.0887893520160927	0.16830468275801	0.86634359010602	0.999831983216163
ENSMUSG00000003865	828.829103901276	0.0324340354154728	0.0939532075472757	0.345213305278215	0.729934016756579	0.999831983216163
ENSMUSG00000037772	672.399587610605	-0.00556345619175087	0.102539403983264	-0.0542550378711017	0.956731971338221	0.999831983216163
ENSMUSG00000011154	52.485145254628	0.0132537282220722	0.115729438044473	0.114527285367159	0.908819818102076	0.999831983216163
ENSMUSG00000058239	1683.51533148565	0.00139616555934445	0.0922959645203953	0.0151270601691394	0.987930812537033	0.999831983216163
ENSMUSG00000030780	696.104183797996	0.0409910404030464	0.0985135720442226	0.416061897926834	0.677364710126749	0.999831983216163
ENSMUSG00000000605	7522.06200202832	0.0102668314290996	0.0774761622404236	0.132516003160537	0.894576165958077	0.999831983216163
ENSMUSG00000025474	1574.49158541259	0.0550418865417987	0.0884335656356184	0.622371998337697	0.533697288532474	0.999831983216163
ENSMUSG00000003378	2586.93230876466	-0.0730105600689869	0.0937770866349961	-0.778639583999322	0.436192054467918	0.999831983216163
ENSMUSG00000030428	19523.1361231926	-0.00915500522635472	0.0865328288659281	-0.105798874275145	0.915741929976347	0.999831983216163
ENSMUSG00000053550	651.193870235442	0.146281159267653	0.109844688535219	1.3308146790564	0.183249996705616	0.999831983216163
ENSMUSG00000091002	145.90705705777	0.100653667770638	0.121613926505881	0.826880510921505	0.408304790757359	0.999831983216163
ENSMUSG00000056383	510.083657029966	-0.0082291212949159	0.109221899701714	-0.0753558989528014	0.939931546932843	0.999831983216163
ENSMUSG00000038695	1904.91037154016	0.0410902163930872	0.0992329730204302	0.414019639033085	0.678859724139482	0.999831983216163
ENSMUSG00000046096	3291.73672499999	0.00518794759878558	0.0814978652850561	0.0636582279458733	0.949242366518553	0.999831983216163
ENSMUSG00000035623	3244.11046706975	-0.0488429219576053	0.0985849947217056	-0.495526481082718	0.620228534185963	0.999831983216163
ENSMUSG00000048065	18.6814331441505	0.0815993743757274	0.0907300381836706	0.889537731832471	0.373714154246186	0.999831983216163
ENSMUSG00000053964	97.8690766936716	0.0946484645909807	0.119311367896388	0.789434960222432	0.429857829472083	0.999831983216163
ENSMUSG00000030678	5514.65036007526	-0.0453172613272427	0.0929374908349402	-0.487651149126221	0.625796959152389	0.999831983216163
ENSMUSG00000025103	4487.68787848982	-0.0635395437739145	0.0858942004515524	-0.739807379722118	0.459416880515368	0.999831983216163
ENSMUSG00000057176	228.759756386352	0.044832195084292	0.115474221195099	0.388163735440332	0.697894868169142	0.999831983216163
ENSMUSG00000030525	501.601735408697	0.0284364401510762	0.104484928421838	0.272129011277254	0.78552282322304	0.999831983216163
ENSMUSG00000052305	1012.0173658629	-0.00354538292198188	0.0417227291418032	-0.0856730425561556	0.931726332241703	0.999831983216163
ENSMUSG00000037239	1001.50074732422	0.0795372687071316	0.103171379708117	0.770681127197826	0.44089596114165	0.999831983216163
ENSMUSG00000010755	1837.61208880205	-0.0519130036924986	0.0870286421338376	-0.596514846305118	0.550831338863228	0.999831983216163
ENSMUSG00000002963	745.102650973413	0.0154216418426089	0.103711765020221	0.148675336540814	0.881809823501717	0.999831983216163
ENSMUSG00000057101	2073.34815092449	0.000317429384914069	0.0844719216665701	0.00375837953114316	0.997001254058221	0.999831983216163
ENSMUSG00000030823	186.514170184648	-0.0522831706258731	0.118829305515348	-0.440013414574401	0.659927391579214	0.999831983216163
ENSMUSG00000045598	853.298176144001	-0.0712747335388538	0.0988794903786567	-0.720851975189481	0.47100059320646	0.999831983216163
ENSMUSG00000030539	394.499108622012	0.0836257426822412	0.112720827969536	0.741422525386967	0.458437290854236	0.999831983216163
ENSMUSG00000030757	1074.92892292241	-0.00823559862833527	0.0924152120728541	-0.0891144150588602	0.928990981414348	0.999831983216163
ENSMUSG00000015134	63.7275850600903	-0.0116823091626127	0.117519985977712	-0.0995282203460158	0.920718882538393	0.999831983216163
ENSMUSG00000030400	350.486527481223	0.0642296487773319	0.110765469617402	0.579756662937564	0.562078726130076	0.999831983216163
ENSMUSG00000025104	2821.2406662594	0.126466099213068	0.0845880035687454	1.49493702140001	0.134930879196838	0.999831983216163
ENSMUSG00000058761	1075.89693222794	-0.0188989635042069	0.0960640524205142	-0.196735358636744	0.844034638610265	0.999831983216163
ENSMUSG00000078779	345.181638497374	0.0430272881964305	0.112033573064547	0.384086101174752	0.700914632568721	0.999831983216163
ENSMUSG00000053091	400.368913557027	0.0854416088781295	0.106009426391917	0.80588706729034	0.420307968877897	0.999831983216163
ENSMUSG00000066406	613.181784398066	-0.00590032547136247	0.100207588979666	-0.0588819321618081	0.953046149125609	0.999831983216163
ENSMUSG00000030406	37.9346883035307	0.102882692998445	0.108682945846686	0.939053013466446	0.347703526592163	0.999831983216163
ENSMUSG00000030629	3031.17412771589	0.0227525631032099	0.085442913837317	0.266282811654362	0.790021409686135	0.999831983216163
ENSMUSG00000038930	399.193838633731	0.0875836485991548	0.107314755375435	0.816000929243382	0.414499604240657	0.999831983216163
ENSMUSG00000030584	485.981015834314	-0.109930370273032	0.103712125768452	-1.05999683345109	0.289146039917669	0.999831983216163
ENSMUSG00000030612	762.488664831927	0.105158118845396	0.0989908771053193	1.06213531202716	0.288174261342304	0.999831983216163
ENSMUSG00000102252	12500.4158414828	0.0171334768858397	0.0773781562476283	0.221422820996515	0.824763224800537	0.999831983216163
ENSMUSG00000031078	3207.01082153685	0.0612309797996965	0.0799132022914141	0.766191034007319	0.443562642480409	0.999831983216163
ENSMUSG00000034951	1160.40309781787	-0.0124772607623759	0.106022338168624	-0.117687122111326	0.906315570931687	0.999831983216163
ENSMUSG00000042308	921.057715482365	0.0295366114177963	0.0928667779415397	0.318052347885363	0.750445229021021	0.999831983216163
ENSMUSG00000038503	1166.58070577062	0.0871739945466978	0.0957841234934976	0.910002388897739	0.362821249937429	0.999831983216163
ENSMUSG00000030671	1912.48452773651	0.0618517249470809	0.0905338627877125	0.683162685968447	0.494504048191244	0.999831983216163
ENSMUSG00000036957	603.728561780329	0.0709173982450937	0.107589175392386	0.658885404353591	0.509969359143538	0.999831983216163
ENSMUSG00000035390	4641.62433035311	0.0159209711522402	0.0842945183045354	0.188868136039648	0.850196167834592	0.999831983216163
ENSMUSG00000000131	3475.34436693455	-0.0104003721710042	0.0803729660409644	-0.129401206916316	0.897040192730044	0.999831983216163
ENSMUSG00000070808	916.012135460828	-0.0610422298802485	0.105273378055786	-0.579921029328266	0.561967873670021	0.999831983216163
ENSMUSG00000030873	25.7181019407428	-0.119875133125824	0.0999776225258815	-1.21878674882534	0.222925142253314	0.999831983216163
ENSMUSG00000074283	513.077473600333	-0.136912651265202	0.111582264192975	-1.22781634072259	0.21951592005298	0.999831983216163
ENSMUSG00000040952	2413.43996496787	0.153709621887915	0.0957480503848603	1.60478689840418	0.108540710230312	0.999831983216163
ENSMUSG00000053565	2213.74666085327	0.0237886177166456	0.0918553624542484	0.258967730546801	0.795660138639753	0.999831983216163
ENSMUSG00000030688	1255.08083894621	0.0828963026932647	0.0940768127931629	0.881028905970938	0.378302174799301	0.999831983216163
ENSMUSG00000066760	938.687304904295	-0.0206643746265931	0.100438874425877	-0.205732337832363	0.83699999692279	0.999831983216163
ENSMUSG00000066571	1184.33981149471	-0.132614812710743	0.0976790495818038	-1.35801947024725	0.174457506117419	0.999831983216163
ENSMUSG00000018819	68.820272560256	0.157636813353563	0.119060135472268	1.31632503538048	0.188064971477543	0.999831983216163
ENSMUSG00000030844	566.153510067005	0.107403164256387	0.112403452717507	0.954985244058987	0.339585159150921	0.999831983216163
ENSMUSG00000038886	6565.65825807606	-0.0696687954082929	0.0980368855108848	-0.710799457298156	0.477208516991289	0.999831983216163
ENSMUSG00000050490	113.191101459875	-0.0934300883909257	0.121808306495142	-0.768025121162999	0.442472260491694	0.999831983216163
ENSMUSG00000119317	42.8102544204968	-0.0780878072649088	0.110438449824433	-0.712326838283691	0.476262408434271	0.999831983216163
ENSMUSG00000111496	281.205627177672	-0.0252401134748805	0.116106377026548	-0.217474433120484	0.827838629622642	0.999831983216163
ENSMUSG00000111090	12.6557785415503	0.0493497576548836	0.0797748410756253	0.610866522864619	0.541287949128975	0.999831983216163
ENSMUSG00000080469	12.7783683049481	-0.023609572350151	0.0753447109545796	-0.315381909169114	0.75247170088388	0.999831983216163
ENSMUSG00000111080	1973.2574488828	0.00493383452659075	0.10337440183889	0.0477280773897015	0.961932957075308	0.999831983216163
ENSMUSG00000110744	25.7209158130934	0.0885211092747922	0.0989218744653284	0.887280921290947	0.374927674684597	0.999831983216163
ENSMUSG00000111664	28.0423283194513	-0.059629618395961	0.0972942029837303	-0.618924566902954	0.535966053553024	0.999831983216163
ENSMUSG00000110935	89.870600071182	0.00750839468921424	0.121188179604585	0.0619715858110551	0.950585459733292	0.999831983216163
ENSMUSG00000063953	57.9369924787239	0.0303848622144787	0.116362187876555	0.260875259995879	0.794188704049309	0.999831983216163
ENSMUSG00000111877	29.7681204548518	-0.00258445963105255	0.104768071546674	-0.024675477472775	0.980313815265668	0.999831983216163
ENSMUSG00000102632	16.1598016460287	-0.0520053820167291	0.0866320555385979	-0.608412344872789	0.542914025933022	0.999831983216163
ENSMUSG00000112596	33.9575232571556	0.0344425255924736	0.106349842450113	0.323295079198716	0.74647178031171	0.999831983216163
ENSMUSG00000020021	1090.22024501345	-0.107436350036314	0.0923663663631141	-1.16321917067605	0.244740590391584	0.999831983216163
ENSMUSG00000111374	283.469463460571	-0.0183053014768414	0.112467912197283	-0.162753416554546	0.870712587318209	0.999831983216163
ENSMUSG00000112295	25.3847000213903	0.0359151329556741	0.0998833722345717	0.358402226913287	0.720042325362963	0.999831983216163
ENSMUSG00000090665	11.7843425352827	0.0446245225203547	0.0762292782704863	0.578439326254451	0.562967549621677	0.999831983216163
ENSMUSG00000038602	1350.45064190742	0.12050198905012	0.101552180211767	1.18627345104908	0.23551432761307	0.999831983216163
ENSMUSG00000112332	365.124448245417	-0.00417723117881779	0.111903105748713	-0.0373302400871301	0.970221694187911	0.999831983216163
ENSMUSG00000025401	49.3082827965073	-0.123622717650012	0.114816166786439	-1.08357990653594	0.278551103918734	0.999831983216163
ENSMUSG00000053830	49.8315875312623	-0.0657006073292794	0.115409889956805	-0.570858869746712	0.568095313504781	0.999831983216163
ENSMUSG00000112825	187.042897144694	-0.00147577021841161	0.11897262636861	-0.0124055815961174	0.990102031857663	0.999831983216163
ENSMUSG00000036019	1380.49602642381	-0.00533336244842015	0.102830173723399	-0.0518642021428873	0.958636898419144	0.999831983216163
ENSMUSG00000118550	119.99172314462	-0.0254215237944242	0.121865064535533	-0.208628061609817	0.834738602589553	0.999831983216163
ENSMUSG00000111910	15.9180794720113	-0.0718488535751	0.0866308472113593	-0.844005442866753	0.398666364124155	0.999831983216163
ENSMUSG00000091086	878.276810490449	0.11392222488156	0.0971148972448451	1.17295502034515	0.240813843696426	0.999831983216163
ENSMUSG00000095123	1120.12479832244	0.0773300260218272	0.115153525408453	0.67098374979185	0.502230881728747	0.999831983216163
ENSMUSG00000085687	95.950731804371	-0.130137461860103	0.121704566587049	-1.0716997406887	0.283854917339923	0.999831983216163
ENSMUSG00000014498	2954.08840535408	-0.108875703204231	0.0814425857552791	-1.3369259604506	0.181246805890157	0.999831983216163
ENSMUSG00000090761	160.312588455641	0.175022738342278	0.121170468106961	1.44066613233712	0.14967902732851	0.999831983216163
ENSMUSG00000087819	13.5094411379892	-0.0160654140966762	0.0782592767813029	-0.206138167536543	0.836682985565576	0.999831983216163
ENSMUSG00000020205	177.286495964489	-0.156680628497216	0.120211103560671	-1.30477508060391	0.191969446862968	0.999831983216163
ENSMUSG00000088151	18.6126564825652	-0.0278410381382773	0.0889105904050181	-0.314572008689104	0.753086634767883	0.999831983216163
ENSMUSG00000111964	12.1439600039631	-0.0461708190870688	0.0782544785174095	-0.598723326031337	0.54935739957752	0.999831983216163
ENSMUSG00000020140	520.754006264832	0.020978846335143	0.107303412501559	0.195488211487743	0.84501076552158	0.999831983216163
ENSMUSG00000112850	15.1052326427148	-0.080922417569462	0.0823587383644322	-1.01073873203152	0.312141493940013	0.999831983216163
ENSMUSG00000112592	10.7216675299743	0.00101059456004233	0.0733096271985566	0.0138120707541977	0.988979912383367	0.999831983216163
ENSMUSG00000078348	580.092449357138	-0.0103883801778914	0.100912648785552	-0.102942353139564	0.91800872329276	0.999831983216163
ENSMUSG00000071532	33.4521005182263	-0.00694093839415323	0.106798276152769	-0.0649719177580486	0.948196359380409	0.999831983216163
ENSMUSG00000093798	105.747570936252	0.0866742468848963	0.121885732374762	0.7101144426302	0.477633170834252	0.999831983216163
ENSMUSG00000071392	17.452969494851	-0.0111004010567947	0.0881169037460499	-0.126330271563186	0.89947049496874	0.999831983216163
ENSMUSG00000111067	26.2294575518602	-0.0123886660551891	0.100422638779371	-0.12360099162576	0.901631207304731	0.999831983216163
ENSMUSG00000097245	222.985527234665	0.13877597946996	0.117195476980226	1.18316049789457	0.236745545090028	0.999831983216163
ENSMUSG00000072407	34.9666236138949	0.0140279499852931	0.108515460686509	0.129079703787145	0.897294581674231	0.999831983216163
ENSMUSG00000112300	109.334088773474	-0.121112146139845	0.121856754495937	-0.995649349575992	0.31942054797928	0.999831983216163
ENSMUSG00000064317	26.0909120141605	-0.0221849328334756	0.0985050304400166	-0.2255453651603	0.821555038080173	0.999831983216163
ENSMUSG00000087672	121.398057829526	-0.064396562727892	0.121840532833741	-0.528976413077104	0.596821812296436	0.999831983216163
ENSMUSG00000100201	31.3718685270976	-0.00813522168736076	0.100432124738798	-0.0808946831337852	0.9355257083537	0.999831983216163
ENSMUSG00000035262	70.5599582692231	-0.164271478420156	0.119461685267023	-1.38298759408132	0.166668669866864	0.999831983216163
ENSMUSG00000112790	28.4320705948243	-0.0726224044291153	0.100880289879606	-0.727626257312802	0.46684240275951	0.999831983216163
ENSMUSG00000112381	15.4274668225433	-0.0129829806733615	0.0848813531436596	-0.153594094171032	0.877929793850655	0.999831983216163
ENSMUSG00000112922	94.3026936652444	-0.127218163082884	0.121559042464294	-1.04955323888391	0.293923565733585	0.999831983216163
ENSMUSG00000112847	55.0598727033882	-0.113425823415431	0.117048779920025	-0.973786449864068	0.330162582393863	0.999831983216163
ENSMUSG00000112163	16.8298204765035	-0.0556284836184916	0.0873558594687483	-0.64526080851032	0.518758185747982	0.999831983216163
ENSMUSG00000034591	770.965493770428	0.167566157971645	0.0971289939329074	1.724821943039	0.0845595660065145	0.999831983216163
ENSMUSG00000111897	13.7869786354968	0.0464654498869859	0.0798055640064987	0.577226424682531	0.563786508564598	0.999831983216163
ENSMUSG00000112000	46.571295582556	0.0488374264150587	0.11456326864351	0.425149527754213	0.670727674902811	0.999831983216163
ENSMUSG00000087350	14.3692484832459	0.0314006985554372	0.074995856273135	0.412420535202762	0.68003121421237	0.999831983216163
ENSMUSG00000090622	43.5367682446531	-0.0218206660900859	0.112118866911166	-0.194701939665061	0.845626293340176	0.999831983216163
ENSMUSG00000120847	22.512869427362	0.0849835215652969	0.0968739265021	0.868657429983459	0.385034532207535	0.999831983216163
ENSMUSG00000096795	30.3615951851407	0.0576364714499363	0.100034351614334	0.572859652916412	0.566739724951786	0.999831983216163
ENSMUSG00000054206	51.3767113832141	-0.00810085913053015	0.111593841864361	-0.0727512500529457	0.942004064920254	0.999831983216163
ENSMUSG00000112317	12.5024619503901	0.0473277456088968	0.0757993552021491	0.616999510087274	0.537235048863585	0.999831983216163
ENSMUSG00000057134	3209.7889283466	-0.0769572661204116	0.0836627300026218	-0.919917018283015	0.357616124855812	0.999831983216163
ENSMUSG00000110772	16.9796420333477	-0.0322416350653729	0.0864625356984642	-0.376374847885888	0.70663824213305	0.999831983216163
ENSMUSG00000112229	10.9993663231203	-0.0485356592491849	0.0724513024401024	-0.687461466360094	0.491791975235642	0.999831983216163
ENSMUSG00000020080	53.8367517745209	-0.0942099007511031	0.116916515796888	-0.809086949561335	0.418465134363315	0.999831983216163
ENSMUSG00000097129	10.3239202076557	-0.0153602293199164	0.0736253828844109	-0.209811463789006	0.833814825397233	0.999831983216163
ENSMUSG00000044199	11.7008605511266	0.0671077775528277	0.0759983644759018	0.867313961935973	0.385770008781723	0.999831983216163
ENSMUSG00000097309	50.7253287345025	0.0549206078376125	0.113598228240245	0.481704108980629	0.630016156715754	0.999831983216163
ENSMUSG00000111990	21.2462866182388	0.0702441707673548	0.0844261200681966	0.818551222867592	0.413042505981346	0.999831983216163
ENSMUSG00000121658	79.2019348298795	-0.0544509127176092	0.120703977548509	-0.451851135938877	0.65137622828772	0.999831983216163
ENSMUSG00000121708	16.5059686999533	-0.0336931752356191	0.0855833568737063	-0.397459726387259	0.691028479504556	0.999831983216163
ENSMUSG00000121783	73.2291870632001	-0.000670693894951941	0.117682862462938	-0.00569202341775202	0.995458446918989	0.999831983216163
ENSMUSG00000075225	92.7662109145531	0.0811371978936755	0.12144491423597	0.667179653320215	0.504657386018116	0.999831983216163
ENSMUSG00000084899	120.484242975235	-0.215408867322243	0.121532971762328	-1.7828413936879	0.0746121254236725	0.999831983216163
ENSMUSG00000087014	53.0195289341335	0.0356128338476953	0.115194390768284	0.3088411824495	0.757442340406648	0.999831983216163
ENSMUSG00000112117	150.523895869502	0.163122694084999	0.121215818256409	1.34288985245453	0.179307642736487	0.999831983216163
ENSMUSG00002075017	47.4167518589287	0.0201592837803556	0.110906879738736	0.181551575568206	0.855934654248589	0.999831983216163
ENSMUSG00000122028	14.9230277238411	0.00912241517215985	0.0849968214103156	0.107137635784988	0.914679789946412	0.999831983216163
ENSMUSG00000120255	23.6357984118339	-0.0571558840350049	0.0975115745625931	-0.590723857183323	0.554705460198184	0.999831983216163
ENSMUSG00000122224	15.7667849977245	-0.0436030811998707	0.085755823965763	-0.513927969275987	0.607302351910684	0.999831983216163
ENSMUSG00000087177	1019.17349776019	-0.0299687158149237	0.0922107196196734	-0.325010476210567	0.745173142895246	0.999831983216163
ENSMUSG00000086915	82.4309646515609	0.0678794502846041	0.121067973414334	0.559483568684625	0.575831742073874	0.999831983216163
ENSMUSG00000097164	921.992924309353	0.0374907025071862	0.093867978940775	0.399396654693891	0.689600958501661	0.999831983216163
ENSMUSG00000122530	34.3711914359934	-0.0109764011598203	0.107858708019694	-0.101889781061792	0.918844161279152	0.999831983216163
ENSMUSG00000112433	118.128281452833	-0.0971690171043544	0.121783779886786	-0.799048846976809	0.424262088794568	0.999831983216163
ENSMUSG00000119994	1044.7398170517	-0.0192463783446868	0.108134883590655	-0.177983441521714	0.858735979862112	0.999831983216163
ENSMUSG00000123482	17.2878624239344	-0.0757432846308291	0.0880232554275685	-0.876783574768851	0.380604202227629	0.999831983216163
ENSMUSG00000123559	12.4281715383478	-0.0519182564677594	0.078575403130038	-0.672328782340885	0.501374410241061	0.999831983216163
ENSMUSG00000097372	34.7631697196492	0.0163734633321458	0.107425043812284	0.152194554178679	0.879033489065473	0.999831983216163
ENSMUSG00000124449	23.3867123599394	0.00229103107837663	0.0980032488960794	0.0233697864596299	0.981355305333806	0.999831983216163
ENSMUSG00000124632	61.2727036739359	0.0962983739323799	0.118446616838601	0.810057941416996	0.417906875402478	0.999831983216163
ENSMUSG00000120118	39.9193591091662	0.161857162304483	0.111140294398769	1.44348062713217	0.14888512595169	0.999831983216163
ENSMUSG00000112928	273.489134333796	0.0232329448020439	0.112436594663233	0.206624798177432	0.836302892026687	0.999831983216163
ENSMUSG00000112346	110.788377569205	0.0672235597661044	0.121878009991468	0.5510528950431	0.581597415000574	0.999831983216163
ENSMUSG00000124811	12.1151983532168	0.0269006364131934	0.0787026643352346	0.339311580773959	0.73437501940739	0.999831983216163
ENSMUSG00000120873	16.8597504557273	0.0324096763890568	0.0868906502291054	0.370531927542462	0.710986191993334	0.999831983216163
ENSMUSG00000120698	19.0150619780333	-0.0675080725585276	0.0902831465456312	-0.758704317727537	0.448029453465344	0.999831983216163
ENSMUSG00000125026	29.741312538332	-0.0190760028568077	0.101851529785414	-0.18795996741091	0.850908033173369	0.999831983216163
ENSMUSG00000125046	52.096148584613	0.0406882166813206	0.115286450153621	0.352181974531373	0.724701794311464	0.999831983216163
ENSMUSG00000092593	19.9942201798583	0.0523888773019916	0.0928090699630582	0.560432978337622	0.575184142631283	0.999831983216163
ENSMUSG00000125415	24.855195176419	-0.0675347394501861	0.0979422707714485	-0.696830069761366	0.485909145491013	0.999831983216163
ENSMUSG00000125458	11.4740185415464	0.03048580872094	0.0768904898185613	0.392893154420598	0.694398397840273	0.999831983216163
ENSMUSG00000125624	11.8538734966756	0.0113091542166417	0.0769391276362971	0.146759369867203	0.883321955501189	0.999831983216163
ENSMUSG00000119988	21.5109785348346	0.0933646685970284	0.0952569054014229	0.96878216963287	0.332653884668402	0.999831983216163
ENSMUSG00000125789	11.9929892810374	0.0177726392378473	0.0766721887272687	0.230746440643329	0.817511792502558	0.999831983216163
ENSMUSG00000112639	54.0967870159174	-0.0189268980551766	0.115504756272871	-0.163845528607045	0.869852749314839	0.999831983216163
ENSMUSG00000085779	66.4877183662337	0.0448577870379932	0.118946161161771	0.376674355476351	0.706415622859844	0.999831983216163
ENSMUSG00000126621	12.9716787297712	-0.0464185092875943	0.0755818876124891	-0.626303625042926	0.531115809087336	0.999831983216163
ENSMUSG00000120695	23.8673688799926	0.00229242673617253	0.0982248408524134	0.0233195827203799	0.981395351208771	0.999831983216163
ENSMUSG00000111947	82.4078791104115	-0.0559838861925359	0.121141712682784	-0.462606974359475	0.643646108597351	0.999831983216163
ENSMUSG00000086269	24.3729675161399	-0.086237545832319	0.0963869732579701	-0.908693664642996	0.363511849263061	0.999831983216163
ENSMUSG00000127503	43.4723020799995	0.0486381871199927	0.110236013798539	0.439860831470333	0.660037905965244	0.999831983216163
ENSMUSG00000119990	38.1061971843083	0.000279153479737973	0.105427927776124	0.0026471604433498	0.997887874019056	0.999831983216163
ENSMUSG00000128086	10.5288046810663	0.0141797405388406	0.0725125918051893	0.194446606827251	0.84582619929123	0.999831983216163
ENSMUSG00000093672	36.2790517564632	-0.154391845290961	0.107481204701552	-1.45991927178144	0.144312262024151	0.999831983216163
ENSMUSG00000128505	16.8713507430628	-0.0022883601270664	0.0842045209646898	-0.0271779178760122	0.978317828181895	0.999831983216163
ENSMUSG00000128709	12.4919913603634	0.0490461800996685	0.0778654344065845	0.620134829706266	0.535169023094891	0.999831983216163
ENSMUSG00000087429	15.5041551754841	0.0424556525073389	0.0861319329201125	0.488904489519253	0.624909317103592	0.999831983216163
ENSMUSG00000110830	54.4963587456106	-0.188414288325196	0.114971186641939	-1.6591910733137	0.0970772958210946	0.999831983216163
ENSMUSG00000111646	23.4941878497428	-0.0385855695810741	0.0953361523665628	-0.407849716963827	0.683384010622916	0.999831983216163
ENSMUSG00000129519	12.1205556752285	0.109147644693799	0.0751003089029772	1.42381492634166	0.154500053700846	0.999831983216163
ENSMUSG00000091994	59.8715305241438	0.0685276829252706	0.117221809932569	0.582433398597699	0.56027479048583	0.999831983216163
ENSMUSG00000130407	55.9097122839341	-0.125562028017554	0.114758095794275	-1.10395141078623	0.269614215672696	0.999831983216163
ENSMUSG00000130828	11.6448954806094	0.0227765357198663	0.0749431513782806	0.301320876069292	0.763169823435247	0.999831983216163
ENSMUSG00000131251	16.8712539062319	-0.0223862826977569	0.0862623643957738	-0.260884825238282	0.794181327430377	0.999831983216163
ENSMUSG00000109776	31.7205516183087	-0.07830971665603	0.105612057187303	-0.747824171307195	0.454566220471569	0.999831983216163
ENSMUSG00000131475	15.002571327982	-0.0171710788708383	0.0837144868507764	-0.20562519594946	0.837083694558831	0.999831983216163
ENSMUSG00000131897	15.6998837589536	-0.0482743036895572	0.0818168787535381	-0.598571647685251	0.549458567463519	0.999831983216163
ENSMUSG00000132009	11.4114461083955	-0.0900934559645795	0.0770000845937391	-1.21357914693776	0.224908474071341	0.999831983216163
ENSMUSG00000111447	91.5200011558018	-0.028139346790707	0.121440496493921	-0.231844731225368	0.816658612959598	0.999831983216163
ENSMUSG00000112143	14.2336780015374	0.151749216543834	0.0828400917346339	1.79275521136349	0.0730120740060622	0.999831983216163
ENSMUSG00000132236	47.0197670728539	-0.151727667133281	0.113613988365414	-1.34924080930445	0.177259630748016	0.999831983216163
ENSMUSG00000132470	13.4617094954088	-0.0484625503451367	0.0801464968435107	-0.614687450374753	0.538761149213369	0.999831983216163
ENSMUSG00000132729	12.5513194865875	-0.101252426619853	0.0791418200141298	-1.3313153551861	0.183085267810968	0.999831983216163
ENSMUSG00000046463	20.9222461157286	-0.00952758934967939	0.0941223032891452	-0.101439944252728	0.919201229064018	0.999831983216163
ENSMUSG00000133174	30.7525135240126	-0.14530214447329	0.100586529005809	-1.4787352521445	0.13921108669605	0.999831983216163
ENSMUSG00000112925	161.693188281804	-0.173929601142922	0.120015650244878	-1.45106337734085	0.146762213160637	0.999831983216163
ENSMUSG00000112739	24.8599810979617	0.0629304617063608	0.0977314814747493	0.638972694801023	0.522840695180183	0.999831983216163
ENSMUSG00000112630	39.9642450244798	0.0623729729428599	0.10930571686356	0.567144998403389	0.570615672827049	0.999831983216163
ENSMUSG00000133623	33.0232082058423	0.0427349858200627	0.102939754929222	0.41315974623489	0.679489578194034	0.999831983216163
ENSMUSG00000112375	12.5248753304003	0.0499359696362859	0.0783948952076523	0.628788317248192	0.529487649467611	0.999831983216163
ENSMUSG00000134630	25.9067204347181	0.00887437455367995	0.0950086168861281	0.0931532848254495	0.92578178625638	0.999831983216163
ENSMUSG00000097134	18.8309601527926	0.00179959883818242	0.0895578159780682	0.0201079601108903	0.983957250179898	0.999831983216163
ENSMUSG00000134906	19.1188065335791	-0.0587004090015489	0.0913929264139985	-0.65031648841697	0.515487808619852	0.999831983216163
ENSMUSG00000134939	195.17659864627	0.113640878353361	0.119610947612042	0.949009667378812	0.342615695263661	0.999831983216163
ENSMUSG00000121647	10.3350459313529	0.0283254373467809	0.0715841898505715	0.390537633476099	0.696139032663416	0.999831983216163
ENSMUSG00000135265	107.223284138635	0.0182320355984522	0.0644887988584987	0.279197967046989	0.780092903694243	0.999831983216163
ENSMUSG00000135633	12.894976524226	-0.0481520309286258	0.0785323856392093	-0.623183891342933	0.533163686122635	0.999831983216163
ENSMUSG00000084865	215.091133913165	-0.180012495640867	0.121857439939641	-1.48500886374735	0.137541476117775	0.999831983216163
ENSMUSG00000120399	56.8581813376619	0.141289422185631	0.117211497699345	1.1982472971796	0.230820757328806	0.999831983216163
ENSMUSG00000120290	23.5079155593639	0.000969867594727984	0.0966515130442959	0.0100477633506258	0.99198317964525	0.999831983216163
ENSMUSG00000135861	64.7487315858787	0.185380911444274	0.113779620383431	1.61042352478216	0.107305428317847	0.999831983216163
ENSMUSG00000112558	30.6895858070352	-0.0420279513679391	0.104760831460244	-0.40257426975357	0.687261441360819	0.999831983216163
ENSMUSG00000136182	40.4499227309125	-0.0231875797956279	0.108576821307962	-0.214291509774795	0.830319738484149	0.999831983216163
ENSMUSG00000052291	387.2166175413	0.107663049532638	0.111612298755157	0.964083492565362	0.335004068079103	0.999831983216163
ENSMUSG00000020164	28.2479460120764	0.0109835176847578	0.0970463523006488	0.11289427045562	0.910114378805563	0.999831983216163
ENSMUSG00000136666	82.6412766024676	0.0162063357231434	0.117880892811809	0.137240693536826	0.890840546415405	0.999831983216163
ENSMUSG00000085837	20.8927000025874	0.0411883519763804	0.0915989508516122	0.4471067531688	0.654797983302571	0.999831983216163
ENSMUSG00000136768	13.1508893343342	-0.0103334996177723	0.080511167210781	-0.12854345653188	0.897718910113303	0.999831983216163
ENSMUSG00000137736	59.3392134032274	0.013051435640649	0.118272195838937	0.110268903096545	0.91219611857362	0.999831983216163
ENSMUSG00000138237	11.6345736880798	-0.0532903673778743	0.0745519674532169	-0.732194144449758	0.464050077834737	0.999831983216163
ENSMUSG00000097007	52.4075105066764	0.0273004493473697	0.116103096275262	0.234914178329665	0.814275344756537	0.999831983216163
ENSMUSG00000085282	418.747064624082	-0.10841790227024	0.10808637591817	-1.00316584080515	0.315780851435397	0.999831983216163
ENSMUSG00000085327	16.7098069771113	0.0250061454042995	0.0851151753954212	0.292624968314874	0.769808826810528	0.999831983216163
ENSMUSG00000087480	15.4262396514264	-0.025996375985809	0.0850487227361581	-0.30748480676889	0.758474385709387	0.999831983216163
ENSMUSG00000111474	58.4814127104191	0.144401647314664	0.118204327130065	1.21559411404664	0.224139577442701	0.999831983216163
ENSMUSG00000110737	13.7836442598419	-0.062240729518948	0.0764828700377686	-0.834247549664249	0.40414150141806	0.999831983216163
ENSMUSG00000043126	18.0434495883781	-0.00178541541909977	0.0897830319006968	-0.0199187460139229	0.984108190954823	0.999831983216163
ENSMUSG00000112168	92.6128817582855	0.0246532051256471	0.12105206276636	0.203373438857749	0.838843158705571	0.999831983216163
ENSMUSG00000140515	24.0445076243244	-0.0730359684739877	0.0939291276706788	-0.790528883969635	0.429218960622794	0.999831983216163
ENSMUSG00000090034	15.1748558961964	0.115798515584303	0.0840206426755604	1.35214170694073	0.176329987417646	0.999831983216163
ENSMUSG00000141108	110.161641762975	-0.15340596177129	0.121885338573498	-1.26145000665049	0.207146761196954	0.999831983216163
ENSMUSG00000141174	21.2684547589559	-0.0923086156196275	0.0945027656201538	-0.993988191136523	0.320228616571521	0.999831983216163
ENSMUSG00000111013	18.3175704749795	-0.104823757228816	0.0880966615601054	-1.22343131050585	0.221166833411622	0.999831983216163
ENSMUSG00000141437	76.4789731445391	0.00884102357215834	0.118247567531046	0.0747124467863862	0.940443504250422	0.999831983216163
ENSMUSG00000097107	13.7396598615019	0.0600752059688027	0.0819453522993605	0.723923020025587	0.469112996469317	0.999831983216163
ENSMUSG00000112016	11.9243444860634	0.0722070613533788	0.0760565772653852	0.931910076529858	0.351382999641453	0.999831983216163
ENSMUSG00000141777	27.4440940029506	0.0216467169015749	0.100413250448057	0.215187276426843	0.829621310510198	0.999831983216163
ENSMUSG00000078444	16.7321313518949	0.0113466352324659	0.0859466250239189	0.131387213104044	0.895469003440126	0.999831983216163
ENSMUSG00000141894	19.4494337446539	0.115094835955841	0.0847330029123838	1.33252847408103	0.182686591186667	0.999831983216163
ENSMUSG00000111994	171.35423182805	0.055649795182732	0.119553925139818	0.465327922764233	0.641696641588598	0.999831983216163
ENSMUSG00000085347	14.4778370539987	0.0292078854302702	0.0835588152343516	0.347110121816363	0.728508589605213	0.999831983216163
ENSMUSG00000142880	17.72647038956	-0.0204855766968907	0.087929972471296	-0.233773844566554	0.815160556001586	0.999831983216163
ENSMUSG00000143385	58.2150062303261	-0.00426078708987171	0.116469056088152	-0.0365495942580485	0.970844134603826	0.999831983216163
ENSMUSG00000112110	273.823187004966	-0.0468187631917572	0.11732858064759	-0.39916589122796	0.68977097391624	0.999831983216163
ENSMUSG00000143548	29.701587731609	0.122596857485838	0.102526327220943	1.18364103481196	0.236555189467361	0.999831983216163
ENSMUSG00000143572	20.0834825155222	-0.0365242853586029	0.0906614864001148	-0.405458638284211	0.685140415845128	0.999831983216163
ENSMUSG00000086522	32.6091145716193	0.0513771101887054	0.102738070026164	0.497559779756681	0.618794358263557	0.999831983216163
ENSMUSG00000090610	59.7969772263093	-0.0614498811554055	0.115924551968768	-0.532009834473723	0.594719184170207	0.999831983216163
ENSMUSG00000095478	114.197834360754	0.0985883313460627	0.121694883200845	0.809199312608824	0.418400510259305	0.999831983216163
ENSMUSG00000097890	10.7036783259541	-0.0537474220063322	0.0723430480286699	-0.764635389071889	0.444488689862125	0.999831983216163
ENSMUSG00000112550	68.6661151072381	-0.015973329907627	0.119740830697499	-0.133530975173242	0.893773468965689	0.999831983216163
ENSMUSG00000094955	42.698616287905	-0.0590874006142833	0.108684477811386	-0.546367970655328	0.584813022234056	0.999831983216163
ENSMUSG00000087400	17.3870658609094	-0.0136678803153173	0.0882648753214045	-0.155021028852125	0.876804739083229	0.999831983216163
ENSMUSG00000096977	62.529931303288	-0.0265800157449208	0.11767264292302	-0.226168090075132	0.821070688037795	0.999831983216163
ENSMUSG00000097705	13.7741621772356	-0.0119997920008836	0.0825007005904947	-0.145785592092551	0.884090650222667	0.999831983216163
ENSMUSG00000143481	162.154582357769	0.0596650355826307	0.121471042728697	0.490984878722976	0.623437142533711	0.999831983216163
ENSMUSG00000112035	258.573539586092	0.069590517163192	0.117264880990999	0.593038716626289	0.553155241923615	0.999831983216163
ENSMUSG00000120408	16.3596450298383	-0.0522457269029183	0.0834378872411676	-0.636260223470877	0.524606826112823	0.999831983216163
ENSMUSG00000112376	25.2938281149878	-0.039514713902595	0.0937074166927658	-0.425576178650141	0.670416701319455	0.999831983216163
ENSMUSG00000120143	22.6621646542805	0.0051015583020061	0.0969376487646799	0.0525457721064054	0.958093824818806	0.999831983216163
ENSMUSG00000112627	35.1257083808725	0.149236844428931	0.107904507556212	1.36836940167761	0.171196476960982	0.999831983216163
ENSMUSG00000120324	200.06227447496	0.0799068645467342	0.118523755382061	0.673698604266597	0.500502949411422	0.999831983216163
ENSMUSG00000111926	10.3166035352493	-0.0259207029148074	0.0733683115694532	-0.357147933910309	0.72098106149925	0.999831983216163
ENSMUSG00000102062	46.2805019809317	0.132513976675032	0.114376330742637	1.15165035153886	0.249464781734047	0.999831983216163
ENSMUSG00000097274	26.0960080288387	-0.0628649397224392	0.0997415838560514	-0.635212472674866	0.52528984964595	0.999831983216163
ENSMUSG00000047514	6393.24952319122	0.0635451824348415	0.0842239991469365	0.754426825856099	0.450592968598709	0.999831983216163
ENSMUSG00000110791	37.1989023643382	-0.0894205790206339	0.106357549067249	-0.850035289400034	0.395305466699944	0.999831983216163
ENSMUSG00000040540	177.261895781032	-0.0673249138075145	0.118988936104676	-0.566008941078893	0.571387702464086	0.999831983216163
ENSMUSG00000112712	17.4101537313651	-0.012891506125196	0.0892519957578286	-0.144757772348641	0.884902123744449	0.999831983216163
ENSMUSG00000091511	31.0349530480103	-0.0273848043423733	0.105407232616952	-0.260542753107275	0.794445141461427	0.999831983216163
ENSMUSG00000129753	68.1919041292005	0.0758021157373838	0.118872494131447	0.635356510278466	0.525195925278588	0.999831983216163
ENSMUSG00000141154	13.3960844221375	0.0335127982896867	0.0752389565375404	0.439166215774594	0.660541102741695	0.999831983216163
ENSMUSG00000097383	63.4005847499428	-0.0498825919986309	0.116487460234497	-0.429523581884399	0.667542236174497	0.999831983216163
ENSMUSG00000036816	554.627020101016	0.0533302194602506	0.101514934513184	0.525321220571962	0.599359907979149	0.999831983216163
ENSMUSG00000096991	43.3833484515187	-0.0520892760689833	0.106480428792291	-0.492323502490658	0.622490668065531	0.999831983216163
ENSMUSG00000130626	39.6924682977096	-0.000957637216408082	0.109845397286116	-0.00870847090148215	0.993051733342773	0.999831983216163
ENSMUSG00000112153	13.2205066491965	-0.0186874083258954	0.0759126747745406	-0.248476543187637	0.803765716916617	0.999831983216163
ENSMUSG00000077167	26.9284698148049	-0.0786999434905001	0.101619307118348	-0.782263045894027	0.434059999689607	0.999831983216163
ENSMUSG00000132806	15.9761800005944	-0.0444679439776585	0.0835690612650555	-0.539418595942744	0.589598052527387	0.999831983216163
ENSMUSG00000138458	29.9633535079602	-0.0136497722585864	0.103346687417447	-0.132395453544742	0.894671510568309	0.999831983216163
ENSMUSG00000074695	205.9970922343	0.0688920978290372	0.116926899748515	0.589075228827431	0.555810809594584	0.999831983216163
ENSMUSG00000112614	39.0203932800093	0.0503457030034299	0.111075787828545	0.451671104207268	0.651505937836873	0.999831983216163
ENSMUSG00000112252	25.7587964212182	0.0318441050944506	0.0982186822153511	0.322467843473204	0.7470982949217	0.999831983216163
ENSMUSG00000090461	834.359605679417	-0.0083280548928152	0.0977321510126104	-0.0852181237026521	0.932087982361322	0.999831983216163
ENSMUSG00000112280	1370.23185621552	-0.11483963383182	0.0922590989024951	-1.24491069548123	0.213164578958027	0.999831983216163
ENSMUSG00000111905	18.0222162860117	0.095341805895144	0.0901868475243981	1.04149791312498	0.297644521239483	0.999831983216163
ENSMUSG00000060044	10.7204982581429	0.0956379459589285	0.0703808499394443	1.3250358670462	0.185159255443055	0.999831983216163
ENSMUSG00000020007	16.76558324116	0.0154839197002218	0.085584297588766	0.180722778867151	0.856585178235793	0.999831983216163
ENSMUSG00000039485	18803.5668722229	0.077215148375063	0.0827440361777524	0.933088648310928	0.350774199682751	0.999831983216163
ENSMUSG00000078435	279.654552659801	0.0515387191062764	0.112392943481954	0.458549301520609	0.646557850846745	0.999831983216163
ENSMUSG00000096856	33.6915645634309	0.0191711967847406	0.103910331275909	0.1844027824146	0.853697487198914	0.999831983216163
ENSMUSG00000002578	479.45555901489	-0.0722761479724553	0.109879307507389	-0.657810689223615	0.51065978490632	0.999831983216163
ENSMUSG00000035595	94.8405447704399	0.162412854470343	0.121665974235872	1.3301937896647	0.183454429820163	0.999831983216163
ENSMUSG00000098188	632.016991748616	0.136187184202872	0.108375934114728	1.25584317107929	0.209172835917187	0.999831983216163
ENSMUSG00000051354	26.4099520415292	0.104351806800068	0.094431459985846	1.09109237665577	0.275232236930469	0.999831983216163
ENSMUSG00000038510	506.223077345034	-0.0245525084918351	0.103579843317964	-0.237047286910172	0.812620105840589	0.999831983216163
ENSMUSG00000001435	2435.80540498965	0.107682701129822	0.0935229252131256	1.15121294645997	0.249644640327193	0.999831983216163
ENSMUSG00000040054	2623.59332743854	-0.032500702665618	0.0823812030276505	-0.39452313050677	0.693194853468212	0.999831983216163
ENSMUSG00000019775	2366.67242132117	0.144028440244448	0.110427522478123	1.30301694733707	0.192568975781596	0.999831983216163
ENSMUSG00000071369	1751.4967076872	-0.0697906203604784	0.100962559258332	-0.691406004849916	0.4893104315246	0.999831983216163
ENSMUSG00000096054	41552.5983576957	-0.102671928754156	0.0962357131918831	-1.06723060522105	0.285867715495435	0.999831983216163
ENSMUSG00000034057	16.2560773309387	0.0122304552116755	0.0867016143329526	0.140656782382571	0.888141088235097	0.999831983216163
ENSMUSG00000025373	2976.2242259428	-0.024990853694992	0.0820561773738113	-0.304561753293032	0.760699953303449	0.999831983216163
ENSMUSG00000087651	297.631771823575	-0.0977335569823048	0.113302914985124	-0.862772542429647	0.388262538502228	0.999831983216163
ENSMUSG00000035640	2930.43376326398	0.0757357977696285	0.0983314709234585	0.770038427320352	0.441277098339208	0.999831983216163
ENSMUSG00000020307	509.110174806355	0.104381500273897	0.101884053416076	1.02441637147836	0.305638652479919	0.999831983216163
ENSMUSG00000044921	129.831072751066	0.155568395879233	0.121741346442394	1.27420277936423	0.202591560468498	0.999831983216163
ENSMUSG00000058806	85.4330922208686	-0.183232864180543	0.121366330771923	-1.51517278044364	0.129728654320761	0.999831983216163
ENSMUSG00000034602	4755.3659007855	0.00866532233119767	0.0803924189141191	0.10778826256114	0.914163653760688	0.999831983216163
ENSMUSG00000034902	13382.0181672387	-0.0403294763597898	0.0794985151985657	-0.507317381091849	0.611932144995364	0.999831983216163
ENSMUSG00000020022	2102.84478363614	-0.00329482165508525	0.0842511487884652	-0.0391070024337271	0.968805078106794	0.999831983216163
ENSMUSG00000019942	21.9088927689599	0.00731404310550488	0.0899877181559189	0.0809547502398043	0.935477938411701	0.999831983216163
ENSMUSG00000035242	3846.42153713081	0.0591677447889259	0.0892937927190699	0.662555416928277	0.507615331648205	0.999831983216163
ENSMUSG00000044071	271.220767643292	0.137546632984264	0.0878998835300135	1.52666486508972	0.126844368420963	0.999831983216163
ENSMUSG00000019984	1963.60870740495	0.0946247063371678	0.0843406987744432	1.1218640712701	0.261920239026163	0.999831983216163
ENSMUSG00000035206	1496.29176012182	0.0228056846085021	0.102620141773313	0.222207508546819	0.824152349252478	0.999831983216163
ENSMUSG00000054934	432.729808797303	-0.114170689613955	0.105332740624856	-1.08387509456765	0.278420183643861	0.999831983216163
ENSMUSG00000020067	12.5193323767842	0.115603508817033	0.0728070554383249	1.55207938928211	0.120643228938144	0.999831983216163
ENSMUSG00000020053	397.806334651245	-0.0550834321296451	0.109657436018925	-0.502432460111974	0.615363350550024	0.999831983216163
ENSMUSG00000034881	16.5324423817506	-0.046852893506868	0.0861661010357489	-0.550215972678419	0.582171249369652	0.999831983216163
ENSMUSG00000018166	582.750162547825	-0.100867960402348	0.110176731179779	-0.916015317511916	0.359658861003558	0.999831983216163
ENSMUSG00000004937	3676.00987360464	0.0068167914377164	0.0847917787719674	0.0803942909736203	0.935923667352416	0.999831983216163
ENSMUSG00000019849	1168.63011767952	-0.0477114883146231	0.0942463139873079	-0.506285529304012	0.612656220066323	0.999831983216163
ENSMUSG00000035486	2405.54903783804	0.141669223884249	0.0895913259446217	1.58095507758628	0.113888309517416	0.999831983216163
ENSMUSG00000006344	89.5042747094707	0.0351734123443166	0.120643244190478	0.291003815271766	0.771048401562223	0.999831983216163
ENSMUSG00000019876	1812.20032152406	-0.0239727719861348	0.10092675205553	-0.237536936092917	0.812240268144493	0.999831983216163
ENSMUSG00000035681	585.860594248786	0.1994972781228	0.110808485915314	1.77067911718736	0.076614077032963	0.999831983216163
ENSMUSG00000028630	602.966275061491	0.0200232991332372	0.106968316652474	0.187205324188764	0.851499650538998	0.999831983216163
ENSMUSG00000015757	2540.59286636408	-0.0011581055452167	0.0858563008397397	-0.0134885907596151	0.989237988030713	0.999831983216163
ENSMUSG00000019996	3308.37092379985	-0.0391500991542827	0.0887452782611632	-0.441182404468876	0.659080950444636	0.999831983216163
ENSMUSG00000019865	57.0935843635937	0.194628687151537	0.116072992559973	1.66211186818321	0.0964903463757622	0.999831983216163
ENSMUSG00000037171	11.4238542507379	0.0985054776554927	0.0756579853738262	1.27109111763712	0.203696234912188	0.999831983216163
ENSMUSG00000039878	21.2664961575363	0.00409514872709005	0.0902268447155326	0.0453300147452248	0.963844263713815	0.999831983216163
ENSMUSG00000036676	1376.89211263055	0.0193545647247358	0.0951146415860505	0.203486143655664	0.838755074891005	0.999831983216163
ENSMUSG00000055531	10828.0262872553	-0.0445344743511965	0.0886619831319452	-0.502339214620973	0.615428929095105	0.999831983216163
ENSMUSG00000019971	1040.07940608204	0.0486480873943339	0.113870327815481	0.427110026764419	0.669299190162041	0.999831983216163
ENSMUSG00000032763	1156.65087132252	0.0818612432245575	0.0995543827961652	0.822090388973598	0.411025455068618	0.999831983216163
ENSMUSG00000020061	2913.56218096092	-0.00838371312466456	0.102957376356012	-0.0814342105747865	0.935096643342476	0.999831983216163
ENSMUSG00000001663	542.729908086662	0.0994349471038017	0.102948989076507	0.965759981118575	0.334164297782293	0.999831983216163
ENSMUSG00000078439	29.5301900787886	0.0437939817775267	0.100235055107382	0.433872589617244	0.664380965372734	0.999831983216163
ENSMUSG00000038280	1996.26536385766	0.107894694856551	0.0840025859808535	1.28435235484992	0.199018695760395	0.999831983216163
ENSMUSG00000079685	20.3605994248377	-0.0301698097402774	0.0938494904164332	-0.323378419306199	0.746408671195214	0.999831983216163
ENSMUSG00000019864	522.970544437827	0.0100457788224429	0.103075498847007	0.0974538306364924	0.922365997457021	0.999831983216163
ENSMUSG00000020107	2469.67003340032	-0.040201857755942	0.0945484546214507	-0.425220521389639	0.67067592576736	0.999831983216163
ENSMUSG00000058297	33400.922694943	0.0347510044574801	0.0959552700362655	0.362120586509254	0.717261920343196	0.999831983216163
ENSMUSG00000020083	1017.84453774942	0.0955567208097261	0.0970030220537408	0.984914355081027	0.324666141524545	0.999831983216163
ENSMUSG00000035027	2012.78824492801	-0.0181424766786654	0.0886629680809672	-0.204624432999468	0.837865564530983	0.999831983216163
ENSMUSG00000020251	168.492597998754	0.00467206062726343	0.121835141807396	0.0383261854769995	0.969427613128577	0.999831983216163
ENSMUSG00000025364	2854.8529027859	0.0446396905333965	0.0832937464710861	0.535918295507702	0.592015019432455	0.999831983216163
ENSMUSG00000040195	452.739438153141	0.0360218404728937	0.111039963121499	0.324336128180426	0.745683570388494	0.999831983216163
ENSMUSG00000025403	1231.96491710487	-0.0346963508436275	0.0917950211387573	-0.377981431989926	0.705444387653605	0.999831983216163
ENSMUSG00000061371	253.380571890672	-0.137086870954962	0.11530284509927	-1.18944317137849	0.234265321037883	0.999831983216163
ENSMUSG00000069601	16699.412810615	-0.0627403084639688	0.0899458340350441	-0.697626549121851	0.485410773786966	0.999831983216163
ENSMUSG00000040021	3106.22983484794	-0.149086419020658	0.085656042549395	-1.7407671606243	0.0817244004618516	0.999831983216163
ENSMUSG00000062075	1055.49784731676	0.0934341441142295	0.0924641785575438	1.01041772183845	0.312295200810137	0.999831983216163
ENSMUSG00000034974	883.870460583071	-0.0825685868488908	0.0977664110166412	-0.84460427181435	0.398331823175006	0.999831983216163
ENSMUSG00000034854	882.49496842188	-0.0786326029799855	0.094480799573908	-0.832288860557578	0.405245916739452	0.999831983216163
ENSMUSG00000019810	1798.12787232128	-0.00557118055554511	0.0855096408107891	-0.0651532035495055	0.948052020074063	0.999831983216163
ENSMUSG00000020166	4552.03316471215	0.0475185048880892	0.0786938911513441	0.603820553784921	0.545962952793518	0.999831983216163
ENSMUSG00000020075	1450.54529855018	-0.0251536394175256	0.0924048816338105	-0.272228407182036	0.785446400587	0.999831983216163
ENSMUSG00000063457	4579.65522195151	0.135533793409146	0.0885944198651206	1.5294941216338	0.126141995229557	0.999831983216163
ENSMUSG00000044937	88.4162110539624	0.052058605771528	0.121630731932908	0.427685727528489	0.66887994234987	0.999831983216163
ENSMUSG00000112148	16.5744258403933	0.0038245285842308	0.0864892224312638	0.0440912314642364	0.964831682266921	0.999831983216163
ENSMUSG00000048240	927.621458198635	0.0524872722264747	0.0956330712235355	0.548792492543089	0.583147862981379	0.999831983216163
ENSMUSG00000019792	528.396062804764	-0.0117573141969718	0.103162619419755	-0.113962202091386	0.909267756543091	0.999831983216163
ENSMUSG00000051652	76.2272417285062	0.00274436834618487	0.120651345635359	0.0227364690653628	0.981860485240405	0.999831983216163
ENSMUSG00000020232	620.753814070612	-0.0408847946382164	0.101345615786008	-0.403401095413544	0.68665318103977	0.999831983216163
ENSMUSG00000047417	1834.4957957855	-0.0167140153455744	0.0921165834355046	-0.181441940525997	0.856020701377941	0.999831983216163
ENSMUSG00000020032	3623.15044872891	-0.121199889478608	0.08451695053829	-1.43420695110611	0.151513214014653	0.999831983216163
ENSMUSG00000020262	11672.0299690675	-0.0581203118583718	0.0944370291249786	-0.615535410002614	0.538201191864015	0.999831983216163
ENSMUSG00000039166	3770.43041257629	-0.0422045362809765	0.0823207020720081	-0.512695538305957	0.608164311180464	0.999831983216163
ENSMUSG00000020091	3072.41126685867	-0.166110881819545	0.0993437414326695	-1.67292808970895	0.094341453243398	0.999831983216163
ENSMUSG00000000732	456.681381623552	0.147361614527127	0.107098340104844	1.37542081193994	0.169001020418693	0.999831983216163
ENSMUSG00000047648	722.518977737751	0.0703166714522515	0.108246592875813	0.649507927550739	0.516010124036405	0.999831983216163
ENSMUSG00000050035	19.5710674925249	-0.0364085004041331	0.0928424268403409	-0.394683901300539	0.693076185146568	0.999831983216163
ENSMUSG00000020015	5259.38787634973	-0.053631481164532	0.078297855864894	-0.684989787247705	0.493350365535555	0.999831983216163
ENSMUSG00000025410	6189.33165376928	-0.0195992962522555	0.0799411388700016	-0.245173506695099	0.806322089051627	0.999831983216163
ENSMUSG00000034872	30.4985983809416	0.0582158035776029	0.103910260544194	0.556548100154609	0.577836222003439	0.999831983216163
ENSMUSG00000019791	750.77639287496	-0.115503987557591	0.109353344463236	-1.05690238925764	0.290556137928777	0.999831983216163
ENSMUSG00000074781	6097.97366052945	-0.0723891632960675	0.0795203324265888	-0.91037179323715	0.362626468092004	0.999831983216163
ENSMUSG00000034453	821.287900123758	-0.0297296516220852	0.103785700706265	-0.286484636143984	0.774506959156412	0.999831983216163
ENSMUSG00000058799	5615.5694454669	0.0526426304531707	0.079190889833948	0.664729906199427	0.506223262042041	0.999831983216163
ENSMUSG00000020078	2507.02011985949	0.0228977777914337	0.082643496721963	0.277062587779603	0.781732048293853	0.999831983216163
ENSMUSG00000019841	4820.7490717615	-0.0878634680611522	0.0983584761288917	-0.893571770037049	0.37155105618551	0.999831983216163
ENSMUSG00000019782	1132.51179099899	-0.0505551609772337	0.0898689588264463	-0.562554442665979	0.573738321384993	0.999831983216163
ENSMUSG00000049858	583.364906213876	-0.0662966118405718	0.100205528128593	-0.66158953118093	0.508234318603312	0.999831983216163
ENSMUSG00000059554	624.806277928661	0.138549034805853	0.101254818166042	1.36814255599983	0.171267458255875	0.999831983216163
ENSMUSG00000038248	2022.7492132623	-0.0642606108556373	0.092538056926331	-0.694477120793985	0.487383044073601	0.999831983216163
ENSMUSG00000004667	878.603081601145	0.0894785551366748	0.0975902517919628	0.916796184699042	0.359249452283159	0.999831983216163
ENSMUSG00000019920	1706.11970730341	0.00555311172653351	0.0896945333299099	0.061912786749629	0.950632284680581	0.999831983216163
ENSMUSG00000010461	51.4783721268341	0.0663268355079046	0.114522123711142	0.577787401609178	0.563407661993714	0.999831983216163
ENSMUSG00000020135	4800.78128596031	0.076797736114211	0.0816837492127837	0.940126065584737	0.347152900101288	0.999831983216163
ENSMUSG00000046916	18.1116853184582	0.0391988287043478	0.0892158540020313	0.436968644363719	0.662134088028246	0.999831983216163
ENSMUSG00000019970	5669.61086404343	-0.0177477917578447	0.113482379991115	-0.156676127410733	0.875500102260322	0.999831983216163
ENSMUSG00000036478	6532.96639285877	-0.0623141075290877	0.0921969271216468	-0.675978192832702	0.499054490646222	0.999831983216163
ENSMUSG00000054452	12340.91709191	0.0322420208276859	0.0797863190426419	0.404090940668953	0.686145846558656	0.999831983216163
ENSMUSG00000025417	2722.50554285359	0.0872442742601561	0.0827244414620968	1.05457846249371	0.291618158268883	0.999831983216163
ENSMUSG00000020175	481.534975473576	0.0387372443011936	0.105827504254048	0.366014887719861	0.714353966471307	0.999831983216163
ENSMUSG00000003746	936.369417258847	0.00718803995647017	0.0988364041490624	0.0727308889594383	0.942020267798802	0.999831983216163
ENSMUSG00000000766	17.9229332655426	-0.0253775736650759	0.083336724697346	-0.307474837518176	0.758481972754133	0.999831983216163
ENSMUSG00000035673	860.568972737774	0.0283091117107411	0.0994296350211032	0.284683558735813	0.775886587892003	0.999831983216163
ENSMUSG00000060733	1623.43089293157	-0.0159069936630496	0.0931500739379563	-0.170774183603675	0.864401329346993	0.999831983216163
ENSMUSG00000061759	902.698200201378	0.0705623996610758	0.0948520936595881	0.743845592968298	0.45696989368565	0.999831983216163
ENSMUSG00000003923	1643.41419291761	0.103541381365803	0.0907977327031758	1.1402098827246	0.254198871173115	0.999831983216163
ENSMUSG00000015305	3195.15687941127	-0.0300206213375311	0.0846698151909896	-0.35456742259706	0.722913685420328	0.999831983216163
ENSMUSG00000006498	1329.70356096001	0.0286204883438189	0.0949618070799672	0.301361448390052	0.763138888334717	0.999831983216163
ENSMUSG00000019927	1992.1230935187	-0.110025932078298	0.086913273512976	-1.26599120160432	0.205516232264219	0.999831983216163
ENSMUSG00000020092	520.35655576495	-0.0674955927147535	0.102361965625475	-0.659429574643597	0.509619955937545	0.999831983216163
ENSMUSG00000037762	270.385745116698	-0.12589976078686	0.117489699954589	-1.0721971573089	0.283631486962478	0.999831983216163
ENSMUSG00000009291	2900.21734351901	-0.0607394937534789	0.0899157641378717	-0.675558009019206	0.499321309411705	0.999831983216163
ENSMUSG00000020114	5880.63142736571	0.0983746610331125	0.0823288474808494	1.19478521359696	0.232170958892255	0.999831983216163
ENSMUSG00000019820	3389.05938450232	0.0697060269954312	0.0968716098497787	0.719457412082302	0.471859133554344	0.999831983216163
ENSMUSG00000023175	17142.8494367742	0.0598875338647061	0.083675378848345	0.715652289861789	0.474206077385604	0.999831983216163
ENSMUSG00000020216	16.2821138081845	0.0149197491093755	0.0837616387544526	0.177829452371306	0.858856916341316	0.999831983216163
ENSMUSG00000054027	2984.35446653158	0.0253813253110829	0.103594265550202	0.244973595852453	0.806476875993599	0.999831983216163
ENSMUSG00000019802	3805.63001870578	0.0451319507754171	0.0930336765646883	0.485076207540661	0.627622288565863	0.999831983216163
ENSMUSG00000075706	4018.48411049737	0.0784407471660451	0.0945560682320433	0.829407891160799	0.406873637715139	0.999831983216163
ENSMUSG00000019944	144.220099411094	0.0665119128279397	0.120640167468936	0.551116966856297	0.581553495172521	0.999831983216163
ENSMUSG00000019817	854.617052187196	0.165652461391077	0.103328624886215	1.60254192433659	0.109035824435837	0.999831983216163
ENSMUSG00000035694	22.3885066941489	0.0817701809219666	0.0952604419258022	0.847815094443505	0.396540955411336	0.999831983216163
ENSMUSG00000020014	137.315282872419	0.118090784429022	0.12170755170045	0.96911466021681	0.332487983925964	0.999831983216163
ENSMUSG00000037012	9862.28922688537	0.0914140432548104	0.0840786690062206	1.08711323628906	0.276986768863172	0.999831983216163
ENSMUSG00000033416	620.451181629953	-0.014727738095749	0.103545033685269	-0.142224690342925	0.886902529952979	0.999831983216163
ENSMUSG00000020153	703.69812936839	0.0392811381761255	0.100118757762445	0.392324843211995	0.694818209799184	0.999831983216163
ENSMUSG00000037455	742.030529987381	-0.0267828594886776	0.100342594460397	-0.2669037651499	0.789543257609218	0.999831983216163
ENSMUSG00000050994	40.8071669171112	0.0492004906605905	0.107729258272472	0.455259000764773	0.6489229183509	0.999831983216163
ENSMUSG00000078440	271.781310144731	-0.0175640097831481	0.114061476855649	-0.153992992820449	0.87761526060283	0.999831983216163
ENSMUSG00000020331	3931.65858783598	0.0571217278905214	0.0976514283842557	0.584842017405125	0.558653948959402	0.999831983216163
ENSMUSG00000040009	1070.05774262018	0.031394158759441	0.0924446594978365	0.339604255634825	0.734154572891299	0.999831983216163
ENSMUSG00000034932	71.1079997051688	0.0702355248437097	0.120025293159563	0.583916374075666	0.559276576249	0.999831983216163
ENSMUSG00000019982	42.4226141364529	0.0951605310365734	0.111317186555419	0.850821109099886	0.394868733729895	0.999831983216163
ENSMUSG00000034949	1229.24662082133	0.0249166224578521	0.102939566872947	0.242018818205142	0.808765581794804	0.999831983216163
ENSMUSG00000039891	58.9007280866564	0.0449310689749345	0.114250608797413	0.392447749846641	0.694727410629312	0.999831983216163
ENSMUSG00000038122	708.602716469525	-0.0099718881798718	0.0969294543056964	-0.102877609653347	0.918060108303577	0.999831983216163
ENSMUSG00000006728	1346.43670801894	-0.0505123491687352	0.0902832051545654	-0.559491891173329	0.575826063746457	0.999831983216163
ENSMUSG00000025374	1107.76792141191	-0.0923394394480028	0.0983352071770082	-0.939100118580137	0.347679343400923	0.999831983216163
ENSMUSG00000046841	1162.67477649803	0.0404435298451121	0.092729905453823	0.436125104021463	0.662745964099913	0.999831983216163
ENSMUSG00000020329	1265.9529160438	0.034482453253363	0.0907267177389297	0.380054835023761	0.70390471111219	0.999831983216163
ENSMUSG00000003346	2127.99795352133	-0.102203220568762	0.0931183976396653	-1.09770985587484	0.272331204682367	0.999831983216163
ENSMUSG00000020034	1914.6306457835	-0.158895679388047	0.10302719875174	-1.54315040117925	0.122794288249952	0.999831983216163
ENSMUSG00000020169	50.35090360225	0.177202304204555	0.112813292014385	1.55450520641163	0.120063955735013	0.999831983216163
ENSMUSG00000019897	1372.24116882419	-0.0536340875215405	0.0887953313723769	-0.604020002137631	0.545830343904162	0.999831983216163
ENSMUSG00000035397	318.802936371703	-0.0293029515931056	0.116140183666773	-0.25234943909315	0.800770977409951	0.999831983216163
ENSMUSG00000019992	14.3458588699612	-0.0473297603253659	0.0836395489992197	-0.573612617664959	0.566229971485136	0.999831983216163
ENSMUSG00000064030	534.669507711116	0.00874393466584091	0.103417383109995	0.084543865392502	0.932624028117753	0.999831983216163
ENSMUSG00000019856	2114.40760382259	0.0795979356441243	0.0843729594579588	0.943368052189349	0.345492678434216	0.999831983216163
ENSMUSG00000001786	868.101272760402	0.106889396614751	0.0966576948718936	1.10567779413135	0.268866004713568	0.999831983216163
ENSMUSG00000019883	480.652632999449	-0.0405929096626797	0.113601294602971	-0.357502397587103	0.720715731618918	0.999831983216163
ENSMUSG00000040034	242.960066752401	-0.0274863513525752	0.117062775108041	-0.234889093952502	0.814294814555358	0.999831983216163
ENSMUSG00000019874	703.505978890333	-0.128996092926617	0.100249264021611	-1.32996208941101	0.183530762374743	0.999831983216163
ENSMUSG00000039835	2185.28984379134	-0.100282770351905	0.0903900300877382	-1.10958858010878	0.2671763545151	0.999831983216163
ENSMUSG00000019797	661.843337859968	-0.00554737454465165	0.0985619340645606	-0.0562838521648396	0.955115682547519	0.999831983216163
ENSMUSG00000049420	99.5084519315859	0.0996005584788445	0.121378950231103	0.818688200023613	0.412964330684646	0.999831983216163
ENSMUSG00000015755	3124.55539835844	0.00237311681674552	0.0803349668784746	0.029540687679496	0.976433369013712	0.999831983216163
ENSMUSG00000063760	1500.78709674649	-0.0132157476052839	0.0946457774194704	-0.139641332802179	0.888943381698832	0.999831983216163
ENSMUSG00000020124	5200.27797797786	-0.0822704780166267	0.0858162929622573	-0.958793824750059	0.337662620736776	0.999831983216163
ENSMUSG00000034748	448.208425650575	-0.0348458581628502	0.109929882747762	-0.316971359304708	0.751265334503279	0.999831983216163
ENSMUSG00000039497	175.310771912581	-0.151394368375307	0.119616579622386	-1.26698277785102	0.205161448010092	0.999831983216163
ENSMUSG00000060935	907.541490766806	-0.103779895072054	0.0963772912006215	-1.07690938042731	0.281520751973236	0.999831983216163
ENSMUSG00000025369	12574.4538853714	0.0387616462188187	0.077551611646376	0.499801449622478	0.617214889797972	0.999831983216163
ENSMUSG00000033307	2472.45614981061	-0.0603365508323453	0.0899529271459228	-0.670816780257932	0.502337256286352	0.999831983216163
ENSMUSG00000003348	455.355997381434	0.068170563137789	0.105349095371122	0.647006944265324	0.51762744913907	0.999831983216163
ENSMUSG00000035754	1279.55262043127	0.116638161564293	0.0912725009470841	1.27778116949769	0.201326595740259	0.999831983216163
ENSMUSG00000090247	51.2903839942422	0.0439957349926068	0.115613121349271	0.379756744614457	0.704125993855885	0.999831983216163
ENSMUSG00000035620	2087.75488965764	0.0343067844562432	0.0844842236991102	0.406063001018584	0.684696310283969	0.999831983216163
ENSMUSG00000048696	454.295873462352	-0.0744047130385618	0.111429447392231	-0.668020341252294	0.504120608192536	0.999831983216163
ENSMUSG00000025354	1210.7886521754	-0.0757623147931668	0.0899568079072477	-0.842237884519016	0.399654812037395	0.999831983216163
ENSMUSG00000005682	2296.97316501334	-0.0415555705724817	0.0937985972285237	-0.443054183134257	0.657726543913737	0.999831983216163
ENSMUSG00000019789	219.381139800869	-0.193329374397608	0.116574279659816	-1.65926187419491	0.0970630343175222	0.999831983216163
ENSMUSG00000020105	217.811106842206	0.0687852021158468	0.117547116802794	0.584982113777772	0.558559743498957	0.999831983216163
ENSMUSG00000038481	6827.88257985587	0.139756735136837	0.0789414964557804	1.77017838046293	0.0766974296623598	0.999831983216163
ENSMUSG00000009647	1475.28660516643	-0.11267380388418	0.0953706036575168	-1.18158888929235	0.237368864255358	0.999831983216163
ENSMUSG00000035863	4568.65643047895	-0.0975018539818452	0.0922491332067188	-1.05713234240199	0.290451192408633	0.999831983216163
ENSMUSG00000019866	69.3952164296091	-0.0756879765217166	0.119480216769542	-0.635209393738252	0.525291857459743	0.999831983216163
ENSMUSG00000050663	1835.21231845379	-0.065078262707602	0.0962308747737415	-0.676392676018889	0.498791366046741	0.999831983216163
ENSMUSG00000038039	3831.14949214677	0.0375864143511178	0.0946256706766611	0.39718748850442	0.691229207728528	0.999831983216163
ENSMUSG00000040258	582.272572827967	0.115087742015395	0.103082756959884	1.11616991387788	0.264349410163635	0.999831983216163
ENSMUSG00000036875	122.739869187574	0.0201225059744724	0.12161718785152	0.165416933317269	0.868615826412213	0.999831983216163
ENSMUSG00000042570	920.349089223056	0.0216967791793381	0.0997249828636884	0.217542565273806	0.827785538861469	0.999831983216163
ENSMUSG00000001665	105.372874213961	0.125144855495914	0.121699429924836	1.02617749196898	0.304807928751558	0.999831983216163
ENSMUSG00000019998	4534.35050867066	0.0200382049465104	0.081504998105271	0.245849096011835	0.805799050014664	0.999831983216163
ENSMUSG00000006732	194.565833125391	0.032983139644841	0.121885888699241	0.270210522169799	0.78699829817182	0.999831983216163
ENSMUSG00000078429	5517.99092198676	-0.0412230510056876	0.081779502635034	-0.504091505251554	0.61419707606239	0.999831983216163
ENSMUSG00000036955	5068.07043427543	-0.0384339277025952	0.0783423484224384	-0.490601456505146	0.623708356066485	0.999831983216163
ENSMUSG00000025404	6583.73173779067	-0.0333884114708497	0.0877484891407771	-0.380516805770336	0.703561823902925	0.999831983216163
ENSMUSG00000020115	2253.60602035316	0.0351804383986257	0.0841685022284798	0.417971932045873	0.675967638887595	0.999831983216163
ENSMUSG00000006342	249.19610917456	0.134602686855514	0.121769087048283	1.10222126829195	0.270365487837184	0.999831983216163
ENSMUSG00000019850	156.402307380498	-0.103467089173275	0.120868439441394	-0.857071924160134	0.391405136382367	0.999831983216163
ENSMUSG00000025422	6947.03942550771	-0.0365542834927275	0.081351508547843	-0.449351226962986	0.653178309181041	0.999831983216163
ENSMUSG00000053684	307.68999247655	-0.0539186720944361	0.1150386379783	-0.468761384275178	0.639240204779665	0.999831983216163
ENSMUSG00000020137	1702.4276599344	-0.0469753966454615	0.0880973489935313	-0.533233868666207	0.59387169930412	0.999831983216163
ENSMUSG00000037710	2468.92086970687	0.0371623737655998	0.0864375166518594	0.429918031604512	0.667255268282142	0.999831983216163
ENSMUSG00000073427	422.810485616448	-0.0345008371344734	0.108053785996664	-0.319343115148657	0.74946634167912	0.999831983216163
ENSMUSG00000000711	5577.77525022721	-0.0455812110601434	0.0855120575512473	-0.533062766190891	0.593990132343241	0.999831983216163
ENSMUSG00000025357	552.607885526562	0.149639754463663	0.106163763161004	1.40882602841211	0.158886616705752	0.999831983216163
ENSMUSG00000001150	2175.50777872828	0.00848195926602066	0.0834298345245115	0.101666733885895	0.919021207801941	0.999831983216163
ENSMUSG00000040462	4637.50335122097	0.0272019350472443	0.092736205039764	0.293308575862388	0.769286299183678	0.999831983216163
ENSMUSG00000019889	1541.69533451239	-0.075214481093684	0.0958477863077197	-0.784860027533919	0.432535640587389	0.999831983216163
ENSMUSG00000035351	121.070073863737	0.0661467596761092	0.121708142315252	0.542842007635282	0.587238587464642	0.999831983216163
ENSMUSG00000020009	592.261873453012	0.0319814754204687	0.102527006377695	0.311890542666621	0.755123710122294	0.999831983216163
ENSMUSG00000019790	3901.07054639976	-0.0245223216601643	0.0843861520028402	-0.290607117606058	0.77135181585513	0.999831983216163
ENSMUSG00000034667	3393.37148683961	-0.00984687339244337	0.0839861772229943	-0.117245900089702	0.906665194706732	0.999831983216163
ENSMUSG00000075000	460.709583822435	-0.0425199710240647	0.104323220850357	-0.407562681705778	0.683594766720778	0.999831983216163
ENSMUSG00000019846	224.024449443857	-0.203949164092371	0.118734492076632	-1.71986768703084	0.0854564953716468	0.999831983216163
ENSMUSG00000020228	236.125271134586	0.0468387413666829	0.118461580963733	0.395256733822273	0.692653426580313	0.999831983216163
ENSMUSG00000025409	1734.86413580044	0.100677703655051	0.0949777582982748	1.05979626302832	0.289237297284528	0.999831983216163
ENSMUSG00000035459	63.8984277183478	-0.100381523253241	0.118668818553756	-0.848856638848342	0.395961069338198	0.999831983216163
ENSMUSG00000020260	1326.23678318025	0.0217336136724397	0.0885754040969722	0.24537096500228	0.806169208505808	0.999831983216163
ENSMUSG00000020070	5698.52630041221	-0.0664487153114994	0.0805654094748361	-0.8248297897661	0.409468231464138	0.999831983216163
ENSMUSG00000019880	340.051165330397	-0.116065524092384	0.110312551045363	-1.0523837752303	0.292623509531079	0.999831983216163
ENSMUSG00000050157	20.3806204801176	0.0229186944942929	0.0940677462954043	0.242725869464337	0.808217765711129	0.999831983216163
ENSMUSG00000038594	1566.51606186503	0.0688947838504557	0.0977288002003229	0.704879902386282	0.480884978249553	0.999831983216163
ENSMUSG00000020170	2813.15237327797	0.0252997072369648	0.0934774383213557	0.270638630839132	0.786668981117336	0.999831983216163
ENSMUSG00000074657	35122.4682445661	0.124570603365214	0.0901023314855679	1.38218409841153	0.166915181369624	0.999831983216163
ENSMUSG00000019767	65.8655938265683	0.103889644139499	0.117431953707099	0.880489648347489	0.378594110511635	0.999831983216163
ENSMUSG00000052151	108.941469763348	-0.0362562038386376	0.121884258990966	-0.297558961637025	0.76603980028486	0.999831983216163
ENSMUSG00000025795	802.869122180699	0.0964897320959401	0.0942675899875236	1.02351853368626	0.306062741504398	0.999831983216163
ENSMUSG00000035745	35.3783772065048	0.139259567094445	0.108892452991913	1.26713200454565	0.205108093526153	0.999831983216163
ENSMUSG00000062931	1230.34547502785	0.0183385543419973	0.0917850579354932	0.199795632553165	0.84164041718113	0.999831983216163
ENSMUSG00000033105	1443.26805468078	-0.0971508875812119	0.091328912537964	-1.0638559173804	0.287393975527034	0.999831983216163
ENSMUSG00000025350	197.917916702314	-0.03937715688732	0.120705714744987	-0.326214070371054	0.744262396561657	0.999831983216163
ENSMUSG00000039031	294.770874555843	0.161865514760979	0.117266691047336	1.37867905252999	0.16799373083886	0.999831983216163
ENSMUSG00000020189	4865.80237609627	-0.0709980454177029	0.0825232280049436	-0.860403956575019	0.389566405577975	0.999831983216163
ENSMUSG00000071253	1257.29737726912	-0.0291256069103889	0.0962906761567117	-0.302478984378305	0.76228695164029	0.999831983216163
ENSMUSG00000045555	33.6035600999931	0.0896314506516581	0.107106270284357	0.831793724360076	0.405525386797279	0.999831983216163
ENSMUSG00000013858	2990.38738122665	-0.0207002580430233	0.091666714499986	-0.225822363887672	0.821339582459277	0.999831983216163
ENSMUSG00000020184	2056.03422663237	-0.0738889890654825	0.0979883014731783	-0.754190192455281	0.450735025841472	0.999831983216163
ENSMUSG00000092210	14.6451644601925	-0.0544896544197111	0.0835009582131041	-0.662446243003433	0.507685275809193	0.999831983216163
ENSMUSG00000056888	11.0928388294944	-0.0095298602828365	0.0758364924605161	-0.126013579605419	0.899721175294587	0.999831983216163
ENSMUSG00000005357	5012.30539183469	-0.0275810999018377	0.0823998422238606	-0.334731144822067	0.73782790523295	0.999831983216163
ENSMUSG00000020246	1770.57508272355	-0.0585171111059302	0.0895849673126493	-0.653241357346434	0.513600691691998	0.999831983216163
ENSMUSG00000020089	1587.34887790046	0.101725149957464	0.0898816220422151	1.13166382064981	0.257775797508933	0.999831983216163
ENSMUSG00000019814	670.860569723451	0.091852376226686	0.10037552822325	0.915061342687996	0.360159427627847	0.999831983216163
ENSMUSG00000009681	2794.33110096841	0.00863461558912778	0.0825946094660606	0.104541409597752	0.91673970818406	0.999831983216163
ENSMUSG00000055493	1441.5516614734	0.00442452911973744	0.0964987833547129	0.0458511605733495	0.963428881419116	0.999831983216163
ENSMUSG00000005683	9005.7154518591	0.00616403997642638	0.0770574074247334	0.0799930403541617	0.93624279122635	0.999831983216163
ENSMUSG00000044617	357.363931340245	0.0129578138479344	0.110023633461857	0.117766091125509	0.906252997897585	0.999831983216163
ENSMUSG00000049764	1206.64747208687	0.0338517354910807	0.0952064482223069	0.355565172361966	0.722166229688701	0.999831983216163
ENSMUSG00000020186	156.727056160769	0.00510327661593773	0.121861063991636	0.0418615798218601	0.966609044393851	0.999831983216163
ENSMUSG00000052798	739.970628954693	0.0500654314366065	0.0954691078274562	0.52441350959936	0.599990962184561	0.999831983216163
ENSMUSG00000020167	1148.68907655346	0.0264033768227355	0.0923124466645943	0.286010856681505	0.77486980631577	0.999831983216163
ENSMUSG00000019823	189.247340958303	-0.0360932719485906	0.119028189938193	-0.303287155129919	0.761671034212892	0.999831983216163
ENSMUSG00000020284	193.867449767391	0.0782012248941191	0.119548749246221	0.653531574078351	0.513413640991859	0.999831983216163
ENSMUSG00000048661	2199.31650496975	-0.0134551688869053	0.0954847243443445	-0.140919110885356	0.887933844499471	0.999831983216163
ENSMUSG00000009092	43.6566964305126	0.0144076065776307	0.109307051915059	0.131457126392469	0.895413700366319	0.999831983216163
ENSMUSG00000045867	175.568298588737	0.0465790542600358	0.119742634892829	0.388937780850573	0.697322173150257	0.999831983216163
ENSMUSG00000071324	185.217195822422	-0.00701535426086716	0.119605635897942	-0.0586404078248469	0.953238525252431	0.999831983216163
ENSMUSG00000060181	1335.09974423114	-0.0414066577009179	0.0912171876960722	-0.4539439610948	0.649869161389973	0.999831983216163
ENSMUSG00000020063	1511.10029206454	-0.0146928810599652	0.0886347592650483	-0.165773010566714	0.868335586659918	0.999831983216163
ENSMUSG00000057729	11.5195171402551	0.0398756363639222	0.0768903384188514	0.512799044018635	0.608091898562834	0.999831983216163
ENSMUSG00000034818	1070.21544630377	0.0235246362550571	0.106538828106508	0.220770333291711	0.825271264238361	0.999831983216163
ENSMUSG00000040415	4508.09649297827	-0.0196773640817624	0.0993333841033066	-0.198101624684876	0.842965553710445	0.999831983216163
ENSMUSG00000035504	334.344786458856	0.0183914909159178	0.109406760610105	0.168096931186612	0.866507023558248	0.999831983216163
ENSMUSG00000025355	29.8189967071903	-0.122803027061682	0.104012972185605	-1.1981568583889	0.230855957037747	0.999831983216163
ENSMUSG00000039914	1737.91871438801	-0.002692271147311	0.0922927067650551	-0.0291693819006912	0.976729500541822	0.999831983216163
ENSMUSG00000019872	1314.29265234219	-0.159496658629771	0.0898497043612429	-1.7752381996176	0.0758585648084676	0.999831983216163
ENSMUSG00000038446	1692.89292296694	-0.0500949998179356	0.0872381942584017	-0.574259461768366	0.565792236942639	0.999831983216163
ENSMUSG00000019966	8243.39028333736	-0.0771421110067643	0.100214949180142	-0.770004787217651	0.44129705296324	0.999831983216163
ENSMUSG00000006345	55.3834095196096	0.0179299971007586	0.116962737127886	0.153084373653112	0.878331738643471	0.999831983216163
ENSMUSG00000069520	1072.88911843924	0.00633911374959319	0.0907874769121832	0.0698228177747674	0.944334685539821	0.999831983216163
ENSMUSG00000075266	54.5913281990166	-0.0357227371067894	0.116313456485019	-0.307889232278103	0.758166619463006	0.999831983216163
ENSMUSG00000002147	327.715072752809	0.143561654252811	0.110114887774148	1.30333190034977	0.192461474763043	0.999831983216163
ENSMUSG00000038583	18.4400797115293	0.0100046008668113	0.0870963114686267	0.114523614920775	0.908822727551591	0.999831983216163
ENSMUSG00000019832	56.3220148419569	0.0891514154482185	0.116731203373404	0.76088938278326	0.446723140631127	0.999831983216163
ENSMUSG00000001151	1989.72096180145	0.104102333635714	0.103806273607705	1.0024772188292	0.316113163872333	0.999831983216163
ENSMUSG00000012819	74.706053074339	0.148306545959053	0.119100468032196	1.23907764122788	0.215316746316838	0.999831983216163
ENSMUSG00000019777	3599.15907187826	0.00507783080583489	0.0816166623889206	0.0622165908199094	0.950390350521628	0.999831983216163
ENSMUSG00000025348	1956.06009020264	-0.0289029769876442	0.0963393466694932	-0.300020167714324	0.764161772227615	0.999831983216163
ENSMUSG00000020130	2626.14076984381	-0.0264546265990861	0.0938850204630725	-0.281800538210484	0.778096458218176	0.999831983216163
ENSMUSG00000025408	45.2744959656132	-0.0839681606051696	0.113355515400246	-0.744646388470089	0.456485516845594	0.999831983216163
ENSMUSG00000025362	2408.16586158288	0.126277960719908	0.0849934162933371	1.48559603173011	0.137386005317472	0.999831983216163
ENSMUSG00000003226	9342.27131394781	0.0264296758247851	0.103138972607708	0.256225995625243	0.797776336859134	0.999831983216163
ENSMUSG00000093674	3544.48841557705	0.026106874621505	0.0906998109081322	0.287825735260327	0.773480136697923	0.999831983216163
ENSMUSG00000040441	16.0018429812487	0.0142641228252735	0.0823682605228108	0.171949194962592	0.86347747052406	0.999831983216163
ENSMUSG00000019845	246.335728401189	0.031845456302425	0.114055958178905	0.279187811615347	0.780100696827638	0.999831983216163
ENSMUSG00000019831	2821.00056985469	-0.106389451909165	0.0892638309786658	-1.19199929327634	0.233261522380416	0.999831983216163
ENSMUSG00000020076	3889.99192465301	-0.0542616946950771	0.0789661427500851	-0.687172563953532	0.491973991353603	0.999831983216163
ENSMUSG00000019809	991.488425639733	-0.00370052861343291	0.0915380985715927	-0.0404251495450351	0.967754180196282	0.999831983216163
ENSMUSG00000048756	7177.89312492301	-0.0900295416653461	0.0961859905944561	-0.936236381837823	0.349151495079706	0.999831983216163
ENSMUSG00000050953	12262.5353789829	-0.0251104883620092	0.0788641810810231	-0.31840763526456	0.750175747327705	0.999831983216163
ENSMUSG00000020154	1693.5911682333	-0.143916685936576	0.106442429937698	-1.35306357492867	0.176035321050412	0.999831983216163
ENSMUSG00000075327	607.74889671955	-0.0689659070537097	0.101377990782462	-0.680293506291163	0.496318635434046	0.999831983216163
ENSMUSG00000020263	16650.2584605219	-0.0623286340132351	0.0812396445949923	-0.767272556150021	0.442919481839274	0.999831983216163
ENSMUSG00000034620	983.862348760622	0.0841140397414557	0.0932904726281695	0.901617844462035	0.367259908479963	0.999831983216163
ENSMUSG00000062074	35.6748916818928	-0.0850174110909415	0.108976356035443	-0.785579535520317	0.432113857482425	0.999831983216163
ENSMUSG00000020235	1523.87692524331	0.0660671317811228	0.0875684206937603	0.754425083782879	0.450594014318346	0.999831983216163
ENSMUSG00000025351	1518.38005599099	0.0345505547361803	0.0919339018270776	0.375789933672876	0.707073072000313	0.999831983216163
ENSMUSG00000020308	835.764762779727	0.0882211458248967	0.100216882949834	0.880125440366932	0.37879135875211	0.999831983216163
ENSMUSG00000074862	144.585624020247	-0.0133286312005222	0.121668369983545	-0.109544564738809	0.912770576873065	0.999831983216163
ENSMUSG00000019828	8628.14460808091	0.0211468585564783	0.104977201725365	0.20142311625635	0.840367741445541	0.999831983216163
ENSMUSG00000036499	3314.58010638205	0.0608098301175969	0.100665195175883	0.603971963150528	0.545862282525773	0.999831983216163
ENSMUSG00000090841	6657.5379966176	0.000366082869540623	0.0880750239475156	0.00415716637571598	0.99668307068601	0.999831983216163
ENSMUSG00000039116	173.682996335047	-0.205451124740418	0.119757878099778	-1.71799461456048	0.0857975975843416	0.999831983216163
ENSMUSG00000038151	24.558873334756	0.0595243386780866	0.0923970574697902	0.636559051515383	0.524412105001256	0.999831983216163
ENSMUSG00000020178	56.0616846475263	-0.000182462210534055	0.114527261233643	-0.00159094772034668	0.998730607912387	0.999831983216163
ENSMUSG00000064065	4012.35609073119	-0.0528557877009623	0.0872068878021479	-0.606139870495128	0.544421877219158	0.999831983216163
ENSMUSG00000019851	411.791304331215	-0.054222184843084	0.112287914762463	-0.48287643507123	0.629183474716317	0.999831983216163
ENSMUSG00000063320	262.8451960495	0.0326874515163772	0.1163662318708	0.280831183152678	0.778839884987156	0.999831983216163
ENSMUSG00000020171	981.495283665882	0.025316369944841	0.0912851932162647	0.277330800857204	0.781526111072587	0.999831983216163
ENSMUSG00000038332	4782.42928407969	-0.0568490589737756	0.0782140839595463	-0.726863756405612	0.467309421639072	0.999831983216163
ENSMUSG00000003072	3877.92209813494	-0.0370007650174609	0.0882160039032464	-0.419447163689102	0.674889361502923	0.999831983216163
ENSMUSG00000035890	1318.85111422009	-0.0313481479046892	0.0927828090805615	-0.337860688541532	0.735468173285421	0.999831983216163
ENSMUSG00000019868	1216.82501089405	-0.00829261103142691	0.0891533280108766	-0.0930146640013562	0.925891911539469	0.999831983216163
ENSMUSG00000036009	306.908025027186	0.0098969916321324	0.112512288481557	0.0879477913572982	0.929918171726871	0.999831983216163
ENSMUSG00000014329	279.401793570403	-0.0735446359683769	0.115383536037895	-0.637418087693408	0.523852549652795	0.999831983216163
ENSMUSG00000019852	8383.59712837933	-0.0295631073128617	0.0954040504416022	-0.309901649264577	0.756635748579229	0.999831983216163
ENSMUSG00000003068	2445.57196580851	-0.035885823850943	0.0955630332053459	-0.375536222654136	0.707261712515667	0.999831983216163
ENSMUSG00000035697	121.583009922942	0.206720038552563	0.121523119990484	1.69667326939169	0.0897584490389203	0.999831983216163
ENSMUSG00000020044	3466.4495760213	-0.168368438122181	0.104246569573286	-1.61637031055413	0.106014273443005	0.999831983216163
ENSMUSG00000037747	4564.96654495452	-0.0615134485954656	0.0803094450362062	-0.765984718532122	0.443685394934599	0.999831983216163
ENSMUSG00000051736	238.006510281206	0.06287443291622	0.114735761218617	0.547917394782919	0.583748624266171	0.999831983216163
ENSMUSG00000020265	3119.60520358816	0.0601305636921098	0.0810648851432935	0.741731582581278	0.458249980528619	0.999831983216163
ENSMUSG00000037990	104.728593937009	-0.0511337385887623	0.12186554285721	-0.42002562735485	0.674466732365005	0.999831983216163
ENSMUSG00000033318	196.261709796586	-0.152603688509875	0.118504593884951	-1.28863797546659	0.197523974681806	0.999831983216163
ENSMUSG00000019978	1825.99222753415	-0.140925076309843	0.0868034038423717	-1.62363057729873	0.104454675489842	0.999831983216163
ENSMUSG00000032977	1205.13808746552	-0.051660031089845	0.0887381134050512	-0.58216926865661	0.560452671062406	0.999831983216163
ENSMUSG00000048701	2077.36493514953	-0.0498895259596087	0.0881224419745751	-0.566172585668373	0.571276464001423	0.999831983216163
ENSMUSG00000020108	1799.1056466287	-0.066885583469177	0.111276774419433	-0.606150667946565	0.544414707885383	0.999831983216163
ENSMUSG00000061032	7780.54804688749	0.100385099342086	0.079189901339231	1.26754444128461	0.204960683440671	0.999831983216163
ENSMUSG00000078427	859.398804258071	0.086583758785395	0.0952380854371099	0.909086939993561	0.363304235829199	0.999831983216163
ENSMUSG00000037855	2388.40965525475	-0.139183611032085	0.0852984309631836	-1.63186984277062	0.102706908201212	0.999831983216163
ENSMUSG00000034613	3010.19891293337	-0.0434225336069641	0.0884956705073233	-0.490705654581136	0.6236346465544	0.999831983216163
ENSMUSG00000020225	799.652181338126	0.0419922664721285	0.0998495931599184	0.420512796462777	0.674110883237819	0.999831983216163
ENSMUSG00000019899	1008.05415942599	-0.11130823894343	0.0940730612198534	-1.18331302241296	0.236685113656518	0.999831983216163
ENSMUSG00000035189	661.145577155414	0.017383677292466	0.107451705922464	0.161787108400402	0.871473505299053	0.999831983216163
ENSMUSG00000019945	49.4522324351654	0.0168852782455987	0.114790974590435	0.146964052828623	0.883160393865194	0.999831983216163
ENSMUSG00000020100	778.091972789959	-0.0415171561224227	0.101191082733934	-0.41034724982829	0.681551235943547	0.999831983216163
ENSMUSG00000019822	336.636663769883	0.0345883255318302	0.112195778988605	0.308189954117275	0.757937796146164	0.999831983216163
ENSMUSG00000019842	318.46806581227	0.0239880076080055	0.110487547290711	0.217082526045698	0.828144031466409	0.999831983216163
ENSMUSG00000020056	361.617384732222	0.154785603796217	0.109114620149085	1.41808631172133	0.156165567118615	0.999831983216163
ENSMUSG00000044005	669.676711376666	0.0727901788352662	0.105157311143773	0.692024648023316	0.488921850291347	0.999831983216163
ENSMUSG00000019989	28.3874429239778	-0.0569809128937114	0.101768178448702	-0.563212082981921	0.573290476022053	0.999831983216163
ENSMUSG00000071072	3334.0659078427	0.0341340693505409	0.0864894746659732	0.394649939165602	0.693101252689123	0.999831983216163
ENSMUSG00000037608	9414.13941684152	0.0400417736101289	0.0905789611607764	0.442033863921442	0.658464701118982	0.999831983216163
ENSMUSG00000004356	1067.31318596368	0.0568514520572731	0.0960490330966233	0.591889872022187	0.553924336282909	0.999831983216163
ENSMUSG00000053329	2581.33141700152	0.0368709750337727	0.0832299396836521	0.442995305837549	0.65776913004941	0.999831983216163
ENSMUSG00000019892	58.558394017029	-0.0610650273170908	0.116136933362219	-0.52784881086417	0.597604275883071	0.999831983216163
ENSMUSG00000004929	907.408381349832	0.0729526490109858	0.0967139576278773	0.754275922032475	0.450683557196551	0.999831983216163
ENSMUSG00000015312	328.900844602484	-0.0130193851544013	0.113942342280537	-0.114293183167395	0.909005386134308	0.999831983216163
ENSMUSG00000020211	1198.15695196022	0.0305680415845817	0.101283630384263	0.301762884586215	0.76283282643192	0.999831983216163
ENSMUSG00000020064	1446.88033950598	-0.0131084645446291	0.0892044825686162	-0.146953025503461	0.883169097898698	0.999831983216163
ENSMUSG00000038160	1003.4588897747	0.0760163359101719	0.100993972877527	0.752560625238373	0.451713986144902	0.999831983216163
ENSMUSG00000078451	167.608690248564	0.144184924283456	0.119795769408873	1.20237851000843	0.229216911393482	0.999831983216163
ENSMUSG00000035011	4857.26490424649	-0.0168672365495768	0.0871647648100501	-0.193515201740052	0.846555501799576	0.999831983216163
ENSMUSG00000020250	2382.51585351211	0.0159967027166593	0.0884103327878988	0.18093862445885	0.856415751249793	0.999831983216163
ENSMUSG00000033126	155.749320470839	-0.0203636361453195	0.120385042970932	-0.169164388382958	0.865667340004848	0.999831983216163
ENSMUSG00000020038	2865.50678295372	-0.0707711068108973	0.0931501348087425	-0.759868752653046	0.447333041208511	0.999831983216163
ENSMUSG00000034674	451.876494394906	-0.110633111986618	0.10425513224542	-1.06120755437184	0.288595587007961	0.999831983216163
ENSMUSG00000015501	7470.75136264909	-0.132717991709541	0.0808099801577722	-1.64256319735723	0.100473340509128	0.999831983216163
ENSMUSG00000056073	6332.88274017533	-0.125531462068434	0.0796676037690305	-1.57585799572768	0.115058533133813	0.999831983216163
ENSMUSG00000043670	3289.59364182633	0.0452994603915098	0.0949487257530436	0.477035453630607	0.633336875799154	0.999831983216163
ENSMUSG00000020019	992.817989845706	-0.00202603715221311	0.112852967887717	-0.017950265593454	0.985678529316504	0.999831983216163
ENSMUSG00000055053	6420.78443937061	-0.0198030841551725	0.0829160413717389	-0.23883597659729	0.811232772083208	0.999831983216163
ENSMUSG00000001120	2158.58400404573	0.0270700629067775	0.0896926194071034	0.301790965503267	0.762811418441676	0.999831983216163
ENSMUSG00000038876	680.136380903677	0.0141829489151929	0.10307864480833	0.137596966585864	0.89055895303884	0.999831983216163
ENSMUSG00000023068	3020.97741597035	-0.0327550462919829	0.0913846233113461	-0.358449670029758	0.720006826327985	0.999831983216163
ENSMUSG00000034560	3653.16615546048	-0.0557011921298367	0.0966702977559104	-0.576282869078496	0.564424000073846	0.999831983216163
ENSMUSG00000001783	3483.66351521695	0.127982440099931	0.0816256976630357	1.56775680604575	0.116937898861778	0.999831983216163
ENSMUSG00000020048	13524.9588778751	-0.000563501115871848	0.0759628531768095	-0.00741753943488517	0.994081714076383	0.999831983216163
ENSMUSG00000020312	907.591186581147	0.0655422444740212	0.0940284325836322	0.697005203425336	0.485799537418393	0.999831983216163
ENSMUSG00000047712	3945.67766280264	-0.101898145740678	0.0860265345007839	-1.18463716201426	0.23616093722071	0.999831983216163
ENSMUSG00000035478	1776.28544606871	-0.0268851647955028	0.094259683477959	-0.285225334237893	0.775471512226278	0.999831983216163
ENSMUSG00000064181	1354.58792761483	0.0250319469771919	0.0889139456310032	0.281521364886254	0.778310543622553	0.999831983216163
ENSMUSG00000035278	633.309684701118	-0.0465207381617173	0.0994091462707315	-0.467961284702545	0.639812276084507	0.999831983216163
ENSMUSG00000052302	1998.22960286196	-0.00657096792051442	0.102452480302457	-0.0641361640539357	0.94886180635935	0.999831983216163
ENSMUSG00000035215	362.149519525684	0.118641872518939	0.112956959021741	1.04973749945969	0.293838817756608	0.999831983216163
ENSMUSG00000020248	1228.31771270147	0.0684153909720682	0.0898383466925234	0.761491623383413	0.446363480256087	0.999831983216163
ENSMUSG00000019861	3114.42444081364	-0.0354990983640832	0.0903782816875081	-0.392812006334733	0.694458336264851	0.999831983216163
ENSMUSG00000020096	775.013196032998	-0.0500228001569325	0.107552583391605	-0.465128838461663	0.641839195219915	0.999831983216163
ENSMUSG00000040502	634.947112609588	-0.00523569156575019	0.106108475134918	-0.0493432667261634	0.960645739630431	0.999831983216163
ENSMUSG00000035722	2686.54794125591	0.0960311957515468	0.0967497658170299	0.992303515781648	0.321049488792536	0.999831983216163
ENSMUSG00000019808	139.114046261161	0.0501874399839411	0.121674620998637	0.41212761767713	0.680245886962091	0.999831983216163
ENSMUSG00000020003	1208.63964434411	0.073175605460889	0.0945247576986143	0.774091457565527	0.438876708773441	0.999831983216163
ENSMUSG00000049422	2719.85648024126	0.0338420301331643	0.0857356240566558	0.394705453755968	0.693060277395895	0.999831983216163
ENSMUSG00000051067	2053.77524531178	0.0197761811305731	0.0918295369758471	0.215352237087804	0.829492705581195	0.999831983216163
ENSMUSG00000019916	1789.98768666048	-0.0236686432565381	0.0933900426108955	-0.253443705564648	0.79992535765931	0.999831983216163
ENSMUSG00000020131	138.689830678834	0.171743394986609	0.12156374171614	1.40884958297743	0.158879650182222	0.999831983216163
ENSMUSG00000033427	16.9895398369529	-0.0251389170952746	0.0875235216533397	-0.28901681034827	0.772568513457308	0.999831983216163
ENSMUSG00000019564	412.268956934631	0.0643850061592205	0.110909428000263	0.580364276959764	0.561668989982018	0.999831983216163
ENSMUSG00000000374	4160.15874214356	-0.0235855856506725	0.0783156541470519	-0.301163908109244	0.763289510059861	0.999831983216163
ENSMUSG00000034792	29.5923134380742	0.116036559886875	0.103452268650795	1.11082285579056	0.266644606416384	0.999831983216163
ENSMUSG00000025407	449.660849398601	-0.0591400146275428	0.106087332350227	-0.557554759848496	0.577148456208618	0.999831983216163
ENSMUSG00000019796	4607.46311789879	0.0609309868828447	0.0793703931412488	0.767651289158746	0.442694382629377	0.999831983216163
ENSMUSG00000037440	15.2228239772404	-0.0601166890722465	0.0794307145930434	-0.771649848762058	0.440321841532015	0.999831983216163
ENSMUSG00000046807	1131.8778547666	0.123725862052314	0.0920017753339342	1.34468262401341	0.178727748296758	0.999831983216163
ENSMUSG00000025359	30.09454988136	0.0320561168793261	0.104455199601941	0.306135653422963	0.759501362739356	0.999831983216163
ENSMUSG00000020180	1912.20254292269	-0.0224028399250111	0.0844505301443405	-0.265281053836654	0.790792958656601	0.999831983216163
ENSMUSG00000019988	320.295173884774	-0.0127110828555978	0.110141985183359	-0.115417159531498	0.908114478513209	0.999831983216163
ENSMUSG00000040287	164.00767996315	-0.158830768019334	0.121274599416283	-1.31212527910585	0.189477867894117	0.999831983216163
ENSMUSG00000020037	835.36992328808	0.0687891601674131	0.0968037401464245	0.710554830621932	0.477360142075486	0.999831983216163
ENSMUSG00000040521	514.766346007001	0.0404812468308434	0.103664844364961	0.390466431451737	0.6961916730683	0.999831983216163
ENSMUSG00000052681	3139.57266871642	-0.0373221708481343	0.0814126412463755	-0.458442908816002	0.646634270225802	0.999831983216163
ENSMUSG00000043259	1024.52161869026	-0.108444633770236	0.105146118070337	-1.03179664738893	0.302167390178196	0.999831983216163
ENSMUSG00000000296	273.609289579545	0.00279049643705222	0.114813887154889	0.0243038378136898	0.980610251903851	0.999831983216163
ENSMUSG00000020057	33.7969950983453	0.0479282523054798	0.106970159428134	0.446687739927653	0.655100535128512	0.999831983216163
ENSMUSG00000038774	1216.61640854982	0.118792742256588	0.0963486312419309	1.23279009140797	0.217654089083678	0.999831983216163
ENSMUSG00000005054	734.234788487422	0.0987293675980438	0.0997449092524969	0.98970504021204	0.322318310723436	0.999831983216163
ENSMUSG00000004207	52240.7886663805	0.0939535489252502	0.0737475663974352	1.27389830299486	0.202699459914564	0.999831983216163
ENSMUSG00000035621	1309.90712936534	-0.14252297633334	0.091973876113099	-1.54978514015027	0.121193094823676	0.999831983216163
ENSMUSG00000046567	739.074184464465	0.0436970975661823	0.0959813296416408	0.455258630681453	0.648923184566503	0.999831983216163
ENSMUSG00000008398	261.538928742725	-0.04711778041622	0.116939530859572	-0.402911642641165	0.68701322606223	0.999831983216163
ENSMUSG00000035759	180.285808775696	0.114299555759674	0.119368418935391	0.956600837363057	0.338768766026764	0.999831983216163
ENSMUSG00000044499	203.608193953584	0.146895036535386	0.117618371630551	1.24814878163403	0.21197657665863	0.999831983216163
ENSMUSG00000036099	3764.87814111946	-0.0275225618682025	0.0864030907628069	-0.318549106588709	0.750068451319089	0.999831983216163
ENSMUSG00000003070	182.630325043458	-0.0964951571911025	0.118466531339949	-0.814742243723588	0.415219867245881	0.999831983216163
ENSMUSG00000003345	3427.38711191271	0.0592591033697391	0.0814993472010646	0.727079414855561	0.467177308230545	0.999831983216163
ENSMUSG00000025393	32311.5218762327	-0.0204827203477438	0.0784211798448548	-0.261193359346233	0.793943398899615	0.999831983216163
ENSMUSG00000112640	60.8516414546335	0.0787673517604398	0.117624293747474	0.667726477534139	0.504308205430987	0.999831983216163
ENSMUSG00000063804	164.587953194255	0.193745747045794	0.120555002094276	1.60447903721956	0.108608501549757	0.999831983216163
ENSMUSG00000020087	565.825942100188	-0.0765404669296963	0.101159952803875	-0.756617387524545	0.44927912128296	0.999831983216163
ENSMUSG00000020097	2080.57090974682	-0.00195668374768668	0.0848645833106055	-0.0230561327393995	0.981605497377582	0.999831983216163
ENSMUSG00000020196	2738.20382214743	-0.116208559683223	0.0884402210134851	-1.31413613151068	0.18880039696828	0.999831983216163
ENSMUSG00000038522	29.2507881668076	-0.0692678277335427	0.102709965888246	-0.680477212605014	0.49620234568771	0.999831983216163
ENSMUSG00000019979	425.815990326872	0.0291909774425959	0.111125412110351	0.262713713277924	0.792771246299437	0.999831983216163
ENSMUSG00000019806	2603.86342597545	-0.0194779913405418	0.0868407461567543	-0.224294552005368	0.82252811509825	0.999831983216163
ENSMUSG00000074785	1218.17633957893	0.0253953888720672	0.0976035968158144	0.260192208226176	0.794715514269473	0.999831983216163
ENSMUSG00000001211	11354.6725344679	-0.0683591937161138	0.0760019953819917	-0.899484016877301	0.368394905445439	0.999831983216163
ENSMUSG00000025383	35.7134153618681	-0.0725435485955847	0.107923614533657	-0.676502131673086	0.498721893088644	0.999831983216163
ENSMUSG00000020212	418.842483135939	0.021889377625717	0.106294127225298	0.205923785134741	0.836850445748412	0.999831983216163
ENSMUSG00000040043	977.158090284693	-0.0558753251759875	0.106733201054456	-0.523564949518647	0.600581165546969	0.999831983216163
ENSMUSG00000019813	201.828279461856	-0.0167532698722999	0.117518105352288	-0.14255022114466	0.886645413621175	0.999831983216163
ENSMUSG00000019891	385.775659078774	0.085898709305993	0.107812840083385	0.796606092701747	0.425679837826532	0.999831983216163
ENSMUSG00000034994	39429.6287959923	0.0300550813730747	0.0767077183157133	0.391802576847372	0.695204090939795	0.999831983216163
ENSMUSG00000062866	2789.52268092907	-0.0774382726497602	0.099486904419538	-0.778579606575567	0.436227396056491	0.999831983216163
ENSMUSG00000009293	835.769835381974	0.054648606778607	0.0947018599997254	0.577048801345659	0.563906489151939	0.999831983216163
ENSMUSG00000020079	1128.04823514397	-0.0940878691643819	0.0979363093585853	-0.960811575711173	0.336646917183958	0.999831983216163
ENSMUSG00000112160	224.946237575091	0.0619354782091166	0.120385854015853	0.514333350456623	0.607018948521602	0.999831983216163
ENSMUSG00000038587	3126.97874523198	0.154342132176415	0.0938159981803961	1.64466246220642	0.100039437996635	0.999831983216163
ENSMUSG00000038916	2635.01518565798	-0.0691214968945438	0.0976882249670367	-0.707719171720857	0.479119669324342	0.999831983216163
ENSMUSG00000054708	653.182389387182	0.0782886018650716	0.10171300754194	0.769543298161405	0.441570851055601	0.999831983216163
ENSMUSG00000000295	215.535511205312	0.0350937632730919	0.119702706201726	0.293114170815474	0.769434885500044	0.999831983216163
ENSMUSG00000034813	312.598397639029	0.113198444788564	0.113170661412986	0.999945773965401	0.317336750800179	0.999831983216163
ENSMUSG00000035873	72.671811176443	-0.0344237681188505	0.119088853779322	-0.289513332095229	0.772188578991186	0.999831983216163
ENSMUSG00000020198	6708.15543044565	-0.00113522751491547	0.0782492066024037	-0.0145072497138038	0.98842529543769	0.999831983216163
ENSMUSG00000020018	312.146128743746	-0.0204078411820083	0.113232517390131	-0.180241418691182	0.856963043444198	0.999831983216163
ENSMUSG00000000290	89.6185827841092	0.188393590340324	0.121495637623731	1.54412775322151	0.122557386660849	0.999831983216163
ENSMUSG00000019779	35.9100367678615	0.00329676965149481	0.107971806208756	0.0304902971175382	0.975676031563532	0.999831983216163
ENSMUSG00000071359	1162.23354452397	-0.03474077555867	0.0911397659275422	-0.381195272667723	0.70305835665572	0.999831983216163
ENSMUSG00000020255	2489.01704447994	-0.0996313769563903	0.0837223454795784	-1.19010273358043	0.234006016005434	0.999831983216163
ENSMUSG00000020074	4471.71048717852	-0.00503315525404136	0.0888306795470653	-0.0566607659892609	0.954815427984125	0.999831983216163
ENSMUSG00000038214	125.049364602302	0.0739920290275396	0.121789273138891	0.606880595566218	0.543930156538126	0.999831983216163
ENSMUSG00000078453	98.3514590919395	0.0919123792421664	0.121840296148507	0.753000656894701	0.451449519280364	0.999831983216163
ENSMUSG00000060487	287.514059722079	0.161335516838245	0.118251027495098	1.36249172673611	0.173042753343202	0.999831983216163
ENSMUSG00000004934	728.099223257263	-0.0368851839426463	0.0957641378179055	-0.385165391980317	0.700114882258728	0.999831983216163
ENSMUSG00000019951	4907.14741335543	-0.0665588172836639	0.0833148495897739	-0.798944219854633	0.424322756633982	0.999831983216163
ENSMUSG00000001785	961.641444452982	-0.0203311606785113	0.0919240877990433	-0.221174068854149	0.824956899342699	0.999831983216163
ENSMUSG00000020132	4980.31144754237	-0.0328300377666109	0.0838864542878043	-0.391376058095156	0.695519286690871	0.999831983216163
ENSMUSG00000020069	1586.14360226176	0.0153725397164959	0.090343522618228	0.170155147642424	0.864888124253312	0.999831983216163
ENSMUSG00000001666	709.705133382026	0.0023889979209762	0.0997484099783247	0.0239518699374066	0.9808909999057	0.999831983216163
ENSMUSG00000037151	670.021084479868	0.0622103627801353	0.104307381441656	0.596290328493196	0.550981290926873	0.999831983216163
ENSMUSG00000034917	60.22309914114	0.0672133526557655	0.118286207459947	0.566539417094117	0.571027145426634	0.999831983216163
ENSMUSG00000035864	20222.6031927812	0.068951851864554	0.0759793922685968	0.907457130129942	0.364165109889287	0.999831983216163
ENSMUSG00000015889	1923.02384307623	0.120624508136213	0.0893583860143239	1.3497023779243	0.177111469292428	0.999831983216163
ENSMUSG00000019854	2381.98584466467	0.0209457386526399	0.0832680166571064	0.251541789691692	0.80139525703238	0.999831983216163
ENSMUSG00000061589	5338.70579977977	-0.0669957829779957	0.0932306146335457	-0.718705300767637	0.472322516577167	0.999831983216163
ENSMUSG00000036168	72.2191045424917	0.0550222375458484	0.117266366449992	0.467605339614317	0.640066845742055	0.999831983216163
ENSMUSG00000020156	1256.00837689359	0.0429237395640227	0.0956579344788366	0.448667937006281	0.653671217471301	0.999831983216163
ENSMUSG00000025436	245.615329713455	-0.0645520317433862	0.116368349063366	-0.554974362792471	0.578912196305662	0.999831983216163
ENSMUSG00000061904	12730.0574540319	-0.0331598057531041	0.0784714465054646	-0.422582533797497	0.672599872195256	0.999831983216163
ENSMUSG00000004933	516.765824044709	0.167291057703657	0.117540133859457	1.42059912659519	0.155433332555162	0.999831983216163
ENSMUSG00000039824	183.463817769833	0.110506103989644	0.120172628068483	0.918227672603762	0.358499683972736	0.999831983216163
ENSMUSG00000020219	531.856327151703	-0.0538926656115346	0.105849299171724	-0.50921234590366	0.610603390252546	0.999831983216163
ENSMUSG00000020072	37.048769328406	0.00085864839792075	0.10718051403565	0.00800804458059753	0.993610573158016	0.999831983216163
ENSMUSG00000038302	467.866139957069	0.0904033843861116	0.105991788285017	0.852688728519325	0.3938319431418	0.999831983216163
ENSMUSG00000020077	265.456078796309	0.00126825786001856	0.115119783219299	0.0110167812131607	0.99121005816573	0.999831983216163
ENSMUSG00000071317	24.9021641707578	0.141835077259047	0.0943442459437409	1.48101719930731	0.138601990349277	0.999831983216163
ENSMUSG00000019762	13.8664497387726	-0.0590441872288563	0.0817001133392847	-0.736260049827692	0.461572453780819	0.999831983216163
ENSMUSG00000019467	1059.16277970197	0.124767125860858	0.0959966246706425	1.2994083365051	0.193803832246898	0.999831983216163
ENSMUSG00000020185	61.9573320536521	-0.118181528519474	0.11873952096871	-0.999571170153246	0.317518080897557	0.999831983216163
ENSMUSG00000090112	5060.18060399719	-0.067282686042125	0.09340873838533	-0.720424313575194	0.471263784531196	0.999831983216163
ENSMUSG00000044475	541.357067965517	0.0581644899574182	0.1058689948268	0.549358767133955	0.582759264854088	0.999831983216163
ENSMUSG00000034707	3830.69185159143	0.126028119180571	0.0822340586644571	1.53239608181761	0.12542472376563	0.999831983216163
ENSMUSG00000040345	13.7624115944529	0.0599308054147404	0.0827199987620613	0.715852475106826	0.474082446416458	0.999831983216163
ENSMUSG00000091415	40.8749352800525	-0.0231603020794494	0.109054984231528	-0.21306171998342	0.831278822109622	0.999831983216163
ENSMUSG00000019917	327.22878873187	0.0531028914730064	0.11117376123589	0.477608489995163	0.632928887015676	0.999831983216163
ENSMUSG00000063334	1888.09956731655	0.0193676222130457	0.0882624639939357	0.219434832257196	0.826311338931981	0.999831983216163
ENSMUSG00000061315	2996.26530084487	0.090336761320177	0.0910592688993571	0.991927019522076	0.321233127523255	0.999831983216163
ENSMUSG00000020238	1394.59515293022	0.00997301405380117	0.0953502730096368	0.104586643197104	0.916703813759144	0.999831983216163
ENSMUSG00000020081	70.090929232809	0.0283890725823225	0.119192518742163	0.23776319693607	0.812064764751633	0.999831983216163
ENSMUSG00000020098	129.025413949333	0.0429541845133373	0.121706369909041	0.352662148968666	0.724341739082653	0.999831983216163
ENSMUSG00000019838	248.349243513728	0.163091181479151	0.116502303649883	1.39898602755809	0.161817173082513	0.999831983216163
ENSMUSG00000019857	578.576444016345	-0.0434951394804917	0.104455135181029	-0.416461400474034	0.677072406844027	0.999831983216163
ENSMUSG00000034758	57.0278716549738	-0.0459293396948628	0.115700430419469	-0.397467025634084	0.691023097874848	0.999831983216163
ENSMUSG00000025358	98.6984399252884	-0.0404332418932058	0.121741659283743	-0.332420870959073	0.739571481005315	0.999831983216163
ENSMUSG00000035852	23.9419708831206	-0.039082769612124	0.0956852510254282	-0.410541449686288	0.68140880401537	0.999831983216163
ENSMUSG00000019773	125.507252773045	0.109188120337582	0.121646671000503	0.896558067356698	0.369954782072163	0.999831983216163
ENSMUSG00000037876	10093.2019626135	0.0194352883025524	0.0932346176005141	0.208448552805391	0.83487874915762	0.999831983216163
ENSMUSG00000020088	4606.66199637675	-0.0135216854890724	0.0850232959447685	-0.159037330101089	0.873639462936372	0.999831983216163
ENSMUSG00000009292	966.940943557086	0.0656904338459425	0.0985634703126013	0.666462306882529	0.505115648638299	0.999831983216163
ENSMUSG00000020121	2050.90894223361	-0.0157341996538332	0.103315525061317	-0.152307224262309	0.878944627260074	0.999831983216163
ENSMUSG00000025432	62.6612371318076	0.0641916046323416	0.116864126148871	0.547352883363359	0.584136318560629	0.999831983216163
ENSMUSG00000019818	4561.36202561765	0.0724322278603783	0.0779124739090966	0.929619979691441	0.352567878989675	0.999831983216163
ENSMUSG00000020024	1440.57501230362	-0.0138511577786087	0.0995281186426926	-0.139180715625458	0.889307346877696	0.999831983216163
ENSMUSG00000020230	1069.51071362364	0.13786729799732	0.102851949391775	1.33989438881104	0.180279682623809	0.999831983216163
ENSMUSG00000039697	4863.83192676747	-0.0570999744725791	0.0960859318752741	-0.594357551911283	0.552272993099853	0.999831983216163
ENSMUSG00000000902	1634.11330795943	-0.0768989784761128	0.0915318937759233	-0.840172007726747	0.400811950885146	0.999831983216163
ENSMUSG00000019894	3245.79496078132	0.00211581777028565	0.0931318954220041	0.0227196553998771	0.981873897140002	0.999831983216163
ENSMUSG00000020277	2455.39738406755	0.119857320636993	0.0834150783663723	1.43677152808166	0.150782923016945	0.999831983216163
ENSMUSG00000038240	370.32701143885	-0.0979243452446228	0.107571097487356	-0.910374498499349	0.362625041885887	0.999831983216163
ENSMUSG00000114004	64.3919163696678	0.0632902185483826	0.118705398569229	0.531609160311204	0.59499671901899	0.999831983216163
ENSMUSG00000025389	23.3838889636556	0.00373198008773053	0.0973365301285299	0.0383565172814156	0.969403429632254	0.999831983216163
ENSMUSG00000034889	827.647566458174	0.0797211772551166	0.0973821115067214	0.818628532847151	0.412998382724828	0.999831983216163
ENSMUSG00000040354	2242.44509704175	-0.0183520679457955	0.0865542356973553	-0.212028433056953	0.832084852213092	0.999831983216163
ENSMUSG00000062981	1280.33044335523	-0.0417623815815729	0.0988533031746043	-0.422491108518991	0.672666589340816	0.999831983216163
ENSMUSG00000094622	102.359403758099	-0.00954330957190903	0.121765271006644	-0.0784350845691583	0.937481966034419	0.999831983216163
ENSMUSG00000019975	757.995598080435	0.116952020058658	0.100930206020842	1.15854948962359	0.246639867836056	0.999831983216163
ENSMUSG00000035311	2167.79650789754	-0.0156081707052821	0.0832451536209221	-0.187497351539377	0.851270700033639	0.999831983216163
ENSMUSG00000019990	847.641006699259	-0.0588187731583213	0.113727765440835	-0.517397015661626	0.604879042537492	0.999831983216163
ENSMUSG00000020111	2850.73402422292	-0.0672147015156455	0.0818675643878316	-0.821042341240741	0.411622150845356	0.999831983216163
ENSMUSG00000019794	549.784827707262	0.0998636496925979	0.101047252665159	0.988183256201252	0.323062906878755	0.999831983216163
ENSMUSG00000063428	1039.9447384415	-0.029335378784247	0.103367601136533	-0.283832593642668	0.776538675161429	0.999831983216163
ENSMUSG00000025353	107.857474353229	-0.0297163157643397	0.121851685456223	-0.243932226330642	0.807283309918293	0.999831983216163
ENSMUSG00000040280	21.1751523392527	-0.0114898531379057	0.0895520778263397	-0.128668844873244	0.897619688632817	0.999831983216163
ENSMUSG00000040249	18116.8044431981	0.0393597362234921	0.0850743331636511	0.462625775711627	0.643632629630192	0.999831983216163
ENSMUSG00000019877	39261.2511564843	0.0306007253952227	0.0787346641544578	0.388645054387028	0.697538733197307	0.999831983216163
ENSMUSG00000020224	538.192062857647	-0.0545727902734255	0.104996485511131	-0.519848660685651	0.603169060480011	0.999831983216163
ENSMUSG00000050473	29.431261721243	0.0949844379060314	0.0932833812470914	1.00367551051603	0.315535044844349	0.999831983216163
ENSMUSG00000060301	2147.87541744222	-0.0259962765528847	0.0893964174462165	-0.290812973849655	0.771194362294923	0.999831983216163
ENSMUSG00000038417	1262.74765302744	0.00218333219681509	0.0896795696591651	0.0243469732739444	0.980575844967328	0.999831983216163
ENSMUSG00000049872	67.3671749643803	-0.128179221605163	0.118946875775237	-1.08280018245763	0.278897124558868	0.999831983216163
ENSMUSG00000039232	14.0589906252313	0.0685407826670106	0.08028951289276	0.841504395817264	0.400065423461341	0.999831983216163
ENSMUSG00000035835	692.901081940998	0.169483052769574	0.100967729701798	1.67809616433703	0.0933283274247109	0.999831983216163
ENSMUSG00000003341	10.9102015732624	0.0853724713395784	0.071881129392854	1.16432778814577	0.244291199404081	0.999831983216163
ENSMUSG00000020109	1094.26247093144	-0.0369910535808675	0.0947270422535441	-0.390494592063286	0.696170853457274	0.999831983216163
ENSMUSG00000020085	316.291176600115	0.143405365364463	0.110191540219076	1.30112291950427	0.193216383759509	0.999831983216163
ENSMUSG00000004931	794.664772068022	-0.0754503924788649	0.110633051063654	-0.682237951388441	0.49508850069709	0.999831983216163
ENSMUSG00000040006	982.511516235178	0.0613023350740504	0.0958436265215795	0.6395328324309	0.522476361878404	0.999831983216163
ENSMUSG00000034127	39.9819999088896	-0.0483536735117945	0.109149926206716	-0.444321377274199	0.656810247812465	0.999831983216163
ENSMUSG00000033444	3287.00717617659	0.0824965788767108	0.086274131059565	0.956141104345201	0.339000950420063	0.999831983216163
ENSMUSG00000059602	748.967102276913	-0.0438635786464828	0.105944901011755	-0.41411757559751	0.678788001804256	0.999831983216163
ENSMUSG00000039480	173.42389180442	0.108245477552518	0.120264451867419	0.899002467510158	0.368651346336792	0.999831983216163
ENSMUSG00000034612	1618.37639870472	-0.093224570774099	0.0972380992658462	-0.958893152919565	0.33761257449363	0.999831983216163
ENSMUSG00000019906	14078.2684251193	-0.116924031463404	0.103053568788589	-1.13524181572441	0.256274013467694	0.999831983216163
ENSMUSG00000051236	333.427119947617	-0.000788906756025144	0.117208473865234	-0.00672952828915615	0.994630653803155	0.999831983216163
ENSMUSG00000034781	3177.51231641471	-0.0255662724676727	0.0799465657695212	-0.319795614920278	0.749123271987671	0.999831983216163
ENSMUSG00000039089	677.068995170841	0.111183216946084	0.0975397904254157	1.13980824750999	0.254366196932174	0.999831983216163
ENSMUSG00000044770	33.0121539430733	-0.049175218970044	0.103967646924116	-0.475519150473441	0.634416986760707	0.999831983216163
ENSMUSG00000035798	8350.28778873786	0.0438531171919677	0.0809653446623113	0.541608157214843	0.588088471205341	0.999831983216163
ENSMUSG00000020052	79.65871245756	0.0884300818862409	0.121145958309038	0.728631223057123	0.466227273987604	0.999831983216163
ENSMUSG00000020133	697.149718993915	-0.0391315076757751	0.103277160093215	-0.378884380551262	0.704773723514658	0.999831983216163
ENSMUSG00000038822	1508.21620009988	0.0320699253818242	0.0887635511311881	0.361298283428146	0.717876476803037	0.999831983216163
ENSMUSG00000058298	600.110259886752	-0.000708219944315793	0.101600783218672	-0.00697030329555343	0.99443854765038	0.999831983216163
ENSMUSG00000004360	3248.63650922748	0.0138783232789224	0.0930481310677735	0.14914631938286	0.881438177019598	0.999831983216163
ENSMUSG00000047669	303.057778243452	0.016202699933429	0.110949494388438	0.146027421341446	0.883899741354406	0.999831983216163
ENSMUSG00000053825	3891.60621444931	0.00811507141832321	0.0972065198337176	0.083483886601085	0.933466789292596	0.999831983216163
ENSMUSG00000019961	3416.86001291172	0.0850387278284401	0.0830695601398155	1.02363759004159	0.306006483429853	0.999831983216163
ENSMUSG00000069565	1547.80270899462	-0.00928254272213927	0.0967516823645509	-0.0959380628046173	0.923569764244183	0.999831983216163
ENSMUSG00000039531	678.272862934419	-0.0886416034615354	0.103658110350918	-0.855314511786487	0.392377055864456	0.999831983216163
ENSMUSG00000046822	2227.89701676528	-0.0746974910855632	0.0876865481305066	-0.851909410097368	0.394264373593593	0.999831983216163
ENSMUSG00000019804	3656.3440155937	-0.0721918170436217	0.0834648286554347	-0.864985248705503	0.387046885299099	0.999831983216163
ENSMUSG00000019795	5574.98220258103	0.0801146702827253	0.0813218527472423	0.985084336019044	0.324582646829838	0.999831983216163
ENSMUSG00000005897	1077.73591876929	-0.0293223547279597	0.092066335226639	-0.318485484900239	0.750116703278632	0.999831983216163
ENSMUSG00000032834	808.736768390577	0.0495760039784115	0.0949663511949567	0.522011169417002	0.601662553798625	0.999831983216163
ENSMUSG00000045912	88.636961136364	-0.0430610542034649	0.121619448518772	-0.354306720018977	0.723109032141326	0.999831983216163
ENSMUSG00000020190	1756.28455898821	-0.00302870047943506	0.0906756017534991	-0.0334003140849189	0.973355359200181	0.999831983216163
ENSMUSG00000001436	689.824104050329	0.118547883454992	0.0980848932438203	1.20845862660023	0.22687090082564	0.999831983216163
ENSMUSG00000019943	11577.5732203781	-0.119798790051733	0.0897536425907638	-1.33507885531186	0.181850539130093	0.999831983216163
ENSMUSG00000040675	772.890210671101	-0.0858010270538063	0.102301309694894	-0.83887812625116	0.401537703592416	0.999831983216163
ENSMUSG00000025381	857.348490671542	-0.00395934978243127	0.098454947111587	-0.0402141800768385	0.967922372708655	0.999831983216163
ENSMUSG00000019772	56.1509333744007	0.00307765122424662	0.0434994166809443	0.0703597091270963	0.943907359195632	0.999831983216163
ENSMUSG00000039552	114.499973059963	0.114257619155816	0.121312808185544	0.939416177706091	0.347517110166908	0.999831983216163
ENSMUSG00000096687	326.900556584068	0.0456898565150116	0.111824897486734	0.408549587106831	0.682870233293558	0.999831983216163
ENSMUSG00000034771	2760.1849393701	0.100480099883244	0.104949867294431	0.956910893694116	0.338612232260127	0.999831983216163
ENSMUSG00000019826	687.421983107574	-0.0855836331445122	0.096945601360518	-0.882785136007008	0.377352372945765	0.999831983216163
ENSMUSG00000020163	1741.44087209863	-0.0919898473915096	0.101469769045234	-0.906857222174696	0.364482305232616	0.999831983216163
ENSMUSG00000039810	417.04569340821	0.00594024119762888	0.108002316535665	0.0550030549486295	0.956136029982139	0.999831983216163
ENSMUSG00000075232	4817.21171121959	0.0526032621558427	0.0882014129014549	0.596357078690758	0.550936707378316	0.999831983216163
ENSMUSG00000037846	106.987160607701	-0.169637353776508	0.121368981326669	-1.40439332328897	0.160201757980819	0.999831983216163
ENSMUSG00000113949	113.734384703051	-0.184660536238036	0.121865948212969	-1.52126515615462	0.128193310484225	0.999831983216163
ENSMUSG00000096718	58.7751793686696	-0.113649793021328	0.117261151867945	-0.974566113469233	0.329775529452365	0.999831983216163
ENSMUSG00000019987	32.5166386301378	-0.104642282682127	0.106231836144958	-0.995322748958157	0.319579317005759	0.999831983216163
ENSMUSG00000019863	692.849359493671	0.120819116528399	0.100227724784109	1.20533163003922	0.22807530367896	0.999831983216163
ENSMUSG00000038010	107.972116219992	-0.033213812507478	0.121865906271648	-0.27263478619019	0.785133969040084	0.999831983216163
ENSMUSG00000034163	3537.25231083141	0.00153630613568138	0.081608152215414	0.0188261192752609	0.984979817344793	0.999831983216163
ENSMUSG00000019837	855.894157968455	-0.0680265248366513	0.0941703212545923	-0.722386888929006	0.47005664550781	0.999831983216163
ENSMUSG00000039879	2014.36677127312	-0.0458472760328645	0.0948386630520096	-0.48348295744287	0.628752857769546	0.999831983216163
ENSMUSG00000019933	105.911202549967	0.135622609667347	0.12158197742594	1.11133498040408	0.266424187819848	0.999831983216163
ENSMUSG00000069539	2014.31918631119	-0.156564543274468	0.0906035911843976	-1.72828287062167	0.083937522554487	0.999831983216163
ENSMUSG00000020023	2380.5794490826	-0.0938606022946449	0.083097250957063	-1.12958038780676	0.258653078853223	0.999831983216163
ENSMUSG00000069670	767.679207943422	-0.0178370742698636	0.0990149246051325	-0.180150192459977	0.857034659254326	0.999831983216163
ENSMUSG00000020059	56.4700485049554	-0.0620951815714159	0.117590944908496	-0.529321030486601	0.596582769093118	0.999831983216163
ENSMUSG00000020099	3243.11586647236	-0.0806341662871209	0.103653277543076	-0.778180645896383	0.436462524914991	0.999831983216163
ENSMUSG00000059406	17.7790627838544	0.0243512125125357	0.0886214718800707	0.273403797803009	0.784542833738297	0.999831983216163
ENSMUSG00000060904	4744.39428429413	0.0724211259040393	0.078109651016524	0.927129429560827	0.353859337796742	0.999831983216163
ENSMUSG00000020042	1314.22813759978	0.085200439790813	0.090962470394249	0.936620808571503	0.348953644398507	0.999831983216163
ENSMUSG00000006731	1026.42144874208	0.0511426900067277	0.0947167300699486	0.539903439923078	0.589263625472926	0.999831983216163
ENSMUSG00000035948	137.601041830095	0.0435186457434427	0.120838611053813	0.360044016789176	0.718814217136252	0.999831983216163
ENSMUSG00000043822	150.188364518702	-0.0230894919201634	0.121378685157257	-0.190231916207015	0.849127402226468	0.999831983216163
ENSMUSG00000019948	908.709678078078	0.111326449717509	0.0959939351641475	1.15959241103286	0.246214792238174	0.999831983216163
ENSMUSG00000049038	518.028860815329	0.0596282550571505	0.102494600611943	0.581771416390503	0.560720659717773	0.999831983216163
ENSMUSG00000074802	152.399176881484	-0.169730318386765	0.121335097664771	-1.40180430508013	0.160973692548545	0.999831983216163
ENSMUSG00000019977	2029.38435687533	-0.0183874072800379	0.0851548346965626	-0.21593183385	0.829040882579289	0.999831983216163
ENSMUSG00000020029	7027.62633317792	-0.0296609371362511	0.0825928078202181	-0.359136110930268	0.719493268522532	0.999831983216163
ENSMUSG00000078442	15.111411898206	-0.0517880877569822	0.0845563177316915	-0.621394578912796	0.534340038033157	0.999831983216163
ENSMUSG00000058589	11089.6334886401	0.00209459423579218	0.0894927485031662	0.0234059767652106	0.981326437544053	0.999831983216163
ENSMUSG00000003344	1934.91112357235	-0.0123034689938618	0.0892082774486053	-0.137916074068906	0.890306746538633	0.999831983216163
ENSMUSG00000040033	3275.16933067044	0.0643587018983766	0.0888945741174038	0.723917327015813	0.469116491763362	0.999831983216163
ENSMUSG00000039994	283.760056982538	0.170903574888929	0.114841478827173	1.48684569465427	0.137055569767647	0.999831983216163
ENSMUSG00000019878	1665.67362882537	-0.0286102174964441	0.0946214117422194	-0.302387941664458	0.762356345919125	0.999831983216163
ENSMUSG00000034958	4271.36670293731	0.0224758893829901	0.0812996077474296	0.276451970963466	0.782200944276026	0.999831983216163
ENSMUSG00000020101	465.529335001442	-0.0321098025330727	0.109407248410844	-0.293488522424818	0.769148771226244	0.999831983216163
ENSMUSG00000052613	323.293814004226	0.0744533384318947	0.120237515646457	0.618701945485402	0.53611272813029	0.999831983216163
ENSMUSG00000035529	1050.50847518729	0.0219613821652179	0.0914639109117617	0.240111521756137	0.810243802390323	0.999831983216163
ENSMUSG00000036112	3515.13493164224	-0.0117333409250639	0.0824205325272589	-0.142360482635531	0.886795274702239	0.999831983216163
ENSMUSG00000036923	53.822564425292	0.0495002793074373	0.115250763754902	0.428039907893625	0.668622065630942	0.999831983216163
ENSMUSG00000034024	5240.64569011423	0.0546604947023548	0.0833463747717402	0.655788032105943	0.511960517841851	0.999831983216163
ENSMUSG00000020231	3506.24914446764	-0.0178368309637132	0.0830492091844909	-0.214775456714463	0.829942389063939	0.999831983216163
ENSMUSG00000020151	4432.20097928026	-0.00167567020191435	0.0830722592356582	-0.020170887386141	0.983907051659732	0.999831983216163
ENSMUSG00000060002	8943.58665578048	-0.120535378336767	0.0991663838890515	-1.21602848299483	0.223974071950741	0.999831983216163
ENSMUSG00000019952	299.52391913437	-0.0266509214809146	0.112597833757526	-0.236668844570215	0.812913706779027	0.999831983216163
ENSMUSG00000019907	3992.21978539815	0.0227380658131442	0.0875677406842005	0.25965853867373	0.795127177193195	0.999831983216163
ENSMUSG00000013833	916.640499751314	-0.115047767479992	0.108990456536959	-1.05609874054976	0.290923105753022	0.999831983216163
ENSMUSG00000051346	280.299494236783	0.100534558534651	0.114762349871992	0.875737329210116	0.381172846935304	0.999831983216163
ENSMUSG00000102593	47.6956380067264	-0.155952712606588	0.111949682980844	-1.41020672831107	0.158478649685656	0.999831983216163
ENSMUSG00000094568	60.1080774145151	-0.0479126550887605	0.117789910116377	-0.407843908901805	0.683388274957249	0.999831983216163
ENSMUSG00000053038	190.232605277777	-0.018070076218705	0.119138366667804	-0.151655275225834	0.879458834242465	0.999831983216163
ENSMUSG00000109787	11.6440044469972	0.0132827087521505	0.0766656755386026	0.17239995560566	0.863123107077848	0.999831983216163
ENSMUSG00000094594	18.6924766325964	0.0690616803962033	0.0911039589955676	0.749962389376174	0.453277357006578	0.999831983216163
ENSMUSG00000110422	14.8099249102429	0.0110498083996556	0.0832553585777662	0.132466963485688	0.894614952033912	0.999831983216163
ENSMUSG00000083734	12.7149398679655	0.000932734597835651	0.0801544666959875	0.0116352209365054	0.990716646314581	0.999831983216163
ENSMUSG00000085440	16.9435831789677	-0.0200983856415525	0.0858643179923419	-0.235744810251013	0.813630696134132	0.999831983216163
ENSMUSG00000110411	22.3658988915019	0.0249673788820218	0.0949134463073222	0.262546035178448	0.792900498751888	0.999831983216163
ENSMUSG00000091443	26.6111398769025	-0.0599584992020393	0.097595623998299	-0.619209905130995	0.535778087427055	0.999831983216163
ENSMUSG00000091784	54.6767896374448	0.0198311716150749	0.114513094900208	0.172898708845231	0.862731046562053	0.999831983216163
ENSMUSG00000110528	45.691607106103	-0.0645109704328527	0.113335751627223	-0.571210811058283	0.56785675068222	0.999831983216163
ENSMUSG00000107531	25.7424778460119	0.0156275736935425	0.0993190853423266	0.156898520775318	0.875324825670538	0.999831983216163
ENSMUSG00000089026	14.8727860649745	0.00867185651771917	0.084044209403137	0.102930366212775	0.918018236940025	0.999831983216163
ENSMUSG00000107742	183.471960061361	-0.0543555140106717	0.120339764418164	-0.452069962442012	0.651218582026585	0.999831983216163
ENSMUSG00000048827	118.328256278602	-0.0368719672144901	0.121713572079469	-0.303111903464199	0.761804582978902	0.999831983216163
ENSMUSG00000031568	1157.48246297586	0.0352082561003382	0.091853908479274	0.383309353822432	0.701490404593754	0.999831983216163
ENSMUSG00000074357	15.5171351448197	-0.0161634285467496	0.0825354418868681	-0.196677256907806	0.84408010882011	0.999831983216163
ENSMUSG00000102615	43.4373128082068	-0.0526258421804047	0.112153233584797	-0.470887064290452	0.637721386084979	0.999831983216163
ENSMUSG00000060924	563.652905129989	-0.188761413568008	0.110892241131579	-1.70386717585711	0.0884059045118	0.999831983216163
ENSMUSG00000109784	40.7385502853595	-0.0791582319174261	0.110716318338974	-0.719017211578562	0.472130314908754	0.999831983216163
ENSMUSG00000110342	32.1496001332698	-0.0366885414964235	0.105426295326627	-0.349503701948878	0.726711192090235	0.999831983216163
ENSMUSG00000109927	14.6841038611666	0.0258776308053454	0.0837683105952955	0.30711637859979	0.758754791436547	0.999831983216163
ENSMUSG00000110047	16.9181445730843	-0.0685397508901885	0.0874056035486427	-0.797642895221115	0.425077751004755	0.999831983216163
ENSMUSG00000110249	211.166399762917	-0.116523443056369	0.121739422574654	-0.960560418993515	0.336773238270552	0.999831983216163
ENSMUSG00000083218	10.2902315574761	-0.00188536337673022	0.0706759635779419	-0.02673602580575	0.978670278956994	0.999831983216163
ENSMUSG00000110637	12.3757241457834	0.060514721239625	0.0766770483463902	0.775117781621903	0.438270065280797	0.999831983216163
ENSMUSG00000109708	29.1728169686975	-0.0747923715610692	0.100659420000501	-0.751357056789448	0.452437799601337	0.999831983216163
ENSMUSG00000079038	345.780466758866	-0.172443632387777	0.120451186577064	-1.43618790216478	0.15094888054504	0.999831983216163
ENSMUSG00000110299	13.8001702808059	0.00926630139681213	0.0814077280016119	0.11342018481978	0.909697437794881	0.999831983216163
ENSMUSG00000056313	53.9588474070524	-0.142975431856987	0.104533807399865	-1.39596475261703	0.16272510960231	0.999831983216163
ENSMUSG00000109812	29.0157915638096	-0.0740666355167422	0.10180638670381	-0.735099899417602	0.462278655592343	0.999831983216163
ENSMUSG00000074171	41.5838569013898	0.0942753476812877	0.110173719402135	0.849007881621581	0.395876906626317	0.999831983216163
ENSMUSG00000110377	10.5830000705028	0.00475341390085805	0.0740207521165883	0.0641861177206918	0.948822031054753	0.999831983216163
ENSMUSG00000109727	53.8896055566572	-0.0144198474682582	0.111485240422569	-0.129465290738204	0.896989487751208	0.999831983216163
ENSMUSG00000109956	42.2641429138432	0.0798275552552636	0.111573133576693	0.711561643113372	0.476736266226497	0.999831983216163
ENSMUSG00000110504	11.1916417840274	-0.0206641770703765	0.0751998388970684	-0.277314654114375	0.781538508302415	0.999831983216163
ENSMUSG00000110702	96.547355585087	-0.085836295252511	0.121738427220891	-0.706365973448475	0.479960575566241	0.999831983216163
ENSMUSG00000074030	938.898695132238	-0.0616640201125536	0.0961740459592385	-0.641196921452006	0.521394749543335	0.999831983216163
ENSMUSG00000110683	16.7573777505774	-0.00627485300876217	0.0848057925173813	-0.0742627072287739	0.940801350381934	0.999831983216163
ENSMUSG00000109489	12.2095218842316	-0.0500265095198131	0.0737729499835919	-0.69557463041932	0.48669525854842	0.999831983216163
ENSMUSG00000043192	16.2851758681648	-0.0270891090154898	0.080818205511828	-0.337704108249666	0.735586178533368	0.999831983216163
ENSMUSG00000108852	82.6765575719216	0.0282762908337954	0.121288804494064	0.233017670994507	0.815747683956645	0.999831983216163
ENSMUSG00000110516	21.4107865904392	-0.0224395008416795	0.0937368695478668	-0.240010898428674	0.810321807791392	0.999831983216163
ENSMUSG00000050930	162.514474056576	0.070821478099357	0.121372402465969	0.582689398150961	0.560102411500921	0.999831983216163
ENSMUSG00000109438	12.5564782677444	-0.0335047608232469	0.0744325738251136	-0.458098783562702	0.646881472829616	0.999831983216163
ENSMUSG00000110698	55.1055843640228	-0.052922577380671	0.115959805799039	-0.457551901705138	0.647274405946722	0.999831983216163
ENSMUSG00000110331	221.84480420986	0.0826138098818333	0.11589081071983	0.712712843291109	0.476023467418745	0.999831983216163
ENSMUSG00000110598	71.864204750142	-0.161522194960863	0.116748543276315	-1.39754905631829	0.162248525548296	0.999831983216163
ENSMUSG00000110635	19.5020416838816	-0.0942342970950283	0.0896422812956533	-1.07675115081572	0.281591453993879	0.999831983216163
ENSMUSG00000081436	17.775537160427	0.070337147224834	0.0901499148362576	0.772133618265459	0.440035292753024	0.999831983216163
ENSMUSG00000109810	22.0778020091942	0.130901338336397	0.0918495688062334	1.39807985197306	0.162089089458551	0.999831983216163
ENSMUSG00000047657	15.5070201610705	-0.0613669496959144	0.0842241626437327	-0.740451294957215	0.459026203951036	0.999831983216163
ENSMUSG00000110433	13.0110664556356	0.0397254787676981	0.0802994469586845	0.489323123452765	0.624612952829036	0.999831983216163
ENSMUSG00000049891	77.1881044289425	0.0197574342784731	0.120929284845758	0.163328637079923	0.870259687506242	0.999831983216163
ENSMUSG00000101431	11.5189824618955	0.00484655140503112	0.0751944379658806	0.0642447395198142	0.948775353964916	0.999831983216163
ENSMUSG00000061104	344.575796170364	0.0196391649252836	0.110323820580832	0.177990624791224	0.858730338510985	0.999831983216163
ENSMUSG00000083557	35.496174915362	0.0142496499865328	0.108906849594853	0.130698708787809	0.896013653821271	0.999831983216163
ENSMUSG00000071041	357.938347751737	0.0653697151265936	0.108896986999127	0.600196123619744	0.548375536760455	0.999831983216163
ENSMUSG00000063696	24.6820553533479	-0.045911576563837	0.0986169093120881	-0.468090718371071	0.639719716460982	0.999831983216163
ENSMUSG00000009628	20.6303518192986	0.029140717476929	0.0919847687318528	0.31563905210962	0.752276492556819	0.999831983216163
ENSMUSG00000074384	74.1342192114877	0.0884380639876094	0.120521785114739	0.731826222534673	0.464274641649303	0.999831983216163
ENSMUSG00000039539	44.6300028434662	-0.00883033542742252	0.112535381742037	-0.078582882384535	0.937364403306746	0.999831983216163
ENSMUSG00000025044	13.6825693238918	0.011768877769797	0.081120311305626	0.14433792510226	0.885233631944628	0.999831983216163
ENSMUSG00000014782	441.125344429338	0.133254659254059	0.118168306770349	1.12569206256396	0.260295884641204	0.999831983216163
ENSMUSG00000074252	81.9115559585434	0.0728723825021498	0.121186405417211	0.600441289113148	0.548212177661788	0.999831983216163
ENSMUSG00000110038	13.7069289191781	-0.049042435433529	0.0749611606767399	-0.667723581194527	0.504310054584599	0.999831983216163
ENSMUSG00000110127	12.2372159671704	-0.0125216722677323	0.0786950945724881	-0.159608988927945	0.873189097625041	0.999831983216163
ENSMUSG00000071076	1302.97135082439	-0.0585564245016088	0.104286418672221	-0.561567203589363	0.574410930715009	0.999831983216163
ENSMUSG00002076208	21.8720654397168	0.0213584468885064	0.09363423956974	0.227150372348013	0.82030681612657	0.999831983216163
ENSMUSG00000040236	1881.72894242472	-0.0257909584749337	0.0856734274252411	-0.301042499271519	0.763382087061792	0.999831983216163
ENSMUSG00000042269	39.1133480389095	-0.14669486677494	0.110821132493964	-1.33777171664659	0.180970864401249	0.999831983216163
ENSMUSG00000091952	17.812307976337	-0.00879161792000314	0.0895758540981939	-0.0983234006224987	0.921675497199281	0.999831983216163
ENSMUSG00000043903	108.737975223154	-0.118189420744227	0.121857042892882	-0.971213174780256	0.331442134537847	0.999831983216163
ENSMUSG00000093682	13.2892233080581	-0.0251980010978382	0.0802851445056498	-0.315680858519013	0.752244757000392	0.999831983216163
ENSMUSG00000085917	27.478170863299	-0.0788185163361588	0.101152300339806	-0.787047317721226	0.431254167323241	0.999831983216163
ENSMUSG00000110540	136.855472079009	-0.181035978026177	0.121033623582766	-1.49750584326176	0.134261686300515	0.999831983216163
ENSMUSG00000095762	71.7915989142286	0.120816350715061	0.119261332579004	1.00824884724244	0.313335013119461	0.999831983216163
ENSMUSG00000069862	12.0204889413395	-0.00434923211237066	0.0768509831201318	-0.0567636458545418	0.954733473627909	0.999831983216163
ENSMUSG00000085030	429.92157236864	-0.173414941861185	0.105516798343865	-1.64345192852232	0.100289463599256	0.999831983216163
ENSMUSG00000110547	19.3041380678237	0.0742562588371485	0.0914012359067532	0.802108233077296	0.42249035292543	0.999831983216163
ENSMUSG00000109899	11.0091534372902	-0.00503033617894758	0.0728165314521647	-0.0692005017701491	0.944830023712091	0.999831983216163
ENSMUSG00000110289	24.5717508510925	-0.011743476520301	0.0991713502518893	-0.118583739957657	0.905605148078753	0.999831983216163
ENSMUSG00000120972	15.5043567946203	-0.120493256977693	0.0854780406234229	-1.45986101659741	0.144328275043741	0.999831983216163
ENSMUSG00000121107	71.3943328116532	0.156659447375162	0.118329940450434	1.31520501088015	0.188441011555067	0.999831983216163
ENSMUSG00000121141	1221.16313416591	0.110570578222276	0.0944078680594055	1.17098087037722	0.241606466510538	0.999831983216163
ENSMUSG00000110529	65.1437138377231	0.17483610057597	0.116522118132926	1.48752473220539	0.136876276080672	0.999831983216163
ENSMUSG00000070713	83.57253088317	-0.178196384210942	0.121203117774302	-1.47619153305237	0.139892481872719	0.999831983216163
ENSMUSG00000110120	27.477603581048	-0.0589094265313011	0.10229485651471	-0.580120662807884	0.561833250487014	0.999831983216163
ENSMUSG00000110317	125.001642059003	-0.0526124290523997	0.121879700069424	-0.43228090960094	0.66553726033862	0.999831983216163
ENSMUSG00000052557	1245.58776958844	-0.0457161713887676	0.0935833478531328	-0.488547234060103	0.625162277580064	0.999831983216163
ENSMUSG00000074215	54.87110858678	0.0043408056175813	0.116888147691644	0.0371176268790888	0.97039121749547	0.999831983216163
ENSMUSG00000109095	11.692677930049	0.00855926569798055	0.0719823428909615	0.1180050065182	0.906063690974897	0.999831983216163
ENSMUSG00000121092	47.2001265371217	0.0313066404515801	0.110649647368721	0.282442106957438	0.777604531993451	0.999831983216163
ENSMUSG00000053226	245.832555944053	0.133835212716186	0.114968370892594	1.16359511571292	0.244588131726114	0.999831983216163
ENSMUSG00000077549	10.8058068632369	0.0155828541062108	0.0693597178142044	0.222303934142143	0.824077289723217	0.999831983216163
ENSMUSG00000096014	811.665586976638	0.0579098107335908	0.114200540479518	0.506869727982053	0.612246227381781	0.999831983216163
ENSMUSG00000066362	14.8648972431239	0.0346534844584891	0.0835192759166499	0.412413494359727	0.680036373985764	0.999831983216163
ENSMUSG00000043794	10.4699223418455	-0.030624480406429	0.0724513283579359	-0.427343279132093	0.669129314235029	0.999831983216163
ENSMUSG00000110574	11.1385920794316	-0.0336826848171696	0.0755214069758312	-0.451261538691037	0.65180106154068	0.999831983216163
ENSMUSG00000110545	110.663502510307	0.0692967540727823	0.121575495042839	0.568800266309761	0.569491693917939	0.999831983216163
ENSMUSG00000120970	78.5063236149608	0.0880600218347894	0.119293665348038	0.735186995922466	0.462225617654912	0.999831983216163
ENSMUSG00000058019	16.3204079218722	0.0218600215277813	0.085491134541539	0.254224390630216	0.79932220846572	0.999831983216163
ENSMUSG00000060019	148.661811346024	0.123852507899955	0.121844582745328	1.01394440939165	0.3106092790288	0.999831983216163
ENSMUSG00000121728	194.603127623214	-0.0890737733760974	0.117941042148446	-0.75552318082401	0.449935128895904	0.999831983216163
ENSMUSG00000109584	12.450903802526	-0.00475713326968581	0.0798018091253853	-0.0596686424066173	0.952419546953146	0.999831983216163
ENSMUSG00000074178	36.5765778173571	-0.0162068234067329	0.109645185339749	-0.147938265222496	0.882391489168832	0.999831983216163
ENSMUSG00000110710	791.413772391428	0.037236060634787	0.102357377114686	0.36374619763675	0.716047542294382	0.999831983216163
ENSMUSG00000094257	18.9756547833962	-0.111254196579988	0.0909627999809233	-1.25490923925995	0.20951170959192	0.999831983216163
ENSMUSG00000074151	40.5234895442563	0.143458210248253	0.109871775699544	1.29487511447137	0.195363314467354	0.999831983216163
ENSMUSG00000063412	155.772217108937	-0.128563993139318	0.119988488877296	-1.07208319006105	0.283682668428717	0.999831983216163
ENSMUSG00000046413	17.869968011634	0.0103636835526013	0.0894660804827968	0.11560158685296	0.907968305213432	0.999831983216163
ENSMUSG00000122108	12.2592778591213	-0.00186482614411359	0.0746733454186111	-0.0249648260423907	0.980083019610706	0.999831983216163
ENSMUSG00000120083	14.762750815527	-0.0216280722076347	0.0845574297211634	-0.257325966102928	0.796927149139989	0.999831983216163
ENSMUSG00000097960	263.884511358424	0.0828012816530858	0.120471634042432	0.686862169178651	0.492169588500078	0.999831983216163
ENSMUSG00000109419	13.7591503566403	0.0480563759909418	0.0819358395391198	0.580556563127442	0.561539354540404	0.999831983216163
ENSMUSG00000097534	34.2566689295511	0.0587011709049959	0.101741029186993	0.572045222587821	0.567291337898887	0.999831983216163
ENSMUSG00000109190	15.144244544554	0.0684906337713198	0.0811692570132274	0.832919968489786	0.404889866983821	0.999831983216163
ENSMUSG00000110630	22.4104089827902	-0.0218276134399836	0.0951981416696839	-0.229823379136131	0.818229017011693	0.999831983216163
ENSMUSG00000120151	15.3703762849331	-0.0554745855817598	0.0818856866655127	-0.688879724831948	0.490898959511843	0.999831983216163
ENSMUSG00000097336	38.6284602990422	-0.0212583913953756	0.103672504402867	-0.205268656552164	0.837362231074875	0.999831983216163
ENSMUSG00000123948	22.0778230582981	-0.106210971039832	0.091658159169617	-1.19031189613958	0.233923826825159	0.999831983216163
ENSMUSG00000124148	182.56420750082	0.121471611649642	0.119587226677348	1.01455027310253	0.310320253541831	0.999831983216163
ENSMUSG00000124194	64.6500475905789	0.0690714677777349	0.114970896118779	0.598641627880747	0.549411890256442	0.999831983216163
ENSMUSG00000110246	12.833455364974	0.0028407323072677	0.0713905016770055	0.0398883296253708	0.968182155309257	0.999831983216163
ENSMUSG00000074052	17.8086429673479	-0.109007851444038	0.0881985724091016	-1.27015562631535	0.204029200339318	0.999831983216163
ENSMUSG00000124571	18.5109964879204	-0.110227748126829	0.0892233577831868	-1.26936359501609	0.204311414110958	0.999831983216163
ENSMUSG00000125243	21.6489071589234	0.019347385860159	0.0927502187372084	0.208404120497221	0.834913439271531	0.999831983216163
ENSMUSG00000120183	341.705595002732	-0.0198563999300447	0.113391296971459	-0.175097696089569	0.86100286855981	0.999831983216163
ENSMUSG00000097992	39.1675156916478	-0.115299845493181	0.110538057295135	-1.05281281748249	0.292426789321068	0.999831983216163
ENSMUSG00000125499	14.6704434627664	-0.129179668314633	0.0820097997676392	-1.65494246243368	0.0979361697794751	0.999831983216163
ENSMUSG00000098086	11.6350122785837	-0.0211406354219034	0.0767785949724541	-0.27723791886866	0.781597425245474	0.999831983216163
ENSMUSG00000125657	36.6872778228636	0.0296916066960044	0.109424890845155	0.270869316031738	0.786491545332706	0.999831983216163
ENSMUSG00000125693	43.2264377719032	0.0852585505965034	0.10688034707118	0.791276639860317	0.428782577043944	0.999831983216163
ENSMUSG00000084780	12.7351104697176	0.00134932855422847	0.0799090051874296	0.0168889780646216	0.98652518574478	0.999831983216163
ENSMUSG00000126177	13.0409730422475	-0.0744443268123373	0.0788867084009218	-0.970146353439779	0.331973546656757	0.999831983216163
ENSMUSG00000084808	99.2026954876747	-0.0202192459846489	0.121836404308524	-0.166008140592536	0.868150543801369	0.999831983216163
ENSMUSG00000085573	24.5330116993766	0.166525687269077	0.097235702241156	1.68171249275547	0.0926246043600112	0.999831983216163
ENSMUSG00000090778	13.2491243696389	-0.0234752984025989	0.0773745859970091	-0.304886188651448	0.760452835142466	0.999831983216163
ENSMUSG00000126515	11.8153970221712	-0.0908730084726378	0.0744138126410888	-1.27639830782199	0.201814754122233	0.999831983216163
ENSMUSG00000096957	11.220761578938	0.0654225614695501	0.0743630747780486	0.862544216813839	0.38838811205396	0.999831983216163
ENSMUSG00000097944	317.427869571846	0.0658707725235166	0.113009847349318	0.582659099192884	0.560122812162534	0.999831983216163
ENSMUSG00000126800	29.4472600263289	0.0551126567807092	0.101822077693871	0.537220055584629	0.591115619418298	0.999831983216163
ENSMUSG00000127031	238.812576456717	-0.127813395220457	0.120324825178856	-1.06428972635863	0.287197470609201	0.999831983216163
ENSMUSG00000054822	14.4209809498692	-0.0251627824596497	0.082688516041767	-0.306363951567186	0.759327552070033	0.999831983216163
ENSMUSG00000127528	21.6716839768152	-0.0150766234415127	0.0941758289957393	-0.1605218269459	0.872470029147172	0.999831983216163
ENSMUSG00000086741	207.239463689166	0.0250657825116607	0.120198032542593	0.208501018874581	0.834837787172738	0.999831983216163
ENSMUSG00000045746	18.2125395930235	-0.0158548248001169	0.0894283732635134	-0.17809514068751	0.858648258198354	0.999831983216163
ENSMUSG00000097783	26.3832760070356	-0.116018478950459	0.0983067168263273	-1.20137257101529	0.229606711072834	0.999831983216163
ENSMUSG00000128031	18.5202873227542	-0.0104637648884857	0.0890093920275971	-0.118042103668362	0.906034297167508	0.999831983216163
ENSMUSG00000096938	36.2949204264481	0.0426560151652632	0.108669972317698	0.390946960786082	0.695836441083564	0.999831983216163
ENSMUSG00000120908	266.885555916966	0.109734572423429	0.116327103118146	0.942628416619109	0.345870999570576	0.999831983216163
ENSMUSG00000128154	11.9690538690543	-0.109165407255636	0.0702282276673451	-1.68386683670075	0.0922074067492886	0.999831983216163
ENSMUSG00000098221	21.2329982166073	0.035636321385403	0.0919096485186509	0.38619622432067	0.699351349813535	0.999831983216163
ENSMUSG00000110593	14.1937604645066	0.0157363599344675	0.0824109858686182	0.190447114752426	0.848958780964098	0.999831983216163
ENSMUSG00000091154	10.7375509154091	-0.000196520747742676	0.0754883319406137	-0.00260309503256964	0.997923033008834	0.999831983216163
ENSMUSG00000129227	58.7630065053659	0.0542978371803558	0.115425716802358	0.469444757175886	0.638751762907473	0.999831983216163
ENSMUSG00000129357	21.3219098131869	-0.0204765214884251	0.0938389608242402	-0.218790663146396	0.826813120408328	0.999831983216163
ENSMUSG00000129428	18.7790505168692	-0.0409966299597977	0.0911148669885824	-0.453911903910556	0.649892235349282	0.999831983216163
ENSMUSG00000110588	29.2148079679828	-0.088441779550372	0.0860222990044341	-1.05976030150858	0.289253661436947	0.999831983216163
ENSMUSG00000097042	418.52934874922	0.0014333438490444	0.112423938629391	0.0127479299084704	0.98982889902837	0.999831983216163
ENSMUSG00000120218	479.615684342792	0.0763839057570984	0.114871231537886	0.664413607773465	0.506425625826088	0.999831983216163
ENSMUSG00000109089	54.1736107185829	-0.0425964296570422	0.112933773261667	-0.378607334661655	0.704979474698064	0.999831983216163
ENSMUSG00000130105	30.842451421548	-0.0451361753882573	0.10446269727186	-0.43369339941734	0.66451110040409	0.999831983216163
ENSMUSG00000130160	37.8573254601444	0.0582865342655095	0.108171548122078	0.535700022556248	0.592165888033916	0.999831983216163
ENSMUSG00000110409	31.5303277998849	0.0304303748472651	0.104728458670145	0.28967793260962	0.772062640043856	0.999831983216163
ENSMUSG00000121402	19.2541551784036	0.0122498099919048	0.0910942848325389	0.134139059975886	0.893292613337126	0.999831983216163
ENSMUSG00000110462	13.9247495571857	0.0168459900473379	0.0812201134618455	0.206115783554997	0.836700469983427	0.999831983216163
ENSMUSG00000100706	13.729502539475	0.0933273810746298	0.080655256695857	1.13833788324023	0.254979421003604	0.999831983216163
ENSMUSG00000131735	46.4560828321541	0.0313105096738695	0.1118485873732	0.279066710233894	0.780193630003051	0.999831983216163
ENSMUSG00000132176	10.9450643624666	-0.0379019662360119	0.07341663016906	-0.525946983276478	0.59892504357671	0.999831983216163
ENSMUSG00000132399	11.3684967859694	-0.014837709177542	0.0756467452192586	-0.196997757615392	0.843829292563614	0.999831983216163
ENSMUSG00000132831	23.9687975194381	-0.0798633579468581	0.094791029102388	-0.853862772705487	0.393181028499754	0.999831983216163
ENSMUSG00000132910	19.7962145373253	0.0234343154159089	0.092428490591161	0.252476478424784	0.80067279282448	0.999831983216163
ENSMUSG00000110455	93.490132913696	0.0116560547910591	0.120918658989878	0.0963104704069329	0.923273995563717	0.999831983216163
ENSMUSG00000133281	12.0377116852766	0.0147706269857597	0.0759532709735886	0.193043338407844	0.846925027241697	0.999831983216163
ENSMUSG00000120233	19.7041830934777	0.0121766659114354	0.088687003320222	0.136949318337936	0.891070855649854	0.999831983216163
ENSMUSG00000120400	46.7935228207659	-0.0548307917124976	0.113154070908741	-0.486282845478371	0.626766640197516	0.999831983216163
ENSMUSG00000134282	75.0753744625098	-0.0413595412886301	0.11989819431151	-0.345230441162618	0.729921135228616	0.999831983216163
ENSMUSG00000120204	11.9824162380116	-0.0145826540436971	0.0764717847940145	-0.191943828823512	0.847786205255922	0.999831983216163
ENSMUSG00000121084	108.470105230063	0.0901054849298874	0.121885305357909	0.738002552470111	0.460512898056651	0.999831983216163
ENSMUSG00000134367	12.3003261569623	-0.0600366517960391	0.0789229808669702	-0.777253514792117	0.437009214791779	0.999831983216163
ENSMUSG00000134399	13.4438515210226	0.0368889331345773	0.0790568829966083	0.460693257669125	0.645018692981897	0.999831983216163
ENSMUSG00000134533	23.8845930903906	-0.00230937508494911	0.0891509375378724	-0.0258865982118589	0.979347789543471	0.999831983216163
ENSMUSG00000120575	15.3118699801907	0.0356120417733559	0.0846569815186035	0.418275438592479	0.675745745258969	0.999831983216163
ENSMUSG00000135131	26.1297789142697	-0.022893966050537	0.0988304781058175	-0.232031620876015	0.816513454012866	0.999831983216163
ENSMUSG00000110615	13.4273310042291	-0.0252550425649836	0.0811409172263616	-0.313977252859618	0.753538315376975	0.999831983216163
ENSMUSG00000135667	30.766524773495	-0.0466277244584366	0.096849006101894	-0.484292684187702	0.62817816720142	0.999831983216163
ENSMUSG00000135686	66.0010103230081	-0.162064169715852	0.118366231803489	-1.37850684064989	0.16804685729157	0.999831983216163
ENSMUSG00000136000	11.3049480056737	-0.00336383239591056	0.072813715718229	-0.0462247292469849	0.963131132449341	0.999831983216163
ENSMUSG00000074235	61.0356916337343	-0.0183255783203778	0.116322023219126	-0.157740446289641	0.874661327924868	0.999831983216163
ENSMUSG00000136298	101.002544777136	-0.00786381669762699	0.121755955802371	-0.0645812677345757	0.948507399752039	0.999831983216163
ENSMUSG00000104168	95.6004370254407	-0.0685353259482983	0.121720309997006	-0.56391951597343	0.572808907591177	0.999831983216163
ENSMUSG00000098120	41.5152963485225	-0.138697117964188	0.11146074946268	-1.25672514777555	0.208853178658348	0.999831983216163
ENSMUSG00000109754	67.1724973304863	0.0370302035479524	0.119264000753827	0.309973818492154	0.756580866235336	0.999831983216163
ENSMUSG00000087266	11.126084021977	-0.0444911864769199	0.0744483759620969	-0.608704635165516	0.542720234132648	0.999831983216163
ENSMUSG00000136919	11.8407461963038	0.12285583525514	0.0766636790268547	1.56206209078607	0.118273362347209	0.999831983216163
ENSMUSG00000137183	20.9066566415187	0.0638651212060034	0.0944288151853143	0.669719147353667	0.503036843371722	0.999831983216163
ENSMUSG00000098075	10.8368941644699	0.0328434489882717	0.0741536188245761	0.437958530415688	0.661416345250442	0.999831983216163
ENSMUSG00000137459	28.18963868451	0.106794831689996	0.0987159384875369	1.06932891465859	0.284921486014151	0.999831983216163
ENSMUSG00000137882	26.3111313105525	-0.0356273905627512	0.0972002317458696	-0.368352677581748	0.712610278376458	0.999831983216163
ENSMUSG00000137898	87.6231435533828	-0.0318497974843836	0.121476293686897	-0.262266615611778	0.793115898281283	0.999831983216163
ENSMUSG00000109868	56.2317626525594	0.152836592546232	0.107411936339402	1.40418039688384	0.160265137733157	0.999831983216163
ENSMUSG00000109945	28.2840026510204	0.00446921083323325	0.102558732203137	0.043512099386131	0.965293319746207	0.999831983216163
ENSMUSG00000120062	18.8409679283473	0.0193437776740797	0.089981847587886	0.213850812267787	0.830663398940209	0.999831983216163
ENSMUSG00000138398	16.5566830196761	-0.0822833536487881	0.0865394648387506	-0.971762234828505	0.331168847604977	0.999831983216163
ENSMUSG00000078143	42.5850722320457	-0.083461863461937	0.111785637486364	-0.75067785849611	0.452846551411352	0.999831983216163
ENSMUSG00000086770	23.2411682850262	0.00463559853917384	0.0974630632613781	0.0475346717525385	0.962087097494849	0.999831983216163
ENSMUSG00000138818	26.5969166369203	-0.032332120918313	0.101333598518597	-0.320285578343366	0.748751854628299	0.999831983216163
ENSMUSG00000121091	25.5688115810174	-0.053319720848412	0.100516618748144	-0.534047482459326	0.593308683195353	0.999831983216163
ENSMUSG00000089820	14.9693156521379	0.0187912389223457	0.0839780585169217	0.222903473680746	0.823610632797363	0.999831983216163
ENSMUSG00000139989	287.312422032359	0.0307461421269392	0.11535476731612	0.266453167789813	0.789890222677317	0.999831983216163
ENSMUSG00000140089	51.0843938449624	0.124126069884014	0.113750590967357	1.08281601722753	0.278890094605264	0.999831983216163
ENSMUSG00000097174	19.7716523634746	0.019623018570436	0.0899784638824845	0.21685644882307	0.828320218725237	0.999831983216163
ENSMUSG00000086067	185.239906474976	-0.12688735739015	0.120949991929393	-1.0507410794209	0.293377523464722	0.999831983216163
ENSMUSG00000140719	15.6169838690812	0.119424305364595	0.086050910610292	1.36344425089275	0.172742543028365	0.999831983216163
ENSMUSG00000140789	15.9870670605951	0.040344282577606	0.0842179649372167	0.475910680899894	0.634138012497233	0.999831983216163
ENSMUSG00000097357	95.9964335950568	0.0912733910911932	0.121435555776	0.750214693830246	0.453125410467036	0.999831983216163
ENSMUSG00000097393	14.4420425852335	-0.0148731298113569	0.0839667519713768	-0.177758331141759	0.858912773025122	0.999831983216163
ENSMUSG00000120008	87.9115782815986	0.0400656939657825	0.121499694969182	0.32956540763722	0.741728364234113	0.999831983216163
ENSMUSG00000110633	20.6239762383885	-0.0299128945768069	0.0902197752520806	-0.334455228717277	0.73803606985016	0.999831983216163
ENSMUSG00000109587	48.4729747447524	-0.0805451073306058	0.112534348790381	-0.719589585986915	0.471777725832711	0.999831983216163
ENSMUSG00000141504	63.8708191575223	0.0545631661888565	0.118452792532068	0.459395394968603	0.645950254579227	0.999831983216163
ENSMUSG00000097812	10.5666837107325	-0.0185843728165442	0.0730924467482133	-0.256442437690066	0.797609222570257	0.999831983216163
ENSMUSG00000142191	13.4049648296898	-0.12100815160809	0.0807503677045106	-1.56675964231948	0.117170883963977	0.999831983216163
ENSMUSG00000110605	176.81521696334	0.00465208848484706	0.121204695555881	0.0383915449315518	0.969375502181093	0.999831983216163
ENSMUSG00000091514	86.4040758436733	-0.0139483438620936	0.121302920341131	-0.114990135280448	0.908452941081566	0.999831983216163
ENSMUSG00000108847	22.9300722150385	-0.0530615973520125	0.0976508641608413	-0.547498087516345	0.584036584024298	0.999831983216163
ENSMUSG00000143036	231.036273855763	-0.139640931652424	0.118311764093072	-1.18110020377299	0.237562919009168	0.999831983216163
ENSMUSG00000100691	116.175703919641	-0.0250468140699157	0.121694941044639	-0.20585617686629	0.836903258020782	0.999831983216163
ENSMUSG00000121195	107.417386693908	-0.173923244198589	0.121869670054451	-1.43098507083386	0.152434493861132	0.999831983216163
ENSMUSG00000143186	14.1870955250385	0.0349056141139051	0.0827296057244061	0.418011825615911	0.675938471092267	0.999831983216163
ENSMUSG00000052479	255.508487800208	-0.0187353153021501	0.114073016633204	-0.164227942185329	0.869551705052542	0.999831983216163
ENSMUSG00000143486	31.9215246994271	-0.110851389936416	0.10426824655565	-1.07623578395483	0.281821819811034	0.999831983216163
ENSMUSG00000144159	15.4939725580631	-0.0970744328104895	0.0853323312909756	-1.16833913671914	0.242669994722467	0.999831983216163
ENSMUSG00000052825	332.192283749201	0.115382227325118	0.111932247130881	1.03058742903864	0.302734333637507	0.999831983216163
ENSMUSG00000135853	10.3654261382492	0.101732263736827	0.0728425414313868	1.36426298281182	0.172484811867268	0.999831983216163
ENSMUSG00000081094	59.3132541015335	0.099013057171355	0.11443796985738	0.860964989197372	0.389257325987769	0.999831983216163
ENSMUSG00000140077	281.584567693035	-0.026489066395955	0.114091402342824	-0.232173064494252	0.816403597610733	0.999831983216163
ENSMUSG00000127554	12.6379878783849	0.0238403674366842	0.0787299760949375	0.300482534667962	0.763809116589963	0.999831983216163
ENSMUSG00000111594	38.5157026083599	-0.0607923857001838	0.110663894477854	-0.551553430523115	0.581254350136688	0.999831983216163
ENSMUSG00000136796	76.8759981575288	-0.127903160374255	0.120246333369489	-1.06730041649343	0.285836200095782	0.999831983216163
ENSMUSG00000097000	55.9522983770592	0.132058472414942	0.117217450997035	1.12148894832426	0.262079793178928	0.999831983216163
ENSMUSG00000120442	387.273959790505	-0.184766265342089	0.107383184128413	-1.72061063512826	0.085321502294921	0.999831983216163
ENSMUSG00000144212	862.83905869861	-0.0610865974174499	0.100024354936354	-0.610769642049387	0.541352093785835	0.999831983216163
ENSMUSG00000031736	100.661345288085	0.131945975011724	0.121727061626225	1.08079239651998	0.27978947144283	0.999831983216163
ENSMUSG00000047935	189.468282789892	-0.0319629365394454	0.118826359757877	-0.269031610026211	0.787905357821658	0.999831983216163
ENSMUSG00000096917	88.8164009514018	-0.0468704184202574	0.118255334164254	-0.397153545394516	0.691254236407409	0.999831983216163
ENSMUSG00000106683	13.7634424401509	0.0351869824899375	0.0794300300831984	0.440043931399877	0.659905289444058	0.999831983216163
ENSMUSG00000109714	17.9796027786394	-0.0306021029116395	0.0865179631218992	-0.357128118208591	0.720995895316181	0.999831983216163
ENSMUSG00000120095	115.269233651546	-0.0496749576148385	0.121813945591742	-0.408047336734426	0.683238922329144	0.999831983216163
ENSMUSG00000121345	678.751165814092	-0.0638287741977867	0.0968838064187405	-0.658827407622599	0.510006605324392	0.999831983216163
ENSMUSG00000121492	365.917736450766	-0.0224822768924551	0.110467987619553	-0.203510420848206	0.838736101449174	0.999831983216163
ENSMUSG00000129243	15.6291501728628	0.117983760413572	0.0859848666608044	1.34835639781226	0.177543780751726	0.999831983216163
ENSMUSG00000133321	47.5057034329905	0.0186087643719719	0.110452415423522	0.168205798442311	0.866421379443588	0.999831983216163
ENSMUSG00000110652	31.3978840376205	-0.00345737761836018	0.105335931540689	-0.0328582130809626	0.973787655918015	0.999831983216163
ENSMUSG00000109062	24.1242794088004	-0.142651733991194	0.0962637094266449	-1.5232365095764	0.127699545006238	0.999831983216163
ENSMUSG00000098295	3010.37661178216	-0.122200416600936	0.0857198733181846	-1.42572535634824	0.153947634347362	0.999831983216163
ENSMUSG00000120747	174.396118795668	-0.0350146303310659	0.11963926792864	-0.292668320103563	0.769775686990476	0.999831983216163
ENSMUSG00000110110	11.1416565653011	0.132051604559119	0.0758118676079827	1.69948053159745	0.0892286797174965	0.999831983216163
ENSMUSG00000109291	17.4758131974396	0.0201011873312498	0.0898586226998228	0.222899498751767	0.82361372651347	0.999831983216163
ENSMUSG00000110419	404.381777223965	0.089597202223482	0.117523865040707	0.761573548982739	0.446314566717669	0.999831983216163
ENSMUSG00000097472	153.073370459726	-0.152898306874055	0.121559110328808	-1.26080382352125	0.207379535902097	0.999831983216163
ENSMUSG00000085465	48.6907284980633	-0.0736338048066455	0.111546344544171	-0.663409622078868	0.507068245048284	0.999831983216163
ENSMUSG00000120076	75.2925985836181	0.0185483585555342	0.119885578152506	0.154724517254561	0.877038500775756	0.999831983216163
ENSMUSG00000097520	84.584917234594	0.0257865774630793	0.121006854067307	0.213101682509285	0.831247652333751	0.999831983216163
ENSMUSG00000092086	35.1942916751726	-0.0285823962529822	0.106790280164749	-0.268228324132582	0.788523574046903	0.999831983216163
ENSMUSG00000074219	39.8455510923664	0.0250960555139345	0.110846121507236	0.225881153114612	0.821293856656002	0.999831983216163
ENSMUSG00000143537	83.7005002976901	0.0392881781458224	0.120525616407183	0.325328572086661	0.744932408587378	0.999831983216163
ENSMUSG00000056753	48.8957696103723	0.0181676852310698	0.115443830662301	0.157197114847064	0.875089502052087	0.999831983216163
ENSMUSG00000097296	25.1113502516121	-0.031845811112908	0.0973071780961393	-0.328755367418613	0.742340601098934	0.999831983216163
ENSMUSG00000125440	24.4668516252947	0.0384797203202539	0.0976499967848852	0.391402082212086	0.695500053458653	0.999831983216163
ENSMUSG00000110523	722.188480326523	-0.13034291819611	0.0988604125660377	-1.31851493168053	0.187331329927455	0.999831983216163
ENSMUSG00000142834	89.3115110266998	-0.0576716918555858	0.1207445125251	-0.478095076194645	0.632582536419675	0.999831983216163
ENSMUSG00000129253	40.9685394425847	-0.0214159103365629	0.107876435303938	-0.198809582797666	0.842411699638956	0.999831983216163
ENSMUSG00000128506	107.51940218096	-0.0465389771092241	0.121871309515201	-0.38198538792802	0.702472203057068	0.999831983216163
ENSMUSG00000123674	60.5853840944886	0.0199518984024349	0.116479640497496	0.171053312146091	0.864181846235045	0.999831983216163
ENSMUSG00000131490	33.5325202319488	-0.159955094808536	0.105847539049522	-1.53680231839024	0.124341725538271	0.999831983216163
ENSMUSG00000099881	814.773841288634	-0.0307168184275495	0.103765797885122	-0.296018436441236	0.767216001793586	0.999831983216163
ENSMUSG00000127040	16.2186171005528	-0.0773023479013305	0.0864232306983603	-0.912294108191153	0.361613915043001	0.999831983216163
ENSMUSG00000097637	22.9764128529766	-0.109709008675329	0.0952018555095285	-1.17806609703776	0.238770256667602	0.999831983216163
ENSMUSG00000137870	11.9298693568592	0.085750213804962	0.0764233775033284	1.09961736088669	0.271498874507281	0.999831983216163
ENSMUSG00000110580	101.134762898825	0.036443928135107	0.12186578240427	0.298966411607053	0.764965673764414	0.999831983216163
ENSMUSG00000110611	90.9595001478791	0.051112016508396	0.119310458119033	0.427030457643208	0.669357143620286	0.999831983216163
ENSMUSG00000119989	43.1809074321486	-0.00445123009528041	0.113149708652754	-0.0393591535138425	0.96860404543127	0.999831983216163
ENSMUSG00000126159	11.1592053899056	-0.0338778100802801	0.0762640863891964	-0.45005338780816	0.652671945549656	0.999831983216163
ENSMUSG00000087026	80.9087599693463	-0.0157127206495307	0.119654006488431	-0.131297011040786	0.895540356167814	0.999831983216163
ENSMUSG00000121028	16.7482783739694	-0.0641237248926556	0.0865592925543703	-0.752278943639419	0.451883327788019	0.999831983216163
ENSMUSG00000036442	961.996142138548	-0.0444727369348704	0.0950985826678692	-0.467648626970026	0.640035884637468	0.999831983216163
ENSMUSG00000045538	377.377379677768	-0.00216772557516462	0.10734311101664	-0.0201933803060801	0.983889108560836	0.999831983216163
ENSMUSG00000128617	29.6397071542381	-0.0120088190104332	0.103539884644627	-0.116005509345258	0.907648175451839	0.999831983216163
ENSMUSG00000084960	14.9780000567222	0.0309156530243772	0.0822416109518795	0.373500703492309	0.708775821841102	0.999831983216163
ENSMUSG00000085672	19.9394030096177	-0.0127410230398433	0.0931588776251086	-0.136974848452867	0.891050675729377	0.999831983216163
ENSMUSG00000053626	1203.26063133683	-0.137442016922704	0.0930975993588683	-1.47646195796243	0.139819920495639	0.999831983216163
ENSMUSG00000055994	15.0693708627288	-0.0163610891178434	0.0845195204370287	-0.194412568559255	0.845852849384116	0.999831983216163
ENSMUSG00000052837	318.777534083096	-0.017327178928929	0.104563209714782	-0.166206500439307	0.867994443990809	0.999831983216163
ENSMUSG00000031970	619.73013866338	-0.0602010714291975	0.0995508116249336	-0.604718409708051	0.545366113769079	0.999831983216163
ENSMUSG00000025588	61.7470548985081	0.105727444857271	0.118255769023532	0.890602290593627	0.373142569929201	0.999831983216163
ENSMUSG00000090290	443.443566135745	-0.130648599159011	0.104703836606689	-1.24785115085711	0.212085572573822	0.999831983216163
ENSMUSG00000031851	398.904972429129	0.0649540058418926	0.110464167675841	0.587809643692173	0.556660070293521	0.999831983216163
ENSMUSG00000014791	392.585411098836	0.166762757201989	0.109319582681706	1.52462606618267	0.127352392058089	0.999831983216163
ENSMUSG00000056019	555.697373871512	-0.094995226395817	0.100456538135789	-0.945635407020821	0.344334578418034	0.999831983216163
ENSMUSG00000036598	47.7415761553672	0.0387816540261321	0.113653774582157	0.340683221236942	0.73334207135226	0.999831983216163
ENSMUSG00000034799	6677.04701192548	-0.0830467149029468	0.0920180920845107	-0.902655407994058	0.366708809803792	0.999831983216163
ENSMUSG00000050052	395.53582667288	0.140929515956702	0.108443624002656	1.29908067197499	0.193916245385319	0.999831983216163
ENSMUSG00000031903	471.302049907504	-0.0402199829236348	0.10453348877089	-0.384738810573242	0.700430937749496	0.999831983216163
ENSMUSG00000037300	1548.68779727069	-0.00528545608922875	0.0876183939349186	-0.06032229501705	0.951898945421253	0.999831983216163
ENSMUSG00000004637	1239.83666649016	0.0120507980537615	0.0940580194448915	0.128120260979153	0.898053802242924	0.999831983216163
ENSMUSG00000031660	2366.27751777487	-0.0373318703490807	0.0847581791493372	-0.440468226962499	0.659598019632163	0.999831983216163
ENSMUSG00000031592	8164.48201062255	-0.0594070390133804	0.0978781062142227	-0.607074139862772	0.543801711089108	0.999831983216163
ENSMUSG00000052934	2273.01243717213	-0.0161397032391201	0.0829334702795714	-0.194611912063935	0.845696776886008	0.999831983216163
ENSMUSG00000043243	89.5221172527938	0.0334963314418944	0.11877240588481	0.281549302755079	0.778289118575744	0.999831983216163
ENSMUSG00000031637	22.9299948469803	-0.118520719977819	0.0972659187643354	-1.24200680250998	0.214234052221021	0.999831983216163
ENSMUSG00000069633	32.8125513263984	-0.0816170156017256	0.104463485532677	-0.789562912344555	0.429783074889942	0.999831983216163
ENSMUSG00000031448	113.436218116119	-0.0253399175132625	0.121883768532735	-0.207930254937649	0.835283425395169	0.999831983216163
ENSMUSG00000031628	749.638932401111	-0.0543176815377753	0.10562174470812	-0.514365901170611	0.606996194766708	0.999831983216163
ENSMUSG00000031983	2250.33502427606	-0.0578321719973097	0.0840317178593048	-0.68823602883688	0.491304158883106	0.999831983216163
ENSMUSG00000031976	563.528342267683	-0.122931091146279	0.10856067577759	-1.13291389312292	0.257250415073887	0.999831983216163
ENSMUSG00000031516	1736.76917428906	0.0623883072051787	0.0891969098739379	0.699406001006245	0.484298338601286	0.999831983216163
ENSMUSG00000033633	25.0184280966033	0.127194782371656	0.0983962914262098	1.27335060393302	0.202893657283933	0.999831983216163
ENSMUSG00000093904	8152.67662041402	0.056497134119529	0.0758379868738991	0.744943758759134	0.456305720118008	0.999831983216163
ENSMUSG00000031556	1594.44135409865	-0.0966465579825461	0.0903923234418349	-1.06927873013358	0.284944091893656	0.999831983216163
ENSMUSG00000031483	3092.10640168897	-0.0318759529467633	0.0820193869354397	-0.388647301893732	0.697537070390218	0.999831983216163
ENSMUSG00000031538	2618.94215596028	-0.0920167952798776	0.0849284141235371	-1.08353334339478	0.278571759187511	0.999831983216163
ENSMUSG00000034189	1615.61811557155	0.0829084418875781	0.0868320528631601	0.954752139729196	0.339703055714295	0.999831983216163
ENSMUSG00000037738	41.1049816995858	0.0959305005468674	0.110630753814458	0.861484470575183	0.388971270561469	0.999831983216163
ENSMUSG00000085795	1149.51204378257	-0.129850342905921	0.0937361541129179	-1.38534408890867	0.165947278448778	0.999831983216163
ENSMUSG00000031497	64.9345349533682	0.193891383881677	0.119456053947765	1.61460701147298	0.106395826097289	0.999831983216163
ENSMUSG00000003575	5544.91588829032	-0.0778531353663244	0.0920098171443452	-0.846268570743745	0.397402936733925	0.999831983216163
ENSMUSG00000078908	1273.22051241437	-0.0549901799175672	0.0970034704761909	-0.566940047101523	0.570754914688834	0.999831983216163
ENSMUSG00000014444	116.199647253534	0.0953837057972978	0.121841464885614	0.781453537252482	0.434535793643677	0.999831983216163
ENSMUSG00000000759	2033.16382391503	0.0981520752580184	0.0856564348149645	1.14579134020868	0.251881499169923	0.999831983216163
ENSMUSG00000040028	4147.51610440751	-0.0103640199532382	0.082653180829201	-0.125393443848163	0.900212078201449	0.999831983216163
ENSMUSG00000031889	1352.81508112132	0.0967484538505774	0.0902668067861442	1.07168982838961	0.283859370972669	0.999831983216163
ENSMUSG00000034424	1569.78690442089	0.135983899344298	0.0898719941371261	1.51289304532926	0.13030682876735	0.999831983216163
ENSMUSG00000036990	3724.10630378398	0.0360089439993594	0.0889237646262541	0.404927911658229	0.685530500938133	0.999831983216163
ENSMUSG00000019139	740.696277148208	-0.0553204786161818	0.107163362270135	-0.516281998234941	0.605657467332755	0.999831983216163
ENSMUSG00000036270	2352.23993994331	0.0163359770544312	0.0889546812956036	0.183636429442798	0.854298682521869	0.999831983216163
ENSMUSG00000040631	146.287455804083	-0.0841075610047332	0.121384385068619	-0.693554659913698	0.48796153598804	0.999831983216163
ENSMUSG00000005540	42.6058707475999	-0.0671482103582887	0.106680769449065	-0.633584893361955	0.526351762184251	0.999831983216163
ENSMUSG00000031622	2264.31184869217	-0.0533507815158674	0.0873162502990228	-0.611021023578779	0.541185662269029	0.999831983216163
ENSMUSG00000039620	3335.91946176973	-0.0391783291587324	0.0846708162384555	-0.462729334219405	0.643558389107234	0.999831983216163
ENSMUSG00000031871	577.367457026867	-0.136661595121174	0.106140202820834	-1.28776288275686	0.197828516475225	0.999831983216163
ENSMUSG00000019428	5585.79594382023	0.0137342064562037	0.0868053920141613	0.158214399562798	0.874287857453516	0.999831983216163
ENSMUSG00000031575	1906.46902553466	-0.00055239807462219	0.0839948108162159	-0.00657609051296161	0.994753076726463	0.999831983216163
ENSMUSG00000015994	3101.64376710155	-0.0685386784939922	0.0842844139595756	-0.813226181750494	0.416088390977779	0.999831983216163
ENSMUSG00000059355	323.472561113521	-0.128907291355369	0.11243395740378	-1.14674111484645	0.251488632512571	0.999831983216163
ENSMUSG00000036151	168.207151729028	-0.0783972217407789	0.121711775601719	-0.64503801054441	0.518902553682863	0.999831983216163
ENSMUSG00000031860	118.522476059928	0.128394520433989	0.121833135681917	1.05030255902503	0.293579029014917	0.999831983216163
ENSMUSG00000031530	339.473915008188	-0.0654709380123025	0.114205425624568	-0.573563674675141	0.56626309896397	0.999831983216163
ENSMUSG00000031949	403.25462902015	0.00895571140726374	0.111136795668033	0.0805663330134475	0.935786841499537	0.999831983216163
ENSMUSG00000031824	12407.846701153	-0.0394914975353424	0.0869730068994875	-0.454094433514535	0.649760859593623	0.999831983216163
ENSMUSG00000031659	550.592376020062	0.0387151369909863	0.114660348481059	0.337586838794354	0.735674561630079	0.999831983216163
ENSMUSG00000055148	472.791187488598	-0.010111216184908	0.100316171437783	-0.100984820582536	0.919562509992261	0.999831983216163
ENSMUSG00000079057	542.925483248839	0.0319507144560236	0.103777145108779	0.307876590215972	0.75817623944336	0.999831983216163
ENSMUSG00000036306	291.99602538242	0.00214056169641405	0.119443492682035	0.017916747524671	0.985705268565933	0.999831983216163
ENSMUSG00000036199	3524.8280195614	-0.006136275431072	0.0885557448374298	-0.0692926594129578	0.944756668634818	0.999831983216163
ENSMUSG00000037022	2668.11048129389	-0.0460968931429278	0.0864110847158193	-0.533494625741704	0.593691230277763	0.999831983216163
ENSMUSG00000033862	789.84293565821	0.0557996916519185	0.103716175939931	0.537866867660701	0.590668963765342	0.999831983216163
ENSMUSG00000033282	1027.90689546444	0.0307198352412522	0.0996327013546724	0.308337484508035	0.757825546027942	0.999831983216163
ENSMUSG00000037656	4979.25577307852	0.0575745113582118	0.0840372496661834	0.685054870963853	0.493309296467606	0.999831983216163
ENSMUSG00000035770	14016.8184652253	0.0117542967316101	0.081752218262295	0.14377842852968	0.885675437408099	0.999831983216163
ENSMUSG00000003316	10962.4581060575	-0.0121855944075003	0.0962884754977066	-0.126557415757128	0.899290703143732	0.999831983216163
ENSMUSG00000031480	168.983211641012	0.0208212139108086	0.120736075903923	0.172361877428071	0.863153041001527	0.999831983216163
ENSMUSG00000074063	18.5310044080817	-0.0471487611522039	0.0887943421365055	-0.536208652102643	0.591814354517689	0.999831983216163
ENSMUSG00000001482	3083.61090052235	-0.0391199386264235	0.0903301540859859	-0.433094216309035	0.664946324377615	0.999831983216163
ENSMUSG00000031960	6437.18806078158	0.0106197750077579	0.0794560493014087	0.133655820796208	0.893674741517346	0.999831983216163
ENSMUSG00000031458	663.787120984341	0.157935624934685	0.107623140752399	1.46663673614394	0.142474901046436	0.999831983216163
ENSMUSG00000060212	2123.13198499847	0.0742588423681329	0.0835622180141564	0.888638654124907	0.37419731006186	0.999831983216163
ENSMUSG00000063605	82.6015649327358	-0.00526171749835109	0.121297428364133	-0.043378642823373	0.965399702231215	0.999831983216163
ENSMUSG00000038872	257.811893737628	0.0218829416279053	0.0946365770339614	0.230080140085976	0.818029496861508	0.999831983216163
ENSMUSG00000054717	233.080744198749	-0.0127900161269974	0.115343920726885	-0.110885061448997	0.911707491780716	0.999831983216163
ENSMUSG00000031441	4103.41041076854	-6.36242594897297e-05	0.0785678816687202	-0.000809265767324025	0.999354299409145	0.999831983216163
ENSMUSG00000031879	328.371963871803	0.109790496005634	0.111430586694229	0.984804567001369	0.324720076897214	0.999831983216163
ENSMUSG00000003573	5867.34767589858	-0.0477008044523113	0.0869869705807584	-0.548406569716185	0.583412766410038	0.999831983216163
ENSMUSG00000031953	459.874875116428	0.0212311786610054	0.106685980558112	0.19897786872788	0.842280056629192	0.999831983216163
ENSMUSG00000031584	1365.32323988396	-0.00981123483101318	0.0887301552546902	-0.110572342666081	0.911955480324369	0.999831983216163
ENSMUSG00000031502	893.710891300536	-0.141214101484246	0.115634792020535	-1.22283756433885	0.221391054289593	0.999831983216163
ENSMUSG00000010154	583.049794276987	0.1651100366647	0.0999250616666517	1.65213992443111	0.0985060297647541	0.999831983216163
ENSMUSG00000041949	340.702459988382	0.0109299882348703	0.114824521470766	0.0951841601999401	0.924168551188376	0.999831983216163
ENSMUSG00000061313	2934.70258801767	0.0345633909995574	0.0852552040178466	0.40539284314668	0.685188770842242	0.999831983216163
ENSMUSG00000031807	648.844915460158	-0.0202117111884824	0.0994155311084841	-0.203298989976153	0.838901344926673	0.999831983216163
ENSMUSG00000013150	840.090092485299	0.000452732903013414	0.09630596090667	0.00470142464757559	0.996248819678896	0.999831983216163
ENSMUSG00000031696	7713.59820721458	0.0242404306017211	0.0898247941403798	0.269854022528205	0.787272559982305	0.999831983216163
ENSMUSG00000047866	3106.50293383929	0.137278452840163	0.081062793394985	1.69333761084264	0.0903912229573947	0.999831983216163
ENSMUSG00000043668	61.6270018481579	0.00217173283694781	0.106066784397382	0.0204715643405066	0.983667195690598	0.999831983216163
ENSMUSG00000031734	247.135525186174	0.0905239739594925	0.11397678044437	0.794072738500154	0.427153087100838	0.999831983216163
ENSMUSG00000039509	1340.76761254449	0.0304822542728677	0.0900812653197176	0.338374303353743	0.735081136202856	0.999831983216163
ENSMUSG00000005142	1259.25547966692	0.100438113072036	0.0899299435488957	1.11677070490658	0.264092377584668	0.999831983216163
ENSMUSG00000023235	460.390896492229	-0.0509940835544057	0.108770048751359	-0.468872064160584	0.639161085529818	0.999831983216163
ENSMUSG00000051906	10.9687251313415	-0.0501376971954741	0.0729510643763275	-0.703212359326836	0.48192341808957	0.999831983216163
ENSMUSG00000049988	10.9019752279547	0.0637557018032532	0.0743333756931417	0.842259458823647	0.399642738449587	0.999831983216163
ENSMUSG00000032939	842.295283288346	0.018433533330679	0.0956698583117646	0.19268445455862	0.847206098773152	0.999831983216163
ENSMUSG00000079157	2220.2634968812	0.0125020688757843	0.0870253803128114	0.143661477056553	0.885767792424401	0.999831983216163
ENSMUSG00000087687	475.785804611994	0.0109342779114184	0.10470348126536	0.104434732733461	0.916824360635991	0.999831983216163
ENSMUSG00000035964	9989.45080438503	0.0103534383114473	0.0806028319972639	0.128448916591338	0.897793721896987	0.999831983216163
ENSMUSG00000036510	1642.29073502898	-0.0393435099840188	0.089808758402053	-0.438103324784011	0.661311384372859	0.999831983216163
ENSMUSG00000011837	592.552044025974	0.0551887202505579	0.101940916402809	0.541325144584998	0.588283492177644	0.999831983216163
ENSMUSG00000036840	1629.57994372327	-0.0546350615138803	0.0906079687502666	-0.603012074783568	0.546500656518919	0.999831983216163
ENSMUSG00000008892	4288.79323270275	0.0570903707343715	0.0850643812352212	0.671101439987236	0.502155909686498	0.999831983216163
ENSMUSG00000003814	12116.1586576245	-0.02243010349124	0.0896855422484518	-0.250105742718199	0.802505575039757	0.999831983216163
ENSMUSG00000070047	8810.13071893777	-0.0957950961691984	0.0930382791394662	-1.02987899243561	0.303066813398471	0.999831983216163
ENSMUSG00000031447	10290.3158929441	-0.130102984524582	0.077052300428532	-1.68867165740091	0.0912823700243672	0.999831983216163
ENSMUSG00000054400	151.343309608215	-0.00230571544767743	0.121830001127417	-0.0189329628794233	0.984894583674225	0.999831983216163
ENSMUSG00000055681	2004.88470402897	0.00982387999136994	0.0914705809959886	0.107396822295501	0.914474175368414	0.999831983216163
ENSMUSG00000031490	23.5488559000354	-0.09444535657458	0.0970467415546733	-0.988982498664727	0.322671704525989	0.999831983216163
ENSMUSG00000118664	2656.13714027341	0.0469519339854197	0.10109530474845	0.464359055307245	0.642390519969356	0.999831983216163
ENSMUSG00000039057	1152.56395492813	-0.161199126802004	0.0935394668780459	-1.72357825874413	0.0847840061924633	0.999831983216163
ENSMUSG00000045969	1051.86384708302	-0.0320525177812957	0.094080629698865	-0.340699932015943	0.733329489855388	0.999831983216163
ENSMUSG00000031787	1169.75383798984	0.0222121824367794	0.0927338468963401	0.239519100727838	0.810703087201083	0.999831983216163
ENSMUSG00000002395	1100.5168647385	0.106277945743641	0.0963945252285186	1.10232076528564	0.270322244836789	0.999831983216163
ENSMUSG00000056018	14.8920308137871	0.0517801149075695	0.0792039287707024	0.647449213113508	0.517341253823109	0.999831983216163
ENSMUSG00000031902	619.273369405825	-0.117454886933568	0.103254016650617	-1.1378233512462	0.255194252212086	0.999831983216163
ENSMUSG00000038257	216.063098311734	0.0593607872498216	0.0603951837667288	0.955481609566049	0.339334201109038	0.999831983216163
ENSMUSG00000050147	30.1286143555648	-0.0399895171915146	0.104506241885216	-0.384033785845615	0.700953406457691	0.999831983216163
ENSMUSG00000031778	2198.69146466395	0.12001203387088	0.10234516694657	1.17208961017143	0.24116108083846	0.999831983216163
ENSMUSG00000054408	2933.2567481109	-0.0543426390372881	0.0824744837642177	-0.658927462904502	0.509942349539174	0.999831983216163
ENSMUSG00000031737	174.632410311707	0.140736052535721	0.120992273292757	1.16154118340812	0.245421885221988	0.999831983216163
ENSMUSG00000031629	105.056230419087	-0.106532773344028	0.121885621574917	-0.875282081080581	0.381420441511084	0.999831983216163
ENSMUSG00000037148	606.121984098532	-0.149716103601333	0.10288519161215	-1.45529145131243	0.145588592279376	0.999831983216163
ENSMUSG00000035824	841.181670762605	0.144889429440177	0.0948055115709349	1.52811957463366	0.126482852239805	0.999831983216163
ENSMUSG00000035559	678.392991705755	-0.0842948598266497	0.0994258567411052	-0.847891164216493	0.396498585767118	0.999831983216163
ENSMUSG00000031948	2331.05124529456	0.0402564772128279	0.0826146583356489	0.487267723067634	0.626068618012173	0.999831983216163
ENSMUSG00000031982	675.588728783228	-0.095537015901522	0.104390900349502	-0.91526616084655	0.360051919241737	0.999831983216163
ENSMUSG00000025316	1197.2643303797	-0.133137266606511	0.10043665674215	-1.32602754651294	0.18483057319838	0.999831983216163
ENSMUSG00000052566	306.674283202718	0.156078075178672	0.111047977315339	1.40484974584418	0.160065962917115	0.999831983216163
ENSMUSG00000033596	1495.46137871967	-0.0378608579925381	0.0973875087906029	-0.388782346083293	0.697437161258059	0.999831983216163
ENSMUSG00000036356	378.006370218356	0.152123172177155	0.106873100748684	1.42307855802551	0.154713383384512	0.999831983216163
ENSMUSG00000031537	2589.1814046452	-0.0408445513633094	0.0877059486969023	-0.46572134888165	0.641414969006011	0.999831983216163
ENSMUSG00000038398	1113.23971367648	-0.00668684910181028	0.0898216567039896	-0.0744453593710105	0.940656017352061	0.999831983216163
ENSMUSG00000031576	31.7513132653984	-0.0661292448823564	0.1041253742942	-0.63981260850681	0.522294434496833	0.999831983216163
ENSMUSG00000031962	1577.47800306098	0.145289411617773	0.0898198332093105	1.61729498828673	0.105814620599398	0.999831983216163
ENSMUSG00000031772	2455.17989996538	0.107369456554233	0.090626533713805	1.18458062753669	0.236183300274329	0.999831983216163
ENSMUSG00000036564	39974.7560795303	0.126410240470978	0.083939731635641	1.50569103532012	0.132146506356147	0.999831983216163
ENSMUSG00000031838	130.036975408484	-0.0554611522055329	0.121294998652164	-0.457421674640382	0.647367988235669	0.999831983216163
ENSMUSG00000031691	4584.69500897267	0.030366541157747	0.0835720426397345	0.363347658810081	0.716345195890917	0.999831983216163
ENSMUSG00000037251	742.023078607845	-0.087038493010679	0.0958958074691041	-0.907657572461173	0.364059166482351	0.999831983216163
ENSMUSG00000031604	2263.7936519496	-0.10467697621771	0.108923018438531	-0.961680187755236	0.336210277467119	0.999831983216163
ENSMUSG00000035569	8047.46998592452	-0.00175240079865432	0.0894916104247106	-0.0195813200557942	0.984377365413225	0.999831983216163
ENSMUSG00000055835	687.607375559927	-0.101937127517713	0.108223739131822	-0.942147292664066	0.346117234518176	0.999831983216163
ENSMUSG00000002908	209.443291886458	-0.0298149911262183	0.118435135364406	-0.251701925724744	0.801271468400777	0.999831983216163
ENSMUSG00000023336	213.865670578126	-0.211286239903561	0.117404354354893	-1.8008411805967	0.0717279160633047	0.999831983216163
ENSMUSG00000039633	445.055879755559	0.00276606635291889	0.115055247397631	0.0240432351770083	0.980818121979237	0.999831983216163
ENSMUSG00000031825	177.422886866312	-0.0838567209482943	0.118474932529793	-0.70801987107337	0.478932917619581	0.999831983216163
ENSMUSG00000084128	13.4177147257052	0.064524678488078	0.0748214378424811	0.844025775775046	0.398655002195843	0.999831983216163
ENSMUSG00000031665	312.531626245812	0.0849947519713723	0.112760495937194	0.753688878153468	0.451036061728816	0.999831983216163
ENSMUSG00000045248	294.860994060382	-0.19527808632104	0.115341232091898	-1.69412019435033	0.0902424456609477	0.999831983216163
ENSMUSG00000096914	181.319017503322	0.216374505458168	0.121475766390004	1.77634690261829	0.075675757011956	0.999831983216163
ENSMUSG00000036872	346.686134488457	0.153504486886254	0.113122565455165	1.35579300297689	0.175165038202367	0.999831983216163
ENSMUSG00000014778	534.064113834778	0.0189855296525232	0.105459798304845	0.180008145064059	0.857146173814735	0.999831983216163
ENSMUSG00000031765	7730.12416916914	0.12444080478203	0.0793509941144658	1.56805463447396	0.116868382506309	0.999831983216163
ENSMUSG00000056228	474.16484176088	0.035637925991011	0.108448933030682	0.32852713663862	0.742513129767825	0.999831983216163
ENSMUSG00000031517	59497.2127756175	-0.0731581220430793	0.0753496049254677	-0.970976162756163	0.331560148990111	0.999831983216163
ENSMUSG00000014907	673.804240247264	0.0250348754167216	0.103422487980489	0.242054531512098	0.808737909239619	0.999831983216163
ENSMUSG00000031503	752.49531374827	-0.0752228248881711	0.114468832666285	-0.657517189653134	0.510848421785437	0.999831983216163
ENSMUSG00000047264	863.523764868921	-0.10364822876269	0.098468831848724	-1.05264094346851	0.29250558462786	0.999831983216163
ENSMUSG00000058301	3345.06558266504	-0.033885727123986	0.0856533437900625	-0.395626487271653	0.692380594084241	0.999831983216163
ENSMUSG00000038250	1040.50794191835	-0.0869350875165195	0.0907243836885061	-0.958250029957145	0.337936694823825	0.999831983216163
ENSMUSG00000001909	1617.86963924854	0.109016357961101	0.0925996192947544	1.17708277931355	0.239162467750276	0.999831983216163
ENSMUSG00000000743	1964.69644151351	-0.0018285550026882	0.0886745559104869	-0.0206202525813345	0.983548584676512	0.999831983216163
ENSMUSG00000031536	4704.1312250837	-0.0708650076694025	0.0805995748283937	-0.879270817897341	0.379254454604223	0.999831983216163
ENSMUSG00000092260	142.92649827341	0.11107871249369	0.12110675046195	0.915889098225851	0.359725065288202	0.999831983216163
ENSMUSG00000031731	2245.59566977399	-0.045629556140375	0.0911731754757566	-0.500515472516043	0.616712164238405	0.999831983216163
ENSMUSG00000038291	2417.90657338897	0.080892922768625	0.0849664131666499	0.952001559560065	0.341096190946542	0.999831983216163
ENSMUSG00000031703	9301.00224027322	0.0497534380057435	0.0874543064268288	0.568863570011813	0.569448729701932	0.999831983216163
ENSMUSG00000110332	343.970797219533	0.169290404090029	0.110124438666996	1.53659619936335	0.124392223862189	0.999831983216163
ENSMUSG00000031913	2260.76223346117	-0.0425828688350405	0.0850098393493383	-0.50093858817155	0.61641434389767	0.999831983216163
ENSMUSG00000033313	33.2023870693593	-0.0269930900703478	0.106768612979271	-0.253551197402282	0.799842303486142	0.999831983216163
ENSMUSG00000008450	1013.0788187428	-0.0573381289122758	0.099243602251084	-0.577821772755515	0.563384453994336	0.999831983216163
ENSMUSG00000006273	18308.7779748535	0.0445591893293915	0.0787844922301386	0.565558920497558	0.571693659972668	0.999831983216163
ENSMUSG00000048967	110.135511543254	-0.0127923056327128	0.121844643094318	-0.105005127618872	0.916371739964711	0.999831983216163
ENSMUSG00000031465	45.193051448885	-0.0527270225806533	0.110390733022851	-0.479256291533748	0.631756312487882	0.999831983216163
ENSMUSG00000031753	2077.66788387807	-0.042761112643755	0.083577366230358	-0.511642496350531	0.608901237871018	0.999831983216163
ENSMUSG00000033545	2311.0621918204	-0.0829382668681171	0.0871228221093183	-0.952045272177803	0.341074022473395	0.999831983216163
ENSMUSG00000031979	1474.95112681333	-0.0119860878433742	0.0897932706185638	-0.133482694382511	0.893811649674531	0.999831983216163
ENSMUSG00000046295	10.5149580140844	0.0041674707481219	0.0743530530732227	0.0559528090212956	0.955379401172212	0.999831983216163
ENSMUSG00000053693	3064.78363741002	0.0500915316691503	0.0912621246143498	0.548823507225442	0.583126576456162	0.999831983216163
ENSMUSG00000031750	289.167299121821	-0.0602254264796392	0.114754916610957	-0.524808928703739	0.599716023968608	0.999831983216163
ENSMUSG00000039199	1572.22999342596	0.0809957758811327	0.0982054088869686	0.824562196010656	0.409620191398843	0.999831983216163
ENSMUSG00000031546	585.079682076954	0.00976320974620746	0.101273602701282	0.0964095653550017	0.923195295459288	0.999831983216163
ENSMUSG00000031709	6755.38990969058	-0.0367859084105799	0.0950620765605877	-0.387003179656712	0.698753853997963	0.999831983216163
ENSMUSG00000031858	3781.50273320657	-0.113661699513419	0.082786018612976	-1.37306866911384	0.169731000013409	0.999831983216163
ENSMUSG00000038000	1125.29328508971	0.00191986810307875	0.0951546643713504	0.0201761365640284	0.983902864273897	0.999831983216163
ENSMUSG00000031959	1028.38930939828	-0.0484377753048704	0.101063648509667	-0.479308562897781	0.631719131352731	0.999831983216163
ENSMUSG00000079003	504.245417128635	-0.0687934425186597	0.109364579138141	-0.629115347394502	0.529273543557818	0.999831983216163
ENSMUSG00000063362	1652.09804342651	0.00745872141267622	0.088369820709845	0.084405811660906	0.932733786740514	0.999831983216163
ENSMUSG00000039814	16.3769922353067	-0.0514837850464576	0.0840557754852986	-0.622852236145485	0.533381628075922	0.999831983216163
ENSMUSG00000031954	2587.58712502123	0.118557650836059	0.0844689345137796	1.40344925338013	0.160482914468749	0.999831983216163
ENSMUSG00000064125	570.875809996069	0.0228087671549957	0.0999285081846987	0.228253322322965	0.819449310107571	0.999831983216163
ENSMUSG00000070056	3056.3496283269	-0.0438070411160767	0.0845552686769202	-0.518108981272175	0.604382234276623	0.999831983216163
ENSMUSG00000042812	30.2297202030774	0.0432681673636944	0.101284019212298	0.424620211655891	0.671113556606088	0.999831983216163
ENSMUSG00000087408	26.4242195225712	-0.00930308598436665	0.101049640783388	-0.0920963182824255	0.92662151360727	0.999831983216163
ENSMUSG00000031672	3557.41865995991	0.0492330288973335	0.0814991680101469	0.604074903333721	0.545793844091804	0.999831983216163
ENSMUSG00000031486	686.556842143039	-0.160184149755396	0.102455747623475	-1.56361458673065	0.117908107194715	0.999831983216163
ENSMUSG00000038102	2745.10849955619	0.0878467443294393	0.0862008814325443	1.01900459113363	0.308200786902394	0.999831983216163
ENSMUSG00000025317	16.6611641951687	0.00346758755184797	0.086436050858036	0.0400377196440319	0.968063054462529	0.999831983216163
ENSMUSG00000039079	10.8638216753279	0.0351001973679326	0.0644039270087754	0.537038765409133	0.59124083708689	0.999831983216163
ENSMUSG00000066880	874.441035294268	-0.0681863583878526	0.106035211560714	-0.643205762183353	0.520090594868744	0.999831983216163
ENSMUSG00000071302	1164.01076300679	0.0970714822253237	0.0951369223968677	1.0202551435703	0.307607471105285	0.999831983216163
ENSMUSG00000031585	915.316417902849	-0.0323208200816118	0.0964360083113374	-0.335168728637178	0.737497810007415	0.999831983216163
ENSMUSG00000002396	354.326724892175	-0.00548515948455681	0.108630462565552	-0.0504946088517157	0.959728245439363	0.999831983216163
ENSMUSG00000013878	1402.47306466853	0.048241477293074	0.0895816174844498	0.538516607432633	0.590220442814506	0.999831983216163
ENSMUSG00000062991	489.445824986335	0.15559496633169	0.106762607355522	1.45706969549173	0.145097142574673	0.999831983216163
ENSMUSG00000037260	3064.45700677687	0.0330543148187971	0.0875915967654773	0.377346095069858	0.705916420755737	0.999831983216163
ENSMUSG00000041679	172.492541864259	0.0904194658654367	0.120450025280374	0.749893706961602	0.453318724930697	0.999831983216163
ENSMUSG00000031813	726.357898178933	0.00839011821054312	0.104670348569236	0.0801470387738096	0.936120311516659	0.999831983216163
ENSMUSG00000039431	2234.10979788828	0.0824046202129616	0.0840468814804592	0.980404300631474	0.326886587726187	0.999831983216163
ENSMUSG00000031543	14506.6594805081	-0.0748595471968795	0.0857414022820916	-0.873187429029471	0.382560925649393	0.999831983216163
ENSMUSG00000005534	2926.30661595047	-0.0299064500502918	0.0984150535409343	-0.30390708783392	0.76119867773186	0.999831983216163
ENSMUSG00000032815	51.1069549825329	-0.0347682082174053	0.115251978858158	-0.302010619738793	0.762643967360732	0.999831983216163
ENSMUSG00000019362	1364.94011355596	0.00507071245439495	0.0950795521160824	0.0533315210239927	0.957467765785115	0.999831983216163
ENSMUSG00000009630	1274.09817560014	-0.00879916002239656	0.0961328065472984	-0.0915344371992496	0.927067944152423	0.999831983216163
ENSMUSG00000031796	1276.58247542571	0.0174927893337638	0.0926494124520202	0.188798323473924	0.850250885886474	0.999831983216163
ENSMUSG00000012705	13.3294669257564	-0.0667524245252726	0.0792731800432721	-0.864406239218856	0.387364766630359	0.999831983216163
ENSMUSG00000031605	2936.35242311229	-0.136329657436205	0.0885145181246606	-1.54048318958048	0.123442617326081	0.999831983216163
ENSMUSG00000031762	1412.06944705951	-0.0344240056023956	0.110663238115251	-0.311138662842374	0.755695210106283	0.999831983216163
ENSMUSG00000017478	2060.64248279714	-0.049901473943522	0.0854384641612611	-0.584078198160914	0.559167702158314	0.999831983216163
ENSMUSG00000031841	479.154984028338	0.139713790020101	0.119749824703641	1.1644757274618	0.244231274325973	0.999831983216163
ENSMUSG00000047710	1746.25915406989	0.0333170374369679	0.0868888040408161	0.383437845980383	0.701395146606796	0.999831983216163
ENSMUSG00000031972	48.7100769656799	-0.0629387129254358	0.113779381252006	-0.554708876474087	0.579093803728816	0.999831983216163
ENSMUSG00000031482	817.521464819539	-0.0160775635719052	0.0986514367546418	-0.162979605698687	0.870534492255966	0.999831983216163
ENSMUSG00000031833	1763.62787526792	-0.121321660183987	0.108498317263239	-1.11897952506609	0.263148874061231	0.999831983216163
ENSMUSG00000031504	27.387923195079	0.147327728970359	0.100226691976676	1.44842952983432	0.147496961145254	0.999831983216163
ENSMUSG00000034224	11.0424905994105	-0.00728961713046072	0.0758185654791639	-0.0963435036601714	0.923247760838293	0.999831983216163
ENSMUSG00000043090	1600.11675467799	-0.0580555278749827	0.0934519051569495	-0.621271343897987	0.534421104917319	0.999831983216163
ENSMUSG00000002345	738.997862566339	-0.0747767503822816	0.100820881490113	-0.741682652589666	0.458279632673328	0.999831983216163
ENSMUSG00000057060	1088.08596012538	0.037487218564609	0.0975380196994288	0.384311279008495	0.700747749264501	0.999831983216163
ENSMUSG00000034656	14139.741910823	-0.092085912181372	0.0916821106086622	-1.00461983964888	0.315079940311983	0.999831983216163
ENSMUSG00000031861	22.2379290485851	0.0354787270442385	0.0956203680104902	0.368829371913628	0.712254910174983	0.999831983216163
ENSMUSG00000034845	489.137310566248	0.103751921237682	0.104237357759206	0.995137488480342	0.319669399871369	0.999831983216163
ENSMUSG00000031708	8543.1880383852	0.0827941440261496	0.0809683676128377	1.02245889336498	0.306563758741312	0.999831983216163
ENSMUSG00000014633	623.695000360175	0.0537012364359539	0.099261531760757	0.540990456312291	0.588514160842814	0.999831983216163
ENSMUSG00000031826	2038.64585642549	0.0776395931511494	0.086117819174708	0.901489652419299	0.367328033090766	0.999831983216163
ENSMUSG00000048310	424.558842555901	0.010690146642363	0.114680518797511	0.0931967333488954	0.925747269506002	0.999831983216163
ENSMUSG00000059897	888.303503298013	0.154673111034274	0.100870323784203	1.53300352218845	0.12527498707707	0.999831983216163
ENSMUSG00000031930	1534.7267249172	0.141790164536369	0.0864043326084754	1.64086174725599	0.100826117145374	0.999831983216163
ENSMUSG00000036550	6435.05658188913	0.00702835682927078	0.0864073310839499	0.0813402765186825	0.935171344060976	0.999831983216163
ENSMUSG00000031984	776.920182435757	-0.024393600970907	0.0990225415620067	-0.246343126515478	0.805416628189638	0.999831983216163
ENSMUSG00000031451	3612.34734815756	0.105055545642152	0.0815415072632954	1.28825310272438	0.197657872296406	0.999831983216163
ENSMUSG00000031492	22.3153692600296	0.144979754077337	0.0944265095188648	1.50959125440093	0.131147754307325	0.999831983216163
ENSMUSG00000031853	65.0169289415159	0.130700075637253	0.119425716827304	1.08979743668699	0.275802383364834	0.999831983216163
ENSMUSG00000031647	2544.78093539507	-0.0272184515642326	0.120342372336649	-0.226524372039262	0.820793605679153	0.999831983216163
ENSMUSG00000041515	74.4996377842003	0.0973170676663023	0.119454205839529	0.812492474327257	0.416509103114629	0.999831983216163
ENSMUSG00000063253	5220.44928522783	0.11507657289772	0.087553098995911	1.31414906395945	0.188796045719738	0.999831983216163
ENSMUSG00000044600	2453.20457026003	-0.124252314981668	0.0868301831268422	-1.43110955554828	0.152398819103327	0.999831983216163
ENSMUSG00000003813	1415.78230971927	0.021567438796534	0.0891060472586599	0.242032925950538	0.808754650340479	0.999831983216163
ENSMUSG00000025812	638.365204527659	-0.00868171664039151	0.104486242510225	-0.0830946455325828	0.933776283369779	0.999831983216163
ENSMUSG00000031748	20874.9464585484	0.0323171887548276	0.0834003291394986	0.387478650034578	0.698401887688412	0.999831983216163
ENSMUSG00000003848	911.371480318784	-0.07416344901732	0.0999000781374167	-0.742409118549031	0.457839496477238	0.999831983216163
ENSMUSG00000071064	1306.5642824607	-0.0790688607609112	0.0936004931927526	-0.844796661203213	0.398224379087812	0.999831983216163
ENSMUSG00000001472	18427.298417132	0.0609933200692363	0.0777721457500871	0.784213076442269	0.432915093510393	0.999831983216163
ENSMUSG00000057788	503.61790045181	0.067238340346605	0.102143371507625	0.658224098512927	0.510394141902754	0.999831983216163
ENSMUSG00000089665	102.777644159577	-0.0137692287041572	0.121880674692383	-0.112994526491915	0.910034894649646	0.999831983216163
ENSMUSG00000038482	2048.73255878105	-0.10008200080092	0.0919261261910854	-1.08884992307824	0.276220072272001	0.999831983216163
ENSMUSG00000015027	237.358287398428	0.115000538668824	0.118119460865284	0.972516589836158	0.330793615711603	0.999831983216163
ENSMUSG00000052616	16.9727508163265	0.000302954135108633	0.0863030184246875	0.00351845609917828	0.997192683992814	0.999831983216163
ENSMUSG00000002343	654.387391718871	0.138333924321303	0.106570358291593	1.29734118980636	0.194513817916118	0.999831983216163
ENSMUSG00000049184	1233.1456611275	-0.0715712474361676	0.0908128082148717	-0.788167798410441	0.430598562073912	0.999831983216163
ENSMUSG00000031652	2364.91618579832	0.0283700607783478	0.0917138186077368	0.309320756460785	0.757077543291833	0.999831983216163
ENSMUSG00000033998	6506.37183830147	-0.0121154530912771	0.0854879947831921	-0.141721451915249	0.887300029792204	0.999831983216163
ENSMUSG00000074064	722.707859276421	0.0651984394136616	0.100333323150451	0.649702344790429	0.515884509020584	0.999831983216163
ENSMUSG00000012519	18.7662145898353	-0.051799187350887	0.0900891137405691	-0.58076687626104	0.561397582252767	0.999831983216163
ENSMUSG00000019261	1157.09221088869	-0.0135245071555124	0.092508611909554	-0.146193145104548	0.883768916837007	0.999831983216163
ENSMUSG00000031812	6654.27359747613	0.0956412105372478	0.0765708101362691	1.24897533838721	0.211674094094608	0.999831983216163
ENSMUSG00000052446	997.126277278329	-0.0271297800223385	0.0975127303691623	-0.278225277608553	0.780839431883836	0.999831983216163
ENSMUSG00000059854	350.837120122544	0.0938761815831646	0.115470476678404	0.812536753933479	0.416483705814782	0.999831983216163
ENSMUSG00000031586	89.867767905558	-0.191667084791319	0.12167507639583	-1.58018900809847	0.114063588269108	0.999831983216163
ENSMUSG00000034472	804.026370043823	-0.141669058832685	0.103600356879315	-1.36778644765477	0.171378931013793	0.999831983216163
ENSMUSG00000037993	1527.3522339968	0.0628609997598799	0.0894185619356954	0.702973758981244	0.482072102897051	0.999831983216163
ENSMUSG00000007950	5936.73526178669	0.0464452254457101	0.0855050324285184	0.543148021865355	0.587027891018036	0.999831983216163
ENSMUSG00000031701	8000.47215999893	-0.00158569779414897	0.0774456405058548	-0.0204744888536428	0.983664862755689	0.999831983216163
ENSMUSG00000031442	7379.53941495195	-0.0105932418501518	0.0855783175374071	-0.123784558658551	0.901485858181225	0.999831983216163
ENSMUSG00000039842	384.306919249611	-0.0507790362508708	0.10950495829284	-0.463714543479393	0.642852276024458	0.999831983216163
ENSMUSG00000031523	3188.97680398826	-0.0829311781997948	0.102525930342417	-0.809160808213997	0.418422654885301	0.999831983216163
ENSMUSG00000034041	47.0904828652136	0.0445156219772214	0.113617261409358	0.390493030369055	0.696172008037938	0.999831983216163
ENSMUSG00000031485	3140.41719698176	-0.0322268386727217	0.0913724631551623	-0.35271806139889	0.724299817524336	0.999831983216163
ENSMUSG00000054648	2108.82947617488	0.0352229666566034	0.0901391822817316	0.390757768880917	0.695976293504677	0.999831983216163
ENSMUSG00000031904	1194.76493815583	-0.0202712130256154	0.0920038100202004	-0.220329779099342	0.825614329583112	0.999831983216163
ENSMUSG00000036779	2298.85481858741	0.0372648392079084	0.0866254960196031	0.430176500754272	0.667067254614004	0.999831983216163
ENSMUSG00000031839	3872.77420408802	-0.102606502904004	0.0816870455530132	-1.25618759864473	0.209047961928906	0.999831983216163
ENSMUSG00000031631	1318.6524883413	0.102957981368241	0.0930337462120856	1.1065965389569	0.268468404362372	0.999831983216163
ENSMUSG00000041203	2196.66862245168	0.0207041081640676	0.0874426972939269	0.236766797143075	0.812837711258757	0.999831983216163
ENSMUSG00000031872	367.077464621078	0.0086646690056626	0.109774044032813	0.0789430179769486	0.937077946590532	0.999831983216163
ENSMUSG00000003033	1899.15612125295	0.0645044838292425	0.0991319677477633	0.650550577307784	0.515336642755378	0.999831983216163
ENSMUSG00000031816	1558.17074525447	-0.0787207345555302	0.0911020561715487	-0.864135400187815	0.387513514286117	0.999831983216163
ENSMUSG00000036246	181.737131755897	-0.198317420875758	0.121165979159201	-1.64029062223956	0.100944754534395	0.999831983216163
ENSMUSG00000039375	355.931124811889	0.152665370789377	0.109847230673281	1.38939410109363	0.164712943075097	0.999831983216163
ENSMUSG00000031479	1628.65973731531	-0.112850915928157	0.0989845674849025	-1.14040582836173	0.254117265816523	0.999831983216163
ENSMUSG00000037940	1800.78919342471	-0.00755619655504672	0.0966698401215496	-0.0781687930635627	0.937693785565159	0.999831983216163
ENSMUSG00000074247	796.803042271136	-0.0478360419400786	0.0963443017384232	-0.496516168103023	0.619530283078137	0.999831983216163
ENSMUSG00000015568	74.2208021931696	-0.0131460436838691	0.119744368890809	-0.109739126202345	0.912616269568281	0.999831983216163
ENSMUSG00000052926	738.518869514511	0.09891444433518	0.0990391328067177	0.998573920800024	0.318001138793545	0.999831983216163
ENSMUSG00000031827	2843.87823173107	0.0676318782791862	0.0830828189500333	0.813991473613264	0.415649835527667	0.999831983216163
ENSMUSG00000050079	1444.94770507875	0.0369338535938616	0.0946730249791904	0.390113019703023	0.696452975743924	0.999831983216163
ENSMUSG00000025810	460.530197249943	0.0220438237332725	0.106484803635601	0.207002379626556	0.836008000077271	0.999831983216163
ENSMUSG00000001995	2414.45981590582	0.0149030783528298	0.0858780347246302	0.173532667256667	0.862232752619495	0.999831983216163
ENSMUSG00000031570	596.95087102385	-0.105025285873585	0.10111666096418	-1.03863782465374	0.298973207456953	0.999831983216163
ENSMUSG00000031847	122.153916328524	-0.0145507412533027	0.121826933583785	-0.119515277761629	0.904867136885036	0.999831983216163
ENSMUSG00000003812	350.544629027617	-0.116580394299537	0.117914296505612	-0.989513222021801	0.322412104033172	0.999831983216163
ENSMUSG00000046408	36.2921351382261	0.0112215249088042	0.108533330518423	0.103372279237083	0.917667512225465	0.999831983216163
ENSMUSG00000031835	3787.15830236236	0.0614849982017963	0.0804341226276317	0.764381290948444	0.444640054636875	0.999831983216163
ENSMUSG00000031897	355.362414753506	0.151961093902208	0.116784434646181	1.29974913584124	0.19368696366733	0.999831983216163
ENSMUSG00000031683	2100.18409577654	0.0390301585347836	0.0867809253070817	0.449740011691257	0.652897917130852	0.999831983216163
ENSMUSG00000035671	695.706993296259	0.0216915275529403	0.0996328560660867	0.217726157050926	0.827642482172408	0.999831983216163
ENSMUSG00000058748	587.735619247289	-0.00174725859809613	0.105991354793396	-0.0164849685926721	0.986847493785396	0.999831983216163
ENSMUSG00000003849	382.093475772636	0.145209177219138	0.108489357488091	1.33789796629492	0.180929700203208	0.999831983216163
ENSMUSG00000031661	517.996735899636	-0.1145641198008	0.102274052947154	-1.12021045555501	0.262624089483834	0.999831983216163
ENSMUSG00000031697	814.295791486118	-0.0725688316076807	0.0954625794896936	-0.760170630256553	0.447152598138057	0.999831983216163
ENSMUSG00000031684	271.821328715447	0.0464531130098197	0.116818243407147	0.397460536639618	0.691027882116374	0.999831983216163
ENSMUSG00000031808	3004.86555633353	0.0372102523613583	0.0949502021151328	0.391848222899547	0.695170361798238	0.999831983216163
ENSMUSG00000031832	364.56331756627	0.00655676709685564	0.109874432276013	0.0596668785059285	0.952420951839178	0.999831983216163
ENSMUSG00000039478	7867.74677378566	0.0415782553040902	0.0846245810922629	0.491302296120364	0.623212656105666	0.999831983216163
ENSMUSG00000031921	1298.42751923252	-0.000771083147570162	0.0927509660483204	-0.00831282920382725	0.993367398310685	0.999831983216163
ENSMUSG00000002910	642.705308705597	-0.0423542761294173	0.111498707564548	-0.381717518235783	0.702670904620526	0.999831983216163
ENSMUSG00000031781	1463.02804659406	-0.0482800780060181	0.0889625326935488	-0.542720298008347	0.587322396519737	0.999831983216163
ENSMUSG00000001300	1034.34418471517	-0.046763701492813	0.0933952347185835	-0.500736566499305	0.616556533939649	0.999831983216163
ENSMUSG00000031723	364.666142779622	0.0837339835815468	0.109391827417331	0.765268578904494	0.444111630308466	0.999831983216163
ENSMUSG00000038542	1206.51825318877	-0.0770814367775115	0.104071059897486	-0.740810079341165	0.458808602900282	0.999831983216163
ENSMUSG00000037134	1019.76301364116	0.00752045702880989	0.0918150790803062	0.0819075612329784	0.934720221651184	0.999831983216163
ENSMUSG00000052906	759.236441894407	-0.0488625953421174	0.0979344963630519	-0.498952053281536	0.617813162076087	0.999831983216163
ENSMUSG00000058355	4626.2400686901	-0.0511007377774939	0.0802432856227675	-0.636850806664131	0.524222028433208	0.999831983216163
ENSMUSG00000047388	2435.98628494087	0.124976742341263	0.0855501224044317	1.46070214657439	0.144097199720843	0.999831983216163
ENSMUSG00000031671	390.307101611083	0.189315877991755	0.107471613102244	1.760753731984	0.0782800940055035	0.999831983216163
ENSMUSG00000031505	550.3299611794	-0.108397652545956	0.103181579974541	-1.05054925285031	0.293465658726544	0.999831983216163
ENSMUSG00000036469	203.650456973177	-0.0326189132241834	0.121782062002185	-0.268112429411261	0.788612778697552	0.999831983216163
ENSMUSG00000039720	23.0282454432928	0.0521807862122469	0.0964533156463677	0.537340597800006	0.591032367297893	0.999831983216163
ENSMUSG00000036934	582.004788456883	0.0475475760028385	0.101966106130601	0.46631055735885	0.640993222990495	0.999831983216163
ENSMUSG00000001911	9626.77627495688	-0.0445381221781355	0.0966764424933695	-0.460751945996568	0.644976581651067	0.999831983216163
ENSMUSG00000041438	848.801988058372	-0.00104413864206828	0.0971811093881532	-0.0107437183581674	0.9914279179057	0.999831983216163
ENSMUSG00000036330	16.4686747289819	0.157530120857482	0.0858354426454647	1.79847802854541	0.072101287392085	0.999831983216163
ENSMUSG00000005483	1513.23557278249	-0.10483335325269	0.101716018031341	-1.03099426110366	0.302543511028417	0.999831983216163
ENSMUSG00000038416	2286.61181689176	-0.0353701461274177	0.0825911587726663	-0.428264548595842	0.668458526265733	0.999831983216163
ENSMUSG00000034880	18.3327175629183	0.0120521323563245	0.0896154608486334	0.134100891926313	0.893322794359552	0.999831983216163
ENSMUSG00000031955	4473.24942164908	-0.0500089659455727	0.0816630986506766	-0.612408953013828	0.540267219784166	0.999831983216163
ENSMUSG00000031644	2327.08993583352	0.00973053173907231	0.0888158895633778	0.109559714581292	0.912758561367496	0.999831983216163
ENSMUSG00000052456	2199.6509323212	0.0845818129077816	0.0868494503711717	0.973797228409077	0.330157229534067	0.999831983216163
ENSMUSG00000033624	3040.70639322609	-0.0349950711016266	0.0892754104102649	-0.392015686792269	0.695046623222498	0.999831983216163
ENSMUSG00000036977	541.538632575635	-0.109587918858945	0.103813806051782	-1.05568070852129	0.291114113721267	0.999831983216163
ENSMUSG00000002346	887.708085859923	-0.0501859372808198	0.106030891995506	-0.473354082757868	0.635960583259976	0.999831983216163
ENSMUSG00000031782	1801.42155258354	0.0508454997960945	0.0883991713134649	0.575140681052848	0.565196156851778	0.999831983216163
ENSMUSG00000031554	11.1782329585742	-0.0168342806395042	0.0711859460086153	-0.239105061105798	0.811024117394515	0.999831983216163
ENSMUSG00000019464	22.244787661715	0.0578451605705187	0.0961675567570658	0.596978402987253	0.550521799878773	0.999831983216163
ENSMUSG00000034467	46.423312840287	0.0208358512692901	0.112892149205561	0.184440909130284	0.853667579433062	0.999831983216163
ENSMUSG00000031971	701.362407757006	-0.117318922291772	0.0993311212165521	-1.18108856215349	0.237567543208513	0.999831983216163
ENSMUSG00000061410	3102.63478022921	-0.0915465897735395	0.0814067881824975	-1.1246116778582	0.260753623003948	0.999831983216163
ENSMUSG00000089704	2040.06049033003	-0.0761864470935513	0.0834420909058483	-0.913069410372081	0.36120603728754	0.999831983216163
ENSMUSG00000031774	1523.27005763689	-0.0329533332052381	0.086111288435596	-0.382687815989734	0.701951249454137	0.999831983216163
ENSMUSG00000031789	20.480563503323	-0.0151169915974776	0.0869906422724307	-0.174754708659306	0.861272377848057	0.999831983216163
ENSMUSG00000031910	148.550876029989	-0.0970493284058367	0.120211336754112	-0.807774729199766	0.419220275241438	0.999831983216163
ENSMUSG00000071078	27.2633885862832	-0.101221082247294	0.0973258353199381	-1.05964847808741	0.289304550243101	0.999831983216163
ENSMUSG00000050914	31.4917177664402	0.0015679988881267	0.105626690365212	0.0148313833837443	0.988166702012647	0.999831983216163
ENSMUSG00000011832	2557.7836854477	-0.00494235715847453	0.0836102609215004	-0.0591122423149162	0.952862707736825	0.999831983216163
ENSMUSG00000031952	34.413373435491	0.0542962927960859	0.105247807424545	0.512903265311309	0.608018989208631	0.999831983216163
ENSMUSG00000031751	6863.29392724102	-0.00566127292996798	0.0775177636640142	-0.0730314492029775	0.941781091478267	0.999831983216163
ENSMUSG00000036672	465.155005856717	-0.00179393311762749	0.114050758635301	-0.015724862561958	0.987453891991942	0.999831983216163
ENSMUSG00000054320	28.0134212404509	0.0118832830060284	0.103207940781023	0.115016245094858	0.908432245772589	0.999831983216163
ENSMUSG00000026317	1171.11325509561	-0.0941711642832985	0.0932478992583695	-1.01000787171889	0.3124915186997	0.999831983216163
ENSMUSG00000006519	108.095344905533	-0.0467562009296133	0.121615328704152	-0.385010863252566	0.700229367078143	0.999831983216163
ENSMUSG00000031681	1279.40583339408	-0.149362063214307	0.0898049408885805	-1.66328376373657	0.0962556472019651	0.999831983216163
ENSMUSG00000004626	1153.71295299318	-0.010396044537316	0.111535111920502	-0.0932047970566336	0.925740863481193	0.999831983216163
ENSMUSG00000031831	10.5773611095395	0.0158632534761292	0.0747725721114894	0.211204842322298	0.832727432355955	0.999831983216163
ENSMUSG00000060098	1124.63007239465	0.0383982363799667	0.0923439623482949	0.415802182813615	0.677554761462878	0.999831983216163
ENSMUSG00000038143	4338.56030032734	-0.0533790448374116	0.0894558271534191	-0.596768822805262	0.550661735992466	0.999831983216163
ENSMUSG00000004383	3470.3235374569	0.0655638540267955	0.0875519615099107	0.748806540625658	0.453973816954491	0.999831983216163
ENSMUSG00000007610	683.057696061278	-0.0288592146588744	0.100951372954478	-0.28585710786594	0.77498756644217	0.999831983216163
ENSMUSG00000071176	2378.38767433015	-0.0387240021008783	0.0885183508335611	-0.437495198933848	0.661752257168687	0.999831983216163
ENSMUSG00000041308	950.984883697971	-0.0572060303576054	0.102283509331599	-0.559385117890111	0.575898915795924	0.999831983216163
ENSMUSG00000031613	364.139168129028	-0.133329648376372	0.111941763732059	-1.19151480286081	0.233451548943788	0.999831983216163
ENSMUSG00000031728	969.767571285245	-0.00864104372976051	0.0925959065840647	-0.0933177763221789	0.925651110241447	0.999831983216163
ENSMUSG00000031666	1415.49320059654	-0.0206271920136865	0.0946237926179553	-0.218005254654019	0.827425017271171	0.999831983216163
ENSMUSG00000031641	377.825425259072	0.0654704853010419	0.107580474402192	0.608505694099299	0.542852130583871	0.999831983216163
ENSMUSG00000004319	11008.8911558704	0.0222134585021256	0.0841815270967051	0.263870144090738	0.79187998207572	0.999831983216163
ENSMUSG00000031740	56.7450597076831	-0.089594417563943	0.114911789327449	-0.783204392574	0.433507095857785	0.999831983216163
ENSMUSG00000031488	203.617919301573	0.0970080095126073	0.121677004443606	0.795884617482512	0.426099102893562	0.999831983216163
ENSMUSG00000090137	181.043362719179	0.0714211385582502	0.118751623588925	0.601085275307502	0.547783190211874	0.999831983216163
ENSMUSG00000008206	2004.44040541818	0.127504885511795	0.0864925604259864	1.47400961538678	0.140479002279001	0.999831983216163
ENSMUSG00000040396	2600.66774734304	-0.0690715973267854	0.0859467269357258	-0.803716682782862	0.42156061710682	0.999831983216163
ENSMUSG00000046152	657.211363909894	-0.0123499659067644	0.0983318152852097	-0.125593263383344	0.90005389577102	0.999831983216163
ENSMUSG00000031906	755.881235674954	-0.11346235794497	0.0983234933646197	-1.15411116190226	0.248454597804732	0.999831983216163
ENSMUSG00000053886	15.6054251710483	0.051310390800186	0.085226920519367	0.596537068502779	0.550816498084336	0.999831983216163
ENSMUSG00000004994	328.812645478647	0.106460055704397	0.111574333928609	0.953717309672021	0.340226755810351	0.999831983216163
ENSMUSG00000049577	540.440740486584	0.0807841237101023	0.104024201387162	0.776415237295144	0.437503850723003	0.999831983216163
ENSMUSG00000031534	774.314505021728	0.109096776068082	0.0971897019883097	1.1223444063432	0.261716032142046	0.999831983216163
ENSMUSG00000031828	245.903944002838	-0.164664298382756	0.11677086671423	-1.41111088017587	0.158211922358919	0.999831983216163
ENSMUSG00000031987	3836.09053222052	-0.0363101675220556	0.080178982786115	-0.452873412318003	0.650639897127804	0.999831983216163
ENSMUSG00000031896	30.3397161925285	-0.0184596743401335	0.0999606688505788	-0.185131541402871	0.853125862734325	0.999831983216163
ENSMUSG00000031563	1055.96569201814	-0.092295068225459	0.098708663483126	-0.935187595763438	0.349691629931192	0.999831983216163
ENSMUSG00000069895	2194.16016019127	-0.0878182649934977	0.090541617396417	-0.970046223495756	0.332023452296913	0.999831983216163
ENSMUSG00000031711	1271.34307398005	0.038363573681091	0.0943020371360375	0.406819014899494	0.684140919923891	0.999831983216163
ENSMUSG00000031916	1034.98559246336	-0.055310856121363	0.0962451368861146	-0.574689036364503	0.565501623584225	0.999831983216163
ENSMUSG00000038005	1502.86012559902	0.156961303896385	0.0891493334750411	1.76045612924485	0.0783304996569823	0.999831983216163
ENSMUSG00000037363	897.755617667973	0.0247920545361046	0.0966947687358809	0.256374572019719	0.797661620459131	0.999831983216163
ENSMUSG00000034105	303.832780726847	0.0889310356126257	0.112629895025734	0.789314697287058	0.429928098618003	0.999831983216163
ENSMUSG00000036054	3856.22740941799	-0.0109950027520838	0.0836150788247655	-0.131494826130469	0.89538387918791	0.999831983216163
ENSMUSG00000002948	2113.00303783809	0.0569772190876139	0.08650136257199	0.658664050655131	0.510111522734437	0.999831983216163
ENSMUSG00000034518	972.283186614298	-0.0123764884082373	0.0915692835158534	-0.135159367747473	0.892485872077367	0.999831983216163
ENSMUSG00000031758	1014.59225181702	-0.0758548119716164	0.0950002894852913	-0.798532674088084	0.424561439875655	0.999831983216163
ENSMUSG00000033931	800.787855732028	-0.0260831183904538	0.0981100475840441	-0.265844428195184	0.790359025201646	0.999831983216163
ENSMUSG00000070003	1468.4853688674	0.0147539909081231	0.0912729767323394	0.161641415339816	0.87158824143009	0.999831983216163
ENSMUSG00000035151	1365.44741103627	-0.0696380657466145	0.0888998128876833	-0.783359006781812	0.433416321524839	0.999831983216163
ENSMUSG00000002393	295.999305388492	-0.0814766736938293	0.115698031617241	-0.704539884806699	0.481096620626443	0.999831983216163
ENSMUSG00000005705	10.7773463202149	-0.0606354545927347	0.0733028776967757	-0.848860120917407	0.395959131534826	0.999831983216163
ENSMUSG00000055707	1501.23031288498	0.0619176999531644	0.0895649469813338	0.691260758167401	0.489401687756082	0.999831983216163
ENSMUSG00000049482	413.731134524885	0.139162008502595	0.110128773899727	1.26286786333468	0.206636670910942	0.999831983216163
ENSMUSG00000015023	1793.00047974468	-0.0758391080673096	0.0902592474489296	-0.840285677664916	0.40074822980968	0.999831983216163
ENSMUSG00000031555	2340.48524443405	-0.0263509759400442	0.0918837842554481	-0.286805091788607	0.774261563979799	0.999831983216163
ENSMUSG00000014776	180.637237824421	0.138374848682554	0.121233223761549	1.13937969284128	0.254544822131602	0.999831983216163
ENSMUSG00000000738	2141.07492288243	-0.0319311792331781	0.0871410485810968	-0.366433110863486	0.714041916369159	0.999831983216163
ENSMUSG00000031783	1637.44394588247	-0.0179502647301205	0.0928250598806557	-0.193375863447586	0.846664616845698	0.999831983216163
ENSMUSG00000037725	28.6831469086759	-0.0398782675531039	0.102009434546352	-0.39281119516124	0.694458935431713	0.999831983216163
ENSMUSG00000031792	193.279607957245	0.0402957055955882	0.117911346195112	0.341722097465293	0.732560040777058	0.999831983216163
ENSMUSG00000002342	954.544020054494	-0.0264443792267178	0.101673719967723	-0.260080583549529	0.794801614777949	0.999831983216163
ENSMUSG00000038604	2345.87787582633	0.0163506549805758	0.0870153550173594	0.187900874657266	0.850954357073562	0.999831983216163
ENSMUSG00000031821	22.2888924033681	-0.0491590635950676	0.0962005780575234	-0.514892161516613	0.606628378637804	0.999831983216163
ENSMUSG00000038697	537.018878552338	-0.00397882646442736	0.101281538560933	-0.0392834885184634	0.968664370708375	0.999831983216163
ENSMUSG00000002885	360.070257282104	-0.145928068112749	0.109315737257516	-1.33514816248691	0.181827858913167	0.999831983216163
ENSMUSG00000033192	240.423127212972	0.0172013800062201	0.117159159877573	0.146783458331592	0.883302941591634	0.999831983216163
ENSMUSG00000015013	704.189163854567	0.108047164187999	0.0985460401331958	1.09627092486055	0.272960229349478	0.999831983216163
ENSMUSG00000036686	1452.66570650056	0.0571169806022564	0.0917286345309089	0.62261501289287	0.533537543195557	0.999831983216163
ENSMUSG00000000791	70.6819789378934	-0.109287939131585	0.118918637368	-0.922521318501873	0.356256715598721	0.999831983216163
ENSMUSG00000044433	796.954286442511	0.0711467841208605	0.0959711145964834	0.741265944166217	0.458532206434474	0.999831983216163
ENSMUSG00000038506	2278.02728576838	0.0256908720638917	0.0909341800520949	0.282514622483017	0.77754893593438	0.999831983216163
ENSMUSG00000031453	5060.44741492248	-0.123469582650959	0.0787500400012814	-1.56798914386637	0.116883665933665	0.999831983216163
ENSMUSG00000006276	2604.98388458303	-0.00452310457792031	0.0886162435498987	-0.0510399101893415	0.959293718244065	0.999831983216163
ENSMUSG00000019731	2982.78187400815	-0.086232978574433	0.0816645223998799	-1.05598806206249	0.29097366896632	0.999831983216163
ENSMUSG00000031590	813.555450732797	-0.0274430184872941	0.109451132283232	-0.25072982909837	0.802022996884753	0.999831983216163
ENSMUSG00000031633	21517.4610981857	0.0570560140692756	0.0828299180890417	0.688783271822074	0.490959664154234	0.999831983216163
ENSMUSG00000031885	935.732379433781	-0.00536121327997979	0.0946951407957443	-0.0566166913431314	0.954850538102928	0.999831983216163
ENSMUSG00000050357	1495.03996194325	0.0653937731569437	0.0925184349186455	0.706731405455402	0.479733409037887	0.999831983216163
ENSMUSG00000033938	1537.6027431071	0.0502945165338451	0.100089473512211	0.502424184785405	0.615369170373453	0.999831983216163
ENSMUSG00000004677	2267.38662023113	-0.096406335744036	0.0888429567039929	-1.08521448384355	0.277826670722405	0.999831983216163
ENSMUSG00000013160	5713.9216981375	-0.0204093150817418	0.083279937546209	-0.245071105031632	0.806401375651309	0.999831983216163
ENSMUSG00000025521	510.675477954509	0.0868245368545905	0.102611309441218	0.846110654767684	0.397491017422604	0.999831983216163
ENSMUSG00000008167	332.432006689393	0.0571465278672064	0.111520202046015	0.512293529978454	0.608445592729679	0.999831983216163
ENSMUSG00000051671	293.719221529557	0.0139042907443429	0.113528396646213	0.12248068378122	0.902518342917341	0.999831983216163
ENSMUSG00000017765	1226.19809281446	-0.0599402620265771	0.0941108819180046	-0.636931791655861	0.52416927350288	0.999831983216163
ENSMUSG00000008129	73.6507060542821	0.105816984805704	0.120268869830172	0.876922720701872	0.380528614330003	0.999831983216163
ENSMUSG00000045333	929.108192593958	0.0457442709848131	0.0998607129347455	0.458060616164615	0.646908892806733	0.999831983216163
ENSMUSG00000010936	1152.01213556587	-0.0123532555276778	0.0896041652014525	-0.137865915418785	0.890346388677628	0.999831983216163
ENSMUSG00000038894	3219.59417341653	0.0614157172397314	0.0819174868510461	0.749694341222467	0.453438816452086	0.999831983216163
ENSMUSG00000031862	1926.93101465202	0.0158819958508573	0.095295438903647	0.166649742248036	0.867645652273897	0.999831983216163
ENSMUSG00000031878	3759.84249761635	0.0783740317184642	0.0824445528570952	0.950568358149685	0.341823537513484	0.999831983216163
ENSMUSG00000031513	3000.62076387321	0.0383038021144531	0.0814086465868372	0.470498898625159	0.637998620918638	0.999831983216163
ENSMUSG00000036534	861.854142457517	0.0852176636545984	0.0943753558543693	0.902906346266739	0.366575602182399	0.999831983216163
ENSMUSG00000003808	1463.75188305169	-0.0456560706039763	0.0920069063580106	-0.496239281760204	0.619725599384691	0.999831983216163
ENSMUSG00000034361	893.283001108124	-0.154310418422173	0.0950932436778773	-1.62274960164426	0.104642943335253	0.999831983216163
ENSMUSG00000096188	4923.08135876878	-0.00733839779543659	0.0841308412110121	-0.0872271184977338	0.930490984060469	0.999831983216163
ENSMUSG00000037852	35234.2320304352	0.0611039609203431	0.086271899305021	0.708200003846933	0.478821063780056	0.999831983216163
ENSMUSG00000031487	337.315175200701	0.0487738135195677	0.113206337105734	0.430667713288878	0.666709998139829	0.999831983216163
ENSMUSG00000031901	456.781633932102	0.101072310856834	0.104090517014476	0.970850683978247	0.331622639134435	0.999831983216163
ENSMUSG00000031880	17.670433777606	0.0814407462267576	0.0879676721045232	0.914478301130728	0.360465574572226	0.999831983216163
ENSMUSG00000037101	13.5600985178548	0.0519224238924872	0.0815104800550205	0.629882151145221	0.528771691586954	0.999831983216163
ENSMUSG00000070044	875.734359710481	0.13100430113828	0.0953132322815695	1.37432248559879	0.169341588639012	0.999831983216163
ENSMUSG00000071103	203.90875558749	0.0178532079461446	0.118711976292739	0.150361103282585	0.880479727418716	0.999831983216163
ENSMUSG00000037296	692.448755993426	-0.027416907534661	0.100069771508041	-0.273993560089503	0.784089570660781	0.999831983216163
ENSMUSG00000031669	157.947129405367	0.0857590933999358	0.119740833775245	0.715807770422338	0.474110053725541	0.999831983216163
ENSMUSG00000007888	66.5248022396903	-0.122455433482552	0.119655817113635	-1.02731037075608	0.304274340556451	0.999831983216163
ENSMUSG00000031818	10493.7173044734	-0.0624312161974751	0.083676020171177	-0.746164126356051	0.455568275729134	0.999831983216163
ENSMUSG00000031533	815.110130914615	0.0185863618671795	0.0948703938751553	0.19591617845756	0.844675774079746	0.999831983216163
ENSMUSG00000052488	2062.71017161866	-0.0423647373765972	0.0891544538548408	-0.475191244074367	0.634650667439081	0.999831983216163
ENSMUSG00000040459	6372.88017307728	0.00326433031768688	0.0833277726383876	0.0391749036317569	0.968750942273555	0.999831983216163
ENSMUSG00000050751	4454.68945304198	0.0401635755759975	0.0884516302649536	0.454042640486134	0.649798136540242	0.999831983216163
ENSMUSG00000031834	2712.36175909539	-0.0476706895332796	0.0882777804866492	-0.540025871885315	0.589179190372457	0.999831983216163
ENSMUSG00000031730	532.989012749667	-0.0215033200741683	0.101978168647558	-0.210851817327223	0.833002902988617	0.999831983216163
ENSMUSG00000034308	134.262322984797	0.0462812684923079	0.121798464937965	0.379725123293628	0.70414946891778	0.999831983216163
ENSMUSG00000048644	203.82840791473	-0.0101293287256739	0.121698530331761	-0.0832566185599479	0.933647493858393	0.999831983216163
ENSMUSG00000006517	383.87479127573	-0.0950406690226976	0.110781315393786	-0.858017187612634	0.390882972766466	0.999831983216163
ENSMUSG00000031673	1056.35908243215	0.0776606109394977	0.097898734598217	0.793193545136444	0.427665067687937	0.999831983216163
ENSMUSG00000001065	625.3150369664	-0.105570381191617	0.100034902935672	-1.05536635694401	0.291257803364187	0.999831983216163
ENSMUSG00000034863	2042.38610745506	0.00783905216397686	0.0909524582015223	0.086186902102582	0.931317842570823	0.999831983216163
ENSMUSG00000031600	2110.64734952386	-0.156032071731765	0.0964748519912698	-1.61792601042193	0.105678544028058	0.999831983216163
ENSMUSG00000031540	5930.63138322913	-0.106497265785834	0.101610304721406	-1.04856576746509	0.294378018182013	0.999831983216163
ENSMUSG00000064325	607.965614844223	-0.131522047238013	0.102018488267364	-1.28937633366728	0.197267284968627	0.999831983216163
ENSMUSG00000044014	27.8803365510605	0.101896670355208	0.0939576035693429	1.06804865276909	0.285498565916579	0.999831983216163
ENSMUSG00000056204	512.180169403326	-0.0689602400286197	0.103498551191219	-0.666301238613471	0.505218574055362	0.999831983216163
ENSMUSG00000052794	376.668968711478	-0.0109231792520139	0.107329298628606	-0.101776800890117	0.918933840220028	0.999831983216163
ENSMUSG00000044006	27.4098528979676	-0.173035461561522	0.101787656331795	-1.74031675686451	0.0818034132673224	0.999831983216163
ENSMUSG00000031917	698.177797050425	-0.0282129524355939	0.0979449516941043	-0.288050822291732	0.77330783593819	0.999831983216163
ENSMUSG00000004567	2099.75833614492	-0.0687115825876061	0.093610142531895	-0.734081326948346	0.462899173416079	0.999831983216163
ENSMUSG00000022322	26.957102024829	-0.106829157945368	0.100666256534504	-1.07812905277603	0.280976167885637	0.999831983216163
ENSMUSG00000031722	12.9855660427019	0.123125478096342	0.0805706509261442	1.49628346456801	0.134579802241477	0.999831983216163
ENSMUSG00000031985	2871.51650946512	-0.0918814671504563	0.0829631327721046	-1.10755020872335	0.268056117084345	0.999831983216163
ENSMUSG00000031712	100.524725635916	0.109672481202547	0.121825691181275	0.898907882534206	0.368701728997928	0.999831983216163
ENSMUSG00000005469	5048.63285777913	0.0227861356746936	0.0807112216132163	0.282311669454317	0.777704538425256	0.999831983216163
ENSMUSG00000005481	147.212009671725	0.0574914011768708	0.120781171570965	0.47576000784215	0.634245364300056	0.999831983216163
ENSMUSG00000054162	4988.55438473259	0.0168011032533695	0.095141148480472	0.176588269943886	0.859831808511	0.999831983216163
ENSMUSG00000019732	46.6581830572794	0.137971654811683	0.113267421852924	1.21004632339127	0.22626111816008	0.999831983216163
ENSMUSG00000031591	3130.94690354722	-0.0316816848916335	0.0856483276679236	-0.369918379354198	0.711443306585983	0.999831983216163
ENSMUSG00000037316	2197.90619865565	0.062475779647005	0.0937233078477591	0.666544061918646	0.505063409979461	0.999831983216163
ENSMUSG00000038069	840.289289333738	0.0539533818118705	0.0981925512799456	0.549458111784061	0.582691103418183	0.999831983216163
ENSMUSG00000033106	852.926678017596	-0.00767163843235685	0.0995609532888642	-0.0770515440990003	0.938582540547903	0.999831983216163
ENSMUSG00000031609	353.540917479957	0.00599317634252791	0.114669453480607	0.0522645982851774	0.958317861221646	0.999831983216163
ENSMUSG00000037214	363.38789048832	-0.0541811441337804	0.10830456521544	-0.500301848777577	0.61686255251618	0.999831983216163
ENSMUSG00000057672	910.744440002659	0.0263242675544959	0.0935224185439585	0.281463712738131	0.778354756545911	0.999831983216163
ENSMUSG00000031710	24.9818257728311	-0.0970113303485524	0.0961340684993617	-1.0263617748084	0.304721088893076	0.999831983216163
ENSMUSG00000046794	134.158043911909	-0.0342224554330853	0.12182720524321	-0.281093596669525	0.778638612372579	0.999831983216163
ENSMUSG00000031634	1753.57513023513	0.102457537750504	0.091894143429274	1.11483359786361	0.264921735984215	0.999831983216163
ENSMUSG00000031626	2165.79667986915	0.00126659057512129	0.0905769278932395	0.0139845695549509	0.988842291545949	0.999831983216163
ENSMUSG00000031967	1809.66415993706	-0.141696918952986	0.0986504943196168	-1.43681033294341	0.150771893554459	0.999831983216163
ENSMUSG00000014837	396.520073326614	-0.0276398938360961	0.113333300337269	-0.243868363764407	0.807332771603916	0.999831983216163
ENSMUSG00000031565	6387.90698829024	0.0360941084618971	0.0843692610633203	0.427788624281888	0.668805019778953	0.999831983216163
ENSMUSG00000038215	721.678896276138	0.0366658631935928	0.100188264561704	0.365927267638171	0.714419348762631	0.999831983216163
ENSMUSG00000036120	397.080383861611	0.111019702348812	0.105882095870508	1.04837776669726	0.294464592929308	0.999831983216163
ENSMUSG00000011306	1987.60758698886	0.128382379486014	0.088569486928587	1.4492910137052	0.147256329584188	0.999831983216163
ENSMUSG00000019433	825.313509894671	-0.0854222128234295	0.0976927721950544	-0.874410475390829	0.381894754664915	0.999831983216163
ENSMUSG00000031986	1039.82102661403	0.00495551631525859	0.0915530406295476	0.0541271757377271	0.956833840871503	0.999831983216163
ENSMUSG00000019478	1884.31960777035	-0.0856771029934155	0.085881447586816	-0.997649365837505	0.318449414169071	0.999831983216163
ENSMUSG00000070000	1121.72619883494	0.133378690902128	0.0983247098027053	1.35614270381332	0.175053767913325	0.999831983216163
ENSMUSG00000005161	5617.83551775757	-0.00980360866672206	0.0893271083486359	-0.109750701392507	0.912607089352564	0.999831983216163
ENSMUSG00000051147	43.0688216116439	0.0249968384831403	0.111593164412631	0.223680874624729	0.823005628743499	0.999831983216163
ENSMUSG00000003809	1225.00259619121	0.0250364937451859	0.0921796030701826	0.27159545534003	0.785933094262933	0.999831983216163
ENSMUSG00000031840	8905.16985259503	-0.0178537973374221	0.0770134947363046	-0.231828821611126	0.816670970396964	0.999831983216163
ENSMUSG00000046844	5041.46494663628	0.0728667713608453	0.0942432772307173	0.773025185123903	0.439507475771359	0.999831983216163
ENSMUSG00000063626	546.353643040541	0.163901617548444	0.111792715075287	1.46509961264032	0.142893742351829	0.999831983216163
ENSMUSG00000031819	2802.46911177612	-0.061973781890044	0.0825384337081686	-0.750872196709022	0.452729574440824	0.999831983216163
ENSMUSG00000034330	85.10049718168	0.140228541396755	0.120066968147586	1.16366453984545	0.244559985142112	0.999831983216163
ENSMUSG00000031596	1819.77095831495	-0.151327768956443	0.0988004914366231	-1.53222777759307	0.125466236155183	0.999831983216163
ENSMUSG00000070002	914.765251426906	0.0339028387439107	0.0936813723787041	0.361887682374754	0.71743596502839	0.999831983216163
ENSMUSG00000065954	4816.30365283273	-0.0244803345654479	0.0890768356476834	-0.27483313954673	0.783444436434936	0.999831983216163
ENSMUSG00000031770	2898.89852223824	-0.117455322611506	0.089288446778196	-1.31563508125093	0.188296553014129	0.999831983216163
ENSMUSG00000031790	499.539960670302	-0.147231798358765	0.10924534775303	-1.34807684618241	0.177633667598193	0.999831983216163
ENSMUSG00000031662	22.0387747568005	0.0102876652212205	0.0952976620909497	0.107906642335316	0.91406974806964	0.999831983216163
ENSMUSG00000031950	7722.16113137844	-0.0195296805737399	0.0791374865596773	-0.246784056831821	0.805075349748333	0.999831983216163
ENSMUSG00000031532	4213.02906879474	0.0800670858765526	0.0882806168961076	0.906853429486335	0.364484311127835	0.999831983216163
ENSMUSG00000005698	4564.00045176435	-0.0113886733045682	0.0854996556209403	-0.133204182326603	0.894031903306535	0.999831983216163
ENSMUSG00000013155	231.481853798063	0.111172381633303	0.117039988696717	0.949173217449395	0.342532520785345	0.999831983216163
ENSMUSG00000031657	1440.99285724041	-0.1004693283194	0.0870255931204754	-1.15451593517592	0.24828870930776	0.999831983216163
ENSMUSG00000055553	766.744283548775	0.0640670627638406	0.102067061029341	0.627548925655315	0.53029947591892	0.999831983216163
ENSMUSG00000048617	144.057074764278	0.0553761250754467	0.121812850843788	0.454039372443937	0.649800488674519	0.999831983216163
ENSMUSG00000089736	108.223045839784	0.0274803618487996	0.121885981202009	0.225339210738935	0.821715398200691	0.999831983216163
ENSMUSG00000004996	551.356264555819	-0.112208167940521	0.102217245775029	-1.0977817857796	0.272299786782071	0.999831983216163
ENSMUSG00000033751	322.95205942174	-0.0704829250121898	0.109729751797569	-0.642335068817293	0.52065564903273	0.999831983216163
ENSMUSG00000042870	677.403524982516	-0.000507698855157429	0.0973464286427714	-0.00521473676851147	0.995839260901258	0.999831983216163
ENSMUSG00000039661	1784.94875513152	0.110733815049384	0.0960589409644653	1.15250455641483	0.249113798486709	0.999831983216163
ENSMUSG00000031446	3358.02963708355	-0.00442727397800905	0.0800133228218314	-0.0553315017497052	0.955874365832878	0.999831983216163
ENSMUSG00000037070	471.222315595985	-0.0760128519257626	0.103892459080976	-0.731673340741566	0.464367971948387	0.999831983216163
ENSMUSG00000033430	2124.49710324773	0.0273807766307905	0.10445234180361	0.262114546241756	0.793233132463828	0.999831983216163
ENSMUSG00000031974	907.899616829838	0.107672574252441	0.0944864858275394	1.13950283709722	0.254493485635195	0.999831983216163
ENSMUSG00000006589	462.635251556779	0.0593386741143216	0.107994947964363	0.54931200259294	0.582791351797814	0.999831983216163
ENSMUSG00000031907	697.411588639077	0.0317236001960178	0.0969555528452874	0.327197633966032	0.743518410312709	0.999831983216163
ENSMUSG00000000792	199.862965526112	0.186887671087256	0.121839291562451	1.52585801569135	0.127045228536453	0.999831983216163
ENSMUSG00000045128	3807.30697725099	0.127079104147432	0.0861712414613814	1.47448638097506	0.140350681910055	0.999831983216163
ENSMUSG00000094500	88.1329761891735	0.0970585389967796	0.121243118596832	0.798584334127031	0.424531474416805	0.999831983216163
ENSMUSG00000003847	6165.1298474055	-0.153469429541626	0.0886614514458296	-1.7314037031769	0.0833797866019182	0.999831983216163
ENSMUSG00000031688	29.7512835112687	0.082990173491579	0.0841782325883312	0.966969406213667	0.33355932789701	0.999831983216163
ENSMUSG00000036180	1819.83827891583	-0.0268972943338248	0.0851573930488522	-0.315856441591379	0.75211147515774	0.999831983216163
ENSMUSG00000089857	740.078026523055	-0.131041463372042	0.100427356032974	-1.30505560319132	0.191873914900964	0.999831983216163
ENSMUSG00000074217	27.3814206147508	-0.0652562390135913	0.10102880005166	-0.651297625901944	0.514854380638895	0.999831983216163
ENSMUSG00000031520	183.305784414189	-0.0648024612998837	0.120993550786603	-0.536026369456912	0.591940326073587	0.999831983216163
ENSMUSG00000031508	3494.07411425804	-0.0933911182596254	0.0824699487922268	-1.13250817557197	0.257420849177988	0.999831983216163
ENSMUSG00000060038	682.239666105062	-0.0515847402506413	0.103421852443757	-0.498784851677696	0.617930960403548	0.999831983216163
ENSMUSG00000036879	2448.09472153687	-0.0574175746749485	0.0903928551197941	-0.635266864892114	0.52525438043556	0.999831983216163
ENSMUSG00000044676	2909.83278566699	0.0433697943855248	0.0822870778637508	0.527043036793793	0.598163702533121	0.999831983216163
ENSMUSG00000031577	1188.21918402807	-0.0250317025522209	0.0916518226104964	-0.273112473206731	0.784766758864155	0.999831983216163
ENSMUSG00000031738	11.0648818588908	0.0458133146302171	0.0724474949933325	0.620951545442973	0.534631504795247	0.999831983216163
ENSMUSG00000058833	555.284102859714	0.0643632593874878	0.10984693894917	0.585743761591267	0.558047721285944	0.999831983216163
ENSMUSG00000005470	42.6582001422318	0.0414523489314347	0.112748895037529	0.366949458084355	0.71365671862003	0.999831983216163
ENSMUSG00000031601	2480.1231120895	-0.0778636667695009	0.0906259707330659	-0.859292123732383	0.390179368501212	0.999831983216163
ENSMUSG00000038206	1476.7607062258	-0.0119504422058828	0.0865404828085618	-0.138090190065393	0.890169138693562	0.999831983216163
ENSMUSG00000090336	63.3240532680457	0.048044305946222	0.11852062067301	0.404925866559594	0.685532004251789	0.999831983216163
ENSMUSG00000005150	584.958324452194	0.0238974234999607	0.100359376624133	0.238110232422779	0.811795598629224	0.999831983216163
ENSMUSG00000006362	1503.68954819156	0.0822437211482797	0.0935784946794702	0.878745061806357	0.379539519986488	0.999831983216163
ENSMUSG00000031545	3507.97268029508	-0.0226401258313708	0.0828592206398614	-0.273238636126194	0.784669782208301	0.999831983216163
ENSMUSG00000031608	2174.35992678945	-0.00858678349032667	0.0841008666950294	-0.102099613898778	0.918677607478251	0.999831983216163
ENSMUSG00000056608	6540.45722801603	-0.0363849643008635	0.0920773093711863	-0.395190422663908	0.692702360264277	0.999831983216163
ENSMUSG00000031519	14.3871830767152	-0.00138854598103701	0.0815385391259073	-0.0170487924182913	0.986397690696507	0.999831983216163
ENSMUSG00000031594	10.8502973737548	0.021438931847663	0.0749575376872666	0.284500979176967	0.776026483751241	0.999831983216163
ENSMUSG00000031562	116.403958112912	0.0413208218702703	0.121885947020106	0.338892496087819	0.734690717564804	0.999831983216163
ENSMUSG00000031627	790.063421183106	-0.114629032708128	0.0996010368641525	-1.1509811503032	0.249739990371004	0.999831983216163
ENSMUSG00000055675	5443.0187832962	0.0165765591298517	0.105828193856215	0.15661996622132	0.87554436597592	0.999831983216163
ENSMUSG00000031893	23.6893314711004	0.101277277833885	0.0979200512055142	1.02391151071926	0.305877072861666	0.999831983216163
ENSMUSG00000034796	62.0141899961295	0.0668683062702806	0.0697005837487244	0.935588752097345	0.349484967986674	0.999831983216163
ENSMUSG00000002190	616.650056748871	0.0714975882763248	0.101896353332614	0.701653330116852	0.482895384503818	0.999831983216163
ENSMUSG00000031539	4485.6940160853	0.0886430335444978	0.0820244186127011	1.08060743994339	0.279871771645265	0.999831983216163
ENSMUSG00000045636	7714.98054373256	-0.0961109761912219	0.0803968470374021	-1.19556803487904	0.231865171672741	0.999831983216163
ENSMUSG00000037415	2065.5106281675	-0.0386636737411155	0.0855512372961919	-0.451937746362459	0.651313830830357	0.999831983216163
ENSMUSG00000048371	661.627080815508	0.0114053466617337	0.112011292339787	0.101825780038882	0.918894962491004	0.999831983216163
ENSMUSG00000015016	698.724353351292	-0.0920309590055236	0.0966139231585275	-0.952559900317988	0.34081310266296	0.999831983216163
ENSMUSG00000036437	141.0440376738	-0.0405264202436355	0.0874102797548127	-0.470237908190291	0.63818505340802	0.999831983216163
ENSMUSG00000014786	1501.89056323519	0.078067189995591	0.0944521869565526	0.826396080619135	0.408579446034721	0.999831983216163
ENSMUSG00000019278	10.8195469590016	0.0284829502419523	0.0715358418108037	0.392592490371146	0.694620486952675	0.999831983216163
ENSMUSG00000003039	2226.17752727701	0.0493203329433983	0.083954802182132	0.58744215759607	0.556906787317589	0.999831983216163
ENSMUSG00000033009	3448.83884842723	0.0738112962121689	0.0819451857487552	0.900696308951554	0.367749811725806	0.999831983216163
ENSMUSG00000034807	1285.94151327919	-0.00485699925392076	0.0945604242872156	-0.0513614014589585	0.959037541329675	0.999831983216163
ENSMUSG00000007721	1418.73957498195	-0.0115046715280475	0.0880660769139661	-0.130638736358288	0.896061098123497	0.999831983216163
ENSMUSG00000109372	18.3740369024792	0.0646499836011976	0.0895691454574843	0.713514278426328	0.475527580855019	0.999831983216163
ENSMUSG00000036810	1713.05016102782	-0.000714580238154186	0.0850149338318776	-0.00840485152597139	0.993293977685625	0.999831983216163
ENSMUSG00000046556	933.601739617209	0.0454588177154492	0.093065470682552	0.488439963032619	0.625238241177781	0.999831983216163
ENSMUSG00000074194	280.921188805521	0.0575605113998478	0.114181246516681	0.503929069521786	0.614311222010488	0.999831983216163
ENSMUSG00000031732	1908.76126452883	-0.0589663493052583	0.0938246077110021	-0.628529719539436	0.529656983988342	0.999831983216163
ENSMUSG00000019470	1599.27275979308	-0.00102538637461165	0.0901247519725595	-0.0113766281025317	0.99092295988677	0.999831983216163
ENSMUSG00000038457	44.8412928499211	0.0265650741158916	0.113797519142577	0.232997529351886	0.815763324270785	0.999831983216163
ENSMUSG00000037103	707.411165929165	-0.0329873931095565	0.108656175723371	-0.303594983249672	0.76143647408194	0.999831983216163
ENSMUSG00000018796	1581.8274713913	0.0461846259536582	0.0885228468174473	0.52170383085628	0.601876556997489	0.999831983216163
ENSMUSG00000031843	638.844497157219	0.0271381154069575	0.105840833298265	0.256364086693885	0.797669716075862	0.999831983216163
ENSMUSG00000031799	2004.64888246443	-0.0667478912286215	0.0925839403194866	-0.721011672191281	0.470902333348545	0.999831983216163
ENSMUSG00000014856	826.979043915385	-0.0548591907991253	0.102341928755495	-0.536084188283931	0.591900367411742	0.999831983216163
ENSMUSG00000031706	1078.36327958878	0.0708049774270958	0.0996290895884478	0.710535014358227	0.477372425792971	0.999831983216163
ENSMUSG00000063049	513.851208847113	-0.0714955712372605	0.10926540062559	-0.654541936001933	0.512762718568103	0.999831983216163
ENSMUSG00000037921	52.0142928762133	0.14980081523198	0.112700188739691	1.31953409645346	0.18699061894273	0.999831983216163
ENSMUSG00000040263	890.846472060027	-0.0313227222535017	0.10358184372086	-0.302391950114612	0.762353290571183	0.999831983216163
ENSMUSG00000034390	1538.2925899866	0.0134863824891537	0.0861862529005053	0.156480682899637	0.875654144485724	0.999831983216163
ENSMUSG00000004568	2336.58072232289	0.043491526685651	0.0826094295820261	0.526464226878668	0.598565700916852	0.999831983216163
ENSMUSG00000003824	63.3902155729785	-0.131389703158032	0.1174772538239	-1.12467522995293	0.260726681791994	0.999831983216163
ENSMUSG00000046691	211.879760158303	-0.0677753540135465	0.121814984873654	-0.557829639150698	0.576960721385698	0.999831983216163
ENSMUSG00000031714	1708.96440395728	-0.0905134439076481	0.0937388195701413	-0.965708636549615	0.334189996637216	0.999831983216163
ENSMUSG00000031529	6955.8947614754	-0.00178095704949401	0.0884598377922125	-0.0201325496065283	0.983937634571813	0.999831983216163
ENSMUSG00000033703	904.146645452165	0.00841771848364926	0.103967124173481	0.0809563652016156	0.935476654074156	0.999831983216163
ENSMUSG00000043051	232.069671371911	-0.108282268478229	0.116159090937891	-0.932437459543618	0.351110493338259	0.999831983216163
ENSMUSG00000038365	1637.01601312378	-0.0367961065180562	0.0935174200398281	-0.393490294092343	0.693957391253718	0.999831983216163
ENSMUSG00000037234	7405.06561010365	-0.117731641392216	0.0945950396717455	-1.24498885768369	0.21313584599904	0.999831983216163
ENSMUSG00000049717	501.714894934412	0.0711802495270596	0.1094898210961	0.650032715520673	0.515671089418604	0.999831983216163
ENSMUSG00000013974	45.7217521305434	-0.0223697538399828	0.112488847934861	-0.199153572615083	0.842142615567279	0.999831983216163
ENSMUSG00000031578	553.011702982938	-0.00278977715434942	0.100794692104042	-0.0276779017943253	0.977919048764122	0.999831983216163
ENSMUSG00000031754	2498.00628397143	0.0193178820489262	0.0945968059247657	0.204211574023405	0.838188167172156	0.999831983216163
ENSMUSG00000046441	473.507934262405	-0.128755163262356	0.105263254045626	-1.2232195097548	0.221246798656234	0.999831983216163
ENSMUSG00000047495	151.759827664027	0.0453444190875438	0.12187547107859	0.371776173029387	0.710059505310651	0.999831983216163
ENSMUSG00000036712	5135.68570630219	0.024324850790788	0.0848632739484577	0.286630825970298	0.774395008642077	0.999831983216163
ENSMUSG00000035439	341.944008259795	0.0301875009271737	0.111485618989597	0.270737068295554	0.786593264770661	0.999831983216163
ENSMUSG00000031924	5109.79375079131	0.0278818490926574	0.0803503268052745	0.346998236540023	0.728592643598803	0.999831983216163
ENSMUSG00000031583	414.570733094817	-0.00469671577220396	0.112139721784091	-0.0418877845280541	0.96658815438659	0.999831983216163
ENSMUSG00000031760	3366.0837878816	0.015756048131148	0.093060110838395	0.16930147487137	0.865559515949347	0.999831983216163
ENSMUSG00000038225	221.447648305102	0.0398507218946601	0.116811636802716	0.341063655269562	0.733055661428756	0.999831983216163
ENSMUSG00000031610	1789.55380227687	-0.037755016691486	0.111759934450885	-0.337918329127958	0.735424734577458	0.999831983216163
ENSMUSG00000001910	3552.07787691574	-0.0519161627435221	0.082305127710961	-0.630795861765598	0.528174009546104	0.999831983216163
ENSMUSG00000031848	623.739999728679	0.0302797687466877	0.0993301714181033	0.304821627552183	0.760502008538459	0.999831983216163
ENSMUSG00000031654	15713.9895929896	-0.0714394468101822	0.0980348563954321	-0.728891549185721	0.466068004564548	0.999831983216163
ENSMUSG00000031642	393.667075575986	-0.0535534208631596	0.107979363320512	-0.49604226728293	0.619864590224013	0.999831983216163
ENSMUSG00000039067	3199.41116783398	0.0199940481728864	0.0826693761554817	0.241853372357293	0.808893781090045	0.999831983216163
ENSMUSG00000031478	194.86320512238	-0.0537699124006824	0.118404596616006	-0.454162286619744	0.649712025069976	0.999831983216163
ENSMUSG00000058056	428.727677918558	0.0235198517405012	0.105459832317441	0.223007820302739	0.823529420043853	0.999831983216163
ENSMUSG00000031766	28.6092519998847	-0.0465039813293138	0.101895302961475	-0.459494517154234	0.645879088442277	0.999831983216163
ENSMUSG00000031729	4349.81532788889	-0.0588832801061003	0.0840887859068275	-0.700292635927881	0.483744569726503	0.999831983216163
ENSMUSG00000031951	509.63426242274	-0.0355623991678108	0.103441812966897	-0.343807556694144	0.730991016873187	0.999831983216163
ENSMUSG00000031521	363.809958321147	0.0283279639612541	0.109216408864265	0.25934992170384	0.795365264716072	0.999831983216163
ENSMUSG00000051495	2114.44787572353	-0.0853860688430148	0.0910289812616906	-0.938136216438443	0.348174412024897	0.999831983216163
ENSMUSG00000001062	1153.24975797799	0.0330232899612556	0.104609760068668	0.315632084499296	0.752281781762372	0.999831983216163
ENSMUSG00000031667	3980.50408377204	0.0808148716815051	0.0861104980629827	0.938418801910852	0.348029227231698	0.999831983216163
ENSMUSG00000049946	49.5237341897427	0.0932187040742332	0.112203994112913	0.825804968745711	0.408914735052299	0.999831983216163
ENSMUSG00000031445	319.33243755418	-0.0897067351979887	0.116035146438828	-0.773300443753541	0.439344593218843	0.999831983216163
ENSMUSG00000069920	68.1534870538042	-0.0123447433122149	0.116224649570954	-0.10626493489863	0.915372151921092	0.999831983216163
ENSMUSG00000006585	120.01197236482	0.17948495628404	0.121638480985173	1.47263427445731	0.14084967773237	0.999831983216163
ENSMUSG00000005699	1352.73465172904	-0.0583274472593271	0.0920816906770393	-0.633449616651674	0.526440072681054	0.999831983216163
ENSMUSG00000039960	1764.54897672069	-0.107708117304601	0.110588132407662	-0.974693879540207	0.329712129833258	0.999831983216163
ENSMUSG00000045337	51.7263710436932	-0.0137074291529796	0.10857131357157	-0.126146585527621	0.899615892058177	0.999831983216163
ENSMUSG00000031749	5856.15396991197	-0.0558442808936291	0.0846787320186433	-0.65952512538126	0.509558617244583	0.999831983216163
ENSMUSG00000025318	5411.22729602678	-0.0630730479285948	0.0906818794915371	-0.695614019854984	0.486670583795677	0.999831983216163
ENSMUSG00000031617	3499.5702266296	-0.00249971460411356	0.0896747853385589	-0.0278753512352016	0.977761567667242	0.999831983216163
ENSMUSG00000110444	1233.42542556054	0.0713488660408264	0.0919209364712523	0.776181306089546	0.437641942183394	0.999831983216163
ENSMUSG00000034911	169.002679477099	0.109362584089634	0.119518452018616	0.914289908732134	0.360564531681401	0.999831983216163
ENSMUSG00000001672	16.2361066559939	0.0898003760784285	0.0857420615683926	1.03204212570134	0.302052383702154	0.999831983216163
ENSMUSG00000055435	1898.49097973785	-0.102447353955966	0.101617115000786	-1.00847554404345	0.313226222519322	0.999831983216163
ENSMUSG00000031788	556.000174852531	0.0509363927430364	0.103390542462984	0.492646349548575	0.622262492205157	0.999831983216163
ENSMUSG00000014470	832.771049073605	-0.0574798567029322	0.0996939106311959	-0.576596787093074	0.564211870123829	0.999831983216163
ENSMUSG00000014859	1569.60097430312	-0.10607310407055	0.102380838255083	-1.03636219021376	0.300033202698887	0.999831983216163
ENSMUSG00000038515	110.444850630958	-0.0102282543879654	0.121286777172859	-0.0843364776465129	0.932788910730761	0.999831983216163
ENSMUSG00000031700	2555.83681293205	-0.10164590311979	0.0931206759948622	-1.09175668283626	0.274940063356462	0.999831983216163
ENSMUSG00000030465	16798.8374635648	-0.146750364853031	0.0993627865391199	-1.47774813730733	0.139475204656662	0.999831983216163
ENSMUSG00000031823	856.250159798162	-0.0599611481228142	0.0961550650347807	-0.623577520915098	0.532905077143998	0.999831983216163
ENSMUSG00000031785	1715.1019622994	0.128145078670194	0.0933877755111059	1.37184745772189	0.170110929898833	0.999831983216163
ENSMUSG00000048478	161.995067073834	0.099740146067739	0.119848566082365	0.831827301604046	0.405506431131788	0.999831983216163
ENSMUSG00000047747	1381.20888249978	-0.104398985183124	0.107147293959527	-0.974848071775636	0.329635627631178	0.999831983216163
ENSMUSG00000031489	11.3986646799148	0.00677868506805122	0.0760981521883276	0.0887615843537481	0.929271388384093	0.999831983216163
ENSMUSG00000031595	72.3544673859362	0.00743999722219942	0.119258596721077	0.0623299286623346	0.950300095180076	0.999831983216163
ENSMUSG00000051978	335.783022523307	0.0550721167856466	0.111585648289652	0.493439642290777	0.62170197763282	0.999831983216163
ENSMUSG00000040220	1011.21957654962	-0.0307103243611836	0.0937045355900296	-0.327732548068752	0.743113891549283	0.999831983216163
ENSMUSG00000060427	943.229321027932	-0.0342058751098223	0.0958942044444625	-0.356716547566418	0.721304016309302	0.999831983216163
ENSMUSG00000005413	135.365300552644	-0.0969938624076539	0.12125482370813	-0.800463996493574	0.423442015335657	0.999831983216163
ENSMUSG00000038497	1504.11919327925	-0.069629907168913	0.0873582631011829	-0.797084527337908	0.425401941805172	0.999831983216163
ENSMUSG00000046707	1924.02105166043	0.00696242481293247	0.0855492471470624	0.0813842208148523	0.935136397447237	0.999831983216163
ENSMUSG00000003037	1380.30052480217	-0.0299916112990354	0.0931011025416757	-0.322139223899428	0.747347224398444	0.999831983216163
ENSMUSG00000056155	14.4326524722649	0.077034676341298	0.0823851279618742	0.921707252527221	0.356681296546852	0.999831983216163
ENSMUSG00000031715	3823.24295139402	0.066036053400889	0.0859912582053941	0.767891564992855	0.442551609089689	0.999831983216163
ENSMUSG00000055932	6248.33261184381	0.0345404655393747	0.0843040744440111	0.409694312684933	0.682030202597216	0.999831983216163
ENSMUSG00000031842	42.5308109173407	0.0439558212922195	0.108399313289364	0.403718208357843	0.686419948390735	0.999831983216163
ENSMUSG00000045246	5055.22151690183	0.0232931404392686	0.0869214374729554	0.267973355909014	0.788719827811388	0.999831983216163
ENSMUSG00000031756	57.7434567178291	0.0162035055709272	0.114976680277559	0.140593648872038	0.888190965865832	0.999831983216163
ENSMUSG00000002949	1896.49902041814	0.0267736899142569	0.0869960625102145	0.307749102823677	0.758273253098987	0.999831983216163
ENSMUSG00000031527	967.060553535947	-0.097360173321752	0.0980161209752498	-0.99349833929054	0.320467159383388	0.999831983216163
ENSMUSG00000056820	5661.27662435096	0.0454230229395132	0.080119127348159	0.566925884664541	0.570764537104387	0.999831983216163
ENSMUSG00000000740	5922.33572862124	0.0501404187320896	0.0864879859785836	0.579696172907691	0.562119524651592	0.999831983216163
ENSMUSG00000031887	137.453203452578	0.0845487217520697	0.121103470095987	0.697548863375806	0.485459370997616	0.999831983216163
ENSMUSG00000031820	2118.16471657238	0.042132384421066	0.0852421137579178	0.494245918754335	0.62113251397223	0.999831983216163
ENSMUSG00000013033	11206.3829933723	-0.0330115141030786	0.084118222720696	-0.392458286490002	0.694719626725503	0.999831983216163
ENSMUSG00000006567	144.813723373329	0.146475641399451	0.121009330921429	1.20863819944071	0.226801874018612	0.999831983216163
ENSMUSG00000033732	3981.79260951136	-0.0752575076476446	0.0820686797494583	-0.917064236513841	0.359108980246455	0.999831983216163
ENSMUSG00000004565	2220.38114007338	0.0585784361448047	0.0885358376546238	0.66158620085776	0.508236453522388	0.999831983216163
ENSMUSG00000055639	1088.97387439859	0.0694926534264941	0.101376299051193	0.685403296748373	0.493089464285509	0.999831983216163
ENSMUSG00000091144	60.7656509540139	0.0109505046729143	0.117846742260665	0.0929479959797959	0.925944875478396	0.999831983216163
ENSMUSG00000048279	5376.15022830038	0.0055120146341864	0.105999890166605	0.0520009308563335	0.958527951703034	0.999831983216163
ENSMUSG00000075478	2786.7839544289	-0.0505179303770951	0.0824661592826932	-0.612607427081226	0.54013594615019	0.999831983216163
ENSMUSG00000058126	158.626512424589	0.0121660608250907	0.119980420012194	0.101404323742024	0.919229504318946	0.999831983216163
ENSMUSG00000114488	45.034383442843	-0.0126165715660681	0.108225868366128	-0.116670578209344	0.907121106199104	0.999831983216163
ENSMUSG00000022129	20.5332890202364	-0.0299368260539778	0.0882354232620575	-0.342112863638289	0.732265957136653	0.999831983216163
ENSMUSG00000061517	317.756948620678	0.12456618105473	0.115800984933751	1.07521390844065	0.282278969845079	0.999831983216163
ENSMUSG00000090785	99.205135967507	-0.0684280923141425	0.121759985972026	-0.56265796403568	0.573667813549953	0.999831983216163
ENSMUSG00000114284	31.2814808382111	-0.105971474992665	0.103523833913636	-1.03638114096388	0.300024365066177	0.999831983216163
ENSMUSG00000115718	11.2016072213044	0.0828736133596104	0.0754574836938769	1.07751520583609	0.281250161278448	0.999831983216163
ENSMUSG00000115220	156.615989161492	-0.0202029042064978	0.121858728238675	-0.16582516291837	0.86829454312818	0.999831983216163
ENSMUSG00000090674	115.044833275605	-0.137109068873206	0.12188540410075	-1.12770667966408	0.259443815744654	0.999831983216163
ENSMUSG00000075465	20.877347289292	0.0713705185866881	0.0814391515934046	0.857438769927039	0.391202440490354	0.999831983216163
ENSMUSG00000085423	53.2867628339296	-0.0432169738101131	0.114033954039929	-0.379877354575556	0.704036457923102	0.999831983216163
ENSMUSG00000114970	69.4562778293309	-0.159462855356781	0.11506861711831	-1.40327802724548	0.16053394780151	0.999831983216163
ENSMUSG00000115756	48.3617795313357	0.0860034427359211	0.115262406654083	0.742979360301725	0.457494176425537	0.999831983216163
ENSMUSG00000115316	39.8592059884687	-0.0233327882046004	0.108846425237333	-0.214924327063338	0.829826317817753	0.999831983216163
ENSMUSG00000115624	299.871423954137	-0.19170803885573	0.111000736464639	-1.72727782587899	0.0841177795534462	0.999831983216163
ENSMUSG00000115389	12.4359065835103	0.0196398979359085	0.0789068810502472	0.247849128294753	0.804251141660555	0.999831983216163
ENSMUSG00000042286	322.915021000077	-0.128933197610438	0.119016555106852	-1.0844901377425	0.278147537399721	0.999831983216163
ENSMUSG00000065147	19.1119205062021	0.157927422135185	0.0916765442083005	1.68995918062333	0.0910357642140525	0.999831983216163
ENSMUSG00000095427	29.4616753615142	0.0843756367058846	0.101553897167521	0.822388959067921	0.41085556113329	0.999831983216163
ENSMUSG00000063556	66.7728258014237	0.0411187236216916	0.119533515616689	0.343699232694027	0.731072488285206	0.999831983216163
ENSMUSG00000115637	157.950863708868	0.0348675241278141	0.121700784413572	0.28642415497073	0.77455327632562	0.999831983216163
ENSMUSG00000071262	19.6084544730708	-0.0405028605477773	0.0860242241815241	-0.47669900519012	0.633576471370106	0.999831983216163
ENSMUSG00000043881	2183.08456829428	0.0739357519176834	0.0916862192789804	0.806327691474406	0.420053927689536	0.999831983216163
ENSMUSG00000075502	24.4412862304464	0.0206298657254135	0.098106229359069	0.209543207633839	0.834024209144316	0.999831983216163
ENSMUSG00000115210	15.8951261199242	0.0875169513439366	0.0854020430302335	1.00864230380159	0.31314621126542	0.999831983216163
ENSMUSG00000062611	13.4481608578698	-0.0160840386533377	0.0811340470134336	-0.199056427018935	0.842218605289017	0.999831983216163
ENSMUSG00000115471	20.5324679496023	-0.130405908150133	0.0854294457549891	-1.60438443219942	0.108629340390607	0.999831983216163
ENSMUSG00000072473	15.1756695617504	0.0620206786655977	0.085608163843261	0.716548558270999	0.473652695322675	0.999831983216163
ENSMUSG00000051506	39.5675863351469	0.129471509729458	0.109507997034901	1.17354571461687	0.240577035854841	0.999831983216163
ENSMUSG00000104876	13.3898905650668	0.0398561419667894	0.0791457061692733	0.497630008514859	0.618744848683088	0.999831983216163
ENSMUSG00000076928	63.0807017399907	0.0558957406314695	0.117005340145608	0.476068821981885	0.634025348142846	0.999831983216163
ENSMUSG00000108841	59.6274915828503	0.0845944315933595	0.115267573659478	0.731027007270298	0.464762656830903	0.999831983216163
ENSMUSG00000078126	750.834807005093	0.0596362417073094	0.101586522297274	0.58703850242793	0.557177848350601	0.999831983216163
ENSMUSG00000115124	49.1820765919789	0.0457626990842579	0.112298475745114	0.405846686545958	0.684855252739024	0.999831983216163
ENSMUSG00000074553	12.7498433031185	0.0348888393271024	0.0798486382711615	0.433185236282617	0.664880203628127	0.999831983216163
ENSMUSG00000037759	13.3277966193934	0.103012257530979	0.0810371959371762	1.24630623274924	0.212651990535628	0.999831983216163
ENSMUSG00000115373	111.481720498146	-0.141907732740124	0.121828210571975	-1.16744038188059	0.243032571302529	0.999831983216163
ENSMUSG00002074854	11.3331547603126	-0.087531693529656	0.0766124868414123	-1.1851125785074	0.235972938403839	0.999831983216163
ENSMUSG00000115148	46.7093204064983	-0.0153432024455814	0.113140335152781	-0.135638473859626	0.892107088765353	0.999831983216163
ENSMUSG00000064128	301.161011530001	-0.00394798494222161	0.115891758796633	-0.0340736101733547	0.972818452292517	0.999831983216163
ENSMUSG00000035129	14.4144460881006	-0.0139880925184143	0.0837085721077312	-0.167650604359725	0.866858158050085	0.999831983216163
ENSMUSG00000114253	144.680074010286	0.168173152249393	0.12188440621262	1.37494485225585	0.169148542504413	0.999831983216163
ENSMUSG00000114842	18.2929017299116	-0.110780042868766	0.0901027010864176	-1.26065151269778	0.207434430494547	0.999831983216163
ENSMUSG00000114419	16.2308413036198	0.0368561936524962	0.0873199571261044	0.418982635192035	0.675228823152909	0.999831983216163
ENSMUSG00000114907	29.8713595351971	-0.0851257187717844	0.104360217219344	-0.823206934535021	0.410390326087566	0.999831983216163
ENSMUSG00000114266	21.561653594561	-0.0528510589726321	0.0936102267778802	-0.570581704574858	0.568283223187977	0.999831983216163
ENSMUSG00000090799	2564.9716475092	0.110818229926998	0.0978315475015249	1.13238356063858	0.257473213227365	0.999831983216163
ENSMUSG00000115280	27.8238147621622	0.0423309515054719	0.101968756865663	0.412916891161141	0.679667505163118	0.999831983216163
ENSMUSG00000121005	801.07520122763	-0.0359606264893483	0.109185273203915	-0.329376682923727	0.74187098975668	0.999831983216163
ENSMUSG00000062081	463.165323422239	0.00999872759358743	0.103993494194956	0.0961504284331788	0.923401100703135	0.999831983216163
ENSMUSG00000114624	12.4522853873083	-0.0545024980018441	0.0750731412494443	-0.746049620940645	0.455637440596153	0.999831983216163
ENSMUSG00000121513	2480.20725461599	-0.0383755381588575	0.0877201423167396	-0.437501853215554	0.661747432381246	0.999831983216163
ENSMUSG00000093979	32.9919556046231	-0.0147134873146235	0.107034165925463	-0.137677365240865	0.890495408942238	0.999831983216163
ENSMUSG00000114321	13.0249131226175	0.0490408170281964	0.079555204871036	0.608250531722071	0.543021324721242	0.999831983216163
ENSMUSG00000115767	11.6922916226624	0.0801668584832269	0.0753551255445362	1.04519975438325	0.295930656954544	0.999831983216163
ENSMUSG00000033446	154.144246827602	-0.193873396995336	0.120533702101938	-1.61074099550626	0.107236186384507	0.999831983216163
ENSMUSG00000096446	17.0189197872626	0.0381878686570687	0.0828464803701328	0.457912994355495	0.647014950831654	0.999831983216163
ENSMUSG00000090389	18.3201002824893	0.0122735116267613	0.0906677801067717	0.135110435169628	0.892524559761685	0.999831983216163
ENSMUSG00000091418	20.6140029676347	0.0521718673233429	0.090802793766489	0.567872162296641	0.570121775563063	0.999831983216163
ENSMUSG00000098557	10960.1454151646	-0.157849261358253	0.107312005606472	-1.47244969959168	0.140899480664192	0.999831983216163
ENSMUSG00000114785	21.6660274498613	0.00830037549469395	0.0905938229105136	0.0916824423148548	0.926950347633809	0.999831983216163
ENSMUSG00000114349	21.047208735084	-0.0867173683698689	0.09356212122905	-0.942357227315216	0.346009778107451	0.999831983216163
ENSMUSG00000114888	12.5502421843938	0.0374190983037929	0.0762861679280223	0.484402251504071	0.628100420856918	0.999831983216163
ENSMUSG00000115417	52.0225723495367	-0.0832209622543047	0.116322813665504	-0.717922273945133	0.472805213147714	0.999831983216163
ENSMUSG00000105868	23.4568098546082	-0.0696709951988894	0.0960909386560408	-0.734332420334386	0.4627461633508	0.999831983216163
ENSMUSG00000040380	52317.5741949119	-0.048517240245658	0.0950919760622359	-0.510286027859199	0.609851089940414	0.999831983216163
ENSMUSG00000086486	27.0037286285175	0.0837427364929732	0.101871512427718	0.815967198391143	0.41451889655057	0.999831983216163
ENSMUSG00000121900	28.7681147195252	0.0748434755226841	0.10252014810045	0.725092378899885	0.468395359502515	0.999831983216163
ENSMUSG00000115584	19.8143810245159	-0.0190292446657301	0.0903667346466464	-0.211192284319915	0.832737231199109	0.999831983216163
ENSMUSG00000114558	10.3640142788818	-0.00205647377560233	0.0714436760840314	-0.028887332566874	0.976954448554228	0.999831983216163
ENSMUSG00000089707	47.5800014778534	-0.0676230171569849	0.110811374265104	-0.614263579785082	0.539041165217454	0.999831983216163
ENSMUSG00000098183	97.8349695524608	-0.0653082624373311	0.119756484418369	-0.546493805151426	0.584726544859858	0.999831983216163
ENSMUSG00000115234	30.8933675708601	-0.0437848635480246	0.104941165747267	-0.419258154361706	0.675027475123644	0.999831983216163
ENSMUSG00000122249	14.0049725189652	-0.0172439744595691	0.0786785051464192	-0.220155357789262	0.825750162957535	0.999831983216163
ENSMUSG00000122421	97.8594533029017	0.0307730209714298	0.121577685520056	0.253028664178946	0.800246062948054	0.999831983216163
ENSMUSG00000115007	74.6108726841375	-0.0823378149085442	0.120168016756836	-0.687004009643759	0.492080201697142	0.999831983216163
ENSMUSG00000085615	21.8880205770415	0.0773627368206937	0.0963883378117763	0.79511092901601	0.426548977809292	0.999831983216163
ENSMUSG00000123144	16.5445892167594	-0.00220666641311982	0.0836260784480553	-0.026398344198146	0.978939614829423	0.999831983216163
ENSMUSG00000090861	17.5909575966838	-0.00507211905282287	0.0876884813213834	-0.0578289853060677	0.953884849871233	0.999831983216163
ENSMUSG00000123638	32.9707944806707	-0.0325763627038716	0.104749896987373	-0.312109002929209	0.754957684712141	0.999831983216163
ENSMUSG00000097903	18.2705910133536	0.118495086365816	0.0880362089113448	1.32607887871736	0.184813571412202	0.999831983216163
ENSMUSG00000123706	14.655384548698	0.0137673954028799	0.0826524499313529	0.165718440408473	0.868378533368228	0.999831983216163
ENSMUSG00000089840	18.7260830475247	0.00225725983727585	0.0913122259545503	0.0246899203956088	0.980302294990342	0.999831983216163
ENSMUSG00000115398	37.469084556398	-0.0397177096718186	0.104034342022019	-0.382823576409836	0.701850579297108	0.999831983216163
ENSMUSG00000115008	26.4288583389458	-0.0159030025515857	0.0889550686210194	-0.1788657653509	0.858043104529151	0.999831983216163
ENSMUSG00000097431	1327.38378884789	-0.0995878494136953	0.0976526732526572	-1.02000263803122	0.307727209624167	0.999831983216163
ENSMUSG00000125553	10.3201291586767	-0.0672356627968276	0.0701843230777402	-0.996099228080903	0.319201934900228	0.999831983216163
ENSMUSG00000101505	10.4069692174762	-0.0653513928283796	0.0739140294284635	-0.910140497225456	0.362748419643637	0.999831983216163
ENSMUSG00000125590	98.5063167591937	0.126697417535184	0.121628348911961	1.03956436747041	0.298542338773771	0.999831983216163
ENSMUSG00000126042	17.0206473559337	-0.0358386967031219	0.0878102150684756	-0.41158185934906	0.680645930237352	0.999831983216163
ENSMUSG00000120039	2789.79687549738	-0.0802032722268199	0.0960159063611616	-0.835447576391921	0.403465751873612	0.999831983216163
ENSMUSG00000126219	14.0196417564038	-0.0340716440853697	0.0794325824710884	-0.434732755139376	0.663756419954018	0.999831983216163
ENSMUSG00000126969	16.8096953878933	0.0880578578533679	0.0874936281812382	0.990810212006601	0.321778261853474	0.999831983216163
ENSMUSG00000126988	146.706549638803	0.20245213744831	0.121081306141261	1.66830323761025	0.0952555455574683	0.999831983216163
ENSMUSG00000120285	23.0325423939966	0.0312474612910646	0.0952133955792119	0.327061763059433	0.743621171419785	0.999831983216163
ENSMUSG00000120426	17.8477509570428	0.0422165990909719	0.088052595399837	0.476081105842597	0.634016597114443	0.999831983216163
ENSMUSG00000128312	124.372266288732	-0.112461716500731	0.121652596922779	-0.925948567235089	0.354472709804728	0.999831983216163
ENSMUSG00000128891	45.7845227015897	-0.0111095617307744	0.112884819072344	-0.0985339071909939	0.921508348905941	0.999831983216163
ENSMUSG00000129127	31.335764796553	-0.102884427238938	0.105389396499188	-0.986731309792524	0.323774376691076	0.999831983216163
ENSMUSG00000129504	564.398633435327	0.0749429485886799	0.107363179577861	0.697838253284451	0.485278353185018	0.999831983216163
ENSMUSG00000129525	26.7611570101906	-0.0356805287697081	0.101709317419507	-0.352238089188926	0.724659714009354	0.999831983216163
ENSMUSG00000087652	67.8041066850237	-0.123352814042563	0.119385623116395	-1.03755048935813	0.299479378281866	0.999831983216163
ENSMUSG00000130298	42.9481725593516	0.0160946553601044	0.112772614186726	0.14254683005023	0.886648091972201	0.999831983216163
ENSMUSG00000121898	25.2881925547568	-0.0243439916065358	0.0996016842358665	-0.245337680789123	0.806194978027934	0.999831983216163
ENSMUSG00000121894	33.1697984770082	0.0160066570940797	0.105078482769367	0.15198475130373	0.879198962623774	0.999831983216163
ENSMUSG00000121897	34.5843119890981	0.0151702910783272	0.106123762787018	0.142895629883324	0.886372610002376	0.999831983216163
ENSMUSG00000099966	119.7104888483	0.0887395672162601	0.121855184502518	0.726939887587073	0.467262780944132	0.999831983216163
ENSMUSG00000131431	26.7082564255428	0.0642583165278399	0.0995553053283823	0.640809809493632	0.521646258835471	0.999831983216163
ENSMUSG00000115222	129.976806821489	0.0277304595220986	0.121817651596421	0.227321208721029	0.820173982580724	0.999831983216163
ENSMUSG00000097303	26.3749365309886	0.080510491420491	0.100292368123381	0.794772212842296	0.42674601748461	0.999831983216163
ENSMUSG00000087535	283.762918065977	0.0538449323351083	0.116572013015669	0.461637995944779	0.644340942172543	0.999831983216163
ENSMUSG00000075463	138.074897394361	-0.0370197018450331	0.121764413861507	-0.304214975155966	0.760964116665041	0.999831983216163
ENSMUSG00000131910	49.7260774128538	-0.138754097911731	0.115090396319318	-1.21468313537688	0.224486967143933	0.999831983216163
ENSMUSG00000114709	22.5895945024122	0.0504006164768372	0.0967731913315158	0.517291714285651	0.604952537181821	0.999831983216163
ENSMUSG00000086341	24.1731124951617	-0.0350562040596127	0.0980162153214405	-0.359193405164477	0.719450409808761	0.999831983216163
ENSMUSG00000085829	122.765357100494	0.0942440984860901	0.121686743662318	0.773286887327401	0.43935261433665	0.999831983216163
ENSMUSG00000115186	34.9812936808171	-0.0430853029378386	0.106002354052652	-0.407967352548187	0.68329764363329	0.999831983216163
ENSMUSG00000105703	258.809535269293	-0.00557530858424641	0.0623224217683674	-0.0898814593519982	0.92838141480334	0.999831983216163
ENSMUSG00000097997	19.0848812344828	-0.0376286622936162	0.0920768130822272	-0.411594418816769	0.680636723081152	0.999831983216163
ENSMUSG00000133770	10.4396568620941	-0.0980581610103873	0.0724136605340274	-1.43016972647257	0.152668311942455	0.999831983216163
ENSMUSG00000100017	73.5846103251376	0.0483640999216776	0.115437086724568	0.417232932832128	0.676508038878785	0.999831983216163
ENSMUSG00000114621	27.6308030037593	0.130098053639965	0.102752121193495	1.25159610509698	0.210717074556918	0.999831983216163
ENSMUSG00000115149	429.154975571905	-0.163649164788425	0.106890250018928	-1.53131983338711	0.12569036612983	0.999831983216163
ENSMUSG00000110080	873.60848307438	-0.0313699558416126	0.100282736310589	-0.31285337776974	0.754392059830478	0.999831983216163
ENSMUSG00000040840	186.278865921894	-0.20480205873027	0.118480291203704	-1.72973487185175	0.0836776552778351	0.999831983216163
ENSMUSG00000115100	87.2820586615319	-0.0336595739688847	0.121367510697593	-0.277418680481093	0.781458639373218	0.999831983216163
ENSMUSG00000085984	11.4981672098342	-0.0394881720146813	0.0749897461578911	-0.535279185596604	0.592456817127691	0.999831983216163
ENSMUSG00000135048	114.45843433044	-0.185026423424165	0.121380597013829	-1.53185769046496	0.125557556139041	0.999831983216163
ENSMUSG00000115154	13.1762603065457	-0.0558170837405714	0.0806852724029901	-0.704822826727528	0.480920501188612	0.999831983216163
ENSMUSG00000115813	49.8289286054812	0.0192574363110999	0.115483183906715	0.166545262143739	0.867727866466521	0.999831983216163
ENSMUSG00000090104	27.4164527416509	-0.0905239571839751	0.102049822869847	-0.896549308786082	0.369959457576841	0.999831983216163
ENSMUSG00000115725	19.097553013465	0.0612833076410424	0.0911365152007664	0.666918526198647	0.504824176553543	0.999831983216163
ENSMUSG00000085555	348.039770040801	0.179089417218726	0.11112570519339	1.61054860525275	0.107278143422625	0.999831983216163
ENSMUSG00000114230	231.435586936158	-0.171847891466331	0.115338726836789	-1.49049393019663	0.136094411262377	0.999831983216163
ENSMUSG00000135941	13.4836916899952	0.0968720968433052	0.078083022672737	1.21089900215985	0.225934115104815	0.999831983216163
ENSMUSG00000136119	33.3397769773788	-0.158439853310843	0.106591863687108	-1.51082623494317	0.130832728678719	0.999831983216163
ENSMUSG00000091686	85.9094406780291	-0.110567294180466	0.120831346501554	-0.918308634392391	0.358457308160027	0.999831983216163
ENSMUSG00000136516	10.4949174900318	-0.00403101071453527	0.0727393610709263	-0.0556467454415251	0.955623224694255	0.999831983216163
ENSMUSG00000093452	1409.89274471684	0.0257014567197956	0.100554993728684	0.255572559521451	0.798280909171129	0.999831983216163
ENSMUSG00000097545	15898.0184592633	-0.0870073496868201	0.104745819162096	-0.831037036593048	0.405952706982233	0.999831983216163
ENSMUSG00000114298	15.95048887841	0.00792094395466982	0.0821681803178145	0.0961350605089417	0.923413305992707	0.999831983216163
ENSMUSG00000115787	15.6088004990285	0.0396015606069405	0.0858356722023228	0.458132234458775	0.646857441645811	0.999831983216163
ENSMUSG00000120849	225.601425964667	0.0748163718518163	0.118951751871902	0.628361863784258	0.529766913746605	0.999831983216163
ENSMUSG00000137200	16.9721780299051	0.00755338757665659	0.0886732394299867	0.0849933770320571	0.932266656020767	0.999831983216163
ENSMUSG00000137223	11.7054440079751	-0.0719851143484418	0.0777516455427721	-0.95142528298659	0.341388530837561	0.999831983216163
ENSMUSG00000137405	15.1793336113113	-0.0645494349382318	0.0831224857044383	-0.791121622693829	0.428873022455061	0.999831983216163
ENSMUSG00000114953	25.1467980995111	0.00329847991727264	0.0902594028873819	0.0365208282626697	0.970867071234149	0.999831983216163
ENSMUSG00000121895	26.245419771814	0.0237291664038038	0.0980105695814912	0.241497947160965	0.809169207337671	0.999831983216163
ENSMUSG00000120496	225.130456090947	-0.0123943134608403	0.118478145016681	-0.104624853159614	0.916673492965188	0.999831983216163
ENSMUSG00000137914	10.7448529862359	0.0479965480023044	0.0749873292139007	0.63156767230159	0.527669416365776	0.999831983216163
ENSMUSG00000084925	71.7530881607913	-0.144998985806422	0.119894425363674	-1.21497750394441	0.224374671518181	0.999831983216163
ENSMUSG00000097547	49.037213374527	-0.0695033431696567	0.113812220948066	-0.613905683578384	0.539277654217529	0.999831983216163
ENSMUSG00000138392	27.4425082611452	0.0328541751993323	0.100726022344667	0.325243803408188	0.744996558915891	0.999831983216163
ENSMUSG00000138595	11.385950562655	-0.0153806155507523	0.0758748280308228	-0.203922510052525	0.83841405419635	0.999831983216163
ENSMUSG00000090564	17.0427839641855	0.0476236021949791	0.0868005910555445	0.543277592900506	0.586938689519912	0.999831983216163
ENSMUSG00000089726	27.074775482608	-0.0366597051829476	0.100386294095525	-0.367441653392071	0.713289606261523	0.999831983216163
ENSMUSG00000138970	47.5406427607693	0.0182291199195178	0.114610927809061	0.159007284651546	0.873663134531705	0.999831983216163
ENSMUSG00000110273	19.3331363674867	-0.000483436889383378	0.0898628431669369	-0.00537425838293251	0.995711982852055	0.999831983216163
ENSMUSG00000140290	86.5567754897333	-0.107160286508809	0.121344550910657	-0.885387365504304	0.375947744364461	0.999831983216163
ENSMUSG00000141329	13.0721107238156	0.0681226724189631	0.0756793903618411	0.885469945551269	0.375903222305005	0.999831983216163
ENSMUSG00000121687	11.4972283337739	0.0140522221940476	0.0748786999373662	0.186272692056529	0.852230921250851	0.999831983216163
ENSMUSG00000114575	369.240617965812	-0.063202132710549	0.110519569487626	-0.571863048929303	0.567414759146257	0.999831983216163
ENSMUSG00000141905	97.8387205119598	-0.0775062611630901	0.121827975673223	-0.637047487043166	0.524093912381355	0.999831983216163
ENSMUSG00000114789	15.7141731346574	-0.044584285532917	0.0862769048931627	-0.521860250737316	0.601767635835699	0.999831983216163
ENSMUSG00000061510	25.6258101489899	-0.0375593874882116	0.098096140040058	-0.38555621838128	0.699825363341044	0.999831983216163
ENSMUSG00000115625	73.2902276161215	0.100286687376674	0.116111577778692	0.857762106886744	0.391023837682716	0.999831983216163
ENSMUSG00000087479	208.488754033316	0.144599326166462	0.118447847682521	1.21967096462491	0.222589632740322	0.999831983216163
ENSMUSG00000119970	15.0535996646796	-0.00701396015608479	0.0825714513972524	-0.0849540454112677	0.932297925020319	0.999831983216163
ENSMUSG00000097743	327.65879802735	0.126520928493169	0.112298190714407	1.12630661817432	0.260035757421957	0.999831983216163
ENSMUSG00000143073	13.2065257862971	0.0101249307455733	0.0791557835295895	0.12717553314519	0.89880146984547	0.999831983216163
ENSMUSG00000143086	24.3944733581763	-0.0380970841123751	0.0968689960800634	-0.395163748239151	0.69272204476213	0.999831983216163
ENSMUSG00000051729	40.5311336751328	-0.0317860767936737	0.109166889099306	-0.291673846176935	0.770536007843435	0.999831983216163
ENSMUSG00000133023	12.7871641479427	-0.0233785512428131	0.0745364866927154	-0.315807201175137	0.752148851895735	0.999831983216163
ENSMUSG00000131164	14.021964118156	0.0281844735996919	0.0825332901790034	0.33895222805524	0.734645718495464	0.999831983216163
ENSMUSG00000090534	26.7407560126673	0.00819279703479347	0.0998427748500396	0.0819869222890443	0.934657112944519	0.999831983216163
ENSMUSG00000097589	824.486409244206	-0.0403406827541934	0.0986511424008526	-0.408914142316581	0.682602670098623	0.999831983216163
ENSMUSG00000098682	46.9395986077551	0.0892505932481553	0.109645531846987	0.807072568617202	0.41962467516323	0.999831983216163
ENSMUSG00000119948	149.886627418635	0.170300110583954	0.120782825779104	1.40817456266437	0.159079386546872	0.999831983216163
ENSMUSG00000115324	82.1804798439284	0.000827633464250626	0.120591567659552	0.0068671672033227	0.994520836376437	0.999831983216163
ENSMUSG00000090459	62.3669700932902	-0.0338426959916329	0.117292110814176	-0.289022045273619	0.772564507449778	0.999831983216163
ENSMUSG00000097927	50.8468079567104	-0.0197826605723836	0.111656036079616	-0.177524266819471	0.859096605777309	0.999831983216163
ENSMUSG00000115146	37.0609909935862	-0.0700607570914948	0.109516585646877	-0.643555990233782	0.519863396459926	0.999831983216163
ENSMUSG00000114924	14.6987668454597	-0.0298107226641405	0.0821250689582073	-0.366302842009702	0.714139109138633	0.999831983216163
ENSMUSG00000115263	447.576896392617	0.0763748073619292	0.106141748667729	0.7194674239118	0.47185296686016	0.999831983216163
ENSMUSG00000120818	13.98703369528	0.0519620031623989	0.0754734499582058	0.677088946567923	0.498349521605052	0.999831983216163
ENSMUSG00000114937	14.382014561172	-0.0377666322992606	0.0833179760951643	-0.457588479045745	0.647248122158089	0.999831983216163
ENSMUSG00000115454	13.4956740545015	0.036418253132655	0.07941076882427	0.453162110953511	0.650432013288515	0.999831983216163
ENSMUSG00000140739	10.4199744822059	0.0507655392835715	0.0702500112539038	0.713305023543354	0.475657029601936	0.999831983216163
ENSMUSG00000122055	34.6396310233538	-0.0251737425181988	0.105173053523937	-0.240141430334693	0.810220616970329	0.999831983216163
ENSMUSG00000097577	189.704761842416	-0.0877903014327876	0.118981156003119	-0.738308357988557	0.4603270886883	0.999831983216163
ENSMUSG00000119862	37.735608953915	-0.0235427248703873	0.105549423708053	-0.223396060133408	0.823227270414147	0.999831983216163
ENSMUSG00000021890	1308.06857448961	-0.0549309214910416	0.09701931363025	-0.566228013682958	0.571238788788277	0.999831983216163
ENSMUSG00000046523	230.059562576094	0.0403101745346228	0.1217825590136	0.330635173156661	0.740920074750028	0.999831983216163
ENSMUSG00000034248	671.509934322616	0.114875304508601	0.102480245874551	1.12078331025544	0.26238011000315	0.999831983216163
ENSMUSG00000014813	26.3725221995986	-0.00450943786887911	0.100010725272745	-0.0451272191505125	0.964005905773234	0.999831983216163
ENSMUSG00000044447	696.262513792708	-0.0430619613295964	0.098769956904291	-0.43598361516491	0.662848617463055	0.999831983216163
ENSMUSG00000075592	448.626439210957	0.162806287369194	0.11404030649686	1.42630362720181	0.153780718068911	0.999831983216163
ENSMUSG00000022026	119.652832850713	0.107939473291764	0.121623133487843	0.886509277468795	0.375343157085389	0.999831983216163
ENSMUSG00000033111	649.836631900989	-0.0149240706770299	0.100879946128397	-0.147938403508559	0.882391380033332	0.999831983216163
ENSMUSG00000021898	153.416664547356	0.0980513772887914	0.121602553642247	0.804815300632923	0.420926270879235	0.999831983216163
ENSMUSG00000021933	14.2242993152841	-0.0222818122770837	0.0835190031780974	-0.268200232889096	0.788545195739677	0.999831983216163
ENSMUSG00000037712	3919.20831637583	-0.111615000276743	0.0864260848512036	-1.29162232049838	0.196487970378613	0.999831983216163
ENSMUSG00000048379	1350.70464931384	-0.14193343600648	0.0946682527163293	-1.49954286242413	0.133732857861165	0.999831983216163
ENSMUSG00000039197	2562.16220671476	-0.00924467863126601	0.0836685667292769	-0.110492751989228	0.91201859774973	0.999831983216163
ENSMUSG00000019297	399.839481735368	-0.0568286803949588	0.1098320876988	-0.517416127054358	0.604865704252077	0.999831983216163
ENSMUSG00000022123	55.2478682410602	0.0463653692364897	0.117000175013473	0.395662079300145	0.692354333656909	0.999831983216163
ENSMUSG00000021868	701.622047408038	0.0709895196090485	0.101291234974323	0.700773106888321	0.483444623779745	0.999831983216163
ENSMUSG00000063410	995.896741884204	0.0318478571149285	0.0972122038667184	0.327607206437905	0.743208672450844	0.999831983216163
ENSMUSG00000039599	1402.41542121745	-0.0203422634664455	0.0927908937134166	-0.219225907027528	0.826474075407072	0.999831983216163
ENSMUSG00000034532	134.280062290912	0.17528300004042	0.121008471572008	1.44583768059082	0.148222734666179	0.999831983216163
ENSMUSG00000021945	4585.8487730732	-0.0331840941905564	0.0850463786094364	-0.390207567703611	0.696383066088761	0.999831983216163
ENSMUSG00000033004	12182.5135839826	-0.0169467897996383	0.0984606033805259	-0.17212864398237	0.863336394191953	0.999831983216163
ENSMUSG00000071489	19.6722497486674	-0.0888906833644566	0.0891878872644786	-1.01674347319733	0.309275479038364	0.999831983216163
ENSMUSG00000000957	584.158987694796	0.18068238229726	0.114316062854438	1.57805601161213	0.114552742603102	0.999831983216163
ENSMUSG00000021916	1769.29632612857	-0.0666581894439956	0.0950636206415682	-0.701248115582377	0.483148187048244	0.999831983216163
ENSMUSG00000004562	1086.97101169184	-0.0532315588923664	0.0943207577856231	-0.564383630899248	0.572493076563245	0.999831983216163
ENSMUSG00000010376	1860.12358776189	0.0209396114105351	0.0903623287824687	0.231730587471638	0.816747272579216	0.999831983216163
ENSMUSG00000016831	2391.40386099182	-0.0844545835348553	0.0855993395395532	-0.986682910987271	0.323798110209181	0.999831983216163
ENSMUSG00000079388	19.84161143201	0.0233636512629027	0.0929375539991976	0.250449356984928	0.802239864126018	0.999831983216163
ENSMUSG00000007817	9803.2713434993	-0.0256089213257672	0.0855530550578183	-0.299344115731301	0.764677497346417	0.999831983216163
ENSMUSG00000022211	2407.69582003125	-0.0198983396601595	0.102425484884927	-0.194275823965752	0.845959914661577	0.999831983216163
ENSMUSG00000025555	5519.37362885985	-0.12854438319333	0.0857102139817252	-1.49999544243634	0.133615583111127	0.999831983216163
ENSMUSG00000021991	1723.6576704761	-0.158071708669624	0.0940459596057967	-1.68123665862483	0.0927169556448006	0.999831983216163
ENSMUSG00000056296	3543.58804036434	-0.0618543946997923	0.0855642630605778	-0.722946191222923	0.469712943412462	0.999831983216163
ENSMUSG00000033589	218.097300757507	-0.0168780851719454	0.117176222732232	-0.144046781671411	0.885463528388102	0.999831983216163
ENSMUSG00000040123	2673.24305092547	-0.00986549355010839	0.0879011993111546	-0.112234766800937	0.910637263388911	0.999831983216163
ENSMUSG00000022219	22.3206314375394	-0.00814274166073814	0.0968548212507933	-0.0841310157675469	0.932952265036468	0.999831983216163
ENSMUSG00000048502	65.875011910253	-0.0380755375303923	0.117841188510467	-0.323751580148765	0.74612611681521	0.999831983216163
ENSMUSG00000060012	2780.65154595816	-0.0601460335823358	0.0894175217123982	-0.672697591550148	0.501139700146316	0.999831983216163
ENSMUSG00000022016	10092.517739649	-0.123899021671334	0.0917478104460475	-1.3508149084274	0.176754731184884	0.999831983216163
ENSMUSG00000052395	329.251644836796	-0.0352397551221381	0.11287517621545	-0.312189896644011	0.754896209985729	0.999831983216163
ENSMUSG00000021843	6673.05700920504	-0.0373612128406404	0.0880692012311663	-0.42425570178053	0.671379341814986	0.999831983216163
ENSMUSG00000036242	6831.83594476313	0.0331008247885966	0.0861105445662273	0.38438597418069	0.70069239453102	0.999831983216163
ENSMUSG00000054051	1274.19192167755	-0.0294588738517062	0.0896116108253161	-0.328745155324486	0.742348320547998	0.999831983216163
ENSMUSG00000022212	408.879630410501	0.0940736777123443	0.10598601335157	0.877237137428398	0.380357848482382	0.999831983216163
ENSMUSG00000040752	187.300900646828	0.031683881736131	0.118950748775098	0.266243977450693	0.79005131577037	0.999831983216163
ENSMUSG00000021772	2464.85602295894	-0.0261279454307345	0.0894134647919454	-0.292230260830103	0.770110576138301	0.999831983216163
ENSMUSG00000041028	22428.3784707921	0.0567322387286781	0.081858078457187	0.693009582311208	0.488303538049812	0.999831983216163
ENSMUSG00000040717	162.476657280303	0.00332136641092707	0.120564877636334	0.0275596118303959	0.978013394509855	0.999831983216163
ENSMUSG00000021866	300.970969889685	0.114495606318469	0.114574365298827	0.998507115161914	0.318033515995901	0.999831983216163
ENSMUSG00000033083	2950.49001005784	-0.0244712274622718	0.0931980607314629	-0.262588254968145	0.79286795364746	0.999831983216163
ENSMUSG00000093985	11.9289955765837	0.0309324504619213	0.0758743204919541	0.40403492245419	0.686187038890649	0.999831983216163
ENSMUSG00000072571	66.0148935177206	-0.0327194782836381	0.119541935802278	-0.273921349072005	0.784145064662339	0.999831983216163
ENSMUSG00000021779	481.871496846617	-0.0554446448272809	0.107188913386765	-0.51732537928438	0.604929040404762	0.999831983216163
ENSMUSG00000079410	64.2767229760408	0.0252387712850139	0.118963092772651	0.211995851712882	0.832110270628563	0.999831983216163
ENSMUSG00000021967	581.763165309036	-0.0111434745867297	0.102023792293223	-0.109216624962674	0.913030674374918	0.999831983216163
ENSMUSG00000054763	164.723867605433	0.082864094465932	0.121302532834098	0.6822817363778	0.495060819304219	0.999831983216163
ENSMUSG00000021814	2407.26774256006	0.13412599791973	0.0819347817037572	1.63687047787158	0.101657535663223	0.999831983216163
ENSMUSG00000042354	1248.3729707762	0.0148611097878788	0.0941474616983777	0.157844851886599	0.874579054950722	0.999831983216163
ENSMUSG00000021917	2113.68249449298	0.0595841333519508	0.0971751699098578	0.613079738313438	0.539823616821532	0.999831983216163
ENSMUSG00000033186	3264.23234892117	0.0364021049393795	0.0838270464575486	0.434236505786289	0.664116706155737	0.999831983216163
ENSMUSG00000022108	53445.8868427099	-0.00117382232328758	0.0735116770102522	-0.0159672096080429	0.987260551301132	0.999831983216163
ENSMUSG00000022003	484.003547443641	-0.0277339673616202	0.110919262934587	-0.250041422309341	0.80255531542733	0.999831983216163
ENSMUSG00000022018	287.069575607375	-0.157890841320273	0.120628253075474	-1.31157181688467	0.189664647406964	0.999831983216163
ENSMUSG00000000959	1866.19848076932	-0.0586453205287999	0.0856954127061358	-0.684355758008748	0.493750545880263	0.999831983216163
ENSMUSG00000002319	879.190206578163	0.0584167002407652	0.100630798580626	0.580392408866979	0.561650023116112	0.999831983216163
ENSMUSG00000022103	490.870741009649	-0.02758185351684	0.105089497354005	-0.262477296244716	0.792953486897432	0.999831983216163
ENSMUSG00000021819	4543.74234368946	0.0384323337956628	0.0889991399809792	0.43179562969221	0.665889956150253	0.999831983216163
ENSMUSG00000022022	279.266661335714	0.179161371303222	0.112897365038123	1.58629258700862	0.112672953126058	0.999831983216163
ENSMUSG00000021986	6237.05455308174	-0.113675825471828	0.108228034469661	-1.05115185307417	0.293188852088515	0.999831983216163
ENSMUSG00000060579	66.3429489054588	0.207057177788454	0.119663828301351	1.71987597124128	0.0854549891859308	0.999831983216163
ENSMUSG00000021932	361.340553686022	-0.001846594847555	0.111059522343054	-0.0166290831026139	0.986732522802896	0.999831983216163
ENSMUSG00000091568	12.9655775913133	0.00637576665005034	0.0803694567225203	0.079099806478063	0.936953237440664	0.999831983216163
ENSMUSG00000022037	18502.2910308329	0.100736800896826	0.0788180852052992	1.27796411851625	0.201262078212955	0.999831983216163
ENSMUSG00000034205	39.8576648003769	-0.0801428902438186	0.110025167847432	-0.732911202900268	0.463612589830828	0.999831983216163
ENSMUSG00000021831	1548.54098913052	0.0636106072784349	0.0879238378978014	0.723457945963662	0.469398581938607	0.999831983216163
ENSMUSG00000021952	1920.21754975213	-0.0775732817835772	0.0970930937823437	-0.799083848028463	0.424241794632907	0.999831983216163
ENSMUSG00000049295	5394.95369488798	-0.094921840104611	0.0924750193599538	-1.02665498857802	0.304582951215577	0.999831983216163
ENSMUSG00000021983	1932.67456970799	0.115508146726629	0.0977852521414278	1.18094988192156	0.237622633650777	0.999831983216163
ENSMUSG00000015966	45.5340436221232	-0.0972487879899304	0.113330655471249	-0.863187916364699	0.388034156341303	0.999831983216163
ENSMUSG00000039081	135.11116038241	0.182151696997119	0.121196587495364	1.50014136264694	0.133577788519569	0.999831983216163
ENSMUSG00000060548	945.895845472061	0.0354911608315714	0.10727925184498	0.330783359987807	0.7408081308126	0.999831983216163
ENSMUSG00000021936	3971.29404013402	-0.00330060333797262	0.091788233663558	-0.035959137021799	0.971314941798365	0.999831983216163
ENSMUSG00000022109	697.21732292249	0.0544650558391007	0.0973927434722195	0.559228068425294	0.576006079491685	0.999831983216163
ENSMUSG00000022193	1515.07019050472	0.00233958310290635	0.101785641518924	0.0229856555093205	0.981661715172729	0.999831983216163
ENSMUSG00000060373	9409.06357960431	-0.0231252289007766	0.0770075843866303	-0.300302522980529	0.763946408939358	0.999831983216163
ENSMUSG00000035184	313.462828377105	0.107779213074288	0.115593181129652	0.931722085839633	0.35148016949203	0.999831983216163
ENSMUSG00000053754	4443.28849194885	-0.0432462032863336	0.0791752420262684	-0.546225378451033	0.584911023211897	0.999831983216163
ENSMUSG00000035095	73.5881646465639	0.0220226225365911	0.120142242996427	0.183200955635761	0.854640344568665	0.999831983216163
ENSMUSG00000032925	322.791351654198	-0.085689772773199	0.113382963463452	-0.75611467093705	0.44958044658677	0.999831983216163
ENSMUSG00000042156	2238.87426868898	0.0333526804143102	0.0915620930354494	0.36425060854184	0.715670878708769	0.999831983216163
ENSMUSG00000063142	9985.37663271426	-0.0230223549216996	0.106949581872065	-0.215295921901827	0.829536608932186	0.999831983216163
ENSMUSG00000046168	48.403591751373	-0.0732971530686198	0.11243791005446	-0.656095170972647	0.511762891332558	0.999831983216163
ENSMUSG00000022020	1227.73569339965	-0.0911615015261401	0.0961415960863973	-0.948359942839864	0.342946244526181	0.999831983216163
ENSMUSG00000044551	34.3683507863729	0.0275569533811415	0.107857401495658	0.255133718780565	0.798619821886433	0.999831983216163
ENSMUSG00000021850	14.2141069634767	-0.137736721150915	0.082086585286276	-1.76242241522505	0.0779979541930776	0.999831983216163
ENSMUSG00000055128	1370.49465188109	-0.0599678720640857	0.0898523026063684	-0.667435773171907	0.504493822016759	0.999831983216163
ENSMUSG00000035296	43.6474307790752	0.073771250243041	0.112936806572273	0.650682691139281	0.515251338737579	0.999831983216163
ENSMUSG00000061524	7471.49927085493	-0.034560776930841	0.0996594797677728	-0.346827380522306	0.72872100575294	0.999831983216163
ENSMUSG00000021838	2096.59175107806	-0.111230461150723	0.0846496824304747	-1.31407727121905	0.188820202021806	0.999831983216163
ENSMUSG00000055421	6791.11873667629	0.00840230444761125	0.0903446872979018	0.0930031793541214	0.925901035412952	0.999831983216163
ENSMUSG00000033487	2856.82391494716	0.0202228578152546	0.0884259879526141	0.228696644954324	0.819104702630053	0.999831983216163
ENSMUSG00000021832	4520.56446549145	0.0588126313382659	0.0858314612300179	0.685168914878206	0.49323733699486	0.999831983216163
ENSMUSG00000044772	24.2154719882828	0.137937899449618	0.0977366450711057	1.39184279451994	0.163970007811238	0.999831983216163
ENSMUSG00000022110	7451.08607213233	0.098104061530043	0.0855561268040705	1.14651724428813	0.251581196247221	0.999831983216163
ENSMUSG00000057132	29.0546438623393	-0.0444150795051846	0.102021015931244	-0.438252803811661	0.661203034588441	0.999831983216163
ENSMUSG00000051212	20.1027971134426	0.0923404676302116	0.0923950776601347	0.987982514739685	0.323161211650858	0.999831983216163
ENSMUSG00000022064	488.868264845218	0.0116118817875024	0.10757897657907	0.107952128394339	0.914033666212921	0.999831983216163
ENSMUSG00000067995	505.684822691444	0.0523649679324133	0.104729003892432	0.499937597027448	0.617119017983292	0.999831983216163
ENSMUSG00000021815	130.213158137289	-0.14740588677736	0.121494869100095	-1.21539674977054	0.224214807076072	0.999831983216163
ENSMUSG00000022010	10010.9336585707	-0.114351049011272	0.0875153531195933	-1.30689041430457	0.191249932093299	0.999831983216163
ENSMUSG00000004558	34867.2320745852	-0.0835092384174274	0.0810411333112074	-1.03055913349033	0.30274760850376	0.999831983216163
ENSMUSG00000017491	259.233577050557	-0.131182862296739	0.118359612661537	-1.10959976472615	0.26717153270972	0.999831983216163
ENSMUSG00000041673	20.3985950825583	0.107055598793418	0.0934714639518775	1.12866871201267	0.259037612760412	0.999831983216163
ENSMUSG00000000365	53.1200000915913	-0.0833661405948681	0.112676651439603	-0.744660221560688	0.456477152166537	0.999831983216163
ENSMUSG00000022220	134.791810576432	0.113381711218241	0.121706801713439	0.930125972579865	0.352305864610467	0.999831983216163
ENSMUSG00000022203	321.535345080912	0.0450385632817406	0.116010879417195	0.388033680362494	0.697991109257426	0.999831983216163
ENSMUSG00000042323	3173.63775568607	0.00986855185628059	0.0988722816436257	0.0998113881489514	0.920494066766715	0.999831983216163
ENSMUSG00000079197	518.006798249711	0.198335671175181	0.112668542069633	1.75804472879388	0.0787398990033363	0.999831983216163
ENSMUSG00000022021	55.5276853509331	0.0209799844406626	0.11545421923667	0.181373430439091	0.856074472430268	0.999831983216163
ENSMUSG00000025277	1744.38659014454	0.0575566194744291	0.0847605915068243	0.679031306624889	0.497118025774742	0.999831983216163
ENSMUSG00000036339	1280.25022690256	0.0209163873556319	0.0888426720344291	0.235433901881312	0.813871975560842	0.999831983216163
ENSMUSG00000021966	37.5749382192639	0.0236860253828688	0.110048556900136	0.214933655997956	0.829819044356849	0.999831983216163
ENSMUSG00000022102	13.9774582570836	0.0372493262999453	0.08077190793503	0.456188444935859	0.648254473895269	0.999831983216163
ENSMUSG00000021785	1353.38673461733	0.147035366717486	0.0879397819296162	1.67187294200465	0.0945493794057909	0.999831983216163
ENSMUSG00000006281	404.585088617243	0.0842393395164857	0.107366422362912	0.784500327993996	0.432746589551135	0.999831983216163
ENSMUSG00000040997	2884.37902106901	-0.143828076440182	0.0822578392127463	-1.74863234523439	0.0803545914668231	0.999831983216163
ENSMUSG00000042104	1931.47447518589	-0.0792372482781277	0.0867446129380501	-0.913499016856847	0.360980150427047	0.999831983216163
ENSMUSG00000021929	3510.0191646125	-0.00759819911684517	0.0892492892300062	-0.0851360563115969	0.93215322556161	0.999831983216163
ENSMUSG00000021911	1499.30231852399	-0.0794049141778689	0.0938881605112955	-0.845852228148973	0.397635185255499	0.999831983216163
ENSMUSG00000033712	2090.2730470915	-0.000222617353241046	0.0832326611404561	-0.00267411640099679	0.997866366352755	0.999831983216163
ENSMUSG00000059674	128.66126022135	-0.0678968780022171	0.121701603720672	-0.558533682781447	0.576480010711803	0.999831983216163
ENSMUSG00000021901	4088.61433501602	0.00293534372621241	0.080629931297776	0.0364058327206207	0.970958763425596	0.999831983216163
ENSMUSG00000063506	26.371767899791	0.123895478058438	0.0995480194868759	1.23083797978667	0.218383467559665	0.999831983216163
ENSMUSG00000093954	20.5307976432393	0.00162399305243115	0.0910799185674582	0.0178620318420077	0.985748918379169	0.999831983216163
ENSMUSG00000022194	4696.74555817856	0.0209240658980519	0.095153812692775	0.219883237182211	0.825962091631623	0.999831983216163
ENSMUSG00000022096	3881.13321025154	-0.101452594796885	0.0962377531184404	-1.054456406937	0.291674008935504	0.999831983216163
ENSMUSG00000013701	1331.25832562521	-0.00673481456145904	0.0971823700029389	-0.0693015663722256	0.944749578952633	0.999831983216163
ENSMUSG00000022098	6728.31577508643	-0.0332113859043801	0.0974264200724686	-0.340916846434721	0.733166182121512	0.999831983216163
ENSMUSG00000033405	166.115205741664	0.0228180279813168	0.119370553221514	0.19114679419577	0.848410586995915	0.999831983216163
ENSMUSG00000006288	1647.23758720666	-0.0431676825663552	0.0872539837494305	-0.49473653064496	0.620786111531531	0.999831983216163
ENSMUSG00000021782	1475.18900279329	-0.010888874832289	0.0948284174894215	-0.114834435535826	0.908576353984557	0.999831983216163
ENSMUSG00000091898	41.9315511627296	-0.172951011696634	0.112035493387439	-1.56318193774369	0.118009807300275	0.999831983216163
ENSMUSG00000021816	10351.7132460288	0.0141793790022373	0.0779024942021812	0.182013232761117	0.855572341122726	0.999831983216163
ENSMUSG00000021830	4956.08919367488	-0.11581698982449	0.0813235168986653	-1.4243004835417	0.154359507596253	0.999831983216163
ENSMUSG00000041014	579.191305405441	0.0111933942761039	0.103346906420576	0.108317720118289	0.913743666694211	0.999831983216163
ENSMUSG00000037572	504.157670947448	0.0959125916467311	0.103543924211879	0.92619933401755	0.354342398593821	0.999831983216163
ENSMUSG00000056234	2209.88882436939	-0.0385935075217848	0.0926651064209095	-0.416520420197074	0.677029228115235	0.999831983216163
ENSMUSG00000021792	6569.97270095257	-0.0387085773477061	0.118894548495636	-0.326433740976946	0.744096212799295	0.999831983216163
ENSMUSG00000057156	701.429958248432	0.00394093842690738	0.101597158212049	0.0387886178699222	0.969058919630394	0.999831983216163
ENSMUSG00000022013	2357.02177154231	0.0856899667892042	0.0874229233068378	0.980115314212684	0.327029200587492	0.999831983216163
ENSMUSG00000014547	1840.5140120982	-0.00695890764974411	0.0873427105748855	-0.0796715075086248	0.936498521110903	0.999831983216163
ENSMUSG00000032849	606.237855205274	0.020936141236065	0.110912664293943	0.188771285864551	0.850272077756792	0.999831983216163
ENSMUSG00000071547	265.420661399427	-0.119378414369173	0.117682216197823	-1.01488919687638	0.310158648425931	0.999831983216163
ENSMUSG00000004561	1004.99884705994	-0.0862289285290656	0.109126081970135	-0.790446541088141	0.429267030957569	0.999831983216163
ENSMUSG00000022114	1239.40398097404	-0.047710943478941	0.089409320974008	-0.533626275360364	0.593600125590119	0.999831983216163
ENSMUSG00000062014	8760.60860898271	-0.0545104018959298	0.0913303419650066	-0.596924110265597	0.550558049300338	0.999831983216163
ENSMUSG00000036023	990.721631560023	-0.0403968101381681	0.0960922945575206	-0.420393700270925	0.674197869454862	0.999831983216163
ENSMUSG00000021810	1379.45698940981	-0.0391442539062694	0.0956778294627405	-0.409136133841676	0.682439760234054	0.999831983216163
ENSMUSG00000022180	1850.42872681429	0.0451901072277956	0.0997870683948053	0.452796821952174	0.65069505227774	0.999831983216163
ENSMUSG00000050222	646.625905039201	0.0440756819032036	0.0993110621127228	0.443784463836109	0.657198421941739	0.999831983216163
ENSMUSG00000022035	1177.84756046871	-0.0464851067104212	0.0953477791341912	-0.487565962555976	0.625857309782621	0.999831983216163
ENSMUSG00000000958	21.8988752590188	0.0122983202783118	0.0947507485472928	0.129500429343449	0.89696168524599	0.999831983216163
ENSMUSG00000021820	5068.34638613881	0.0396702345192372	0.0840073484408265	0.472205635425699	0.636780017679709	0.999831983216163
ENSMUSG00000042485	42.9843503710924	-0.0209686919014807	0.112856059265402	-0.185928315481691	0.852500976805762	0.999831983216163
ENSMUSG00000019027	64.2797575097762	0.157023420181033	0.118572993882079	1.31809812479905	0.18747080216983	0.999831983216163
ENSMUSG00000022120	379.251814410942	0.0526049851195984	0.112334092003622	0.468169576462565	0.639663326809537	0.999831983216163
ENSMUSG00000050666	334.79954551201	0.117990692765373	0.117447186963375	1.00324141376325	0.315744395714045	0.999831983216163
ENSMUSG00000045731	95.6231230750655	0.142619047006947	0.119620178990689	1.1860625619168	0.235597593915467	0.999831983216163
ENSMUSG00000041078	855.545332582342	-0.0319324129400421	0.102830626308526	-0.310571792687781	0.756126173615962	0.999831983216163
ENSMUSG00000021982	4309.76486068497	-0.00641373933817187	0.0864258037080522	-0.0742120274281104	0.940841675738897	0.999831983216163
ENSMUSG00000021978	3542.03137366306	-0.0251043793946354	0.0835294945804233	-0.300548456911133	0.763758840491763	0.999831983216163
ENSMUSG00000002324	1148.48050164693	-0.0959381519074292	0.106463367072105	-0.901428555549824	0.367360504338674	0.999831983216163
ENSMUSG00000022051	5672.70750551321	-0.0344198930204149	0.0828526299459146	-0.415450742656538	0.677811966971927	0.999831983216163
ENSMUSG00000022089	292.270242761709	-0.0471178680214411	0.113266168773572	-0.415991973854166	0.677415876340098	0.999831983216163
ENSMUSG00000021737	2449.73409617567	0.0424653373650534	0.0905614084105737	0.468889396283461	0.639148696075269	0.999831983216163
ENSMUSG00000035960	195.346085363028	0.046774303729913	0.117663439239487	0.397439581112515	0.691043332406906	0.999831983216163
ENSMUSG00000037536	993.26125549087	0.0729345142456257	0.0971522233969461	0.750671290064974	0.452850505410467	0.999831983216163
ENSMUSG00000021752	1734.92765999003	0.03793319824798	0.084673941940334	0.447984350158836	0.654164491163807	0.999831983216163
ENSMUSG00000046753	872.957321247828	-0.0821752655631984	0.0945873033400081	-0.868819111914856	0.384946077859792	0.999831983216163
ENSMUSG00000022136	4866.34781951516	0.0722817073942622	0.0796028864987616	0.907982838574342	0.363887288719881	0.999831983216163
ENSMUSG00000043157	12.0051777053489	-0.0411306559525323	0.0776200490307111	-0.538061055177043	0.590534898021455	0.999831983216163
ENSMUSG00000015812	68.6696879361363	-0.107644021662088	0.120018312257573	-0.89965552226949	0.368303599996327	0.999831983216163
ENSMUSG00000022106	1257.37448814142	0.0275305990819101	0.0905907080837023	0.303900510089831	0.761203689164001	0.999831983216163
ENSMUSG00000025280	1195.09408397999	-0.0542653952997025	0.0910519807447697	-0.595999208986666	0.551175755151421	0.999831983216163
ENSMUSG00000022101	10.4987460100953	-0.0191467425854468	0.0738592563562822	-0.261074845862071	0.794034789248566	0.999831983216163
ENSMUSG00000035896	10.6089064700491	0.0163243189161311	0.0732471333317644	0.221945575719487	0.8243562508956	0.999831983216163
ENSMUSG00000022204	904.65442652598	0.00695737011270518	0.0932782621225015	0.074588183522124	0.94054237611611	0.999831983216163
ENSMUSG00000022095	1284.22329115178	-0.0203116636551917	0.10941566844409	-0.185647809849325	0.852720958392581	0.999831983216163
ENSMUSG00000022099	2973.02962041967	0.151380487016643	0.086556843079986	1.74859823490985	0.0803604916361028	0.999831983216163
ENSMUSG00000022075	2884.7398548541	-0.0286924769657437	0.0825694547454005	-0.347503127027606	0.728213369685854	0.999831983216163
ENSMUSG00000040640	1256.5390470611	0.0128928818619768	0.0963305171766944	0.133843916096756	0.893525999573423	0.999831983216163
ENSMUSG00000021965	63.232269473306	-0.0192595305285693	0.117406045576034	-0.164280165554523	0.869510595149987	0.999831983216163
ENSMUSG00000021902	151.31292219667	0.0125682415149141	0.120983210079162	0.103833736806615	0.917301293063888	0.999831983216163
ENSMUSG00000021840	1028.24898558513	-0.0756960121757101	0.0922166121868544	-0.820849732160093	0.411731866832876	0.999831983216163
ENSMUSG00000071540	16.1355289427337	-0.128228942988914	0.0814546535304681	-1.65478898645656	0.0979673088220469	0.999831983216163
ENSMUSG00000047911	11.3761544630738	-0.014322594657518	0.0762690516263391	-0.188890466038797	0.850178666065271	0.999831983216163
ENSMUSG00000025278	2859.74890969303	-0.0270259732448228	0.0930927086503664	-0.290330763150679	0.771563206293455	0.999831983216163
ENSMUSG00000058571	1586.7031194646	-0.0919160338396832	0.101240749811696	-0.908143855810163	0.363802222454971	0.999831983216163
ENSMUSG00000041594	1824.49510477563	0.0487163772817785	0.0910191004421305	0.535202974020154	0.592509510016724	0.999831983216163
ENSMUSG00000021928	576.653749000761	-0.135888766321291	0.102059564316656	-1.33152880713981	0.183015072744107	0.999831983216163
ENSMUSG00000022210	455.135689038529	0.024858460294873	0.105953922317176	0.234599806815376	0.814519359506401	0.999831983216163
ENSMUSG00000044350	167.837697271003	-0.141196601782018	0.120693002160197	-1.17114954353521	0.241538672445533	0.999831983216163
ENSMUSG00000022125	1259.80024690637	0.0858759942421105	0.0894544621594983	0.959936264569245	0.337087293235969	0.999831983216163
ENSMUSG00000068758	37.7642761937196	0.0652189633830014	0.10893540405897	0.595968212677253	0.551196462290042	0.999831983216163
ENSMUSG00000072294	2202.8549740158	0.0526957796559195	0.0887085083000567	0.594013308940946	0.552503211448026	0.999831983216163
ENSMUSG00000034190	2912.74916591998	0.0718572858712679	0.0844600856116858	0.85073100275537	0.394918797083582	0.999831983216163
ENSMUSG00000021939	19353.7827447748	0.080262093765283	0.0760211481273616	1.05571705308417	0.291097503749897	0.999831983216163
ENSMUSG00000012405	3791.05532209051	0.0302179421295543	0.0845579568308692	0.357354668489381	0.720826308523079	0.999831983216163
ENSMUSG00000079357	16.8349522699372	0.0650345595192524	0.0856821055083034	0.750436552433572	0.452991823242328	0.999831983216163
ENSMUSG00000035235	376.997557020154	0.0508042618590024	0.108224706847893	0.469388371023702	0.63879205907201	0.999831983216163
ENSMUSG00000114797	2798.94214824575	-0.0299875001491447	0.0873872798719218	-0.343173762166952	0.731467742218156	0.999831983216163
ENSMUSG00000025551	2529.44252036647	0.00241515543371926	0.099843787572742	0.0241899935441033	0.980701059791352	0.999831983216163
ENSMUSG00000068245	19.1557387417104	0.155384828497786	0.0916605389213462	1.66407204489328	0.0960980328195001	0.999831983216163
ENSMUSG00000022048	4414.53782794989	0.04044876870403	0.0835546677838187	0.484078790878917	0.628329952659728	0.999831983216163
ENSMUSG00000050505	894.1544488161	0.0718963328007629	0.102082566034056	0.704247610096654	0.481278586200867	0.999831983216163
ENSMUSG00000022111	699.90360593962	-0.0902942686183421	0.10094241891298	-0.89460868235846	0.370996308923367	0.999831983216163
ENSMUSG00000014496	2748.44238751869	0.0577237963826806	0.0874019094222781	0.660412686943347	0.508989032808772	0.999831983216163
ENSMUSG00000002332	1705.19560738728	0.0476899469672719	0.0896539094257681	0.531906275483882	0.594790910676414	0.999831983216163
ENSMUSG00000022074	34.7420217308155	-0.0113138445523101	0.107507046637073	-0.105236132067715	0.916188440645432	0.999831983216163
ENSMUSG00000021738	1961.48073141717	-0.0479430391167236	0.0881823000678378	-0.543703437040136	0.586645566881667	0.999831983216163
ENSMUSG00000021947	241.611008893505	-0.00105190283875476	0.116388901364857	-0.00903707123370155	0.992789558532399	0.999831983216163
ENSMUSG00000022174	779.420332284721	-0.0403648610115435	0.108070231854702	-0.373545446973471	0.70874252725963	0.999831983216163
ENSMUSG00000072572	579.371719275425	-0.0464230660252292	0.113606919166972	-0.408672290315967	0.682780171529442	0.999831983216163
ENSMUSG00000021930	2497.89286667414	0.0930317347885669	0.087449961112143	1.0637410816647	0.287446008497836	0.999831983216163
ENSMUSG00000053205	891.868603003558	-0.106694179562067	0.0943389863556755	-1.13100383893961	0.258053475644729	0.999831983216163
ENSMUSG00000049092	3100.60704936335	-0.0565291465312771	0.0916084897059276	-0.617147201530778	0.537137637376605	0.999831983216163
ENSMUSG00000045691	298.668381116989	-0.0905629299251162	0.110872140419032	-0.816885152811906	0.413994063336649	0.999831983216163
ENSMUSG00000061244	3298.25761871587	-0.00675970259274052	0.0870097370247183	-0.0776904607282628	0.938074282407116	0.999831983216163
ENSMUSG00000021880	10.6268037044316	0.0399146010817851	0.0745590548641051	0.52983313542086	0.596227629032058	0.999831983216163
ENSMUSG00000071347	14.1632729374181	-0.0715203141388243	0.0803720919263331	-0.914689972477145	0.360354410037966	0.999831983216163
ENSMUSG00000022052	2507.19864804754	0.0153571400192233	0.0848500967875789	0.180990161966995	0.856375298102498	0.999831983216163
ENSMUSG00000021822	28.5816103120608	0.00171117223284865	0.100410808743432	0.017043010575546	0.986402303269397	0.999831983216163
ENSMUSG00000075573	20.9782204941081	0.169006721854591	0.0920387044078179	1.80403630042064	0.0712256164570066	0.999831983216163
ENSMUSG00000041650	2148.35664527795	0.110323919463677	0.0830055199610045	1.32903399852471	0.183836753413452	0.999831983216163
ENSMUSG00000021893	3244.67452823965	-0.08041431249648	0.0835858737715993	-0.962127473332416	0.335985575165353	0.999831983216163
ENSMUSG00000040472	867.39844893682	-0.0230420605063667	0.105774956804281	-0.217835730211677	0.827557104310578	0.999831983216163
ENSMUSG00000054733	1169.92473896014	0.0442953711379284	0.0918473754565002	0.482245334598273	0.629631675454718	0.999831983216163
ENSMUSG00000063458	20.2915941563931	0.0742678768015063	0.0924272622280595	0.793696010578765	0.427372423293291	0.999831983216163
ENSMUSG00000057606	128.44157335452	0.015435572767587	0.121662101193367	0.126842256939725	0.899065249629887	0.999831983216163
ENSMUSG00000022070	124.337059206095	-0.0573383882614817	0.121660828143021	-0.47155576803212	0.637243904809346	0.999831983216163
ENSMUSG00000037580	88.4497028716905	0.148496040705857	0.119650855847169	1.23481900196398	0.216897873753969	0.999831983216163
ENSMUSG00000022223	576.690938108365	0.16818274319009	0.102592079809083	1.63896592933066	0.101220355563756	0.999831983216163
ENSMUSG00000096793	11.5972487250375	0.0363411931579479	0.0723854911760773	0.496372144411172	0.619631874394167	0.999831983216163
ENSMUSG00000021990	319.251754190275	0.0188299313218243	0.111454915290926	0.168932094495593	0.865850054229274	0.999831983216163
ENSMUSG00000021996	1911.92587494019	0.0018092961718456	0.0908914406790952	0.0199065228709845	0.984117941678522	0.999831983216163
ENSMUSG00000037526	879.836658487958	-0.00122623387191225	0.0967845000048524	-0.0126690885392485	0.989891800259934	0.999831983216163
ENSMUSG00000115338	182.030876595036	0.115479398305084	0.118810612187776	0.97136766114469	0.331365226380698	0.999831983216163
ENSMUSG00000035078	4427.82352635907	-0.103821436345195	0.0987437481063379	-1.05176788596882	0.292906056288369	0.999831983216163
ENSMUSG00000041765	1338.63409750235	-0.000999922853141284	0.0881459731983323	-0.011343221473571	0.990949612800439	0.999831983216163
ENSMUSG00000007591	10.9038051376272	0.0194302794383157	0.0738563518875207	0.261881758799357	0.793412603332297	0.999831983216163
ENSMUSG00000021958	207.48835877421	-0.0869306768629161	0.118551885190249	-0.733666356211621	0.463152108087636	0.999831983216163
ENSMUSG00000022000	2486.59080594148	0.0944323750861604	0.093483088686499	1.01000435523148	0.312493203446134	0.999831983216163
ENSMUSG00000034795	96.5005901287409	-0.0588266117738578	0.121779120564044	-0.483758159087884	0.628557512558529	0.999831983216163
ENSMUSG00000034893	2115.16140150822	-0.0322722184106833	0.0864431266819279	-0.373347072456084	0.708890146216428	0.999831983216163
ENSMUSG00000021975	629.810235136393	-0.0127113460236667	0.09966546150172	-0.127540000680581	0.898513015702678	0.999831983216163
ENSMUSG00000022094	1404.60193112752	-0.00910799601128421	0.0891619883453851	-0.102152958751213	0.918635265827858	0.999831983216163
ENSMUSG00000039543	57.0890692733177	0.0321589130125998	0.113844829096654	0.281541667547373	0.778294973861843	0.999831983216163
ENSMUSG00000021767	2117.67877966408	-0.0488533580214073	0.100400085435392	-0.486668001502007	0.62649362485803	0.999831983216163
ENSMUSG00000021750	37559.1934503085	-0.0486662354840496	0.107580807536507	-0.452515091674538	0.650897951636826	0.999831983216163
ENSMUSG00000022008	2169.20128598249	0.00157170409928966	0.0900143643936842	0.01746137796358	0.986068544065617	0.999831983216163
ENSMUSG00000021794	10645.5938348932	0.0444874999837943	0.0754865942743755	0.589325669075008	0.555642828671385	0.999831983216163
ENSMUSG00000033214	746.010152268701	0.108956528058784	0.104715772625309	1.04030556235387	0.298197960779408	0.999831983216163
ENSMUSG00000000776	619.081931337865	0.0494821697674902	0.0993375086833537	0.498113360651117	0.618404144030183	0.999831983216163
ENSMUSG00000021969	2917.41375864148	0.0633914119650384	0.0888505830441711	0.713407522852425	0.475593619313994	0.999831983216163
ENSMUSG00000021903	2005.16572128798	0.17774468843499	0.10749097274167	1.65196829071651	0.0985410151322341	0.999831983216163
ENSMUSG00000022177	114.161333949586	0.169681457141887	0.121881767288937	1.38782819676	0.165189366528033	0.999831983216163
ENSMUSG00000053253	3736.51486461943	0.0132807166870087	0.079600514060329	0.166841273490357	0.867494942259755	0.999831983216163
ENSMUSG00000021273	1691.70520132541	0.0495624110076587	0.107374804878497	0.461466544187173	0.644463918924333	0.999831983216163
ENSMUSG00000022023	2457.4537003811	-0.0104879047736772	0.0831417127483162	-0.126146269224947	0.899616142431168	0.999831983216163
ENSMUSG00000022132	860.492053415722	0.129839276583944	0.0977632637897975	1.32789513430139	0.184212752376675	0.999831983216163
ENSMUSG00000042567	37.63916074103	-0.00169688240752127	0.105221471343096	-0.0161593924899444	0.987107231328873	0.999831983216163
ENSMUSG00000007589	740.117700683366	-0.00230523479863134	0.0984656191251062	-0.0234103226765887	0.981322970958335	0.999831983216163
ENSMUSG00000035566	1309.85029411517	0.0498792491153546	0.107703710816608	0.463038333289544	0.643336890524696	0.999831983216163
ENSMUSG00000021950	23.7312701655763	0.0325674770086036	0.0968013813437	0.334398040889627	0.738079217550976	0.999831983216163
ENSMUSG00000049532	3702.08127345005	0.140139227502742	0.0851192758761065	1.64615018524004	0.0997328423141295	0.999831983216163
ENSMUSG00000033060	610.392180231297	-0.154875492518003	0.108893248648146	-1.42329586192482	0.154650406070687	0.999831983216163
ENSMUSG00000068417	13.6918007929792	0.0256644548476969	0.0801391229277065	0.318156694369678	0.750366080164008	0.999831983216163
ENSMUSG00000043702	882.814357112639	-0.0182449212114444	0.0953039328013972	-0.191449104877388	0.848173751349248	0.999831983216163
ENSMUSG00000053093	14.427391987084	0.00956308712346837	0.0820256666171175	0.116293205679697	0.907420170160368	0.999831983216163
ENSMUSG00000022217	285.720870322409	0.174657496815431	0.11255278618676	1.550844938423	0.120938848337935	0.999831983216163
ENSMUSG00000021806	135.475732166315	-0.0318349976133803	0.12186870177644	-0.261202351576389	0.793936464757268	0.999831983216163
ENSMUSG00000037833	70.6233117640367	-0.0905677793173833	0.118877325271392	-0.764750089998999	0.444420372819517	0.999831983216163
ENSMUSG00000015971	1947.57619291019	0.0845600549982751	0.0849590763019846	0.995248413312188	0.319615460701703	0.999831983216163
ENSMUSG00000040721	3525.68692115173	-0.0844120942680274	0.097787912944994	-0.863408852479845	0.387912713928155	0.999831983216163
ENSMUSG00000023156	40.2300515218476	-0.0295128224899237	0.110117718465464	-0.268898615149126	0.788007702686682	0.999831983216163
ENSMUSG00000058997	2591.11725659384	0.0815041287075445	0.0868206020161361	0.938706918574357	0.347881240294846	0.999831983216163
ENSMUSG00000060126	13309.7584043293	-0.0707023211808195	0.0831731610704625	-0.850134390990241	0.395250373184777	0.999831983216163
ENSMUSG00000033730	65.0004112120421	-0.0787145282732939	0.105998326094414	-0.750717866747634	0.452822468061414	0.999831983216163
ENSMUSG00000021848	708.926240233201	0.0686010948769262	0.11051276759588	0.620415744379305	0.534984109456232	0.999831983216163
ENSMUSG00000021751	15.1437459513265	-0.0633580730228695	0.0774483779603778	-0.838991685454143	0.401473975398317	0.999831983216163
ENSMUSG00000068015	1343.25098704189	-0.0377002561817301	0.0917868913554163	-0.41075994819986	0.681248564308976	0.999831983216163
ENSMUSG00000021748	4310.44464817323	-0.0448374473178581	0.0819422209647711	-0.547205840913183	0.584237323823025	0.999831983216163
ENSMUSG00000021803	39.3058800699015	0.0507440317893938	0.0595635813638644	0.829127810441128	0.407032088479215	0.999831983216163
ENSMUSG00000041707	12.0076977784724	0.112363603728824	0.0777110527303049	1.41542642628954	0.15694350600571	0.999831983216163
ENSMUSG00000055717	1907.87656820592	-0.0877454326973893	0.0859334793567854	-1.02111810259024	0.307198487421725	0.999831983216163
ENSMUSG00000021835	84.1425133348493	-0.19136648139723	0.120285897950347	-1.59990918598263	0.109618731196028	0.999831983216163
ENSMUSG00000021957	3424.49269362747	0.147977690455653	0.0868108398456205	1.7042727038789	0.0883301520111383	0.999831983216163
ENSMUSG00000040651	2948.63593140182	-0.142325115616866	0.0879502206199687	-1.61852375325935	0.105549772026473	0.999831983216163
ENSMUSG00000033470	22.3034804436197	0.145748872227528	0.0820732136627979	1.72651663565767	0.0842545091135876	0.999831983216163
ENSMUSG00000022175	1253.08459681379	-0.00879789055370066	0.0952341962781804	-0.0923773177658812	0.926398260160233	0.999831983216163
ENSMUSG00000058690	5463.20207451182	-0.000439091364572453	0.0892564818879846	-0.00491886041297118	0.996075333046095	0.999831983216163
ENSMUSG00000050335	64.2836999095541	-0.00132262047858428	0.11839063115329	-0.0111654084393769	0.99109147809036	0.999831983216163
ENSMUSG00000021938	1259.34297332929	0.0300252966335071	0.0891973692028758	0.336609451946828	0.736411330003971	0.999831983216163
ENSMUSG00000022119	3657.06567272691	0.0244261393838621	0.0827630826416946	0.295130314179764	0.767894333171854	0.999831983216163
ENSMUSG00000021987	6066.74224550805	0.0427809899784144	0.0835718645981608	0.511887370985031	0.608729837296939	0.999831983216163
ENSMUSG00000043004	2603.82290973614	0.0275688034056168	0.0823792585473606	0.334651744196111	0.737887806982791	0.999831983216163
ENSMUSG00000040618	1156.36154623644	0.0912760739073591	0.0927515900225142	0.983972445094785	0.325129061387174	0.999831983216163
ENSMUSG00000005148	77.8424342000365	-0.201642435747357	0.120784368263174	-1.67716433057249	0.0935103519666802	0.999831983216163
ENSMUSG00000071350	350.495981994425	0.0945588137502441	0.112347783977017	0.841349937764	0.400151922332886	0.999831983216163
ENSMUSG00000045655	89.6232974724642	0.0804885775921561	0.121165591801317	0.663483159706291	0.507021161421995	0.999831983216163
ENSMUSG00000022014	16.7701789702818	0.0596314981488275	0.0884582283710947	0.667702057124424	0.504323796632076	0.999831983216163
ENSMUSG00000023110	1907.8370668423	-0.034362268829826	0.0862658992396771	-0.398330065959692	0.690386900780509	0.999831983216163
ENSMUSG00000021773	139.799481858907	-0.00216728297879987	0.121150572910395	-0.0178832742508812	0.985731972095901	0.999831983216163
ENSMUSG00000034522	1211.95833722291	0.0619834561127673	0.105979102608158	0.584663165277735	0.558774226295505	0.999831983216163
ENSMUSG00000022019	1281.89687208273	0.0220448011581953	0.0901722588319447	0.244475666937257	0.806862445273518	0.999831983216163
ENSMUSG00000021807	2298.03778565704	0.0693727810473422	0.0880003762046493	0.788268960045921	0.430539399796704	0.999831983216163
ENSMUSG00000006526	906.596825801912	0.00132954357466292	0.0929374754826908	0.0143061432420958	0.988585738535193	0.999831983216163
ENSMUSG00000021876	380.824402199494	-0.0184447249310886	0.106724942880432	-0.172828624103529	0.862786136816442	0.999831983216163
ENSMUSG00000033595	6040.41937911805	0.00710486901149459	0.0834893866941229	0.0850983577221224	0.932183195920526	0.999831983216163
ENSMUSG00000017485	8589.56799014055	-0.105698124654599	0.0981815988164221	-1.07695962318832	0.281498304430261	0.999831983216163
ENSMUSG00000034463	358.319826241547	-0.109487180070176	0.112040367748388	-0.977342440701471	0.328399648564984	0.999831983216163
ENSMUSG00000045875	741.979247026347	-0.150680393420618	0.112914606650491	-1.33601310404617	0.181544990222068	0.999831983216163
ENSMUSG00000002326	305.058514061779	-0.0529817777367352	0.11247422520792	-0.471096843477396	0.637571579141392	0.999831983216163
ENSMUSG00000021770	4506.44984651967	-0.0943970440621578	0.0983800464703305	-0.959807178824681	0.337152268630747	0.999831983216163
ENSMUSG00000044461	169.326808662385	0.077041278081156	0.120195237052913	0.640611635612009	0.521775037914003	0.999831983216163
ENSMUSG00000022199	10647.0927111324	0.102110289834321	0.0898846657218776	1.13578151028437	0.256048017166599	0.999831983216163
ENSMUSG00000021904	205.026841732255	-0.0763347894123081	0.118697000458651	-0.643239896758602	0.520068448984846	0.999831983216163
ENSMUSG00000022100	3836.6979348184	0.0505213836386181	0.0799178458177403	0.632149212517114	0.527289380276082	0.999831983216163
ENSMUSG00000037628	50.1943842129571	-0.00953863532134248	0.115698124717307	-0.0825131941406663	0.934238626705689	0.999831983216163
ENSMUSG00000037697	2902.62814194969	-0.0653084960949915	0.0838672874513429	-0.778750844492525	0.436126498793919	0.999831983216163
ENSMUSG00000025544	5967.38905867917	0.0116504516104956	0.077020690321195	0.151263447318488	0.879767902269094	0.999831983216163
ENSMUSG00000041408	3936.14352872711	0.0101669666811757	0.0926953464879725	0.109681867395404	0.912661681365153	0.999831983216163
ENSMUSG00000041471	231.832955350552	0.0929859341501888	0.118976236273471	0.781211199019118	0.434678288075002	0.999831983216163
ENSMUSG00000022216	715.741076888355	0.0757446109568442	0.101251070433555	0.747970200568901	0.45447813209666	0.999831983216163
ENSMUSG00000022209	18.0072520974115	-0.102654802789977	0.0854342177203053	-1.2398192429456	0.21504225907835	0.999831983216163
ENSMUSG00000022092	689.167317350891	-0.0498376753439945	0.100072659461922	-0.498015247375331	0.618473295361334	0.999831983216163
ENSMUSG00000096039	24.2598654515167	-0.068624141399972	0.0984579381749677	-0.703726494471236	0.48160311740873	0.999831983216163
ENSMUSG00000040822	728.960494036881	-0.120544731820608	0.0969738250047417	-1.24310495902354	0.213829158638889	0.999831983216163
ENSMUSG00000021811	823.985672204117	0.135063683062099	0.0958764095343209	1.40863192344707	0.158944034201151	0.999831983216163
ENSMUSG00000091722	466.944026444932	-0.142949341908543	0.105482508786786	-1.35539848306911	0.175290632687622	0.999831983216163
ENSMUSG00000089682	4945.53811680371	-0.103803094632581	0.081455378899564	-1.27446192320464	0.202499758801706	0.999831983216163
ENSMUSG00000021963	1973.61097790363	-0.0619480344601863	0.0875456814855189	-0.707635335674486	0.479171743448186	0.999831983216163
ENSMUSG00000021791	45.1488097573564	0.194365531825159	0.112159910003299	1.71447980852929	0.0864406422492849	0.999831983216163
ENSMUSG00000021951	647.755028252196	-0.0570020438627058	0.100855683797591	-0.565217656436348	0.57192572862343	0.999831983216163
ENSMUSG00000021823	956.238316532669	-0.137687492535853	0.100700057904839	-1.36774236228889	0.171392734853616	0.999831983216163
ENSMUSG00000036461	416.604440636145	-0.0840418026839661	0.110350289253373	-0.761760974664198	0.446202676013505	0.999831983216163
ENSMUSG00000021846	2095.28056913776	-0.149602484790836	0.0945781026498263	-1.58221364505852	0.113600806422008	0.999831983216163
ENSMUSG00000035726	3005.79689792019	-0.00559891176231888	0.0938557169603514	-0.0596561316609114	0.952429511333591	0.999831983216163
ENSMUSG00000035469	3210.99122689097	-0.0436659825932061	0.0965190650231906	-0.452459315260138	0.65093812432683	0.999831983216163
ENSMUSG00000039367	3406.70550972437	0.0312935296845032	0.0798933310952825	0.391686194849369	0.695290091574968	0.999831983216163
ENSMUSG00000035121	29.2423553351705	0.0554141214967538	0.103389450725142	0.533127290480439	0.593945468905126	0.999831983216163
ENSMUSG00000021906	991.837032998046	-0.0351704722950486	0.0942103580505559	-0.373314804082083	0.708914159526671	0.999831983216163
ENSMUSG00000022208	8789.92801087651	-0.0570217407821391	0.0797613416296834	-0.714939983377162	0.474646129266122	0.999831983216163
ENSMUSG00000021824	2560.28454093139	-0.0512444014569488	0.0897294953861932	-0.571152099245269	0.567896545053229	0.999831983216163
ENSMUSG00000022031	2611.3824079977	0.0859072578122349	0.0895145627905177	0.95961056636126	0.337251249113588	0.999831983216163
ENSMUSG00000033644	58.7782382364983	0.113654071507672	0.115606271690576	0.976468562332605	0.328832319583336	0.999831983216163
ENSMUSG00000021993	1022.53702295863	-0.0681407935161295	0.0961134537550246	-0.708979449056992	0.47833723004166	0.999831983216163
ENSMUSG00000079184	2631.49065000754	0.00673012171356903	0.0906891894083671	0.0742127426938373	0.940841106608812	0.999831983216163
ENSMUSG00000023243	58.2693336002442	-0.0352167265247944	0.116083947564057	-0.303972172427521	0.76114909181488	0.999831983216163
ENSMUSG00000045211	1040.02768976791	0.0885737270023437	0.0959900734972099	0.922579645136788	0.356226307231739	0.999831983216163
ENSMUSG00000025558	10980.3643816129	0.00671174020577292	0.0799736111790963	0.08392475913632	0.933116254057189	0.999831983216163
ENSMUSG00000033166	1581.70161878697	-0.0523401460663078	0.0883845098550988	-0.592201899543295	0.553715397590353	0.999831983216163
ENSMUSG00000053453	1910.0616729795	-0.107869140976429	0.0846622926255957	-1.27417125319158	0.202602730678905	0.999831983216163
ENSMUSG00000049960	598.676869347788	0.105997860074342	0.101058678999382	1.04870234614001	0.294315134118049	0.999831983216163
ENSMUSG00000035953	2230.97323985395	0.0311730297851822	0.0909030402576528	0.342903025044543	0.731671415937208	0.999831983216163
ENSMUSG00000037722	60.2078480217433	-0.0160164162955636	0.115799556125502	-0.138607778035665	0.889760096662061	0.999831983216163
ENSMUSG00000022025	95.9885962324577	-0.127542572801356	0.121668162538566	-1.05085904671633	0.293323331876918	0.999831983216163
ENSMUSG00000006527	1774.31491303734	0.066786362988566	0.088166070664463	0.757478783216723	0.448763072292344	0.999831983216163
ENSMUSG00000030662	5438.44850323394	0.0443393508350892	0.0825631491730376	0.537016774211779	0.591256027302149	0.999831983216163
ENSMUSG00000036291	2016.93202540486	-0.0176850536753498	0.0848844744508592	-0.208346172302243	0.834958682271791	0.999831983216163
ENSMUSG00000021948	2195.57146078486	-0.0265516161695772	0.0922893878637738	-0.287710554061002	0.773568310503408	0.999831983216163
ENSMUSG00000022130	325.279282328323	-0.039411642475053	0.112996918148231	-0.3487734039533	0.727259431695477	0.999831983216163
ENSMUSG00000063787	473.564347255513	0.0181182782362363	0.107939805570862	0.167851025623074	0.866700479266891	0.999831983216163
ENSMUSG00000021877	3055.17674492319	-0.035980597738363	0.0847439252225649	-0.424590305723471	0.671135361200575	0.999831983216163
ENSMUSG00000021879	64.2678223192516	0.0673796549406709	0.108747783541368	0.616542113573701	0.537536785986407	0.999831983216163
ENSMUSG00000035161	1783.97165093841	0.0686946287203782	0.0952328505343113	0.721275535580005	0.470740005816075	0.999831983216163
ENSMUSG00000041445	141.185438740119	-0.0344500725263561	0.121347454916372	-0.283966451506405	0.776436090574579	0.999831983216163
ENSMUSG00000058351	292.158587556617	-0.0479188599597578	0.112111409293686	-0.427508863181328	0.669008730906194	0.999831983216163
ENSMUSG00000075486	1017.61971816551	-0.124916359676079	0.0947140251389454	-1.31893038806045	0.187192385847115	0.999831983216163
ENSMUSG00000021973	990.078846696676	-0.0684501839406889	0.0938201697605095	-0.729611546541692	0.46562766231389	0.999831983216163
ENSMUSG00000006289	825.812366176805	-0.0099780697438917	0.095519537185362	-0.104460039580206	0.91680427853339	0.999831983216163
ENSMUSG00000021774	1307.44102858417	-0.00360656397956268	0.0906218201849993	-0.0397971423487293	0.968254854503564	0.999831983216163
ENSMUSG00000021809	633.448131056606	-0.085530690615325	0.101059924085722	-0.846352472322714	0.397356143794208	0.999831983216163
ENSMUSG00000040701	516.458410441691	0.179629996230036	0.115382446806678	1.55440173370791	0.120088619957185	0.999831983216163
ENSMUSG00000021786	310.108231473469	0.148115813137163	0.12182822886637	1.21142807684112	0.225731384163147	0.999831983216163
ENSMUSG00000097148	11.2756565437609	0.0209445283645512	0.0740026532093245	0.280874677854841	0.778806523284858	0.999831983216163
ENSMUSG00000021895	2657.44113018574	0.0564439162185099	0.082173168863342	0.686870081007935	0.492164602294936	0.999831983216163
ENSMUSG00000045201	718.141347341476	-0.170604832951271	0.114226521221993	-1.4953610824229	0.134820231563263	0.999831983216163
ENSMUSG00000002320	988.845284713415	-0.0585107057792651	0.0981741788004633	-0.596007193964893	0.551170420834741	0.999831983216163
ENSMUSG00000035067	529.412534306592	-0.102975266447758	0.104727145501608	-0.983300758403553	0.325459436978608	0.999831983216163
ENSMUSG00000039308	981.454457735523	-0.0338570715962866	0.103166324323119	-0.328182168566858	0.742773929322135	0.999831983216163
ENSMUSG00000025545	638.781642927861	0.0818602624279182	0.0988939537717783	0.827679474348133	0.407852046362425	0.999831983216163
ENSMUSG00000033885	3442.82901735339	-0.0543103722996385	0.092513326620463	-0.587099734106647	0.557136726145153	0.999831983216163
ENSMUSG00000015759	2832.8910323685	0.0301272932324932	0.085423803487231	0.352672107240853	0.724334272591399	0.999831983216163
ENSMUSG00000072494	289.887375809339	-0.0328693468366351	0.121076209591739	-0.271549388069701	0.785968519893442	0.999831983216163
ENSMUSG00000023411	53.0086912950397	-0.0972788605416517	0.116174633052426	-0.84116746867446	0.400254122297382	0.999831983216163
ENSMUSG00000044519	82.6039077066145	-0.126521023915676	0.117765312064816	-1.08119305712478	0.279611245745859	0.999831983216163
ENSMUSG00000052584	1076.71296267468	0.049321989963346	0.10345275362281	0.476695164251675	0.633579206845708	0.999831983216163
ENSMUSG00000021796	4542.40823339093	-0.113306116229498	0.0851713530863643	-1.33052180989315	0.183346405326814	0.999831983216163
ENSMUSG00000021870	4156.27368369083	0.0280662422150025	0.0877131672372445	0.319970062703118	0.748991024960839	0.999831983216163
ENSMUSG00000022091	1182.54981996134	0.000932688263264101	0.094707516272967	0.00984819068777904	0.992142407712451	0.999831983216163
ENSMUSG00000036282	2310.50744150326	0.000184393908231264	0.0911728348695864	0.00202312842168938	0.998385778168994	0.999831983216163
ENSMUSG00000034235	3693.7455022384	0.048606900233491	0.0823018963367464	0.590576413310187	0.554804272532467	0.999831983216163
ENSMUSG00000021900	470.661391155607	-0.0397832512999556	0.106963148646392	-0.371947790374751	0.709931722089717	0.999831983216163
ENSMUSG00000021892	2072.15874475915	-0.105201016918619	0.0912082708696732	-1.15356355113845	0.248679148855375	0.999831983216163
ENSMUSG00000022178	85.8723951051406	-0.04011939045689	0.121508623281428	-0.330453575645763	0.741057265406845	0.999831983216163
ENSMUSG00000022044	4121.86703467672	-0.109576430130907	0.0810811240313567	-1.35154627615513	0.176520506569434	0.999831983216163
ENSMUSG00000021905	1936.30264967832	0.0409544482850733	0.0841788178230022	0.486511122046631	0.62660482166377	0.999831983216163
ENSMUSG00000022124	7352.94131643432	0.0171846431203284	0.0839930909718711	0.204593962179452	0.837889373103136	0.999831983216163
ENSMUSG00000041625	1186.76981925678	0.109269426791173	0.0898738726021738	1.21574254576023	0.224083011396487	0.999831983216163
ENSMUSG00000022185	6280.07363641384	-0.0951606375973012	0.0814318910728533	-1.16869606116546	0.242526109475733	0.999831983216163
ENSMUSG00000022032	61.2316998493001	0.11757004414939	0.116484961158953	1.00278068748534	0.315966688901102	0.999831983216163
ENSMUSG00000021959	1557.18684994279	-0.037790112743923	0.0875253844578082	-0.431771387262014	0.665907577206419	0.999831983216163
ENSMUSG00000021962	1066.18447620239	-0.000285926923925378	0.0918452389137864	-0.00311255634696671	0.997516543356085	0.999831983216163
ENSMUSG00000022159	348.155906988261	-0.0944079722283929	0.11041011280825	-0.8552901566338	0.392390535513129	0.999831983216163
ENSMUSG00000040040	883.291246431253	0.117363595123236	0.0953972091199707	1.23012996471563	0.218648440745507	0.999831983216163
ENSMUSG00000003469	20096.0714139388	-0.0365180894951002	0.0913003410122408	-0.400008889872719	0.689149969041646	0.999831983216163
ENSMUSG00000040055	2945.40428358642	0.00663163554889672	0.0853533127159434	0.0776955721912736	0.938070216340041	0.999831983216163
ENSMUSG00000042682	3158.3476638903	-0.00021104523573438	0.0873781475458672	-0.00241472758869529	0.99807332801081	0.999831983216163
ENSMUSG00000010406	416.874312350057	-0.00533397279527483	0.107805359038902	-0.0494787279081123	0.96053778910304	0.999831983216163
ENSMUSG00000022012	706.612737863112	-0.0400615658586279	0.0987393546348956	-0.405764231977052	0.684915841964114	0.999831983216163
ENSMUSG00000021775	13155.8473003424	-0.127251507975243	0.0956436496896499	-1.33098929690803	0.183192532716305	0.999831983216163
ENSMUSG00000058317	1114.26103203885	0.0527753507386438	0.0916693807756235	0.575695460699129	0.564821044096389	0.999831983216163
ENSMUSG00000021994	306.143840238151	-0.0515975782347288	0.11197946765538	-0.460752840673424	0.644975939691796	0.999831983216163
ENSMUSG00000048922	24.3217981015516	-0.0162856142417814	0.0987364157844512	-0.165387089661472	0.868639314702605	0.999831983216163
ENSMUSG00000022040	356.101210405924	-0.0408139253229728	0.107842088527951	-0.37847153367217	0.705080336682996	0.999831983216163
ENSMUSG00000034194	778.390129709907	0.072019770007742	0.0973732590690489	0.739603205792384	0.459540795895434	0.999831983216163
ENSMUSG00000040760	6780.22338460471	-0.0391209060080434	0.0825737942516515	-0.473792310544234	0.635648018496682	0.999831983216163
ENSMUSG00000034959	25.822989102848	0.0422429369372502	0.0992480189415628	0.423055990522059	0.672254410735049	0.999831983216163
ENSMUSG00000047098	1008.18783938067	-0.0537589171378087	0.0987215433147304	-0.544557433825894	0.58605793712114	0.999831983216163
ENSMUSG00000021733	1426.19459206816	-0.0693126334854833	0.0912937589511362	-0.759296763577343	0.447675053115136	0.999831983216163
ENSMUSG00000047153	3248.16200903012	-0.00853812591730709	0.0844033521123927	-0.101159477078213	0.919423864256029	0.999831983216163
ENSMUSG00000002329	1014.8346758215	-0.059791181242453	0.0940524117943502	-0.635718737008913	0.524959761639306	0.999831983216163
ENSMUSG00000022024	4372.82053413015	0.00650306200370066	0.0844827598022406	0.0769757829224497	0.938642810222817	0.999831983216163
ENSMUSG00000022179	70.3126034776936	-0.0847549971530456	0.120134229966573	-0.70732699638096	0.479363292634694	0.999831983216163
ENSMUSG00000022043	4209.3988310095	-0.0348498572608866	0.0802548471417232	-0.434251691748806	0.664105679714235	0.999831983216163
ENSMUSG00000021771	5615.88392306438	0.0237004146914661	0.0786454932796107	0.301352944322505	0.763145372383656	0.999831983216163
ENSMUSG00000040818	1551.7639500344	-0.0620538371641648	0.0871989410738221	-0.711657526007176	0.476676875259896	0.999831983216163
ENSMUSG00000036422	81.9236200512683	0.167164794389353	0.11575252226206	1.43151394372255	0.152282973623086	0.999831983216163
ENSMUSG00000041479	23.4575194868319	0.0612623966208441	0.0972456687336512	0.625081491129436	0.531917575043542	0.999831983216163
ENSMUSG00000015970	261.339979784122	0.161910034171083	0.115174371839871	1.40448774651158	0.160173657994633	0.999831983216163
ENSMUSG00000059456	265.630110981776	0.018009064654052	0.12115001805008	0.14856233979154	0.88189899165217	0.999831983216163
ENSMUSG00000007989	3571.49714542474	-0.129512992439008	0.0890058754301616	-1.45538586584598	0.145562467131761	0.999831983216163
ENSMUSG00000022131	1186.23931199375	-0.0777528191550227	0.089260560553114	-0.8710909423739	0.383704499306806	0.999831983216163
ENSMUSG00000022160	872.668290445069	-0.0948345355869765	0.101449421609344	-0.934887787188272	0.349846131630164	0.999831983216163
ENSMUSG00000021918	990.085212342786	-0.0271522124372975	0.0934958770391797	-0.290415199723711	0.771498616845673	0.999831983216163
ENSMUSG00000021884	62.6490667921889	-0.0911540213089699	0.117969618215291	-0.776251107264582	0.437600735366904	0.999831983216163
ENSMUSG00000021974	1501.67121279363	-0.00115649037972066	0.0874433753601221	-0.0132251784745816	0.989448141878231	0.999831983216163
ENSMUSG00000021891	961.141982252036	-0.0719145743793373	0.0936513721562527	-0.767937369289198	0.442524394853485	0.999831983216163
ENSMUSG00000022139	11521.0913238367	0.0148864698902072	0.0878643272459537	0.169423059729352	0.865463886645702	0.999831983216163
ENSMUSG00000079364	28.7640544177382	0.0870908971001763	0.103279413313637	0.837029721385001	0.402575861861734	0.999831983216163
ENSMUSG00000021747	113.276306242092	0.0699319220577628	0.121746608011335	0.574020100029572	0.565954199691073	0.999831983216163
ENSMUSG00000022214	3239.70034924426	-0.0161289406881813	0.0872996630979298	-0.184755662424258	0.853420685328545	0.999831983216163
ENSMUSG00000021852	108.75506972774	0.140081288481411	0.120221499482423	1.15927119195509	0.246345660472646	0.999831983216163
ENSMUSG00000072115	40.3729153799334	0.054637772206314	0.108224612407239	0.502793430187684	0.615109513171712	0.999831983216163
ENSMUSG00000045871	47.879325512995	0.100942451116777	0.104661591489819	0.955110654311455	0.339521741594539	0.999831983216163
ENSMUSG00000021910	13725.6472302997	-0.0360363229381331	0.0755095386428761	-0.477254243310179	0.63318108938272	0.999831983216163
ENSMUSG00000022009	610.223536548866	0.0073105355171491	0.0988281406825277	0.0739737638256911	0.941031261483512	0.999831983216163
ENSMUSG00000045107	245.427120917605	-0.00861241368209436	0.115556216933025	-0.0745207757272218	0.940596010487753	0.999831983216163
ENSMUSG00000092167	17.8492376465813	0.0134423415786573	0.0883585857474038	0.151945893301097	0.879229610885934	0.999831983216163
ENSMUSG00000111390	203.236458022911	-0.15745762356349	0.116891924035861	-1.34754178862627	0.177805804138647	0.999831983216163
ENSMUSG00000045322	13.5102083470475	0.0390209647526533	0.0802396795620563	0.480669533606562	0.630751387608378	0.999831983216163
ENSMUSG00000099094	13.9458111925499	0.0270985993463906	0.0808065825043343	0.332431780716648	0.739563244199743	0.999831983216163
ENSMUSG00000111246	18.3990362808814	0.0466762931767821	0.0864022753694282	0.533983922465502	0.593352657545225	0.999831983216163
ENSMUSG00000091639	112.736594249355	0.109679644395103	0.12188362377212	0.897972410014364	0.369200258646176	0.999831983216163
ENSMUSG00000059422	17.5183246783369	-0.0611232768518965	0.0897439785916028	-0.689633368951945	0.490424777324937	0.999831983216163
ENSMUSG00000079884	250.533490494328	-0.0662089978969583	0.114805034633525	-0.576843491337621	0.564045186788812	0.999831983216163
ENSMUSG00000053889	24.2888987809601	-0.003690099589004	0.0978862084681833	-0.0377666919559887	0.969873701384779	0.999831983216163
ENSMUSG00000084917	45.5010324365972	0.0594974821025713	0.112636753165337	0.526634709180516	0.598447283837278	0.999831983216163
ENSMUSG00000098985	33.0056183323296	-0.0621243006153074	0.106546617963364	-0.586800124508749	0.557337953184982	0.999831983216163
ENSMUSG00000102882	29.1723570066388	-0.0419573067332587	0.103984782301943	-0.405282920510869	0.685269559457494	0.999831983216163
ENSMUSG00000058838	11.1543508913373	-0.00911553898116471	0.0760903581850244	-0.12026593630198	0.904272487109051	0.999831983216163
ENSMUSG00000111681	69.9898480455858	-0.0677594563502445	0.118763029934605	-0.572378228257456	0.56706576237267	0.999831983216163
ENSMUSG00000111738	10.9767936622516	0.0295144139952868	0.0732873390320332	0.400005092506917	0.689152765946698	0.999831983216163
ENSMUSG00000099779	22.2183214988681	0.0483433122605962	0.0941007217578422	0.510660622919195	0.609588718099537	0.999831983216163
ENSMUSG00000111686	242.215566242292	-0.0342495134053602	0.115949617006087	-0.295368166238877	0.767712648707829	0.999831983216163
ENSMUSG00000103715	17.0931397132198	0.0261633502297313	0.0867908981018644	0.299797442959139	0.764331665890202	0.999831983216163
ENSMUSG00000010051	98.5445314818936	0.0553768660988911	0.121707693361413	0.454350411959519	0.64957663734859	0.999831983216163
ENSMUSG00000079334	337.266093521878	0.0997960125093166	0.113239850203868	0.880757659078164	0.378449001297986	0.999831983216163
ENSMUSG00000103164	13.5452931835889	-0.0646324444506978	0.0818696440553625	-0.805932869202442	0.420281557654511	0.999831983216163
ENSMUSG00000103731	99.3288914174223	0.0755175933291796	0.121883654034413	0.618812929764359	0.536039603384878	0.999831983216163
ENSMUSG00000110993	18.395481131844	-0.0316585046065216	0.0899545502640122	-0.35458148435307	0.722903149336735	0.999831983216163
ENSMUSG00000102324	10.6097006668304	0.00496087739543678	0.0712513867840177	0.0696107448040854	0.944503484571808	0.999831983216163
ENSMUSG00000043911	20.5514727607637	-0.12161529755513	0.0934304349387002	-1.33498262482852	0.181882033263623	0.999831983216163
ENSMUSG00000078117	208.890087321524	0.0390769095359843	0.117914473406399	0.331419407761603	0.740327707197723	0.999831983216163
ENSMUSG00000102899	46.0128798548925	-0.0709537560017605	0.110992790702186	-0.643477276030492	0.519914455133394	0.999831983216163
ENSMUSG00000097445	18.3665857117043	-0.0888363822835806	0.0857920991640935	-1.06227459321698	0.28811104493954	0.999831983216163
ENSMUSG00000104286	59.9381260138652	0.0374268132188261	0.116524190554034	0.320262550432168	0.748769309659355	0.999831983216163
ENSMUSG00000102568	39.3728776931077	-0.131535226605936	0.108198791073043	-1.23102121301014	0.218314930501162	0.999831983216163
ENSMUSG00000053128	129.839294783117	-0.0811608789443887	0.121299037022662	-0.669447296096815	0.503210189938563	0.999831983216163
ENSMUSG00000110816	12.9066178840343	-0.105623048426418	0.0782556118516939	-1.40941382110103	0.158712839596589	0.999831983216163
ENSMUSG00000064225	2291.2035872566	-0.102777434443586	0.0930754245139191	-1.10445008707622	0.269397943825017	0.999831983216163
ENSMUSG00000110521	12.2884454964801	0.0192062555208153	0.0763812226699293	0.249747304853156	0.802782773117971	0.999831983216163
ENSMUSG00000111547	18.8571100832286	-0.0441308722813424	0.0906638420929879	-0.49063510847798	0.623684550315722	0.999831983216163
ENSMUSG00000100931	14.3706521885581	-0.0727740779554127	0.0836083892882718	-0.888455745931952	0.374295650462188	0.999831983216163
ENSMUSG00000103507	30.2121053251322	-0.0940333181434472	0.102053346628971	-0.933674917712815	0.350471607101855	0.999831983216163
ENSMUSG00000049932	566.860318381219	-0.0630205114885174	0.101276098252482	-0.622249039675502	0.533778124472999	0.999831983216163
ENSMUSG00000060467	39.1345595431969	-0.0144154173996353	0.109693889885112	-0.131481458628434	0.895394453108223	0.999831983216163
ENSMUSG00000111394	107.797341546862	0.0476059958052267	0.12185972926432	0.390191927936698	0.696394630097242	0.999831983216163
ENSMUSG00000062933	1580.47957899555	0.0437481710244249	0.10481451964236	0.417318461265908	0.676445486890538	0.999831983216163
ENSMUSG00000084911	508.452844807109	-0.0849788171300776	0.102869220070245	-0.82615228286088	0.408717712558858	0.999831983216163
ENSMUSG00000094437	39.754626395814	0.0674331861910762	0.107526075901839	0.623119680498345	0.533205877745387	0.999831983216163
ENSMUSG00000111312	11.1954384491746	0.0461873821168415	0.0750177512583544	0.606437702839525	0.544224138546459	0.999831983216163
ENSMUSG00000050397	38.5481536040612	-0.080012603574205	0.110453925386788	-0.728480939426827	0.466319232363839	0.999831983216163
ENSMUSG00000111656	68.8296858553836	0.0851174860513953	0.115463432629562	0.732522541471514	0.463849689414839	0.999831983216163
ENSMUSG00000111264	36.006122574877	-0.161411889777896	0.105133767140596	-1.56638777912084	0.117257862215179	0.999831983216163
ENSMUSG00000053747	15.8320092740273	-0.0211554856954881	0.0736294331132589	-0.290196264273214	0.771666093987675	0.999831983216163
ENSMUSG00000111345	20.8793634675461	-0.0685984799698097	0.0896190005775674	-0.777000443717451	0.43715850854335	0.999831983216163
ENSMUSG00000104392	35.4686647716985	0.0325493801834353	0.107275198191408	0.302844272362704	0.762008542251358	0.999831983216163
ENSMUSG00000103672	69.0149601291924	0.00699371058857876	0.119750714545818	0.0584129436253224	0.95341970485535	0.999831983216163
ENSMUSG00000104061	39.1863095758108	-0.079011663382062	0.11001515077583	-0.722393587153936	0.470052528496974	0.999831983216163
ENSMUSG00000110997	19.1436966890069	-0.0598137481298699	0.090234263590277	-0.671058926536477	0.502182991295298	0.999831983216163
ENSMUSG00000105230	260.483942713628	0.135792424526905	0.116770505569157	1.16175857434135	0.245333545426082	0.999831983216163
ENSMUSG00000089810	565.636253192946	0.188707587041792	0.106304074236332	1.77412673834573	0.0760421889050945	0.999831983216163
ENSMUSG00000111128	316.554968674119	0.0112739363370737	0.114785800965257	0.0982019645367181	0.921771922531627	0.999831983216163
ENSMUSG00000032403	429.271412244762	0.0978046325403251	0.10586708430339	0.923749391651125	0.355616809867269	0.999831983216163
ENSMUSG00000103062	15.2797899413215	0.00147516310540412	0.0852336836962517	0.0173059460026613	0.986192542090361	0.999831983216163
ENSMUSG00000110768	121.304186067536	0.178249979949686	0.121877781890795	1.45807105928213	0.144820957519145	0.999831983216163
ENSMUSG00000104344	13.5526823568603	0.0293689366043726	0.0817441739085319	0.356957132187474	0.721123897936313	0.999831983216163
ENSMUSG00000104988	17.143665226474	-0.0741550667129119	0.0882532460666055	-0.854899695759896	0.392606679058451	0.999831983216163
ENSMUSG00000111092	127.361008321125	-0.0352313740600678	0.121757234255128	-0.2895858378236	0.772133102755853	0.999831983216163
ENSMUSG00000111722	13.9739405791307	-0.123809357505704	0.0826230693640772	-1.56135461843635	0.118440103184084	0.999831983216163
ENSMUSG00000066510	13.1892884407804	0.0268596747096749	0.0804575159236688	0.331928490596456	0.739943256491998	0.999831983216163
ENSMUSG00000111151	22.9667479830295	0.0201916563487677	0.0972937284064985	0.206885458258741	0.836099313463318	0.999831983216163
ENSMUSG00000086387	42.1797138995717	-0.0226553116595445	0.11226176231855	-0.202149720805528	0.839799678559429	0.999831983216163
ENSMUSG00000050621	65.8837500644154	0.0185068011098724	0.116615424132788	0.158732484685304	0.873879643563022	0.999831983216163
ENSMUSG00000104467	16.2878365828578	0.0268228027015741	0.082574150998628	0.321602399207618	0.747753926023933	0.999831983216163
ENSMUSG00000102143	97.8938410053607	-0.119622827177388	0.12170884528285	-0.985199969550574	0.324525855589408	0.999831983216163
ENSMUSG00000104432	10.7837371396818	0.000425970239332845	0.0731970769233458	0.00582737889546883	0.995350450664538	0.999831983216163
ENSMUSG00000098492	15.0118376163967	-0.0598809110186003	0.0821267026122334	-0.741444697227615	0.458423851735109	0.999831983216163
ENSMUSG00000102225	13.9468787603574	-0.0761090959906132	0.0776662508098114	-1.01170949974862	0.311676972013656	0.999831983216163
ENSMUSG00000103133	116.617818346298	-0.132799366533145	0.121881662347646	-1.09157396042999	0.275020406773158	0.999831983216163
ENSMUSG00000103388	83.8934654875994	0.0544473692393005	0.120966946232884	0.449433921241182	0.653118665857417	0.999831983216163
ENSMUSG00000110726	33.8845243611675	0.0210746130270401	0.106036779480211	0.198172824262369	0.842909848908637	0.999831983216163
ENSMUSG00000103832	13.702025426227	-0.11229158962268	0.0777816002760982	-1.52302749689328	0.127751826268621	0.999831983216163
ENSMUSG00000111325	63.8435404829285	0.049696806593724	0.116791960208484	0.424797200906839	0.670984518351794	0.999831983216163
ENSMUSG00000091172	22.6231014287524	-0.0248395012115392	0.0953205273123829	-0.26142028128801	0.793768418475108	0.999831983216163
ENSMUSG00000110735	44.9430243860027	-0.0201799611700469	0.107856773530013	-0.187229428814917	0.851480751950191	0.999831983216163
ENSMUSG00000111340	53.0963173946928	-0.0867664429079454	0.110695452361449	-0.789064232167997	0.430074465784866	0.999831983216163
ENSMUSG00000079083	603.289882455976	0.0512449403901151	0.0987386996549129	0.518988667260795	0.603768644127994	0.999831983216163
ENSMUSG00000023473	5221.88873224412	0.050896929218761	0.082305302211212	0.618362067197682	0.536336696603908	0.999831983216163
ENSMUSG00000080848	97.0795911392186	-0.0149510522764645	0.12111184321258	-0.123480604230233	0.901726532325296	0.999831983216163
ENSMUSG00000120906	66.2161670541712	0.0976882048397899	0.118466007525584	0.82158499011566	0.411313134848218	0.999831983216163
ENSMUSG00000120926	16.2251257235734	0.000832945530237776	0.0784724369414206	0.0105878743784138	0.991552256338391	0.999831983216163
ENSMUSG00000121050	64.5649673979654	0.178277685194656	0.119447644369044	1.48503535385609	0.137534459125162	0.999831983216163
ENSMUSG00000104399	222.028248489083	-0.0844466507421109	0.119029358061035	-0.709645561221364	0.477923958610857	0.999831983216163
ENSMUSG00000102152	14.7126239958031	-0.0209279314413989	0.0814560143174829	-0.257912577928906	0.796474377403349	0.999831983216163
ENSMUSG00000104572	15.5206430883862	0.152979515461453	0.0834880084552208	1.7910040468814	0.0732926455893165	0.999831983216163
ENSMUSG00000092212	50.4890055051613	-0.0546623706430433	0.112060733911628	-0.489968513595911	0.624156179565193	0.999831983216163
ENSMUSG00000102411	206.283917143558	-0.134498721834809	0.121267309793582	-1.11166080055142	0.266284020002236	0.999831983216163
ENSMUSG00000102305	114.610253965431	0.0656894234624636	0.121884306552041	0.538410346277683	0.590293785074621	0.999831983216163
ENSMUSG00000091735	395.402719586996	-0.0315916512168612	0.112314598332314	-0.281263031252058	0.778508663000026	0.999831983216163
ENSMUSG00000103857	89.1432618857846	-0.00617696146809728	0.121461246638308	-0.0508511189331862	0.959444156518444	0.999831983216163
ENSMUSG00000037681	75.3568959336829	0.0421329017409758	0.120103672513965	0.350437982759204	0.726010025246648	0.999831983216163
ENSMUSG00000111004	12.3804051884379	-0.0243362536982216	0.0736071917981728	-0.332944209136747	0.739176397294994	0.999831983216163
ENSMUSG00000035337	14.0088294127041	-0.0514029294724331	0.0826672039198067	-0.631113281737867	0.527966457415543	0.999831983216163
ENSMUSG00000110928	16.1707889435924	0.066886331335881	0.0839486300457928	0.785091151100761	0.432400127557466	0.999831983216163
ENSMUSG00000110982	36.0768336139138	-0.121046512669628	0.108570761375922	-1.12621924767659	0.260072728362798	0.999831983216163
ENSMUSG00000104282	31.5917673608628	-0.0376798289239106	0.105906083421537	-0.357122559262705	0.721000056700945	0.999831983216163
ENSMUSG00000057710	13.2961096578862	-0.0433852160913138	0.0770611610215513	-0.571357689734922	0.567757203401303	0.999831983216163
ENSMUSG00000121452	39.1715206320363	-0.0480341197741391	0.105354870775539	-0.458168439610643	0.646831432214704	0.999831983216163
ENSMUSG00000120806	30.9361624796209	-0.044298730106729	0.103796481074872	-0.428833886873494	0.66804411611305	0.999831983216163
ENSMUSG00000061167	11.3633633002067	0.10533025623559	0.0767361737051725	1.34316842522099	0.17921744319703	0.999831983216163
ENSMUSG00000120848	20.5386864650898	-0.0236783588116497	0.0942115178945144	-0.252454445821527	0.800689820884371	0.999831983216163
ENSMUSG00000066443	22.6598975400566	0.0553009361918305	0.0929320501092632	0.590044460021853	0.555160842725529	0.999831983216163
ENSMUSG00000101335	124.833759253415	-0.0801850407527406	0.121877906757686	-0.658477290211699	0.510231485058459	0.999831983216163
ENSMUSG00000090693	25.4899432162971	-0.00621724530517542	0.0973190901777699	-0.0640330316334147	0.948943925327564	0.999831983216163
ENSMUSG00000103967	39.0088044193891	-0.133791055010156	0.110060188733442	-1.22783130328995	0.219510302003414	0.999831983216163
ENSMUSG00000102533	79.287543599344	-0.0376895484753871	0.121136598409564	-0.311322225183328	0.755555672967458	0.999831983216163
ENSMUSG00000070304	15536.861648271	-0.103136874207674	0.0937322397329493	-1.10063145832163	0.271057088301697	0.999831983216163
ENSMUSG00000103891	79.4247449113481	-0.0348330249797242	0.12082619634264	-0.28868646126882	0.772821324140619	0.999831983216163
ENSMUSG00000103622	35.6373943028733	0.0691782533890812	0.109204210960027	0.630611496841423	0.528294579746357	0.999831983216163
ENSMUSG00000032593	149.731044153317	0.0307260435074617	0.121648665717594	0.252348385555478	0.800771791668263	0.999831983216163
ENSMUSG00000111219	14.1784645790706	-0.0325774333642478	0.0817338557405817	-0.401615670709929	0.687966895187697	0.999831983216163
ENSMUSG00000079225	29.8297765589964	-0.0653389566353899	0.104158816407173	-0.631190815488863	0.527915766559951	0.999831983216163
ENSMUSG00000121717	66.9281405666538	0.0588574091348418	0.118610455730529	0.494851283739711	0.620705100854619	0.999831983216163
ENSMUSG00000079559	55.6277711506354	-0.0164012672837685	0.117186719924019	-0.139999604862988	0.888660302587325	0.999831983216163
ENSMUSG00000018620	14.6067132810822	0.0134776016611825	0.0805100061040177	0.166862544184873	0.867478205304759	0.999831983216163
ENSMUSG00000074516	139.275702786381	-0.0892452782208184	0.121759338837852	-0.733579585897525	0.463205006423227	0.999831983216163
ENSMUSG00000111027	152.268145430983	0.0488064490160931	0.121138956448302	0.402822449569554	0.687078844786273	0.999831983216163
ENSMUSG00000089651	23.0253820361651	0.105841646707834	0.0926515259543043	1.12214097178606	0.261802505700779	0.999831983216163
ENSMUSG00000110824	70.9555346771713	-0.118373325651099	0.119203032945835	-0.997111195487733	0.318710539393795	0.999831983216163
ENSMUSG00000032021	3457.86478746607	0.00555657407747638	0.0848403761888457	0.0654941047303602	0.94778060000375	0.999831983216163
ENSMUSG00000111308	16.9879791800885	-0.0494316711795486	0.0879968145917095	-0.567309596748814	0.570503858077598	0.999831983216163
ENSMUSG00000091102	22.1849069686897	-0.0104151848862486	0.0924777542171344	-0.112995748129005	0.910033926127051	0.999831983216163
ENSMUSG00000122144	18.0197368588369	0.105122777406452	0.0898015789611202	1.15168193377065	0.249451798798142	0.999831983216163
ENSMUSG00000122184	12.1970048413657	-0.0209532740717057	0.078138478592206	-0.270304455564731	0.786926037858737	0.999831983216163
ENSMUSG00000122223	16.7882375003028	-0.0296048673792205	0.0823528155808412	-0.362150566055982	0.717239518282882	0.999831983216163
ENSMUSG00000120766	17.9082370403808	0.05243085503684	0.0893682414008913	0.581372092258185	0.560989702185316	0.999831983216163
ENSMUSG00000110863	30.9179193733472	-0.0456762730044124	0.104558746117644	-0.438628694495923	0.660930601819246	0.999831983216163
ENSMUSG00000122560	20.1828085112463	0.0295886389217542	0.0882044563954141	0.332833459814663	0.739259999546081	0.999831983216163
ENSMUSG00000120493	119.989881566289	-0.012822170729676	0.121835300583856	-0.10524306274462	0.916182941303441	0.999831983216163
ENSMUSG00000122828	10.6679279843784	0.000162464224830612	0.0728054103635791	0.00223067866992759	0.998220177405197	0.999831983216163
ENSMUSG00000111793	50.7977127316595	-0.0220394999459259	0.115712553710322	-0.190601367400374	0.848837918802923	0.999831983216163
ENSMUSG00000123120	10.6263228876479	0.0690883290314387	0.0690855766805521	0.973377868476964	0.33036553422486	0.999831983216163
ENSMUSG00000123378	42.2911314827765	-0.0245060730794308	0.112791474471499	-0.217626526021425	0.827720115033822	0.999831983216163
ENSMUSG00000123383	22.0190678304932	0.00659634768665288	0.0939846558961982	0.0699705741671759	0.944217080629059	0.999831983216163
ENSMUSG00000123419	13.2746792811258	-0.00298627724698914	0.0779981481186191	-0.0382297327873944	0.969504514881483	0.999831983216163
ENSMUSG00000123427	28.228279096613	-0.0543667011741423	0.103245217432084	-0.529578720033684	0.596404051723978	0.999831983216163
ENSMUSG00000097572	19.3287099760607	0.0563804254040032	0.09245939839968	0.604814109846817	0.545302517342615	0.999831983216163
ENSMUSG00000097223	16.5274106000119	0.074165478726098	0.0875408686172999	0.836568856979113	0.402834957172399	0.999831983216163
ENSMUSG00000124139	25.1148078148436	0.00622712578531051	0.0988098702435706	0.0629325206927157	0.949820238393371	0.999831983216163
ENSMUSG00000124144	10.3877149447303	0.109118330276967	0.068082926835885	1.56940726532605	0.116553072243146	0.999831983216163
ENSMUSG00000062470	85.851108770682	-0.0551830827924057	0.121310549430226	-0.455338266792274	0.648865900188466	0.999831983216163
ENSMUSG00000100002	69.7640891629483	0.086284666860401	0.119810775044543	0.718143907275408	0.472668559823618	0.999831983216163
ENSMUSG00000124470	14.3576695674653	-0.00218768663582644	0.0822173203473322	-0.026595949672729	0.978782003811345	0.999831983216163
ENSMUSG00000100341	15.5855481580701	-0.0744403052605942	0.0849394786953122	-0.894306999897426	0.371157655748676	0.999831983216163
ENSMUSG00000124843	77.0429803052441	0.0343196978547148	0.119361323008273	0.287068896403285	0.774059567361003	0.999831983216163
ENSMUSG00000125171	15.5419912298953	0.0608110351402358	0.0852406412650935	0.703908283315584	0.481489892633323	0.999831983216163
ENSMUSG00000125428	18.9420019119721	0.0617515583810105	0.088158064867381	0.693970138725429	0.487700935867137	0.999831983216163
ENSMUSG00000111110	68.8916335433193	0.0989819673523475	0.117163689551247	0.839930612722619	0.400947292242203	0.999831983216163
ENSMUSG00000100807	76.7668718320075	-0.150482202945073	0.120331779319991	-1.25651109770769	0.208930724870527	0.999831983216163
ENSMUSG00000111443	14.8805689525851	0.012076330269563	0.0795464880037897	0.151799545289369	0.879345040785133	0.999831983216163
ENSMUSG00000097466	250.758671491206	-0.162764104233287	0.115736965126223	-1.40728366933892	0.159343289845662	0.999831983216163
ENSMUSG00000120169	34.8016601587559	0.0429085509612256	0.102638342297681	0.415485095694512	0.677786823650595	0.999831983216163
ENSMUSG00000074284	60.6239140276094	0.0564725724500348	0.118585006262051	0.475226954031736	0.634625217168592	0.999831983216163
ENSMUSG00000126872	12.267707612477	0.0417559204228978	0.0756068055965924	0.546187569875927	0.58493700962485	0.999831983216163
ENSMUSG00000097535	19.8853654345788	-0.0523602170944198	0.0912185968048149	-0.5795564257046	0.56221378498151	0.999831983216163
ENSMUSG00000097240	14.2511692493075	0.0792227314343805	0.0821496362672232	0.948178215226075	0.343038735444796	0.999831983216163
ENSMUSG00000127505	110.847323004846	-0.15907193617491	0.121876194869168	-1.3081878833887	0.190809590765251	0.999831983216163
ENSMUSG00000127514	27.1958763410313	-0.0719780028752328	0.100710546434009	-0.721727774024042	0.470461862669717	0.999831983216163
ENSMUSG00000127588	25.9789117981501	0.0124160878766085	0.100176478523075	0.123850613851363	0.901433556218575	0.999831983216163
ENSMUSG00000087135	52.9149219111573	-0.0459204223485031	0.113958063584559	-0.403887299027955	0.686295596497522	0.999831983216163
ENSMUSG00000127982	19.3313838258723	0.0969868668457468	0.0888690000550932	1.0713205262944	0.284025333491213	0.999831983216163
ENSMUSG00000128028	18.1493527841486	-0.0170764626959826	0.0886277004531415	-0.193106903345105	0.846875246327404	0.999831983216163
ENSMUSG00000128125	74.0147353146814	-0.0844846996714881	0.119762436277084	-0.707952197533669	0.47897494333875	0.999831983216163
ENSMUSG00000128144	28.6965771056838	-0.111825731902217	0.102687432630816	-1.10465824659137	0.26930770196679	0.999831983216163
ENSMUSG00000128324	27.6616534456225	-0.0315913943251339	0.0977003647643588	-0.32421334369439	0.745776520439892	0.999831983216163
ENSMUSG00000128400	11.0835830244411	0.0352931999153489	0.0741031538336047	0.469508909541567	0.638705917943008	0.999831983216163
ENSMUSG00000128939	12.4353289298957	0.0354679331850092	0.0757385432279553	0.461688853958685	0.644304465250154	0.999831983216163
ENSMUSG00000129133	14.6976365111737	-0.0221556411202807	0.082766556999406	-0.26886164853212	0.788036150623745	0.999831983216163
ENSMUSG00000087038	17.7385571098475	-0.0879050849803576	0.0895598433695211	-1.00094809767184	0.316851901606611	0.999831983216163
ENSMUSG00000103785	49.9883940636773	0.0802118587384707	0.115208797097554	0.693139634229941	0.488221926876024	0.999831983216163
ENSMUSG00000110834	568.03828477707	-0.00638767384033578	0.108851189200993	-0.0586924788542173	0.953197050017212	0.999831983216163
ENSMUSG00000129667	23.4816708068769	-0.00895194943619219	0.0966493621560035	-0.0927872105766391	0.926072611656284	0.999831983216163
ENSMUSG00000101037	90.2032410327493	0.0150212338591705	0.120982045131598	0.124015128043307	0.901303297084205	0.999831983216163
ENSMUSG00000129843	20.5627050556781	-0.0697479494097355	0.0877493104940367	-0.8092517194941	0.418370371149407	0.999831983216163
ENSMUSG00000130276	14.26387330973	-0.0807499222233928	0.0833212267665729	-0.993337233716028	0.320545638227794	0.999831983216163
ENSMUSG00000097777	117.155935706528	0.119066454682043	0.120615588724106	0.982237324054666	0.325982943796082	0.999831983216163
ENSMUSG00000097177	62.6311265825513	-0.0717585146455731	0.118305598502058	-0.608489960613944	0.542862562449357	0.999831983216163
ENSMUSG00000097073	89.0427222651714	0.0719789746339185	0.121138867872654	0.593436824184303	0.552888850876281	0.999831983216163
ENSMUSG00000131201	50.3730294361787	0.139727337515972	0.111078403532721	1.24436985128187	0.213363473590605	0.999831983216163
ENSMUSG00000131315	10.4276793647811	-0.0393591459664984	0.0719145233113945	-0.557744771215047	0.57701868072476	0.999831983216163
ENSMUSG00000105991	12.4689505833808	-0.0360433955421292	0.0761336493265063	-0.480875367340068	0.63060508073396	0.999831983216163
ENSMUSG00000120036	103.897349786557	0.0866287190140039	0.121124770096487	0.713152426088147	0.475751441252489	0.999831983216163
ENSMUSG00000131932	13.4676610873946	-0.0480028704749536	0.0780191865164121	-0.626007730903779	0.531309870550816	0.999831983216163
ENSMUSG00000132016	16.6539693325363	-0.0138416606347307	0.0843781674221042	-0.165087518505779	0.868875097004884	0.999831983216163
ENSMUSG00000097617	88.3986276261015	-0.0455680199460456	0.121309844425607	-0.375968037309187	0.706940658216201	0.999831983216163
ENSMUSG00000044694	38.9802673538669	0.0965069877655841	0.108422430811795	0.882704883785083	0.377395742761979	0.999831983216163
ENSMUSG00000111329	37.6182536313289	-0.0713347408178364	0.110008667732373	-0.651975178461562	0.514417185007271	0.999831983216163
ENSMUSG00000074354	12.2212308777117	-0.0208117595153669	0.0779775945652872	-0.269150890646834	0.787813569739077	0.999831983216163
ENSMUSG00000133306	29.1477409712122	-0.105574672378928	0.102144884709618	-1.04853879038418	0.294390440135591	0.999831983216163
ENSMUSG00000086539	18.8017331496874	-0.101856111605916	0.0888448483154353	-1.17682116558119	0.239266892821	0.999831983216163
ENSMUSG00000102144	143.991987874172	-0.0399017795607967	0.121876825684298	-0.327542791267304	0.743257383463202	0.999831983216163
ENSMUSG00000133602	18.9646262189808	0.0611160460312369	0.0893792035271875	0.676965690253099	0.498427723329539	0.999831983216163
ENSMUSG00000079669	34.6164365816809	-0.0253441708346174	0.107084536316974	-0.237287480575125	0.812433773846635	0.999831983216163
ENSMUSG00000111521	34.8610001542938	-0.0289190955710723	0.106672418096244	-0.271747363602412	0.78581628028109	0.999831983216163
ENSMUSG00000074385	52.8492828732838	0.0588262196271984	0.116149320852671	0.505107966996362	0.61348300594114	0.999831983216163
ENSMUSG00000109896	99.1091749283993	-0.113880389615602	0.121457257490452	-0.939752557868866	0.34734449904537	0.999831983216163
ENSMUSG00000103103	153.923908862938	-0.0324605133290885	0.120754792921409	-0.268785748490127	0.788094560955883	0.999831983216163
ENSMUSG00000100281	110.140135300035	0.0527487204219768	0.121804853848318	0.432751335300175	0.665195431011295	0.999831983216163
ENSMUSG00000134538	64.7288561865934	-0.0952543702924748	0.119131619387302	-0.802208626510816	0.422432287152974	0.999831983216163
ENSMUSG00000051074	10.7435958629849	0.0832383727744084	0.0736859662606756	1.10991639662268	0.267035054217098	0.999831983216163
ENSMUSG00000134683	22.9673679749218	-0.0750753424152448	0.0975065533725871	-0.778796546395174	0.436099572471319	0.999831983216163
ENSMUSG00000097072	39.8092365468211	-0.0606086042566287	0.10919699808592	-0.557514855047273	0.577175712456219	0.999831983216163
ENSMUSG00000135684	15.7692644248992	-0.0553586062657219	0.0860517352100077	-0.652304324837558	0.514204870631553	0.999831983216163
ENSMUSG00000110692	12.7292299926444	0.0334952726110626	0.0792365931098467	0.418150929757469	0.675836770258639	0.999831983216163
ENSMUSG00000086119	33.5047724960147	0.0832863892261259	0.105410989571448	0.783622307897544	0.433261762177901	0.999831983216163
ENSMUSG00000110980	29.3075964284889	0.0312568821939869	0.101756851435581	0.305934676746549	0.759654382757179	0.999831983216163
ENSMUSG00000056031	23.2259246827074	0.0572082470540133	0.0975160418275146	0.582404913009243	0.560293973033728	0.999831983216163
ENSMUSG00000097467	16.6664441491223	0.0237905298354081	0.0863037667396322	0.274164901160645	0.783957899833944	0.999831983216163
ENSMUSG00000111066	98.4100970547126	-0.089160229580869	0.12184851816821	-0.73293774448203	0.463596400828686	0.999831983216163
ENSMUSG00000087466	53.6529090411777	0.0565628814542287	0.115834368931349	0.487095318694946	0.626190783728159	0.999831983216163
ENSMUSG00000111082	58.5433421855898	0.0249104351657603	0.117891686043754	0.211079299818045	0.832825392680017	0.999831983216163
ENSMUSG00000110773	14.3443777965908	-0.00353131746551033	0.0757641900034297	-0.0465428644324446	0.962877570208525	0.999831983216163
ENSMUSG00000111828	13.6233780453425	0.101603312812782	0.0790540435683104	1.25995514005804	0.207685545579789	0.999831983216163
ENSMUSG00000097665	11.6036840982181	0.0166751000958305	0.0770242960802794	0.215694585317702	0.829225822168245	0.999831983216163
ENSMUSG00000074039	20.1490305431862	0.00620223204967687	0.0934266434029752	0.0662985570490757	0.94714013200719	0.999831983216163
ENSMUSG00000070315	176.183450826192	0.129051906024449	0.119389140590719	1.07972538505132	0.280264486270393	0.999831983216163
ENSMUSG00000120509	82.8443638921171	-0.0256750856621092	0.121089143784599	-0.212211835471291	0.831941773646745	0.999831983216163
ENSMUSG00000097099	81.4420413440981	-0.0592649821630272	0.120704275071582	-0.492113429486163	0.622639159050272	0.999831983216163
ENSMUSG00000111533	19.2087680181053	-0.00880074672680186	0.0872285136602713	-0.101017535926718	0.919536539727066	0.999831983216163
ENSMUSG00000137971	22.1282591398015	-0.0564543837839402	0.0962016489967438	-0.592494051596065	0.553519802828301	0.999831983216163
ENSMUSG00000138063	36.7657659228897	-0.0954158221545656	0.109560144773112	-0.877328698092814	0.380308128956041	0.999831983216163
ENSMUSG00000138082	42.0292955348665	-0.122849148839146	0.110934270816824	-1.11894774933441	0.263162430636378	0.999831983216163
ENSMUSG00000120058	11.0771001233387	-0.0451965504481854	0.0694662687258244	-0.669787639917506	0.502993173910698	0.999831983216163
ENSMUSG00000091745	10.6753893360639	-0.0318109451332913	0.0714660871793218	-0.452386899091953	0.650990283230832	0.999831983216163
ENSMUSG00000055125	36.8858674841546	0.0624827008488416	0.108214257461888	0.57463204391626	0.565540175664097	0.999831983216163
ENSMUSG00000097402	23.8184609634601	0.0109527489065452	0.0953764863947927	0.114599888484779	0.908762268103942	0.999831983216163
ENSMUSG00000139570	12.8860388543656	0.0211473179027452	0.079474047872731	0.265024669520379	0.790990457589045	0.999831983216163
ENSMUSG00000139679	35.5691454376746	0.0376607294088776	0.105491677250627	0.356106311883046	0.721760950477723	0.999831983216163
ENSMUSG00000139707	17.8538763509581	0.00412483900218497	0.0845542450974398	0.0488249153921589	0.961058826238405	0.999831983216163
ENSMUSG00000121112	31.6768010164721	0.00313527456450147	0.102748371795658	0.0305279996216256	0.975645963314761	0.999831983216163
ENSMUSG00000140076	26.1211912345185	-0.00975256846810569	0.0936129020220504	-0.104533218989672	0.916746207732893	0.999831983216163
ENSMUSG00000111348	59.7623736095111	0.0609962748843644	0.117929502651292	0.51602516531133	0.605836833107672	0.999831983216163
ENSMUSG00000120172	22.4978023592384	0.0220800534620497	0.0944928295577823	0.233218317482019	0.81559188269408	0.999831983216163
ENSMUSG00000140760	58.5301009089207	-0.0268316905497508	0.117777625079666	-0.228090221917129	0.819576101539147	0.999831983216163
ENSMUSG00000140907	61.0159720086296	-0.0191595297032944	0.118733401139562	-0.161494433088883	0.871703995561742	0.999831983216163
ENSMUSG00000141028	21.9835817625346	0.0119134487903279	0.095734919050767	0.124345899792734	0.901041406499322	0.999831983216163
ENSMUSG00000111761	85.9546522456135	-0.0619748709854524	0.120717923760248	-0.513862320967882	0.607348252427018	0.999831983216163
ENSMUSG00000100158	76.060131930853	-0.139238062418854	0.117577145412157	-1.19433086449306	0.23234856887721	0.999831983216163
ENSMUSG00000141309	11.6739760155237	0.000335327108534562	0.0768822800992071	0.00435915794935634	0.996521906189384	0.999831983216163
ENSMUSG00000097836	12.313137111053	-0.0141398158019651	0.0775058650988363	-0.182970213612917	0.854821390141247	0.999831983216163
ENSMUSG00000086914	33.5601322900895	0.00353789145313077	0.107513534949711	0.0329038510705274	0.973751261750078	0.999831983216163
ENSMUSG00000086728	64.8143666212768	-0.11913779105773	0.119119589729471	-1.00454592350346	0.315115547464998	0.999831983216163
ENSMUSG00000142127	18.9524523962488	0.0868785855963472	0.091984718434629	0.933235207960242	0.350698539989619	0.999831983216163
ENSMUSG00000142542	11.1609825899368	0.00109220733054106	0.0754115138234365	0.0144818984971649	0.988445520657346	0.999831983216163
ENSMUSG00000111874	53.9003367365316	0.109307331975062	0.116004109609653	0.936953279243688	0.348782591079284	0.999831983216163
ENSMUSG00000099512	157.508852063279	-0.0132172123919508	0.120665356879569	-0.10953673172044	0.912776789333321	0.999831983216163
ENSMUSG00000142871	11.2099922104933	3.73055029449562e-05	0.0763147958512864	0.000489811727409009	0.999609186800627	0.999831983216163
ENSMUSG00000143513	83.5968930163432	-0.0992191691220627	0.121129690021254	-0.820753125604422	0.411786903396494	0.999831983216163
ENSMUSG00000143589	10.6787702802123	-0.0348443885636512	0.0723996040845731	-0.487713985340644	0.62575244429203	0.999831983216163
ENSMUSG00000143615	17.5938894669669	-0.0382855528902808	0.0881099162846692	-0.438118803660052	0.661300164189373	0.999831983216163
ENSMUSG00000143883	23.5387635599231	0.0305268482554389	0.0963275698220079	0.316012346636749	0.751993136734384	0.999831983216163
ENSMUSG00000121804	12.4635154667868	-0.0126672788033012	0.0733878014878385	-0.173803762395021	0.862019687436301	0.999831983216163
ENSMUSG00000144151	34.7998705725812	0.0446257756188754	0.104194360377115	0.425777324945321	0.670270111143079	0.999831983216163
ENSMUSG00000111512	14.7133033534417	-0.0328848312709558	0.0842929743135207	-0.393496837910291	0.69395255901031	0.999831983216163
ENSMUSG00000111809	37.3566318972793	0.00429764328926035	0.108472596091557	0.0395648952001075	0.96844001508455	0.999831983216163
ENSMUSG00000092131	19.8086201417808	0.00461039728688058	0.0919063843527304	0.0501875299280004	0.959972948707697	0.999831983216163
ENSMUSG00000120273	29.987137352414	-0.0777131391087056	0.100396194331652	-0.783412039701357	0.433385188316164	0.999831983216163
ENSMUSG00000110747	11.7464021250903	0.0225935485919035	0.0742055047243103	0.302906335681203	0.761961242877756	0.999831983216163
ENSMUSG00000060380	12.2454090716095	0.0441037952012166	0.0776379373316536	0.560764401605966	0.574958157430603	0.999831983216163
ENSMUSG00000074415	2546.61193913805	0.0487593908340553	0.0871695608206345	0.559334390127414	0.575933529176478	0.999831983216163
ENSMUSG00000079564	24.1741579424392	-0.0890386209629182	0.0988602563095293	-0.912323574241055	0.361598408009639	0.999831983216163
ENSMUSG00000097195	331.48671845301	0.140607180582018	0.115245465919806	1.21906475231526	0.222819616785645	0.999831983216163
ENSMUSG00000097967	11.2695865112441	-0.0233508457366399	0.0748167960169349	-0.31534299901081	0.752501240647175	0.999831983216163
ENSMUSG00000121649	14.1597828822931	-0.0642365365425631	0.08033455355429	-0.816064296203301	0.41446336303956	0.999831983216163
ENSMUSG00000128423	19.2176965905566	-0.0248067405861712	0.0900636382827446	-0.277254180290967	0.781584939700983	0.999831983216163
ENSMUSG00000097623	15.5579998258363	0.0547254919642316	0.0795393253088403	0.677779061980507	0.49791178863381	0.999831983216163
ENSMUSG00000102060	12.1336261477409	0.108707161343102	0.075667170370179	1.39894238333421	0.161830261519516	0.999831983216163
ENSMUSG00000110862	25.3887921780936	-0.0469285217212205	0.099042802689167	-0.477300778229941	0.633147956880873	0.999831983216163
ENSMUSG00000110827	82.8460175739709	-0.150002108368426	0.120958749756195	-1.24438104469666	0.213359355872465	0.999831983216163
ENSMUSG00000111334	30.8471521434283	0.0171473993490101	0.10535172684511	0.162578047807712	0.870850672320991	0.999831983216163
ENSMUSG00000111229	36.5049181678736	-0.00617607129533531	0.108259953949342	-0.0570645660256215	0.954493762622636	0.999831983216163
ENSMUSG00000111673	13.8978650215827	-0.0505019490513109	0.0821126289140022	-0.623443718878917	0.532992976041855	0.999831983216163
ENSMUSG00000049307	10.2907426488449	0.113235400600932	0.0720102116333482	1.53154912634842	0.125633734743505	0.999831983216163
ENSMUSG00000090023	12.4131645849457	-0.00337726351840276	0.0788337882112487	-0.0429217756631037	0.965763890275451	0.999831983216163
ENSMUSG00000121476	81.1241209399135	0.0821829478874377	0.120780475798061	0.678829533449008	0.497245878569815	0.999831983216163
ENSMUSG00000097021	26.0778481977531	0.108271747741884	0.0948770877582831	1.12464847154463	0.260738025069305	0.999831983216163
ENSMUSG00000121490	83.709397732711	0.0456684716203939	0.119793870097712	0.380624705034091	0.703481746824924	0.999831983216163
ENSMUSG00000123750	54.5918320778116	-0.137751891373721	0.114363302045705	-1.21456895248241	0.224530536407364	0.999831983216163
ENSMUSG00000128779	15.6639217414044	-0.0204473318102554	0.0856394349897564	-0.239579982285519	0.810655884696466	0.999831983216163
ENSMUSG00000134973	11.764595600004	-0.0962129922355238	0.0774182358386383	-1.29388512146597	0.195705104499657	0.999831983216163
ENSMUSG00000137277	24.0244241250168	-0.0374039034375028	0.0954634879092542	-0.39498557586846	0.692853533092906	0.999831983216163
ENSMUSG00000137701	31.0599837644991	-0.0353399300415671	0.102712147045077	-0.345315422189854	0.729857253717986	0.999831983216163
ENSMUSG00000133656	17.9061207384338	0.000263620375982886	0.0859583496523275	0.00307227963719989	0.997548679367306	0.999831983216163
ENSMUSG00000100039	29.8708602895774	0.106767382168138	0.0977853055040534	1.07751171782779	0.281251718684896	0.999831983216163
ENSMUSG00000074102	728.213418902331	-0.0837187102046047	0.101826197713877	-0.822272954572037	0.410921565671068	0.999831983216163
ENSMUSG00000090207	17.2167041314334	0.0697730880653154	0.0883610367854816	0.779866124298204	0.435469679870482	0.999831983216163
ENSMUSG00000143415	10.44125752793	0.059261082158538	0.071461124482576	0.812847844085181	0.416305300679208	0.999831983216163
ENSMUSG00000097155	12.6959025649105	0.0110026056102293	0.078381940588259	0.13961935542839	0.888960746995857	0.999831983216163
ENSMUSG00000096981	26.5855321437765	-0.0114999044173431	0.101003607649346	-0.114000476834927	0.909237415449569	0.999831983216163
ENSMUSG00000141972	30.218175357649	-0.0615653499403063	0.10487042746579	-0.590914034747756	0.554578021771714	0.999831983216163
ENSMUSG00000123956	114.723617790996	-0.172327259797252	0.121562658224372	-1.42451577602142	0.154297221584899	0.999831983216163
ENSMUSG00000124030	112.077863043704	0.0589333468752046	0.121884986971487	0.483277328141972	0.62889883570778	0.999831983216163
ENSMUSG00000110644	31.6292956514447	-0.0353553722182687	0.104315487423785	-0.340243010538535	0.73367353049285	0.999831983216163
ENSMUSG00000121444	73.1857793590465	-0.065925300486152	0.117046667766109	-0.564824848039511	0.572192904214944	0.999831983216163
ENSMUSG00000127545	12.0199056715566	0.00462438916696998	0.0762282583993851	0.0606162257834387	0.951664850979967	0.999831983216163
ENSMUSG00000097322	77.6555539512595	0.16574868534375	0.120359045716567	1.36994030543894	0.170705536623745	0.999831983216163
ENSMUSG00000110945	190.912648881658	-0.0471792010659164	0.120234500557403	-0.392698824761744	0.694541938780273	0.999831983216163
ENSMUSG00000121445	21.5749797582386	0.0611274255748339	0.0952599314235938	0.636801049950987	0.52425444210841	0.999831983216163
ENSMUSG00000127109	43.8391805470338	0.0362263219194345	0.113119235995083	0.319684932648151	0.749207182878227	0.999831983216163
ENSMUSG00000111497	24.1229911796082	-0.018687233865362	0.094794871115359	-0.197828070557355	0.843179583051431	0.999831983216163
ENSMUSG00000086016	14.1728151347459	-0.0199455075180483	0.0799118071934075	-0.251187629900414	0.801669047947852	0.999831983216163
ENSMUSG00000144319	11.7134004634975	-0.00122199491138294	0.0754277758701366	-0.0161716844585135	0.987097425038326	0.999831983216163
ENSMUSG00000097439	63.2769745103381	0.131915931940201	0.116601853667768	1.12420918504761	0.260924293790285	0.999831983216163
ENSMUSG00000097820	157.044318954745	0.10559736682825	0.121046679009314	0.871108221360136	0.383695065567969	0.999831983216163
ENSMUSG00000111079	20.7827893266689	-0.00722156477598445	0.0942893756284781	-0.0766694417394733	0.938886514922332	0.999831983216163
ENSMUSG00000111389	562.443936956356	0.126964798550084	0.117576169886892	1.078076195939	0.280999753644306	0.999831983216163
ENSMUSG00000111003	26.8831974936492	-0.0946493552010011	0.0993414006864346	-0.965544659420909	0.334272078591826	0.999831983216163
ENSMUSG00000111605	81.5406816170403	-0.0268466227728935	0.119830022616907	-0.224429651016327	0.822423000896537	0.999831983216163
ENSMUSG00000097736	42.2481675587708	0.0562727836849701	0.111786352824671	0.501656642905887	0.615909067915469	0.999831983216163
ENSMUSG00000054871	293.801838732391	-0.0732350587830091	0.113370428763268	-0.646014488281335	0.518269972537112	0.999831983216163
ENSMUSG00000032502	481.908227642546	0.0668419351799668	0.106780050335303	0.625921114641112	0.531366684421973	0.999831983216163
ENSMUSG00000032288	615.778557144769	0.0921766418306376	0.101567533420444	0.907468306569992	0.364159202096147	0.999831983216163
ENSMUSG00000010045	971.031480317332	0.015184643187713	0.0965537739944499	0.15725852243755	0.875041107763383	0.999831983216163
ENSMUSG00000079644	11.4952144848261	-0.00770543673618989	0.0728368378002719	-0.10571694580431	0.915806934888524	0.999831983216163
ENSMUSG00000031934	108.380521505706	-0.0418863750295032	0.120026129258466	-0.349683111001918	0.726576529908812	0.999831983216163
ENSMUSG00000092622	13.7759001172704	-0.0838789016041174	0.0790643756461463	-1.09864140428557	0.271924510317541	0.999831983216163
ENSMUSG00000057193	1705.02882511134	0.0861585854398475	0.086189105981347	0.999584831874772	0.317511466634211	0.999831983216163
ENSMUSG00000032044	281.4780117169	0.140517374981336	0.112484947424958	1.24867886538554	0.211782553964492	0.999831983216163
ENSMUSG00000032028	17.5402204074561	0.0737713837991122	0.0882331711542166	0.827308649071543	0.408062142754136	0.999831983216163
ENSMUSG00000056617	15.7591467893928	-0.0862682394702407	0.0834905981301645	-1.06029268461652	0.289011466258478	0.999831983216163
ENSMUSG00000049526	28.0740391904003	0.170469000104606	0.102717493287778	1.6380855878976	0.101403840981183	0.999831983216163
ENSMUSG00000032131	1985.31799733697	0.0431610790968346	0.0859545082251807	0.502120636667847	0.615582664644185	0.999831983216163
ENSMUSG00000007908	1028.01277248259	0.127496866764254	0.0913422141403143	1.39573321026013	0.162794849619236	0.999831983216163
ENSMUSG00000053641	3445.03642936151	-0.0129056569029363	0.0923234517163172	-0.139793150614168	0.888823425173384	0.999831983216163
ENSMUSG00000048534	218.282497008993	0.0933460042888098	0.120187598426925	0.77598630695328	0.437757070895537	0.999831983216163
ENSMUSG00000032497	1663.73052483618	-0.0172984404679408	0.0867199108629434	-0.19947885283868	0.84188818392492	0.999831983216163
ENSMUSG00000059183	489.798535996905	0.0333678896181896	0.102734450371649	0.324780800640256	0.745346976371289	0.999831983216163
ENSMUSG00000032112	961.545485561131	0.0609060530617768	0.0957498371280496	0.636025985355559	0.524759485285373	0.999831983216163
ENSMUSG00000032602	521.414649768916	0.0384054788029353	0.103461667841066	0.371170416170871	0.710510606243278	0.999831983216163
ENSMUSG00000032369	236.964595923685	0.120613895464603	0.118563846036623	1.01647364465974	0.309403891684645	0.999831983216163
ENSMUSG00000074345	20.7164081646782	0.0472490179437378	0.0938059743112625	0.499828550698617	0.617195805334616	0.999831983216163
ENSMUSG00000032181	15647.9011934035	-0.0501632582752645	0.0841721242044297	-0.596002858998747	0.551173316779653	0.999831983216163
ENSMUSG00000049103	25.3281971942321	0.137327955252573	0.0996878898059878	1.3594865040708	0.173992476211497	0.999831983216163
ENSMUSG00000032320	4279.9160955037	0.0736170990946698	0.0878133140078635	0.838254151498107	0.401887979785227	0.999831983216163
ENSMUSG00000061393	758.323791066036	0.0300521441983668	0.102567649821788	0.29299286271372	0.769527607157029	0.999831983216163
ENSMUSG00000042138	1099.72475080961	0.064840955134624	0.0924666927892475	0.701200221857427	0.4831780714144	0.999831983216163
ENSMUSG00000032253	6209.07859825684	0.00370051686667357	0.102654039163051	0.03604940178247	0.971242967604927	0.999831983216163
ENSMUSG00000032449	3380.71072149661	0.0755306149040963	0.0891940229448832	0.846725993199848	0.397147866943365	0.999831983216163
ENSMUSG00000001774	4460.51350611171	-0.0995046367065751	0.0820028694653942	-1.21353190799717	0.224926522681875	0.999831983216163
ENSMUSG00000032199	5095.79454894857	0.127701072210789	0.0855115958268935	1.49311387901101	0.135407380126285	0.999831983216163
ENSMUSG00000032590	1193.68808033546	0.131369270918906	0.0958639679183942	1.37005568264165	0.170669520447401	0.999831983216163
ENSMUSG00000025237	3781.03074002976	-0.0693951472901886	0.0861765966574522	-0.805322924766754	0.420633356078237	0.999831983216163
ENSMUSG00000010054	1840.53602920372	0.0606517929370389	0.0883402888332113	0.686526536749691	0.492381136236554	0.999831983216163
ENSMUSG00000044037	498.518826979551	-0.00489290948318525	0.109026092135263	-0.0448716241454448	0.964209634706342	0.999831983216163
ENSMUSG00000032463	869.026401742453	-0.066918249554141	0.0950676480413498	-0.703939735970639	0.48147030423355	0.999831983216163
ENSMUSG00000039285	4290.16303724445	-0.0713071226753351	0.0783008664921762	-0.910718132530723	0.362443907615979	0.999831983216163
ENSMUSG00000032431	128.180931368347	0.00776690940428789	0.121512770922127	0.0638906685456015	0.949057282521098	0.999831983216163
ENSMUSG00000037257	2696.83296875905	0.00806998098460376	0.0846971771047251	0.0952802585315035	0.924092222717351	0.999831983216163
ENSMUSG00000060510	2985.62249267344	-0.0347031918591087	0.0825947491927707	-0.420175401889027	0.674357322891297	0.999831983216163
ENSMUSG00000031927	14.4751388682212	0.0294605461044632	0.0773114335744752	0.378990230877099	0.704695118304677	0.999831983216163
ENSMUSG00000032040	460.87178317258	0.0797441918164517	0.109230241623514	0.729747985794177	0.465544243668914	0.999831983216163
ENSMUSG00000051234	2248.38381208007	0.00161985520258251	0.0962808829248022	0.016824944602101	0.986576269797427	0.999831983216163
ENSMUSG00000032076	4883.35895062523	-0.0206020247596911	0.091584739368994	-0.224962819448575	0.822008198680294	0.999831983216163
ENSMUSG00000034584	9872.3933921006	0.0510509063354668	0.0928167181316502	0.549955954585521	0.582349584151081	0.999831983216163
ENSMUSG00000048752	17.3650659864621	0.0573119408172417	0.0893156808449317	0.635957765027803	0.524803950553636	0.999831983216163
ENSMUSG00000034007	1860.70889255384	0.0281534649242338	0.0937224479295308	0.300390921055523	0.763878988059261	0.999831983216163
ENSMUSG00000032494	219.575027743744	-0.101495379142265	0.118000379149629	-0.860803362454889	0.389346352790888	0.999831983216163
ENSMUSG00000032527	2142.11741250799	0.0244948064942451	0.0827206077789198	0.296111532794762	0.767144906835188	0.999831983216163
ENSMUSG00000032125	271.278241831051	0.0741655759220891	0.115368152936643	0.642470835943644	0.520567519386572	0.999831983216163
ENSMUSG00000032017	540.544741647032	0.0187809094332013	0.105734735564999	0.177619872304703	0.859021516863984	0.999831983216163
ENSMUSG00000053289	787.531847922334	0.0592019610381611	0.102332008184618	0.578495236380252	0.562929812587371	0.999831983216163
ENSMUSG00000032268	56.8037955632982	0.13387791904828	0.117301325610728	1.136187327355	0.255878173086116	0.999831983216163
ENSMUSG00000057982	1228.69093894468	-0.041493792391509	0.09442940934934	-0.439431387719582	0.66034898750349	0.999831983216163
ENSMUSG00000036395	91.7718788629342	-0.140104066633894	0.121700510870738	-1.1541152101362	0.248452938330631	0.999831983216163
ENSMUSG00000001366	3923.13628537924	0.0995171434903145	0.0828230687346625	1.2014567004503	0.229574092997597	0.999831983216163
ENSMUSG00000046242	19.3355907097205	0.0228426189784352	0.0895631750310217	0.254338396301089	0.799234138873293	0.999831983216163
ENSMUSG00000032534	940.541910803574	0.00748232828010036	0.0939100732103507	0.0796759984658733	0.936494949200539	0.999831983216163
ENSMUSG00000043885	2902.28835035688	0.0398432622649907	0.0855823195858017	0.465545288775479	0.641541012482837	0.999831983216163
ENSMUSG00000032393	12015.0674142926	-0.0920284993980681	0.0814018075589333	-1.13066599704495	0.258195698163057	0.999831983216163
ENSMUSG00000032504	4515.77065349321	-0.0198981555155817	0.0803250734288431	-0.247724855617169	0.804347299174213	0.999831983216163
ENSMUSG00000046997	146.766818451691	0.141873164311356	0.121765964945705	1.16218655338794	0.245159695441761	0.999831983216163
ENSMUSG00000004099	3029.0603059431	0.0264990533495557	0.0847752823687537	0.312575319624887	0.754603331271802	0.999831983216163
ENSMUSG00000032002	2397.96651409133	-0.0749643451333379	0.0987391868316724	-0.759410608867427	0.447606969263426	0.999831983216163
ENSMUSG00000032033	16.7326121686786	-0.0248756941535825	0.0835931323282726	-0.300067030599011	0.764126026828762	0.999831983216163
ENSMUSG00000096472	954.516909725465	0.0551847190111675	0.0928503219067554	0.594328606073298	0.552292349308486	0.999831983216163
ENSMUSG00000032238	15118.12385415	-0.0677270126672306	0.0999942054131203	-0.677495026886325	0.498091924335501	0.999831983216163
ENSMUSG00000007892	6191.10743583199	0.143786193897466	0.0952396626433563	1.50916322998851	0.131257074274391	0.999831983216163
ENSMUSG00000047036	11273.098861431	0.00415010062081775	0.0801772807644762	0.0517621999706515	0.958718175206101	0.999831983216163
ENSMUSG00000032554	13935.7682255386	-0.144822001426756	0.0819503211460875	-1.7674959126305	0.0771452129322952	0.999831983216163
ENSMUSG00000032298	365.745028672219	-0.00172673664899261	0.117005703954691	-0.0147527195330859	0.988229459818335	0.999831983216163
ENSMUSG00000031996	33311.0451616667	0.0348411045017639	0.0792785688819611	0.439461516416823	0.660327160886901	0.999831983216163
ENSMUSG00000025888	95.0424879320152	0.148182920228892	0.119679307024754	1.23316370061043	0.217514695290059	0.999831983216163
ENSMUSG00000037949	699.664680718963	-0.0656956551110682	0.104430908491979	-0.629159915661367	0.529244368222597	0.999831983216163
ENSMUSG00000023259	347.81724056771	-0.106749329131215	0.108664254259631	-0.982438424943164	0.325883904023528	0.999831983216163
ENSMUSG00000034115	24.0498173297561	-0.134123763052871	0.0965153384162468	-1.42292675923268	0.154757388077086	0.999831983216163
ENSMUSG00000032394	130.100306129716	-0.187332692172235	0.12149941657522	-1.54975152368389	0.121201166278357	0.999831983216163
ENSMUSG00000011114	805.876358622384	0.00547316400377443	0.0993721297874968	0.055073698543228	0.956079749855812	0.999831983216163
ENSMUSG00000032526	1405.58182389257	-0.0699254062251056	0.0890436695350886	-0.785331037593632	0.432259502626762	0.999831983216163
ENSMUSG00000039016	1660.6775418647	0.0816883339604073	0.10254961455059	0.796372850322665	0.425815353739711	0.999831983216163
ENSMUSG00000039716	4723.76770343465	-0.0137752809097567	0.093077158823419	-0.148004837044701	0.882338950877881	0.999831983216163
ENSMUSG00000049313	23204.5207124772	0.0781338099586857	0.0867685945783399	0.900366639831385	0.367925167983637	0.999831983216163
ENSMUSG00000032583	824.278712229985	-0.011564184825878	0.096289889791722	-0.120097857873154	0.904405629279857	0.999831983216163
ENSMUSG00000032475	1924.74090091324	0.0241007792031512	0.0944811783392645	0.255081236782363	0.79866035579831	0.999831983216163
ENSMUSG00000032349	4638.73527426406	-0.0380458182439885	0.0801829107387957	-0.47450332186415	0.635141029700029	0.999831983216163
ENSMUSG00000032388	907.055009779154	0.0252272836732016	0.102315686532673	0.246552661979196	0.80525444388585	0.999831983216163
ENSMUSG00000001946	532.995662254327	0.0511919436742391	0.10793259879454	0.474151168008551	0.635392112721074	0.999831983216163
ENSMUSG00000032249	8916.37327467547	-0.0799534942843386	0.0885966795198911	-0.902572804931965	0.366752665266398	0.999831983216163
ENSMUSG00000010064	2640.37501811279	-0.0902548336480803	0.0900674453698044	-1.00218430536479	0.316254586446902	0.999831983216163
ENSMUSG00000025240	2873.87116177949	0.0602357783409373	0.0971530944459375	0.619932386635585	0.535302302341173	0.999831983216163
ENSMUSG00000037742	49042.4174873599	-0.00995070919980501	0.0865828383387606	-0.114928199185157	0.908502033468696	0.999831983216163
ENSMUSG00000032563	2540.85239497976	0.00558882711812821	0.0829038542919486	0.0674143266033908	0.946251864154983	0.999831983216163
ENSMUSG00000006932	16197.4324380392	-0.0671968240761138	0.075885848077199	-0.885545914395748	0.375862267472409	0.999831983216163
ENSMUSG00000032407	5869.9143371534	-0.0296291316367861	0.0849563509019563	-0.348772605714613	0.72726003101507	0.999831983216163
ENSMUSG00000002028	8020.8562038396	-0.0622317487141895	0.0877975269068916	-0.708889122215656	0.478393285941204	0.999831983216163
ENSMUSG00000036030	80.8747219443426	0.0963829267924219	0.120314066651518	0.799214841179192	0.424165847775813	0.999831983216163
ENSMUSG00000040188	665.439705561764	-0.106177957668253	0.0973726189998541	-1.09040994974626	0.275532600917725	0.999831983216163
ENSMUSG00000023262	264.61632128484	-0.0248155394700191	0.11470713372701	-0.216389796843275	0.828683918817113	0.999831983216163
ENSMUSG00000003299	1315.71588648088	-0.0553357908917505	0.0972520122904543	-0.56902904361394	0.569336430093504	0.999831983216163
ENSMUSG00000070284	212.735120534586	-0.0618569800152508	0.118680630558604	-0.521340742466059	0.602129423628471	0.999831983216163
ENSMUSG00000036057	2478.91069401867	0.0644657444844427	0.100908691098292	0.638683971642283	0.523028541865484	0.999831983216163
ENSMUSG00000013419	1655.50133819687	-0.125691093248031	0.0889004445200842	-1.41393652039459	0.157380541818696	0.999831983216163
ENSMUSG00000032601	2580.29333392196	0.0469828743636476	0.0944121935159632	0.497604695569139	0.618762693499808	0.999831983216163
ENSMUSG00000008429	2336.81021689033	-0.00539642504049039	0.0827394824261738	-0.0652213653983449	0.947997750216511	0.999831983216163
ENSMUSG00000032359	365.614977671006	-0.0221573111240091	0.115001397632414	-0.192642964526587	0.847238594292097	0.999831983216163
ENSMUSG00000032259	82.0718740846899	0.000515392407493257	0.0677149425347773	0.0076106045724443	0.993927674732825	0.999831983216163
ENSMUSG00000025650	311.621716232441	0.0912047634997015	0.120211793675867	0.757612082522272	0.448683244787037	0.999831983216163
ENSMUSG00000003131	9546.41968248725	0.0287573089586886	0.0772002934174214	0.372495945595416	0.709523630116603	0.999831983216163
ENSMUSG00000032443	38.825800436541	-0.0381739774584847	0.108508687853596	-0.352453263397596	0.724498362885985	0.999831983216163
ENSMUSG00000032418	1629.33181532393	-0.0693812121872697	0.0885072086020479	-0.783957280772819	0.433065177162927	0.999831983216163
ENSMUSG00000079427	164.545784311929	0.0510303129860646	0.120361146651384	0.423697662529704	0.671786320097905	0.999831983216163
ENSMUSG00000059495	8594.0167647085	-0.0363245086918687	0.0877482192450189	-0.413990781200351	0.678880858283765	0.999831983216163
ENSMUSG00000034898	132.284487600335	-0.0485900570240397	0.121299185266025	-0.400868209109931	0.688517156904268	0.999831983216163
ENSMUSG00000070319	1793.85444974523	0.0356457637482612	0.0887034429290908	0.401833845077693	0.687806312041969	0.999831983216163
ENSMUSG00000001948	64.1398798100735	-0.00735613287228193	0.118207508414568	-0.0622938944659283	0.950328790546121	0.999831983216163
ENSMUSG00000035274	287.912359929888	0.18768153513498	0.120526073847853	1.55259893267304	0.120518980815009	0.999831983216163
ENSMUSG00000047606	124.803658729923	0.0232779002018635	0.077860164671763	0.296131404772907	0.767129731441328	0.999831983216163
ENSMUSG00000041696	163.234800278679	0.0440368925091644	0.119656511385584	0.367871578998288	0.712968993151367	0.999831983216163
ENSMUSG00000042557	1918.50663244985	-0.0896100357725308	0.0926285509287931	-0.967562740291999	0.333262793142216	0.999831983216163
ENSMUSG00000025804	17.0645724851103	0.143183289178742	0.0848464293252691	1.64638343545016	0.099684841249697	0.999831983216163
ENSMUSG00000032513	805.354238675437	0.0228678982315863	0.094188782181561	0.242788486610707	0.808169255114186	0.999831983216163
ENSMUSG00000057551	1551.81427074495	0.042309473698943	0.0870440307380157	0.486061667051524	0.6269234442028	0.999831983216163
ENSMUSG00000032307	3827.9150072579	0.0390000550316489	0.0820670704218227	0.475211415371187	0.634636291424844	0.999831983216163
ENSMUSG00000035284	6686.73090658619	-0.0541388495274869	0.0846374460683574	-0.639701607144782	0.522366610421744	0.999831983216163
ENSMUSG00000036138	2102.82153594728	-0.0548592541196355	0.0922663694824237	-0.594604162375079	0.552108097107948	0.999831983216163
ENSMUSG00000079355	76.0089377358279	-0.137949246040398	0.120010524764173	-1.15398516430084	0.248506251303676	0.999831983216163
ENSMUSG00000054792	1066.74496391043	0.0344814582090178	0.0913247952450585	0.377556525789495	0.705760065550433	0.999831983216163
ENSMUSG00000032077	426.651329358803	0.0946163242071655	0.107754609863229	0.877821393923068	0.380040652467063	0.999831983216163
ENSMUSG00000043943	207.409681079101	-0.121835336319169	0.119407917053797	-1.02127807732089	0.307122709896533	0.999831983216163
ENSMUSG00000050471	447.39418373178	-0.0727215672834445	0.108378019933739	-0.671054078534652	0.502186079583192	0.999831983216163
ENSMUSG00000032059	591.511093178706	0.0134899692713514	0.101527993196559	0.132858760107048	0.894305082358956	0.999831983216163
ENSMUSG00000034739	450.712789384105	0.127334244763908	0.102539556391552	1.22095023427712	0.222104862856984	0.999831983216163
ENSMUSG00000042688	4536.55000580219	0.0473554952821226	0.0867570003035616	0.54580868307147	0.58519745396101	0.999831983216163
ENSMUSG00000034218	1537.42185987365	-0.0807703349594634	0.105176421684123	-0.768244083990096	0.442342187568761	0.999831983216163
ENSMUSG00000036972	1943.22652449022	-0.160713629795108	0.092199535938309	-1.74345268667773	0.0812545719890356	0.999831983216163
ENSMUSG00000032135	1540.56618040082	0.0661542835313747	0.0876867815007484	0.754399711325258	0.450609244877109	0.999831983216163
ENSMUSG00000032553	1740.61154122336	-0.0345044877058065	0.0884157522285575	-0.390254154875528	0.696348620056836	0.999831983216163
ENSMUSG00000023345	80.9682111711492	-0.148256058945489	0.121156202812944	-1.22760542709939	0.219595123539696	0.999831983216163
ENSMUSG00000002031	1323.5297696877	0.0627112992707166	0.0896080311181579	0.699803415917836	0.484050081198532	0.999831983216163
ENSMUSG00000025645	260.51072187895	-0.0240717033866227	0.114741408378279	-0.209820757656057	0.83380757140498	0.999831983216163
ENSMUSG00000031129	385.381388466008	0.0408102376473857	0.107229258394998	0.380561907863984	0.703528351134882	0.999831983216163
ENSMUSG00000035200	46.3762132278543	0.0983032632793035	0.105241071048281	0.923783473944384	0.355599061129064	0.999831983216163
ENSMUSG00000032352	740.762709141299	0.0736834796863772	0.102998845740972	0.715203777411341	0.474483135268787	0.999831983216163
ENSMUSG00000035878	236.181386728292	-0.0707639324938407	0.117237660109332	-0.603910108682531	0.545903407706157	0.999831983216163
ENSMUSG00000034908	3093.4195981384	-0.126967230970893	0.0893066251158446	-1.42193483924651	0.155045168118984	0.999831983216163
ENSMUSG00000025602	161.636309758693	0.0908407744083037	0.120687394569119	0.752002616503955	0.452049485300147	0.999831983216163
ENSMUSG00000032567	321.345324554134	-0.0405939481135669	0.110511432199527	-0.367345243724238	0.713361509849032	0.999831983216163
ENSMUSG00000032316	2215.88574686643	-0.0388151994974205	0.0950469835863577	-0.408410218504703	0.682972532607677	0.999831983216163
ENSMUSG00000025651	5962.7304166324	0.0257560838648416	0.0834695525882717	0.308559440533622	0.757656677968307	0.999831983216163
ENSMUSG00000032392	149.929060143649	0.165546361411607	0.12127606094674	1.36188338205885	0.17323469142293	0.999831983216163
ENSMUSG00000041729	10549.7076465043	0.0309253989134471	0.0918925254976518	0.336514210741661	0.736483137178108	0.999831983216163
ENSMUSG00000032231	542.316112538149	-0.0867293575434108	0.113181563168579	-0.766533050441844	0.443359194154574	0.999831983216163
ENSMUSG00000032171	1512.58116529348	0.0259224530074754	0.0976150782435852	0.265545146409026	0.790589535915456	0.999831983216163
ENSMUSG00000009741	3165.13497767648	-0.0244931854161565	0.0856626652944773	-0.285929010434202	0.77493249379284	0.999831983216163
ENSMUSG00000025887	324.679413649636	0.130356577224861	0.117564051269171	1.10789153033923	0.267908663849452	0.999831983216163
ENSMUSG00000006676	6331.62348782376	-0.0417072048648309	0.0862825663669545	-0.483401983410727	0.628810340171529	0.999831983216163
ENSMUSG00000032582	3558.72764347395	0.0525620431086113	0.0808718055127999	0.64992027659035	0.51574371986146	0.999831983216163
ENSMUSG00000036777	2646.10039684363	0.126589327285291	0.0833994254283769	1.51774742173741	0.129078084330176	0.999831983216163
ENSMUSG00000032051	770.213960593503	0.0390200480352621	0.101972571080215	0.382643151767269	0.701984370370591	0.999831983216163
ENSMUSG00000032598	1703.85681769877	0.0651751862563921	0.0908046231487126	0.717673230012995	0.472958793078759	0.999831983216163
ENSMUSG00000032336	26502.122092881	-0.0158296568529403	0.075100543499423	-0.210781666123028	0.833057645455621	0.999831983216163
ENSMUSG00000032011	11059.4845646519	0.119570615641085	0.0819015895433176	1.45973293177499	0.144363487425131	0.999831983216163
ENSMUSG00000063382	1946.02205367574	0.0200364398882915	0.0837567009922196	0.239221143970198	0.810934108055086	0.999831983216163
ENSMUSG00000032525	6564.87708903509	-0.105466807012358	0.0829355940485234	-1.27182727266836	0.203434496610614	0.999831983216163
ENSMUSG00000049624	1019.05608922876	-0.151372150943017	0.110604388138693	-1.36979233494911	0.17075173546152	0.999831983216163
ENSMUSG00000054836	337.73301778944	0.0974846218681694	0.109250061022975	0.892095032606411	0.372341997190616	0.999831983216163
ENSMUSG00000032299	1009.49443979025	0.0350854156365954	0.104445922117586	0.335867705150439	0.736970631332038	0.999831983216163
ENSMUSG00000091537	1316.5371301873	0.0684447384229275	0.0910376083524017	0.751801570843034	0.452170397216734	0.999831983216163
ENSMUSG00000032309	826.935686769664	-0.036746552662118	0.107313981237767	-0.342435503875258	0.732023173486026	0.999831983216163
ENSMUSG00000032212	4497.92036889196	0.0462561760823527	0.0824969750683977	0.560683032065142	0.575013636405344	0.999831983216163
ENSMUSG00000057367	3046.91729157954	-0.00354783179231683	0.0857554800417766	-0.0413718418744937	0.966999460499856	0.999831983216163
ENSMUSG00000045519	439.027704232822	0.020777549207851	0.107269399124245	0.193686472749416	0.846421384450495	0.999831983216163
ENSMUSG00000034973	3675.8735263182	-0.0276514662759779	0.084829420496146	-0.325979050375422	0.744440205529617	0.999831983216163
ENSMUSG00000053070	245.056999295579	-0.0342985711050552	0.115266608462229	-0.297537065787607	0.766056514145134	0.999831983216163
ENSMUSG00000033054	1101.21846509568	-0.0709197408220651	0.102845118524729	-0.689766968831116	0.490340743882642	0.999831983216163
ENSMUSG00000079677	14.3464911341267	0.0301052446136056	0.0823619282375057	0.362298404562104	0.717129050285691	0.999831983216163
ENSMUSG00000040219	205.456520394401	0.036642354420901	0.116829461269461	0.313607120228855	0.753819451022449	0.999831983216163
ENSMUSG00000002820	819.096994607796	-0.08593859610313	0.0973588273207267	-0.882708675310849	0.377393693680707	0.999831983216163
ENSMUSG00000032368	31089.882366934	-0.145000158374633	0.0991889224790766	-1.46267291497111	0.143556900873626	0.999831983216163
ENSMUSG00000032187	5353.51114746364	-0.0979165177944602	0.0924925753780757	-1.05886249458383	0.289662407206233	0.999831983216163
ENSMUSG00000032308	453.648341814694	0.092068009052062	0.116419415421559	0.79001518018711	0.429518903036412	0.999831983216163
ENSMUSG00000015354	260.759032882692	0.163695495575463	0.113901930632355	1.43651114843096	0.150856946341775	0.999831983216163
ENSMUSG00000032402	2027.38404049527	-0.138549776426522	0.085448436529396	-1.62156701963687	0.10489608908754	0.999831983216163
ENSMUSG00000063488	245.933982375553	-0.131309354123236	0.114284138125759	-1.14925972130416	0.250448901532146	0.999831983216163
ENSMUSG00000032599	2627.55333459624	-0.0305143159469532	0.0871752401826285	-0.350037890560143	0.726310261703458	0.999831983216163
ENSMUSG00000042757	1289.68134279325	0.00810027657101321	0.0897236388334032	0.0902795642649924	0.928065059182717	0.999831983216163
ENSMUSG00000032604	1600.86500237151	0.107105684037352	0.0885476176900011	1.20946954413419	0.226482504904733	0.999831983216163
ENSMUSG00000049511	639.664978691496	-0.0118925288934934	0.107278238703923	-0.110873590389052	0.911716588272964	0.999831983216163
ENSMUSG00000032180	265.984063712746	-0.00658564447314899	0.114753298586948	-0.0573950085868525	0.954230539020506	0.999831983216163
ENSMUSG00000032911	302.619470314124	-0.0932190454257255	0.110929908643926	-0.840461768809619	0.400649528681354	0.999831983216163
ENSMUSG00000032575	1807.2593395974	-0.122422698744762	0.0982574608194195	-1.2462435527549	0.212674994128612	0.999831983216163
ENSMUSG00000063856	79.8751064241675	-0.0318489451656434	0.121081430210768	-0.263162410313221	0.792425402117286	0.999831983216163
ENSMUSG00000031922	1022.95418522492	0.0162254379823618	0.0911908166520758	0.177927569980064	0.858779858593446	0.999831983216163
ENSMUSG00000025785	642.261599859971	-0.146010310683764	0.101036135248095	-1.44534938424774	0.14835977301563	0.999831983216163
ENSMUSG00000041440	115.879858544398	-0.00340412972759886	0.1218683388266	-0.0279329435359055	0.977715633546283	0.999831983216163
ENSMUSG00000032353	593.991761594724	0.118176730902928	0.103960600399156	1.13638014195096	0.255797503036864	0.999831983216163
ENSMUSG00000041794	999.634719858032	0.0683492617971781	0.093514858660672	0.730883177885392	0.464850511920088	0.999831983216163
ENSMUSG00000032377	508.900131753657	-0.0896399907732923	0.101826813412217	-0.880326698561323	0.378682353254992	0.999831983216163
ENSMUSG00000032579	687.214076109727	0.00306666944240402	0.108459123443434	0.0282718198445735	0.97744535611891	0.999831983216163
ENSMUSG00000037808	1510.58925052946	0.00748953524285607	0.098050304456696	0.0763837787983854	0.939113774543851	0.999831983216163
ENSMUSG00000048758	1460.0974442651	-0.099334732456943	0.0940329007554504	-1.05648792726154	0.290745353623013	0.999831983216163
ENSMUSG00000059820	175.848097082886	-0.083939721959026	0.11879750950737	-0.706850648410648	0.479659295743939	0.999831983216163
ENSMUSG00000037801	14.6622750167441	-0.0418588583244072	0.0830257678589262	-0.510193583092113	0.609915847320428	0.999831983216163
ENSMUSG00000042106	22.9423207540714	-0.000180296840769956	0.0973415277711735	-0.00185035259291066	0.99852363307654	0.999831983216163
ENSMUSG00000032495	398.238729308332	-0.0243624449116465	0.116017852345434	-0.210028930277589	0.833645093492018	0.999831983216163
ENSMUSG00000032344	15.5443655523137	0.0239263497271434	0.0801399891095409	0.296996127521392	0.766469465616505	0.999831983216163
ENSMUSG00000032564	140.871049933874	0.117955079010472	0.0908481271094723	1.27075234641682	0.203816766594125	0.999831983216163
ENSMUSG00000032547	1735.96591099123	-0.0382798109137139	0.0857370098785449	-0.446484967735834	0.655246968731146	0.999831983216163
ENSMUSG00000032035	458.85809921209	0.0448374928310521	0.103828133064325	0.431850560844846	0.665850029114378	0.999831983216163
ENSMUSG00000032425	1257.44329890101	-0.0992889915810732	0.0961362805386288	-1.03293253048237	0.301635473949585	0.999831983216163
ENSMUSG00000032334	88.2835402787123	-0.0913611111272492	0.11999710874258	-0.763153278281948	0.445371988978014	0.999831983216163
ENSMUSG00000032415	90.6100081481818	0.0213890655747473	0.121706561261928	0.175655412476448	0.860564666234861	0.999831983216163
ENSMUSG00000032026	1953.39789880898	0.0128752469639413	0.0840278365164314	0.153224978953886	0.878220859906007	0.999831983216163
ENSMUSG00000032459	897.631931599772	0.0487469628803608	0.0974796583281534	0.500069269467337	0.617026303541348	0.999831983216163
ENSMUSG00000032572	20.359920067199	-0.0196718808679391	0.0920261467898537	-0.214328170378588	0.830291151628889	0.999831983216163
ENSMUSG00000032578	96.7705137834995	0.0547876938683323	0.119263114266441	0.457847346620059	0.647062117366216	0.999831983216163
ENSMUSG00000011958	2582.83376501777	-0.00935877601659519	0.0825143946740941	-0.113419700561578	0.909697821699773	0.999831983216163
ENSMUSG00000039952	4621.01495540055	-0.139526449875878	0.0822885882204452	-1.69578278439235	0.08992702394663	0.999831983216163
ENSMUSG00000032000	110.873187064242	-0.00985775990471425	0.121882247724771	-0.0808435790149885	0.935566350427711	0.999831983216163
ENSMUSG00000046603	963.058206618745	0.0103737373335569	0.0961498393670712	0.107888786305172	0.914083912429822	0.999831983216163
ENSMUSG00000034910	2158.83042249284	-0.02789456365081	0.095273805288391	-0.292810259289947	0.769667186010857	0.999831983216163
ENSMUSG00000035934	818.587427726077	0.0482310914839979	0.110989230538167	0.434374770474654	0.664016315630489	0.999831983216163
ENSMUSG00000010205	86.6376664944339	0.0146703663957756	0.121502293270095	0.120713034662565	0.90391833433061	0.999831983216163
ENSMUSG00000036814	1106.9373112991	-0.0596378816835409	0.110228218602579	-0.541176038014826	0.588386251937135	0.999831983216163
ENSMUSG00000032279	4861.24296075235	-0.00905025167819548	0.0818015154315009	-0.110637564138173	0.911903758456897	0.999831983216163
ENSMUSG00000019039	1627.37552294892	-0.0129690677812729	0.104074174107524	-0.124612545598305	0.900830295868485	0.999831983216163
ENSMUSG00000042185	1479.5681396585	-0.0144407329612325	0.0875566209332043	-0.164927908442096	0.869000725438694	0.999831983216163
ENSMUSG00000037784	642.883518770778	-0.0257506063740442	0.102352406059032	-0.251592857460112	0.801355779996555	0.999831983216163
ENSMUSG00000032481	1613.38750307327	0.018955000277944	0.09376480655639	0.202151717437361	0.839798117697998	0.999831983216163
ENSMUSG00000035048	596.853516124601	0.0508205609715552	0.101520157721175	0.500596582375445	0.61665506818463	0.999831983216163
ENSMUSG00000036867	76.0162723951312	0.107874200433646	0.120206613010486	0.895067671112576	0.370750914532906	0.999831983216163
ENSMUSG00000032348	1500.18553666332	0.0713450763133319	0.0914530073434605	0.780082518914822	0.435342305271263	0.999831983216163
ENSMUSG00000032192	4604.37462397597	0.0387925087723711	0.0786990326448301	0.492908563729365	0.622077196030683	0.999831983216163
ENSMUSG00000038895	581.664303533556	-0.00282388571843048	0.106167317850774	-0.0265945930740299	0.978783085837772	0.999831983216163
ENSMUSG00000037977	1369.16365334835	-0.00861392991893116	0.100893366393526	-0.0853728868200735	0.931964947633201	0.999831983216163
ENSMUSG00000032595	30.2648068285306	0.110925788428823	0.103822534490849	1.05803285103433	0.290040465750592	0.999831983216163
ENSMUSG00000032611	89.6866368076373	-0.174543759914325	0.121423278525761	-1.44308081657221	0.148997706603341	0.999831983216163
ENSMUSG00000032172	210.967084673806	0.189601388127543	0.119077822135674	1.59002043267811	0.111830199416203	0.999831983216163
ENSMUSG00000032050	5936.60461914395	-0.0431860717582748	0.0790922303321147	-0.546040953336281	0.585037786494147	0.999831983216163
ENSMUSG00000040729	2116.79608469266	-0.0755369690220758	0.0996335022522178	-0.758354270921989	0.448238925904568	0.999831983216163
ENSMUSG00000055069	49.6756969013296	0.0541974483985091	0.114222506650857	0.473127549375941	0.636122182998225	0.999831983216163
ENSMUSG00000032469	560.625749625912	0.00603090902620036	0.106912147783581	0.0564047935413068	0.955019338343113	0.999831983216163
ENSMUSG00000039488	114.052265983236	0.0473154689754122	0.118596277744706	0.398153720643336	0.690516877381386	0.999831983216163
ENSMUSG00000025234	5656.2773351758	0.0111657192626073	0.0817615910593374	0.136564648967425	0.891374920679686	0.999831983216163
ENSMUSG00000032561	33.9207931026092	-0.101683993742295	0.100980743417173	-1.02145775509118	0.3070376141103	0.999831983216163
ENSMUSG00000044229	418.627816464328	-0.102522245211985	0.106257008291999	-0.964886671364448	0.334601578075073	0.999831983216163
ENSMUSG00000032518	6436.66138857518	0.0772422982799731	0.0934938811637366	0.82601996081579	0.408792768835964	0.999831983216163
ENSMUSG00000054693	4508.54459701607	-0.0690682947523672	0.0863218257588603	-0.800200249814771	0.423594785100812	0.999831983216163
ENSMUSG00000032375	2094.74059983947	0.0645043705935262	0.0838759757129222	0.7690211130431	0.441880776958057	0.999831983216163
ENSMUSG00000040652	4091.86956302508	0.0664566440115815	0.0835561556605765	0.795302939771563	0.426437303911043	0.999831983216163
ENSMUSG00000031938	815.216354063031	-0.0809530426097136	0.105058248669509	-0.770690154117868	0.44089060929485	0.999831983216163
ENSMUSG00000032114	99.8523408314564	0.094505329280959	0.121885805167862	0.774356913253112	0.438719755988612	0.999831983216163
ENSMUSG00000061559	1283.18549106979	0.00269089850198017	0.0908367141502181	0.0296244560442463	0.976366560768112	0.999831983216163
ENSMUSG00000040813	1493.41931589622	-0.0293150656705168	0.0887363770235733	-0.330363650698105	0.741125203651706	0.999831983216163
ENSMUSG00000031935	1313.93762265033	-0.0154167377842628	0.0896622923679358	-0.171943060200591	0.863482293529146	0.999831983216163
ENSMUSG00000032092	47.9824494235969	-0.16694999357851	0.113257460085186	-1.48989466500595	0.136251934559538	0.999831983216163
ENSMUSG00000002032	3312.07178398053	-0.055456131242192	0.0859689588090367	-0.64510128963387	0.518861548184882	0.999831983216163
ENSMUSG00000032936	460.20958389197	0.0374240618049543	0.0724967287900182	0.507493979656772	0.611808259520857	0.999831983216163
ENSMUSG00000038742	140.366249256254	-0.00660221786194577	0.121668696997009	-0.0542598044549224	0.956728173748499	0.999831983216163
ENSMUSG00000039217	432.776622541228	0.0557022429163141	0.110729563587197	0.503009659770254	0.614957480660211	0.999831983216163
ENSMUSG00000033577	7482.59548976361	-0.0718337732461474	0.0830745603800831	-0.864764963786338	0.38716780491189	0.999831983216163
ENSMUSG00000032515	327.47539772113	-0.0722415860684712	0.118869491489329	-0.608052516085286	0.543152643856754	0.999831983216163
ENSMUSG00000025899	1880.90797432354	-0.11879036131487	0.0972969425446646	-1.22124513067861	0.221993221341053	0.999831983216163
ENSMUSG00000032303	80.7788999900378	-0.0453007273612375	0.120212920744659	-0.37721914121453	0.706010756600954	0.999831983216163
ENSMUSG00000036411	370.461879378889	-0.0730188481828268	0.108786253290753	-0.671191826766634	0.502098334726178	0.999831983216163
ENSMUSG00000032030	3452.94489598073	0.0415861333076695	0.0869396513729919	0.478318571639048	0.632423480029682	0.999831983216163
ENSMUSG00000023249	328.941051392127	0.132933968625905	0.111339599988108	1.19360379642338	0.232632988236913	0.999831983216163
ENSMUSG00000059974	11447.7684172347	-0.0871557948929715	0.0871412055908714	-1.0003131383792	0.317158990948528	0.999831983216163
ENSMUSG00000032216	23639.3873908447	-0.0758641800804466	0.0794024550789413	-0.955516115506739	0.339316759631915	0.999831983216163
ENSMUSG00000042487	2006.81140566588	0.105248699101737	0.0918022625311584	1.14632266636992	0.251661667658462	0.999831983216163
ENSMUSG00000032478	170.046649393018	0.0355446423530854	0.119337648856254	0.297771579696621	0.765877507219288	0.999831983216163
ENSMUSG00000057895	299.904373946025	-0.121269332958983	0.112857093663435	-1.07489340631477	0.282422454396565	0.999831983216163
ENSMUSG00000032482	3033.95941017831	-0.0739609949357159	0.0816206592647752	-0.90618832584996	0.364836181014086	0.999831983216163
ENSMUSG00000034303	118.953550811853	0.0603441891073991	0.121778141215365	0.495188068576847	0.620467372022117	0.999831983216163
ENSMUSG00000032301	2734.04935964286	-0.018396453165593	0.08891753517371	-0.206900182154386	0.836087814256555	0.999831983216163
ENSMUSG00000041837	758.217784846025	0.0959772050399483	0.0968409496308892	0.991013807984637	0.321678837919235	0.999831983216163
ENSMUSG00000039632	64.6629656723556	0.172453236225649	0.118610174223798	1.44683631592095	0.147942772908658	0.999831983216163
ENSMUSG00000032126	480.457032704768	-0.0572862244693273	0.105271363998843	-0.544211067677303	0.586296236549684	0.999831983216163
ENSMUSG00000047412	1762.55186197207	0.0082998411970085	0.095470330099739	0.0869391817004939	0.930719854919114	0.999831983216163
ENSMUSG00000040146	2221.71017591663	-0.108893397197303	0.104542349459426	-1.04208053184054	0.297374343719401	0.999831983216163
ENSMUSG00000032492	211.928891977809	-0.101708371334062	0.119030929292773	-0.854985533376443	0.392559156593676	0.999831983216163
ENSMUSG00000023186	847.780108919292	0.0701356567512153	0.0983741291117682	0.71290974198806	0.475901610440826	0.999831983216163
ENSMUSG00000032396	1644.14483201855	-0.0486633165462067	0.0892767771755149	-0.545094440680683	0.58568856601463	0.999831983216163
ENSMUSG00000032246	164.149371592917	0.0500454365868766	0.121844054462017	0.410080355615699	0.681747002583084	0.999831983216163
ENSMUSG00000032565	306.911148764931	0.11982149554859	0.112704728172381	1.06251635857464	0.28800133562933	0.999831983216163
ENSMUSG00000039115	136.890075560245	-0.120136755096459	0.121389224013092	-0.991012520075234	0.321679466793077	0.999831983216163
ENSMUSG00000032217	1728.94530698798	0.00421324716492005	0.0865516635640952	0.0486797149642001	0.961174541820533	0.999831983216163
ENSMUSG00000044791	4756.87530569394	-0.074412910410993	0.0950801366581942	-0.782795455856434	0.433747236466946	0.999831983216163
ENSMUSG00000062794	280.216948325293	0.0480193876213041	0.114784289807744	0.41833614765285	0.675701364246511	0.999831983216163
ENSMUSG00000032186	17503.2280260245	-0.0747965994601999	0.0996940194892813	-0.750482557685995	0.452964124986395	0.999831983216163
ENSMUSG00000010047	248.211563444977	0.0468361718356212	0.118567596864138	0.394794271283779	0.692994723087436	0.999831983216163
ENSMUSG00000045594	534.186754238401	0.119274410545645	0.101156541316651	1.17897226637303	0.238409219423352	0.999831983216163
ENSMUSG00000032555	1044.15714435948	0.019343215544351	0.0989526748400898	0.19548896433044	0.845010176208812	0.999831983216163
ENSMUSG00000058444	886.878502323393	0.0745224404963832	0.0935677662563461	0.79642641987127	0.425784227124694	0.999831983216163
ENSMUSG00000032178	4144.60187078313	0.0677330163491811	0.0785475349592925	0.862285352087045	0.388530511292454	0.999831983216163
ENSMUSG00000043895	104.160263901379	-0.106472359392939	0.12184532210947	-0.875836472091162	0.381118939449464	0.999831983216163
ENSMUSG00000043719	15.6890959616729	0.0834985029597871	0.0858565429796473	0.959911806854735	0.337099603424536	0.999831983216163
ENSMUSG00000032329	3091.90159367032	0.0227991538318702	0.0842295399386184	0.270670253135171	0.786644657587776	0.999831983216163
ENSMUSG00000032591	12.8442449511665	0.0442616672512757	0.0791274314146028	0.552769400596052	0.58042132406413	0.999831983216163
ENSMUSG00000090626	248.886223254081	0.0535742458807479	0.114356571378474	0.468400176408126	0.639498441909551	0.999831983216163
ENSMUSG00000040936	88.003417203719	0.104554400379912	0.121413627124764	0.858911766683238	0.39038919709644	0.999831983216163
ENSMUSG00000032562	4868.59262272826	-0.074730427493672	0.0879489350844069	-0.849782800261834	0.395445853881103	0.999831983216163
ENSMUSG00000032350	2539.31890254872	0.0677853857916725	0.0900363820211881	0.752816897299009	0.451559951417818	0.999831983216163
ENSMUSG00000039461	987.208797761538	0.0176460449686955	0.0968311310082378	0.182223596069777	0.855407256011868	0.999831983216163
ENSMUSG00000032398	610.111668381517	-0.125079472929491	0.104443076770086	-1.19776667773233	0.231007863097994	0.999831983216163
ENSMUSG00000056131	618.953698996041	-0.0140805772269747	0.0983288053568822	-0.143199268810608	0.886132807275618	0.999831983216163
ENSMUSG00000035443	855.498257231627	-0.0512501366007036	0.0987958441913786	-0.518810385403085	0.603892974965286	0.999831983216163
ENSMUSG00000066607	5281.08728023055	-0.0491196581853043	0.0855574448252061	-0.574144664811031	0.565869910868125	0.999831983216163
ENSMUSG00000032839	2048.67751702255	0.0296220366826903	0.0945433380427341	0.31330575611981	0.754048377380878	0.999831983216163
ENSMUSG00000032355	70.805486626703	0.115788362497793	0.119438815696515	0.966638812199156	0.33372462502573	0.999831983216163
ENSMUSG00000032609	656.837013096601	-0.0728771798528043	0.0989073025351625	-0.736808641588241	0.461238727285991	0.999831983216163
ENSMUSG00000058173	40.5664761273138	-0.116311870199747	0.108666333528363	-1.08086622829591	0.279756623081735	0.999831983216163
ENSMUSG00000032503	3427.03684829798	-0.0718489542107355	0.0821935169845075	-0.874182994430616	0.382018605487789	0.999831983216163
ENSMUSG00000037287	2792.01837794587	-0.086520187574419	0.0909669102737858	-0.95123837027734	0.341483384398398	0.999831983216163
ENSMUSG00000043953	26.6688222431827	0.0878687606269391	0.100392069937667	0.868056477633633	0.385363415314817	0.999831983216163
ENSMUSG00000025236	622.108114719187	0.0761282966896304	0.105594727835295	0.720744013398303	0.471067027351177	0.999831983216163
ENSMUSG00000032586	81.8840474267003	-0.00799151089363255	0.118041240334993	-0.0677433788799222	0.945989917251288	0.999831983216163
ENSMUSG00000032413	1675.87972014236	0.0379865275585447	0.0896896330447719	0.423531385745959	0.671907604447542	0.999831983216163
ENSMUSG00000032872	2198.87905975205	-0.0563525912200471	0.0890990673415313	-0.632516643786882	0.527049336223701	0.999831983216163
ENSMUSG00000013076	1209.07844867017	0.0729654368708806	0.0983255814403006	0.741982376563857	0.458098013349198	0.999831983216163
ENSMUSG00000070306	132.901412996367	0.186718984802623	0.121486643273424	1.53055809090299	0.125878646122605	0.999831983216163
ENSMUSG00000070287	1562.25530574943	0.138262777133754	0.0943952528079055	1.46440819470949	0.143082450405692	0.999831983216163
ENSMUSG00000032374	777.74495141914	-0.0167049534780704	0.0987108677990099	-0.169243046651517	0.865605471796354	0.999831983216163
ENSMUSG00000032204	99.4851396529975	0.16518535882174	0.121807873267291	1.35249307885059	0.176217631381795	0.999831983216163
ENSMUSG00000001833	17991.5002312745	-0.0285127353898083	0.0852280677683966	-0.334561571581792	0.737955837311055	0.999831983216163
ENSMUSG00000033543	2175.23825007348	-0.00264460061296334	0.0834836293070304	-0.0316772678380619	0.974729423424642	0.999831983216163
ENSMUSG00000032405	2746.24622978175	0.0769139037583334	0.0810043220246412	0.949466654291137	0.342383323886428	0.999831983216163
ENSMUSG00000032239	1037.52635685957	0.0359638779219724	0.0910750265663944	0.394880332356661	0.692931205451815	0.999831983216163
ENSMUSG00000043154	2280.04761666852	-0.0447308649982968	0.0955409069643172	-0.468247604365351	0.639607532856454	0.999831983216163
ENSMUSG00000061536	994.287149863412	-0.0897536248256937	0.0981271638192053	-0.91473222430619	0.360332223003294	0.999831983216163
ENSMUSG00000079260	214.816497414676	0.033736917851715	0.119817401387144	0.281585052913398	0.778261702671082	0.999831983216163
ENSMUSG00000019471	4054.73857060358	0.0575127386086806	0.0797114601562947	0.721483497557121	0.470612090339864	0.999831983216163
ENSMUSG00000034593	15581.9378786339	-0.0110063032569733	0.0989277218821777	-0.111260078175981	0.911410111801032	0.999831983216163
ENSMUSG00000066235	848.957160336854	0.13251106636385	0.0947720431176227	1.39807773473687	0.162089725181799	0.999831983216163
ENSMUSG00000032128	22.8915648450461	0.127630014191964	0.0935595735838745	1.34202609572342	0.179587534546064	0.999831983216163
ENSMUSG00000032252	1993.19766200852	-0.0101088691703031	0.0849133926675535	-0.119050857825693	0.905235063532457	0.999831983216163
ENSMUSG00000032548	372.106480212188	0.0831779522707761	0.116314999442479	0.714476937640307	0.474932311956415	0.999831983216163
ENSMUSG00000045087	822.445852507301	-0.0874944088385293	0.0984392815683333	-0.888938339225401	0.374036219225156	0.999831983216163
ENSMUSG00000032113	66.6172690837627	0.0363387239430605	0.118514448530586	0.306496728891796	0.759226470042196	0.999831983216163
ENSMUSG00000032577	250.184954830736	0.0627498341237694	0.115159951577314	0.544748560320038	0.585926461599834	0.999831983216163
ENSMUSG00000048503	667.883885146196	-0.0498626380783069	0.107651078204168	-0.463219138856975	0.6432072990793	0.999831983216163
ENSMUSG00000032290	1307.99179148715	0.0542402036690686	0.0930252670889367	0.583017398490699	0.55988158788903	0.999831983216163
ENSMUSG00000004936	4471.13580323189	0.0874719958130401	0.0818705141939833	1.06834035883063	0.285367009530203	0.999831983216163
ENSMUSG00000040111	13551.5323998612	-0.0551620285049918	0.0861539425429554	-0.640328145661259	0.52195928624643	0.999831983216163
ENSMUSG00000032047	3483.5391657519	0.0530002892245063	0.0847635649875481	0.625243149423641	0.531811485923515	0.999831983216163
ENSMUSG00000040524	2835.8897920707	-0.148925216708765	0.0901740640680647	-1.65191640831169	0.0985515926586011	0.999831983216163
ENSMUSG00000032297	232.738007018921	0.172040199841182	0.11791088092619	1.45706578034741	0.145098223197584	0.999831983216163
ENSMUSG00000064145	2358.52627541059	0.0229549793464158	0.0837640484277733	0.274039533886106	0.784054240475403	0.999831983216163
ENSMUSG00000032366	4537.13717399228	-0.0417670628762968	0.0790093500463147	-0.528646098119831	0.597050975536274	0.999831983216163
ENSMUSG00000010057	860.265204560617	-0.0123438382416531	0.10166934097931	-0.121409974254851	0.903366317010764	0.999831983216163
ENSMUSG00000063108	2080.27580992936	-0.0539042358540675	0.0898224655077962	-0.600174332750495	0.548390057653813	0.999831983216163
ENSMUSG00000032215	421.79328702863	0.00300454849480356	0.107737093048624	0.0278868880937605	0.977752366163039	0.999831983216163
ENSMUSG00000025898	970.184805771242	0.0831158780657878	0.104698532798862	0.793721168770679	0.427357773802883	0.999831983216163
ENSMUSG00000038060	55.4681731734358	0.0833862136680875	0.117220137486553	0.709295581432328	0.47814106984159	0.999831983216163
ENSMUSG00000046402	492.596536007018	-0.0395488480469896	0.115518420640642	-0.342383898440932	0.732062004273706	0.999831983216163
ENSMUSG00000032010	3443.19828686997	-0.0476613963678148	0.087089781523009	-0.547287431213003	0.584181277441638	0.999831983216163
ENSMUSG00000034252	4322.18380921213	-0.0249432145142648	0.083969911033709	-0.297059711700264	0.76642092210529	0.999831983216163
ENSMUSG00000013822	1160.14389925233	0.066473270279669	0.0970763822516536	0.684646025348606	0.493567316232844	0.999831983216163
ENSMUSG00000032127	2644.34941991946	0.11569861719872	0.0836899645156874	1.38232418595771	0.166872182967788	0.999831983216163
ENSMUSG00000032584	17.4233737503497	-0.0651320931245168	0.0872952807358761	-0.75820710572213	0.448327008028886	0.999831983216163
ENSMUSG00000079469	543.881304340313	-0.0652951938367889	0.104247159013645	-0.62635955500305	0.53107913159743	0.999831983216163
ENSMUSG00000062151	8179.52864405442	-0.00184695364528992	0.0939351071438355	-0.0196616303764492	0.98431329938229	0.999831983216163
ENSMUSG00000074001	20.8926285731484	0.150759413991358	0.0878107297768672	1.67466001883841	0.0940009560869595	0.999831983216163
ENSMUSG00000032383	2202.58826730019	0.00328163933706064	0.0898141673574488	0.0365376262179062	0.970853677344294	0.999831983216163
ENSMUSG00000032123	490.616401488896	0.100196061806529	0.102476750440953	0.977642017531222	0.328251408350393	0.999831983216163
ENSMUSG00000074259	22.8392068842324	0.0869367251369978	0.0955296891863429	0.900962299003915	0.367608365326717	0.999831983216163
ENSMUSG00000041361	59.174398342626	-0.0948219509946225	0.117084657063517	-0.813893749438778	0.415705821788822	0.999831983216163
ENSMUSG00000032024	1003.7106562766	-0.0361386689122653	0.096346227693307	-0.375117004544786	0.707573451091774	0.999831983216163
ENSMUSG00000078307	1510.97169629351	0.166164263326966	0.0975000425762856	1.70370689723722	0.0884358589407444	0.999831983216163
ENSMUSG00000032220	553.682184193211	0.00336125852424916	0.102135890385917	0.0329097686797243	0.973746542736766	0.999831983216163
ENSMUSG00000032342	935.058885841809	0.0362208595390387	0.0930859664564593	0.389106090807494	0.697197668025936	0.999831983216163
ENSMUSG00000032042	2796.76300223457	-0.0167778542217828	0.0851046087478764	-0.19714834896038	0.843711448813456	0.999831983216163
ENSMUSG00000058192	1539.86863916124	-0.0460860811468751	0.0891886691089366	-0.516752120435052	0.60532920720534	0.999831983216163
ENSMUSG00000079235	179.74497516041	-0.131557157309726	0.121001118700755	-1.08867060458718	0.276299169093923	0.999831983216163
ENSMUSG00000032324	11420.0812829199	0.0250446607777019	0.0761425817803364	0.328912009383726	0.742222196735719	0.999831983216163
ENSMUSG00000032523	433.782694673662	-0.107578942889666	0.104970074462976	-1.02485350781624	0.305432314521284	0.999831983216163
ENSMUSG00000036781	383.120323553634	-0.0157836848139093	0.112870473096536	-0.13985271689858	0.88877636047874	0.999831983216163
ENSMUSG00000032571	1285.16424726877	-0.0227589759661763	0.0881101863810058	-0.258304548451747	0.796171876196721	0.999831983216163
ENSMUSG00000040325	1327.26892894378	-0.0787431428018375	0.108827751059496	-0.72389067859412	0.469132853084303	0.999831983216163
ENSMUSG00000032434	1006.99690154584	0.0288528520638027	0.0962678529044392	0.29969918191222	0.764406622679353	0.999831983216163
ENSMUSG00000033335	2402.71480789966	-0.0931825767218329	0.0832952598807554	-1.11874192742376	0.263250252724762	0.999831983216163
ENSMUSG00000020253	630.44159949006	-0.0150392312956014	0.102506175972841	-0.146719352268787	0.88335354300979	0.999831983216163
ENSMUSG00000040875	554.841115538549	-0.0177664532687256	0.104525402522945	-0.169995849856179	0.865013400482002	0.999831983216163
ENSMUSG00000038112	327.233303894125	0.0707890051957056	0.0689933206854918	0.998940755105529	0.317823391863072	0.999831983216163
ENSMUSG00000032570	6554.07403080761	0.0244206467361995	0.082621530614678	0.295567761377346	0.767560196829511	0.999831983216163
ENSMUSG00000003308	1302.64923150109	0.0913924474374465	0.0889516208635734	1.0273648899937	0.304248677538451	0.999831983216163
ENSMUSG00000032399	13299.8190558462	0.0950461908454291	0.0814401721613121	1.16694192177948	0.243233824661552	0.999831983216163
ENSMUSG00000032558	582.288606049188	0.118829452188894	0.101337772078616	1.17245933308534	0.241012690121464	0.999831983216163
ENSMUSG00000032198	541.78055933386	0.0140727758716307	0.115691223523565	0.12159944392794	0.903216253903012	0.999831983216163
ENSMUSG00000045414	7827.05909785951	0.0281835892577201	0.0911586398836596	0.309155946798194	0.757202902805086	0.999831983216163
ENSMUSG00000031969	1863.2655930276	0.124077058024064	0.0874845789435537	1.41809037169216	0.156164381935647	0.999831983216163
ENSMUSG00000032477	641.312538369017	0.0550669361284255	0.101238249005882	0.543864612747633	0.586534641999551	0.999831983216163
ENSMUSG00000037190	187.515662617663	-0.0523300225231562	0.119442888448771	-0.438356258108711	0.661128049958617	0.999831983216163
ENSMUSG00000035769	183.908895190661	0.0876349951367071	0.118897913521898	0.736632574196089	0.461345820204127	0.999831983216163
ENSMUSG00000032606	2631.6555015605	0.124691984836276	0.0814899326236322	1.53003901090206	0.126007073020006	0.999831983216163
ENSMUSG00000086158	151.881778990622	-0.0576950145227377	0.120143878063413	-0.480465480647585	0.630896442994762	0.999831983216163
ENSMUSG00000037410	1003.71699998484	0.0203450068112788	0.0936988135045524	0.217122372176794	0.828112979342017	0.999831983216163
ENSMUSG00000025787	10.7237091156203	-0.0240899636603465	0.0753826166770421	-0.322493796912039	0.747078636303524	0.999831983216163
ENSMUSG00000025794	3591.56801576173	0.121701328427289	0.0837538033135782	1.45290387216992	0.146250445710051	0.999831983216163
ENSMUSG00000032489	172.936364408761	0.103986243039588	0.119174149382569	0.871955024373814	0.383232913932052	0.999831983216163
ENSMUSG00000023495	6194.92163647898	-0.0430593740200728	0.095381315029575	-0.45148906489921	0.651637104532762	0.999831983216163
ENSMUSG00000032062	29.903292565481	0.15201645076025	0.101048772759323	1.48012326834779	0.138840352968444	0.999831983216163
ENSMUSG00000019066	480.597756665766	-0.0530071276787785	0.104854558121414	-0.505506396946644	0.613203206611143	0.999831983216163
ENSMUSG00000042787	641.711881155615	0.00151662009722625	0.103268876374325	0.0146871312983566	0.988281785988961	0.999831983216163
ENSMUSG00000036768	215.049876727329	-0.0239943326412667	0.119114940203073	-0.201525014352538	0.84028807201112	0.999831983216163
ENSMUSG00000032245	321.981591797154	0.0790499932996372	0.118290772001016	0.667663315617912	0.504348531653417	0.999831983216163
ENSMUSG00000035202	1778.13076921486	0.0213554670133401	0.104345185207014	0.203979714345771	0.838369351242931	0.999831983216163
ENSMUSG00000035941	1690.29072252173	0.0559878906373954	0.0923057484040082	0.606505459045199	0.544179158417651	0.999831983216163
ENSMUSG00000034263	666.71540393733	-0.0847727927881089	0.0979622813566114	-0.865361058414643	0.386840647622084	0.999831983216163
ENSMUSG00000042045	28.7014341421391	0.0431435799719965	0.101823184621899	0.42146728027409	0.673413898863132	0.999831983216163
ENSMUSG00000032263	978.83420772961	0.0403928195490161	0.0934618619918328	0.432160800706615	0.665624547203945	0.999831983216163
ENSMUSG00000031932	69.0445990908911	0.140755170740948	0.112292469627525	1.24211567365939	0.21419388643033	0.999831983216163
ENSMUSG00000062270	9783.84011284728	0.0739016493106054	0.0761114866848788	0.970914687893345	0.331590763359741	0.999831983216163
ENSMUSG00000032243	33.8241603134716	-0.175647693885045	0.106476667865936	-1.67993328905834	0.0929702960383844	0.999831983216163
ENSMUSG00000003410	9390.64735319761	-0.0941210996908786	0.0951226743904717	-0.989725060801852	0.322308522284965	0.999831983216163
ENSMUSG00000032235	705.593640115724	-0.0665265373799085	0.0973712621609369	-0.683259276977433	0.494443021844378	0.999831983216163
ENSMUSG00000023192	615.699615909604	0.145477706422803	0.099466208253211	1.46245781605303	0.143615795975772	0.999831983216163
ENSMUSG00000010067	300.983659480345	0.105646559674113	0.114390924804638	0.923121893382788	0.355943686510985	0.999831983216163
ENSMUSG00000032549	16362.2401591094	-0.00731009822368407	0.0886899043403986	-0.0824233273177803	0.934310086642527	0.999831983216163
ENSMUSG00000033350	2515.95860831215	-0.113244672352652	0.105157525679517	-1.07749891220667	0.281257436484345	0.999831983216163
ENSMUSG00000032458	4395.36596217538	0.0873498635432849	0.0808945027002616	1.07973288153171	0.280261147058645	0.999831983216163
ENSMUSG00000034135	5704.37170271101	0.0706876433010788	0.0915306097494121	0.772162891625703	0.44001795684291	0.999831983216163
ENSMUSG00000037716	22.7955049543276	0.0691615252326995	0.0972315360331156	0.705956975471626	0.48021489391894	0.999831983216163
ENSMUSG00000040661	1528.18652751927	-0.0159681391363386	0.110084147085142	-0.145062895476191	0.884661213476222	0.999831983216163
ENSMUSG00000025245	2639.15910816266	-0.0238731980373454	0.091053396698163	-0.262205453464132	0.79316304918963	0.999831983216163
ENSMUSG00000038717	3761.87912577303	0.066372122485452	0.095133120548478	0.697566237746176	0.485448502032052	0.999831983216163
ENSMUSG00000004100	547.01237882199	-9.20844805059032e-05	0.108470713225886	-0.00084799427172988	0.999323398544028	0.999831983216163
ENSMUSG00000032311	360.170881964945	-0.0454534908577616	0.111270859247264	-0.408476482233026	0.682923892992531	0.999831983216163
ENSMUSG00000032423	5142.08135645303	0.0064789611840145	0.0957267883597657	0.0676826978760909	0.946038222818481	0.999831983216163
ENSMUSG00000032185	1165.46969127275	0.0431983557416303	0.0907755549335601	0.475869624620225	0.634167263584042	0.999831983216163
ENSMUSG00000032177	2111.06337712724	-0.00721303151533583	0.0837774987519923	-0.0860972686948147	0.931389094829731	0.999831983216163
ENSMUSG00000062867	1214.37256620176	0.028135642700973	0.0910142777356519	0.309124512688442	0.757226813322174	0.999831983216163
ENSMUSG00000043067	2272.1121704383	-0.0447870817958299	0.084721803894202	-0.52865206025209	0.597046838821659	0.999831983216163
ENSMUSG00000025648	646.513379162391	0.168938782607238	0.0986188237842453	1.71280024866297	0.0867492943808524	0.999831983216163
ENSMUSG00000033419	12579.4826198262	-0.00791084294066255	0.0782425813930945	-0.101106804828256	0.919465676258623	0.999831983216163
ENSMUSG00000060594	283.537668899991	-0.181375825648299	0.112957031212826	-1.60607366665192	0.108257725007561	0.999831983216163
ENSMUSG00000084786	1628.83536131914	0.0267805966660159	0.09312253404584	0.28757265112561	0.773673882153671	0.999831983216163
ENSMUSG00000034342	2800.07277156572	-0.12468592112721	0.0917465258369805	-1.35929791701506	0.174052203845354	0.999831983216163
ENSMUSG00000038708	5772.31574040669	0.0268445861871691	0.089973417221647	0.298351502336761	0.765434899880287	0.999831983216163
ENSMUSG00000053914	25.50880885235	0.0812825366071887	0.0986850596382898	0.817051334855403	0.413899092113992	0.999831983216163
ENSMUSG00000032412	6429.37837011574	-0.00486025761534506	0.0805993178474417	-0.0603008229052135	0.951916046556919	0.999831983216163
ENSMUSG00000037845	135.617154849877	0.00467268144397712	0.121154964343995	0.038555249810478	0.969244981220284	0.999831983216163
ENSMUSG00000035024	1558.27297627119	-0.116197442433603	0.0914499520440973	-1.27077592166226	0.203808377058715	0.999831983216163
ENSMUSG00000035032	43.185375735328	0.0257982980473126	0.110416084279708	0.233035486998202	0.81573384960026	0.999831983216163
ENSMUSG00000032323	85.7766860717815	0.0671716286096337	0.119447280469271	0.560679918945669	0.57501575902722	0.999831983216163
ENSMUSG00000032174	39.0467887642648	0.0232255841074615	0.103907808765914	0.22299953466997	0.823535868665117	0.999831983216163
ENSMUSG00000038775	28.7475812184133	-0.0485049186404118	0.097976831745701	-0.497892950270207	0.618559496456001	0.999831983216163
ENSMUSG00000032089	193.149735591793	0.0335099880029759	0.118108258015432	0.283727440811329	0.776619263819936	0.999831983216163
ENSMUSG00000032594	8704.3538473199	0.0396149833682372	0.0826561136732998	0.479251866910876	0.631759459808392	0.999831983216163
ENSMUSG00000032264	1719.12589479555	-0.0478484278288287	0.0885052842810199	-0.540631545292957	0.588761570346882	0.999831983216163
ENSMUSG00000042210	825.37088952509	-0.130196989095111	0.0972686280775857	-1.33855431353282	0.180715807599815	0.999831983216163
ENSMUSG00000047766	3062.91345978461	0.0883097538383797	0.0895965188119701	0.985484376309457	0.324386202067523	0.999831983216163
ENSMUSG00000032346	18.8824787261339	0.111463108507945	0.0895883595914198	1.22132689945486	0.221962272537389	0.999831983216163
ENSMUSG00000032014	109.029113753315	-0.0498990485023713	0.121857907636794	-0.409676054035161	0.68204359820131	0.999831983216163
ENSMUSG00000040883	467.418674598981	0.0327462000230413	0.108678125693012	0.30128289455931	0.763198783467932	0.999831983216163
ENSMUSG00000062257	4099.64113684899	0.0245758879062564	0.0991016096359353	0.247972637078872	0.804155578153302	0.999831983216163
ENSMUSG00000032607	1675.15590000505	-0.0849069975491291	0.091790659293844	-0.925059057840862	0.35493518829919	0.999831983216163
ENSMUSG00000052698	2593.93058175897	-0.0757347666040917	0.0972541593681541	-0.778911407466778	0.436031903671554	0.999831983216163
ENSMUSG00000025893	627.370542295228	-0.15740242572257	0.104978386216912	-1.4999914325124	0.133616621832767	0.999831983216163
ENSMUSG00000070305	591.513798028756	0.13386190421253	0.110272654187952	1.2130675929182	0.225103978893011	0.999831983216163
ENSMUSG00000032498	837.616769349815	0.033515708684776	0.0950644780089885	0.352542524673553	0.724431432770783	0.999831983216163
ENSMUSG00000074269	87.9002384560387	-0.111379494230498	0.121191140333593	-0.921823690465841	0.3566205481149	0.999831983216163
ENSMUSG00000032435	2876.85086492719	0.00712953221809443	0.081451795569177	0.0875309012715878	0.930249524022742	0.999831983216163
ENSMUSG00000032508	222.15389141009	0.0885004414334949	0.115952351450678	0.762897098273609	0.445524766885566	0.999831983216163
ENSMUSG00000025784	390.510070000869	-0.176165276017947	0.113578292886426	-1.55209383575384	0.12063977272876	0.999831983216163
ENSMUSG00000032085	17.1394527264575	0.000691732985361454	0.0846661549232325	0.0081491583467048	0.993497984336863	0.999831983216163
ENSMUSG00000032060	2464.29712387359	-0.0886118257642013	0.0962363547537332	-0.920948162305071	0.35707749170426	0.999831983216163
ENSMUSG00000004661	291.242218331109	-0.0498639728582533	0.111539052099276	-0.447110021162736	0.654795623844377	0.999831983216163
ENSMUSG00000066839	1304.87966920708	0.00659970604062813	0.0920423855958907	0.0717015295667122	0.942839438879615	0.999831983216163
ENSMUSG00000055720	1990.51983963558	-0.00971132080696732	0.0839629409358688	-0.115661227949925	0.90792103557391	0.999831983216163
ENSMUSG00000032023	52.6998655141402	-0.0191114992385274	0.116305471122556	-0.164437563716349	0.869386694456507	0.999831983216163
ENSMUSG00000032382	3075.15641295246	0.105670394263096	0.0826291243522576	1.27875300215891	0.200984048720806	0.999831983216163
ENSMUSG00000038119	1252.79024525644	0.12948209078495	0.102194898717384	1.26645636520466	0.205349742057306	0.999831983216163
ENSMUSG00000035382	1026.42971999274	-0.0154728611040751	0.0920272139602721	-0.168135847545508	0.866476408506154	0.999831983216163
ENSMUSG00000037286	3712.08064270891	0.0703818286533369	0.0869147259022873	0.809714999521967	0.41810399519518	0.999831983216163
ENSMUSG00000032121	346.293653141288	0.0213004825943502	0.10902047421127	0.195373247876443	0.845100758146045	0.999831983216163
ENSMUSG00000038264	5673.20159429862	0.089578483644366	0.0866968351808411	1.03310938934752	0.30155270983753	0.999831983216163
ENSMUSG00000009927	4321.13597616487	0.128172965537238	0.0867208827039951	1.47773419767723	0.139478937181996	0.999831983216163
ENSMUSG00000032397	716.642427047349	0.134108110225753	0.108585278339696	1.23424170166412	0.21711285238687	0.999831983216163
ENSMUSG00000066442	93.1737465265409	0.0293252786549861	0.121685156144035	0.240856523972526	0.809666319083332	0.999831983216163
ENSMUSG00000046111	1614.34815053302	-0.0790302449447156	0.0912030282131565	-0.866603962701894	0.386159041563597	0.999831983216163
ENSMUSG00000039714	28.1358815631265	-0.0209990282880508	0.101679829937226	-0.207116147656743	0.835919151509938	0.999831983216163
ENSMUSG00000032480	3361.89275135976	0.0447139466462634	0.0847281092989718	0.527709426395747	0.597701029655486	0.999831983216163
ENSMUSG00000066415	2812.35525292049	0.0371251408194245	0.0882110786758	0.420857890756045	0.673858855725451	0.999831983216163
ENSMUSG00000043923	461.890021027757	-0.00217947820683114	0.113753126133682	-0.0191567793274088	0.984716036369422	0.999831983216163
ENSMUSG00000039048	1081.71696527377	0.013588671091059	0.0995009956400774	0.136554987460059	0.891382557902518	0.999831983216163
ENSMUSG00000050627	3282.41598108675	0.0375030109444952	0.0813037445205829	0.46126253554431	0.644610260344589	0.999831983216163
ENSMUSG00000032254	23.2333315358396	-0.0686951479022769	0.097243871121944	-0.713731825199658	0.475393023089057	0.999831983216163
ENSMUSG00000049493	644.76771547896	0.177577429836486	0.105827238439225	1.67708303525428	0.0935262457039973	0.999831983216163
ENSMUSG00000032293	4961.41779378793	-0.127729859042374	0.0833244727808039	-1.53313209951512	0.125243310082967	0.999831983216163
ENSMUSG00000047193	1739.90807928179	0.0625114029816065	0.103077999599646	0.606348546061076	0.544283328315818	0.999831983216163
ENSMUSG00000032312	963.264108873864	0.0361644321516213	0.101294971626139	0.356957579420023	0.721123563121335	0.999831983216163
ENSMUSG00000032262	2535.38290505323	-0.00117975994721088	0.0856261263830543	-0.0137775975680583	0.989007415389348	0.999831983216163
ENSMUSG00000043289	67.7253237304189	0.0918499135375925	0.119252497446643	0.768527037737339	0.442174133812175	0.999831983216163
ENSMUSG00000006673	3094.76673911672	-0.0151650043882297	0.0871103586265124	-0.174089356129084	0.861795238049776	0.999831983216163
ENSMUSG00000066357	2947.46123985718	0.127291367191392	0.102100980226572	1.24610991440128	0.212724045479174	0.999831983216163
ENSMUSG00000036091	13.1946058658185	-0.0219259452943708	0.0798278618373783	-0.27628554622265	0.782328756476283	0.999831983216163
ENSMUSG00000074305	4155.31014112882	-0.0762372416789562	0.0820815122047663	-0.928864519764706	0.352959302375767	0.999831983216163
ENSMUSG00000032116	1974.17399710964	-0.0381676360274753	0.0875232623990313	-0.4360901031181	0.662771357456748	0.999831983216163
ENSMUSG00000010066	5052.72511880462	0.0926971305990594	0.110739127771229	0.836481478945028	0.402884091866876	0.999831983216163
ENSMUSG00000031939	1390.28752107407	-0.0113391430303893	0.0874648646972577	-0.129641178339953	0.896850322540943	0.999831983216163
ENSMUSG00000103409	33.6632794007971	-0.1005039432558	0.105895987675083	-0.959447895277396	0.337333156628727	0.999831983216163
ENSMUSG00000036737	3081.59391273384	0.030223908944734	0.0831101082936158	0.363649953428625	0.716119419508084	0.999831983216163
ENSMUSG00000051705	305.698779663955	0.0236758203711044	0.112612924870763	0.210239089299703	0.833481072406979	0.999831983216163
ENSMUSG00000025232	1464.99809620743	-0.00662683245988777	0.0944926728741803	-0.0701284973787615	0.944091384906021	0.999831983216163
ENSMUSG00000032122	193.947214355367	0.126870011681892	0.11980044681761	1.05729984897044	0.290374762180346	0.999831983216163
ENSMUSG00000043587	1788.76966593524	-0.0064627354693318	0.0863641059589643	-0.0748295639942831	0.940350319088197	0.999831983216163
ENSMUSG00000037971	716.943315285012	0.0285991940080188	0.0989205633648205	0.289088903256225	0.772513345155508	0.999831983216163
ENSMUSG00000063849	478.52805210298	0.116055817831784	0.102610205075174	1.13094513097059	0.258078186249158	0.999831983216163
ENSMUSG00000032456	37.0694038160561	0.168544276910342	0.109439992520132	1.52421625071108	0.127454699837134	0.999831983216163
ENSMUSG00000034684	366.569884695035	0.170538004882355	0.120364721751864	1.41272401217132	0.157736888432883	0.999831983216163
ENSMUSG00000032411	1846.83967910842	-0.021087574862257	0.0891327675672604	-0.236597072004884	0.812969391921716	0.999831983216163
ENSMUSG00000091345	35.8656750475461	0.102229417039362	0.0998836694429677	1.01375615634944	0.310699120750683	0.999831983216163
ENSMUSG00000062762	3997.68033660427	-0.113953773780118	0.0838731984883913	-1.35877116534669	0.174219113125987	0.999831983216163
ENSMUSG00000010607	553.373696643874	0.0685867768120873	0.106806782635106	0.6420544811323	0.520837809476792	0.999831983216163
ENSMUSG00000086596	132.028316769756	-0.0253652888217064	0.121563881891864	-0.208721603503763	0.8346655744052	0.999831983216163
ENSMUSG00000032322	21.0518200252135	0.128650941646919	0.091944423316588	1.37490552136629	0.169160737299356	0.999831983216163
ENSMUSG00000032118	11808.8244540305	-0.0887153944178725	0.0762123582598312	-1.16413159620154	0.244370685868412	0.999831983216163
ENSMUSG00000098332	176.671671901777	0.0649426012048124	0.118420095900911	0.548262517668276	0.583511660347683	0.999831983216163
ENSMUSG00000031990	764.601819981284	-0.0894850512164627	0.099708936267875	-0.897542013532112	0.369429765174699	0.999831983216163
ENSMUSG00000032175	845.559916670758	0.0191388746544004	0.100466942107148	0.190480598036865	0.848932545377682	0.999831983216163
ENSMUSG00000074452	15.0159550684941	0.017619582938857	0.0838131330278944	0.209246139341984	0.834256095552177	0.999831983216163
ENSMUSG00000032096	6257.44940893164	-0.0231186287328767	0.0775193899954754	-0.298234879715114	0.765523902205798	0.999831983216163
ENSMUSG00000032305	61.878032825959	0.158478857393986	0.118863408507346	1.32622397015721	0.184765521802574	0.999831983216163
ENSMUSG00000032422	2293.25234438484	0.00340918114398418	0.0828367798995516	0.0411559414384591	0.967171577529125	0.999831983216163
ENSMUSG00000032184	2274.72689150278	-0.0286803046434941	0.0836451087131059	-0.342885324079378	0.731684732913138	0.999831983216163
ENSMUSG00000023277	764.162685910387	-0.00528250228602664	0.10148250859541	-0.052051965358777	0.958487287133167	0.999831983216163
ENSMUSG00000031870	619.784688473797	-0.0678841258895715	0.107773364885194	-0.630114745554887	0.528619512835057	0.999831983216163
ENSMUSG00000066829	578.306593240858	0.120293623747578	0.103210565388489	1.16531840631056	0.243890131241176	0.999831983216163
ENSMUSG00000066233	166.662401124235	0.0607993527961643	0.119338758954244	0.509246253333071	0.610579625926405	0.999831983216163
ENSMUSG00000042496	1685.52223757871	0.0379978440823088	0.0904397906186307	0.420137203833934	0.674385225706537	0.999831983216163
ENSMUSG00000032816	2438.23607792845	-0.086972613624966	0.0881713541257624	-0.986516319740361	0.32387981089822	0.999831983216163
ENSMUSG00000034839	1239.2090677514	0.0286750576084594	0.094100161293113	0.304708407234056	0.760588245892675	0.999831983216163
ENSMUSG00000049555	230.480828573042	0.141224401082422	0.116897740088212	1.20696595589267	0.227445255104435	0.999831983216163
ENSMUSG00000038957	1106.16004774584	-0.0471801651102355	0.0912581986380493	-0.51699130830188	0.605162226251362	0.999831983216163
ENSMUSG00000046785	11764.0046273642	0.0182323330404759	0.0922927349397522	0.197542691542352	0.84340287655445	0.999831983216163
ENSMUSG00000032470	3006.5407210211	-0.0202040744953517	0.0874839948867785	-0.230952042754661	0.817352059168584	0.999831983216163
ENSMUSG00000038145	12114.8486206432	-0.10663526069574	0.0831091388089891	-1.28324668971081	0.199405663156768	0.999831983216163
ENSMUSG00000099564	40.0334838635598	0.114501837799434	0.109717680753308	1.03561512634346	0.300381732271309	0.999831983216163
ENSMUSG00000050912	1424.59510075216	-0.131541523001097	0.094009163415992	-1.3995017497031	0.161662574020367	0.999831983216163
ENSMUSG00000032006	1000.73741721417	0.0754379466416179	0.0919191409879253	0.820685647979254	0.411825347854684	0.999831983216163
ENSMUSG00000032387	168.51298729027	0.0263566404104722	0.119746963608242	0.220033555012735	0.82584502190386	0.999831983216163
ENSMUSG00000033491	131.724837093946	-0.139082609827971	0.121406052759184	-1.14698703322312	0.251386980054175	0.999831983216163
ENSMUSG00000046186	79.1205722259517	-0.125093569250222	0.120970374265734	-1.03703664141459	0.299718780981518	0.999831983216163
ENSMUSG00000066687	1232.27603002901	-0.0361346824521105	0.0785231565941248	-0.469190951302476	0.638933152782067	0.999831983216163
ENSMUSG00000032440	692.479002600531	0.100612946876202	0.106113517266518	0.947737688888693	0.343263009045995	0.999831983216163
ENSMUSG00000032372	184.781411060574	0.00204926536193484	0.118400256920845	0.0173086895064166	0.986190353418898	0.999831983216163
ENSMUSG00000038233	94.5929484702909	-0.194415410724375	0.121798648262204	-1.60082174581267	0.109416405745978	0.999831983216163
ENSMUSG00000032041	116.281029115781	0.0248073380735462	0.121606607153471	0.203756886010691	0.838543485950415	0.999831983216163
ENSMUSG00000053310	652.004344865523	-0.0579609838871075	0.0617775168469035	-1.01456453289482	0.310313453089468	0.999831983216163
ENSMUSG00000074500	97.4050925778598	-0.00735724540346474	0.121641147313544	-0.0605059575599616	0.951752671098681	0.999831983216163
ENSMUSG00000032064	8842.10529050669	-0.037091898012512	0.0796107084797072	-0.465933185786573	0.64126332620126	0.999831983216163
ENSMUSG00000015656	58688.5547354121	-0.0230054395370879	0.084991040923319	-0.270689851678343	0.786629582703931	0.999831983216163
ENSMUSG00000032295	1918.67018199239	0.1029428249825	0.0964726300842593	1.06677902173998	0.286071633763223	0.999831983216163
ENSMUSG00000022245	429.660785638997	0.0182682138879522	0.110619690525021	0.165135421991058	0.868837393011589	0.999831983216163
ENSMUSG00000033392	15348.8768528625	-0.0685076945395488	0.0765926339924098	-0.894493608089362	0.371057848193495	0.999831983216163
ENSMUSG00000042444	12994.7184769448	-0.0784750343826543	0.0901349903798435	-0.870783799258642	0.383872212696185	0.999831983216163
ENSMUSG00000032313	2191.70779160555	-0.116839524388502	0.108025941376157	-1.08228732682141	0.27912487547384	0.999831983216163
ENSMUSG00000031931	333.528167300378	-0.0140281213315495	0.110520651699942	-0.126936035295573	0.898991025277116	0.999831983216163
ENSMUSG00000036943	1344.66584706354	0.096422707346704	0.109520878063517	0.879924508146774	0.378900206958242	0.999831983216163
ENSMUSG00000048429	2580.58922898967	0.0652187756075893	0.0863498918651401	0.755248040664585	0.450100168517178	0.999831983216163
ENSMUSG00000032340	4319.45633099383	-0.00230952456661342	0.0838029515228711	-0.0275586469765899	0.978014164059516	0.999831983216163
ENSMUSG00000032803	3555.45040465464	-0.022647095086789	0.0807186424024573	-0.280573987498048	0.779037169866347	0.999831983216163
ENSMUSG00000032560	2871.00115951823	-0.00601793923045179	0.0929323631260451	-0.0647580197579391	0.948366666633998	0.999831983216163
ENSMUSG00000058587	2167.61677290913	-0.132696418546687	0.0852326123709013	-1.55698750955012	0.119473450949423	0.999831983216163
ENSMUSG00000041124	3296.39646293806	0.0397536379078058	0.0862509980297063	0.460895138030698	0.644873840153251	0.999831983216163
ENSMUSG00000033453	467.108106692446	-0.0395812873581716	0.11129906610881	-0.355622893723154	0.722122996329314	0.999831983216163
ENSMUSG00000031993	2824.23353874171	0.0663702136778819	0.0869929932953151	0.762889771701006	0.445529136668222	0.999831983216163
ENSMUSG00000032468	3401.93135638753	-0.0228602004332998	0.0810956275632482	-0.281895141246432	0.778023915245513	0.999831983216163
ENSMUSG00000037112	1804.89952861321	-0.0802158927324971	0.0916460205577149	-0.875340574024937	0.381388623585616	0.999831983216163
ENSMUSG00000037674	2703.77494682912	-0.0496657128289606	0.0857142025135229	-0.579469567031266	0.562272375527014	0.999831983216163
ENSMUSG00000050555	385.760274706813	0.0150332849752335	0.107012611788803	0.140485019310252	0.888276787967892	0.999831983216163
ENSMUSG00000093803	1034.4966787111	0.0787854708444296	0.0952190370117795	0.827296155588743	0.408069222239011	0.999831983216163
ENSMUSG00000032278	243.406742794668	-0.0696436889239319	0.11793972379369	-0.590727082749286	0.554703298619593	0.999831983216163
ENSMUSG00000003402	2005.49380596859	-0.0525668600193913	0.0932342536264827	-0.563846965061698	0.572858286087827	0.999831983216163
ENSMUSG00000032512	1728.42274017609	-0.0278744746066418	0.0872052038392026	-0.319653569893098	0.749230960276481	0.999831983216163
ENSMUSG00000010044	42.8331908416982	-0.0145838196181162	0.112035336542311	-0.13031804296308	0.896314805578078	0.999831983216163
ENSMUSG00000041506	562.795116677965	-0.160171437200019	0.101089425097396	-1.58440509100822	0.113101564132824	0.999831983216163
ENSMUSG00000006241	280.645866695589	0.0255455153852533	0.113712987341251	0.224587017437043	0.822300565486457	0.999831983216163
ENSMUSG00000066892	582.418581090975	-0.00649889811421077	0.105609282798508	-0.0615285759130894	0.950938257225481	0.999831983216163
ENSMUSG00000032218	91.9689873703463	-0.0373319879606279	0.118264617594158	-0.316185202028747	0.751861939107416	0.999831983216163
ENSMUSG00000033538	10.4808169207965	0.0401859861338191	0.07249735475851	0.546806725301014	0.584511522196591	0.999831983216163
ENSMUSG00000041528	4610.74689560402	0.0198549826554188	0.085912592914274	0.231098195074812	0.817238517293734	0.999831983216163
ENSMUSG00000032452	2123.41736191403	0.0394417285449163	0.10322112274376	0.382069741752742	0.702409634912968	0.999831983216163
ENSMUSG00000035914	231.48372623852	0.0466827474435025	0.119592567690394	0.390047977525532	0.69650107002115	0.999831983216163
ENSMUSG00000032485	1999.3147182136	0.0604292314475909	0.0856308149996893	0.705659724906888	0.480399772883872	0.999831983216163
ENSMUSG00000032115	3249.53830161726	-0.0143140542718296	0.0828323491112349	-0.172806626486601	0.862803428225771	0.999831983216163
ENSMUSG00000039163	143.274572718935	0.0417041629378265	0.121022015295394	0.344466919498936	0.730495169911835	0.999831983216163
ENSMUSG00000032410	2681.16697027848	-0.0521406620029278	0.0914994466898145	-0.569905434038728	0.568741839054557	0.999831983216163
ENSMUSG00000032179	342.85561607803	-0.183940476328335	0.114459517264442	-1.60833242775376	0.107762392176126	0.999831983216163
ENSMUSG00000032589	11114.9051708161	-0.0912055129375155	0.099241166258028	-0.919340694712884	0.357917398595318	0.999831983216163
ENSMUSG00000025646	1008.29755456229	-0.108399632342073	0.0992889703041732	-1.09187864469551	0.274886445395271	0.999831983216163
ENSMUSG00000046240	5148.93691958579	-0.106626290819164	0.0891799757021687	-1.19583490497175	0.231760991728001	0.999831983216163
ENSMUSG00000032244	6464.66393705022	-0.0569048540962675	0.085647203354481	-0.664467432432949	0.50639118647761	0.999831983216163
ENSMUSG00000025786	2928.64728764078	-0.0614133345414423	0.0863665091845942	-0.71111030601258	0.477015884040552	0.999831983216163
ENSMUSG00000031994	73.8712677413244	0.117580461693415	0.119832164242738	0.978269247418218	0.3279411754967	0.999831983216163
ENSMUSG00000032258	583.481968642269	0.130721788707742	0.100057058744469	1.30634043115307	0.191436813526542	0.999831983216163
ENSMUSG00000034487	273.640656140987	-0.0605035201972094	0.114426220450668	-0.528762854605552	0.596969968592023	0.999831983216163
ENSMUSG00000032066	50.4103031894023	0.0337710762941447	0.114787346412582	0.293499821055059	0.769140136251959	0.999831983216163
ENSMUSG00000032034	14.0879499873489	0.0845532698841532	0.0811267742331814	1.02616298137715	0.30481476729542	0.999831983216163
ENSMUSG00000041624	3202.68798433704	-0.140554142669498	0.0967988075761407	-1.45259444965038	0.146336388024551	0.999831983216163
ENSMUSG00000047409	515.627413003598	0.0473787520459043	0.104487171028751	0.453366275942215	0.650285016187358	0.999831983216163
ENSMUSG00000038379	15.0028853449568	0.0407549695263181	0.0841469570281423	0.479756706619653	0.631400400553889	0.999831983216163
ENSMUSG00000032479	31058.8859222775	-0.0688598642431529	0.0744110894672387	-0.925446704293622	0.35473359426983	0.999831983216163
ENSMUSG00000032514	106.86119529838	0.154030470486496	0.121792259771767	1.26104217546534	0.207293652242802	0.999831983216163
ENSMUSG00000032087	1058.34801890396	-0.0968196924053026	0.102663843864064	-0.943388913262834	0.34548201189062	0.999831983216163
ENSMUSG00000032491	60.6779443095659	-0.04593401380908	0.117869098870381	-0.390160123686336	0.696418146306094	0.999831983216163
ENSMUSG00000025894	1819.5610517242	-0.013038971367584	0.0874382519992546	-0.149123880479376	0.881455882677136	0.999831983216163
ENSMUSG00000032419	96.6844730969235	-0.217241014137363	0.121628616939285	-1.79330428047064	0.0729242833429655	0.999831983216163
ENSMUSG00000056919	998.213195593382	0.0151377650246932	0.0950948642064943	0.159192817242832	0.873516962709563	0.999831983216163
ENSMUSG00000032373	658.103994467093	0.127972479946842	0.109709495786579	1.15145251850076	0.249546118385081	0.999831983216163
ENSMUSG00000032078	1263.33332375845	0.0547317164134078	0.0927521756739919	0.590040861982415	0.555163254885436	0.999831983216163
ENSMUSG00000004098	276.074888977093	0.0459593963746669	0.113164764942904	0.406066609743369	0.684693658801782	0.999831983216163
ENSMUSG00000074476	70.2461148816403	0.073130720092782	0.119908977310945	0.608627516405656	0.542771361402978	0.999831983216163
ENSMUSG00000005131	20.5313649254902	-0.0208606030394849	0.0922997816229721	-0.227083782693929	0.820358594200949	0.999831983216163
ENSMUSG00000006235	50.829188129191	0.0642610710847348	0.114967639552463	0.55665825832798	0.577760941410619	0.999831983216163
ENSMUSG00000031997	55.4431192964804	0.0215233790874855	0.117085516906755	0.183708606009362	0.854242057199284	0.999831983216163
ENSMUSG00000059475	1588.08228538184	-0.0277240428092514	0.0892601730647534	-0.310602777189732	0.756102615660878	0.999831983216163
ENSMUSG00000032437	3685.07398239584	0.0251728353068505	0.0792657698058549	0.317570462109729	0.750810782907312	0.999831983216163
ENSMUSG00000048537	4604.49628004334	-0.133042689216474	0.0859173254514726	-1.54874248727096	0.121443635958591	0.999831983216163
ENSMUSG00000002825	221.821983052453	0.0598675809512595	0.11740173525338	0.509681325351083	0.610274738217521	0.999831983216163
ENSMUSG00000019659	649.762548573274	0.049004264854289	0.0986645529422391	0.496671058864345	0.619421034464845	0.999831983216163
ENSMUSG00000033629	5597.01172051534	-0.0558968241795076	0.0786045205573022	-0.711139962727335	0.476997507998826	0.999831983216163
ENSMUSG00000007656	2779.50591427918	-0.00772770230139332	0.0873096764696203	-0.0885099943876084	0.92947134114376	0.999831983216163
ENSMUSG00000006675	1695.79303912554	0.0658978430890892	0.0865682866686157	0.761198955511397	0.446538242028224	0.999831983216163
ENSMUSG00000033688	15.95632076406	0.0160301719650739	0.0806906838694231	0.198055477575266	0.843001658495975	0.999831983216163
ENSMUSG00000056724	711.713124799929	0.144623558627541	0.103747363894443	1.39344743783633	0.163484529158836	0.999831983216163
ENSMUSG00000035606	166.330846383307	-0.0680576463974764	0.120980083152434	-0.562889408752925	0.573510192682337	0.999831983216163
ENSMUSG00000032557	2120.62318787345	-0.00886759989542794	0.0867465700281041	-0.102223511789328	0.918579265801014	0.999831983216163
ENSMUSG00000052911	1257.23253032457	-0.0683585087280652	0.0897020021604374	-0.762064297160068	0.446021630257365	0.999831983216163
ENSMUSG00000032380	51.1476843962059	-0.103793303136166	0.114043370864308	-0.915607855291718	0.359872609790475	0.999831983216163
ENSMUSG00000034858	3319.9369928509	-0.025009158991362	0.101295018022282	-0.246917097206673	0.8049723842777	0.999831983216163
ENSMUSG00000032386	2121.83294475726	-0.0666291066376376	0.0883458396432063	-0.754233534212782	0.450709004749816	0.999831983216163
ENSMUSG00000032358	11.2870631574347	-0.0563582985530605	0.0735326173236375	-0.787062471372945	0.431245296900238	0.999831983216163
ENSMUSG00000059890	4761.01425557685	-0.0673377376830196	0.0778671533745221	-0.864808954871447	0.387143655321785	0.999831983216163
ENSMUSG00000032376	4742.38205774214	-0.126984932230638	0.0858907009582242	-1.47866431822908	0.139230053319904	0.999831983216163
ENSMUSG00000032786	1791.24840956139	0.111880825055656	0.0845264750033567	1.32354080272251	0.185655596562607	0.999831983216163
ENSMUSG00000038664	9736.16702518828	-0.00882539683913855	0.100023527330155	-0.0882366080291687	0.929688621775346	0.999831983216163
ENSMUSG00000032232	2928.79880640735	0.0680807764699106	0.0858363317555179	0.793098544274716	0.427720410914968	0.999831983216163
ENSMUSG00000032330	5162.12555326578	-0.00808886002173407	0.0832083293325756	-0.0972128144614331	0.922557391777457	0.999831983216163
ENSMUSG00000034485	516.872191634206	-0.0699024380042839	0.107888592558589	-0.64812633409978	0.516903242788685	0.999831983216163
ENSMUSG00000032409	1182.66991697181	-0.0144925525489091	0.102313068687089	-0.141666099506013	0.887343753491352	0.999831983216163
ENSMUSG00000040563	2481.65490221542	-0.0952471460246657	0.0853114103824952	-1.11652577855458	0.264197142041431	0.999831983216163
ENSMUSG00000032384	1796.70543999447	-0.121317439961248	0.0858010587814266	-1.41402238044657	0.157355331374202	0.999831983216163
ENSMUSG00000032193	1023.91543453392	0.0750491202410438	0.105373171876431	0.712080759191927	0.476414768186614	0.999831983216163
ENSMUSG00000020257	8513.13153937685	-0.106177187192865	0.0768766411750814	-1.38123945863981	0.167205346049245	0.999831983216163
ENSMUSG00000053199	3274.32719477505	0.0650183180767695	0.104846229597568	0.619962570396429	0.5352824296742	0.999831983216163
ENSMUSG00000053110	1073.766460278	-0.0692021604546694	0.0992274953671949	-0.69744948461985	0.485521542359032	0.999831983216163
ENSMUSG00000042195	130.658466707268	0.0408162620973077	0.121796042768326	0.334910565496627	0.737692551806741	0.999831983216163
ENSMUSG00000031925	965.220001303741	0.0265456567921303	0.110846049104644	0.239451576744291	0.810755440496237	0.999831983216163
ENSMUSG00000032462	1342.69656440344	0.0246230275963021	0.0935163726842409	0.263300361464774	0.792319081107327	0.999831983216163
ENSMUSG00000032580	7817.69891918648	-0.0447884446381722	0.0768380928711458	-0.582912164740643	0.559952431072135	0.999831983216163
ENSMUSG00000050074	18.8951846893386	-0.0541648346548286	0.0844607789361533	-0.652761670091911	0.513909937820397	0.999831983216163
ENSMUSG00000015357	1855.02765822508	0.0304039837153123	0.0848975455102421	0.358116000660767	0.720256505289264	0.999831983216163
ENSMUSG00000051238	554.418508775454	-0.0573537482576442	0.101177950081428	-0.566863756032367	0.570806750209768	0.999831983216163
ENSMUSG00000041268	11046.4485366298	-0.0330665942922704	0.0843345205068305	-0.39210770937139	0.694978631468596	0.999831983216163
ENSMUSG00000090150	956.262265332395	-0.0238956209098234	0.0986085111238853	-0.242346427204584	0.808511742021502	0.999831983216163
ENSMUSG00000032343	33.1001705667866	0.0270657579860699	0.100192383608073	0.269740055796072	0.787360242278227	0.999831983216163
ENSMUSG00000032281	8766.98697960918	-0.0531427757530935	0.0773857059162547	-0.686753613740154	0.4922380052108	0.999831983216163
ENSMUSG00000006941	2351.68379533762	0.13520061572525	0.0834218193536157	1.62052669379793	0.10511918494087	0.999831983216163
ENSMUSG00000036986	726.568241540944	0.0835235141138235	0.0963546406832421	0.866792135346375	0.386055912035136	0.999831983216163
ENSMUSG00000032370	460.892057907991	0.0493391080750074	0.104928576286399	0.470199970945084	0.638212154907952	0.999831983216163
ENSMUSG00000066705	3124.33266053769	0.15677075718216	0.0942001401324739	1.66364000587272	0.0961843920878951	0.999831983216163
ENSMUSG00000032519	777.557091364657	-0.0353432781456858	0.0955439713457847	-0.369911364664476	0.711448533372325	0.999831983216163
ENSMUSG00000042790	1260.86207685353	-0.0369057643759145	0.0976365036572807	-0.378025119662079	0.705411933404765	0.999831983216163
ENSMUSG00000032251	724.955492025124	-0.0643673446360404	0.0971205454971882	-0.662766738409071	0.507479959265156	0.999831983216163
ENSMUSG00000050721	1077.31559050188	-0.0438825283935947	0.0960224047889598	-0.457024664529503	0.647653317514404	0.999831983216163
ENSMUSG00000032109	140.143235733376	0.0266175750043543	0.121465568094126	0.218968999545219	0.826674196535785	0.999831983216163
ENSMUSG00000074829	830.58422753742	0.118818395870202	0.0991966328424917	1.19756540225199	0.231086251908584	0.999831983216163
ENSMUSG00000032097	9499.59926134968	-0.010417204030883	0.0922743980937724	-0.112896425930677	0.91011266991031	0.999831983216163
ENSMUSG00000025647	887.593978578321	0.138450008974993	0.102845488039513	1.34558447052932	0.178436562689163	0.999831983216163
ENSMUSG00000032511	13.4759696679536	0.0313713621599602	0.0790745201695357	0.394167403417954	0.693457449901776	0.999831983216163
ENSMUSG00000032182	382.730761995768	0.0236216878160954	0.109434150178662	0.215870806513662	0.829088453604301	0.999831983216163
ENSMUSG00000032612	3955.32947150226	-0.0448922154489298	0.0790507414117836	-0.567902965178475	0.570100858426453	0.999831983216163
ENSMUSG00000032363	10.7696414376397	0.0334766841270535	0.0742851175973365	0.445096014090019	0.656250369192566	0.999831983216163
ENSMUSG00000000088	3311.77161259221	-0.0755598183331464	0.0813869597578971	-0.928436652954218	0.35318111314937	0.999831983216163
ENSMUSG00000032338	240.406240584848	0.0435282693061645	0.115400618626364	0.377182280150915	0.706038147868683	0.999831983216163
ENSMUSG00000042396	1829.80270265632	-0.0325656165591857	0.0896906129547987	-0.36310122175459	0.716529271990361	0.999831983216163
ENSMUSG00000035047	586.318293666758	-0.137005239577174	0.1087398077565	-1.2604501017634	0.207507037524627	0.999831983216163
ENSMUSG00000032221	99.4871016551494	0.121168664189524	0.121849908021694	0.992601691509004	0.320904100133472	0.999831983216163
ENSMUSG00000062296	5561.400781905	0.101816501450914	0.0895402979204376	1.13690604246927	0.255577565857477	0.999831983216163
ENSMUSG00000057191	14.8722360360602	-0.0109337375057675	0.0836701690041936	-0.131256405504302	0.895572476726548	0.999831983216163
ENSMUSG00000000167	56.8555371273306	0.0503720146117461	0.115694500977696	0.434466648252251	0.66394960881292	0.999831983216163
ENSMUSG00000056167	2452.60587409024	0.00392154252713328	0.0857966817412634	0.0457070705333698	0.963543728230402	0.999831983216163
ENSMUSG00000032314	1792.30636687001	-0.0792830428862965	0.0900123830549165	-0.880863203385741	0.378391865778481	0.999831983216163
ENSMUSG00000032009	6984.16327405153	-0.0757999246572259	0.0926079492642621	-0.81865065593958	0.41298575688841	0.999831983216163
ENSMUSG00000040722	11071.2190292335	-0.0535348436433667	0.0761154781831524	-0.703363270808819	0.481829389843772	0.999831983216163
ENSMUSG00000032300	390.955484131746	-0.0681642606500811	0.115939644291172	-0.58803250827208	0.556510472940419	0.999831983216163
ENSMUSG00000032086	1994.00434952091	-0.137430687623498	0.0899899558526482	-1.5274062195164	0.12666003084592	0.999831983216163
ENSMUSG00000047897	106.589403042091	0.05305529398117	0.121808582484987	0.434832152682839	0.663684264840539	0.999831983216163
ENSMUSG00000056267	715.039398674169	0.0974362346518833	0.0978730773692021	0.995489731912536	0.319498135813882	0.999831983216163
ENSMUSG00000050730	453.130410744636	-0.0427170693851935	0.104191667722202	-0.410006340809075	0.681801296165704	0.999831983216163
ENSMUSG00000038535	2240.1065522006	0.0295481964203071	0.082825523222628	0.356748921371521	0.721279778127827	0.999831983216163
ENSMUSG00000032551	503.946458253755	0.0717013917476868	0.103972791498323	0.689546940479048	0.490479144388723	0.999831983216163
ENSMUSG00000032265	238.162770957978	0.0315311364406313	0.119938352174584	0.262813172031239	0.792694582520596	0.999831983216163
ENSMUSG00000034563	735.804228419789	-0.106606215397036	0.112262547476022	-0.950439873524656	0.341888791612068	0.999831983216163
ENSMUSG00000004771	5387.13496083852	-0.0364289889263384	0.0827230569791817	-0.440392368520114	0.659652951202058	0.999831983216163
ENSMUSG00000032328	18686.350173853	0.0606882209070577	0.0824593821445139	0.735923370004002	0.461777334006448	0.999831983216163
ENSMUSG00000039452	161.864958814058	-0.127537708839377	0.120855679905921	-1.05635732923794	0.290804993137326	0.999831983216163
ENSMUSG00000039585	5264.49374713203	-0.0131112292182575	0.092083615911774	-0.142389597884216	0.886772278355451	0.999831983216163
ENSMUSG00000001942	700.476223369319	0.0766170061125776	0.0980807255221162	0.781148288183147	0.434715283940876	0.999831983216163
ENSMUSG00000029530	20.4597830705891	-0.11876610583604	0.093090381229407	-1.30823536246393	0.190793491253993	0.999831983216163
ENSMUSG00000049281	376.91851446329	0.0922091828664114	0.0973304596394378	0.932634865372275	0.351008525397897	0.999831983216163
ENSMUSG00000041444	3828.30589747092	0.0455416268839084	0.0964160673745647	0.472298915523981	0.636713444331697	0.999831983216163
ENSMUSG00000031988	6077.40622347792	-0.0815263387749961	0.0804199072595995	-1.01383502495112	0.310661479479161	0.999831983216163
ENSMUSG00000032294	22807.5886339161	0.125849316866734	0.0767305632955209	1.63996561400525	0.101012316761161	0.999831983216163
ENSMUSG00000032012	1498.70224521419	-0.0513024454847424	0.102617231585059	-0.500003770992179	0.61707242218329	0.999831983216163
ENSMUSG00000039542	7167.16256709158	0.0041897215326421	0.101969594561978	0.0410881354480437	0.96722563315804	0.999831983216163
ENSMUSG00000032531	1612.41303980841	0.0441509737724601	0.0979843927354909	0.450563650474417	0.652304069749174	0.999831983216163
ENSMUSG00000053716	814.382397909431	-0.0842605643025962	0.100102232366335	-0.841902898769665	0.399842307634949	0.999831983216163
ENSMUSG00000074505	1395.15375716624	-0.1379458521464	0.112576718547983	-1.22686600034133	0.219872959298962	0.999831983216163
ENSMUSG00000001943	36.2978045898455	-0.148281665943932	0.0993974081811917	-1.5325297090587	0.12539177210935	0.999831983216163
ENSMUSG00000032224	738.821323435152	0.0209292507040973	0.105754972973343	0.197866600365741	0.843149436544842	0.999831983216163
ENSMUSG00000031995	30.5194226184141	0.0575963573069854	0.10413264852311	0.549867187997157	0.582410471024059	0.999831983216163
ENSMUSG00000032228	4074.57346070309	-0.0407303013069023	0.0809927278947406	-0.502905235005329	0.615030900368826	0.999831983216163
ENSMUSG00000032507	616.342006692516	0.0497896756123337	0.106215132770259	0.468702315553165	0.639282431593561	0.999831983216163
ENSMUSG00000041012	38.7529964881692	0.0268000084199318	0.109862879529325	0.243372641706014	0.807716735514979	0.999831983216163
ENSMUSG00000020258	32.235305313041	0.157888066845932	0.105920194614521	1.47179201449202	0.141077050683188	0.999831983216163
ENSMUSG00000049305	879.004775551168	0.0321535683964634	0.0978091613146091	0.328716566687763	0.742369931192176	0.999831983216163
ENSMUSG00000025239	380.980249693155	-0.00890388085123961	0.110771516936665	-0.0803801641930279	0.935934902532371	0.999831983216163
ENSMUSG00000010048	304.589409115843	-0.0958487288018041	0.111541727627263	-0.859461649202477	0.390085869803114	0.999831983216163
ENSMUSG00000055334	697.310085802033	0.000286394390888832	0.101386065210289	0.00282518146672909	0.997745834324891	0.999831983216163
ENSMUSG00000038412	2626.64595826045	0.0107407911816957	0.0881431598360931	0.121856783864677	0.90301244196428	0.999831983216163
ENSMUSG00000079084	3472.14832088265	-0.0035057057275391	0.0952868179770047	-0.0367901767393226	0.970652306573952	0.999831983216163
ENSMUSG00000032381	792.57655313987	-0.0743952259094865	0.100672391263548	-0.738991255879717	0.459912307046351	0.999831983216163
ENSMUSG00000032536	5865.09759221549	-0.040791016355813	0.0876105848058012	-0.465618793028619	0.641488388677034	0.999831983216163
ENSMUSG00000032400	73.8943629202773	-0.0197406246721542	0.120562661240205	-0.163829371574215	0.869865468897103	0.999831983216163
ENSMUSG00000035919	557.790370797216	0.0685226345880617	0.102054038314607	0.671433780223373	0.501944231360018	0.999831983216163
ENSMUSG00000032067	909.920126733397	-0.0344015716396799	0.0980735878236784	-0.350765344603545	0.725764398278137	0.999831983216163
ENSMUSG00000032194	3846.51930274424	0.0419756751739193	0.116453050370235	0.359270858375579	0.719392472658246	0.999831983216163
ENSMUSG00000079227	92.3259289508705	0.0657998338720009	0.121758421315945	0.539812962800829	0.589326026531168	0.999831983216163
ENSMUSG00000016087	142.771695653253	0.00804491439984068	0.121723714228098	0.0660951814886931	0.947302047079674	0.999831983216163
ENSMUSG00000070283	690.872161326452	-0.0277333813787191	0.106608311795142	-0.260163615106301	0.79473756903053	0.999831983216163
ENSMUSG00000032306	1308.54775578459	-0.0924726471325619	0.0898489388763136	-1.02922872077671	0.303372209091184	0.999831983216163
ENSMUSG00000032202	622.352298459907	0.0836046410568558	0.10137415815019	0.824554044952275	0.409624820711402	0.999831983216163
ENSMUSG00000045994	2443.49180464757	-0.0794756350723546	0.0915409837777798	-0.868300096444456	0.385230069397924	0.999831983216163
ENSMUSG00000037405	75.5604869980543	0.124771309833517	0.119302873085071	1.04190132309526	0.297457430648821	0.999831983216163
ENSMUSG00000066456	1050.25326837233	-0.0988748012435549	0.0987226702613584	-1.00172013476353	0.316478779310926	0.999831983216163
ENSMUSG00000040204	42.2519780765225	0.0632313771492619	0.112138525893554	0.561889495612845	0.574191311036834	0.999831983216163
ENSMUSG00000007815	4932.98762213272	-0.136878959018604	0.0848216170345947	-1.61396006815762	0.106536088038212	0.999831983216163
ENSMUSG00000000168	4597.12151417703	0.0185193935519808	0.0815378820465691	0.227124275413798	0.820327108209567	0.999831983216163
ENSMUSG00000032058	1387.66268563695	-0.0838435997372797	0.0872719942046466	-0.960730937326537	0.336687471520421	0.999831983216163
ENSMUSG00000033590	234.374515431029	0.105159728764577	0.115794753194767	0.90761392919747	0.364082232403756	0.999831983216163
ENSMUSG00000032120	2392.12638208176	-0.0837514372781362	0.0835309245913776	-1.0026865330333	0.316012129585753	0.999831983216163
ENSMUSG00000036611	612.305419472295	0.077605451729904	0.0984297650682156	0.788409460420227	0.430457238902873	0.999831983216163
ENSMUSG00000000171	3705.08580797769	0.00424946416154171	0.0898762807542281	0.0472816488958491	0.962288753783167	0.999831983216163
ENSMUSG00000042073	508.509926544984	0.180029973424149	0.112293033403914	1.60128489911905	0.109313832113612	0.999831983216163
ENSMUSG00000032532	1032.0026327837	-0.114825982275571	0.101165334944656	-1.13538237354084	0.25621514175117	0.999831983216163
ENSMUSG00000043987	1036.46781755647	0.0442250453449291	0.0925738506380989	0.477719416386022	0.632849922857402	0.999831983216163
ENSMUSG00000010660	266.110911917473	-0.039245896318617	0.115863248569568	-0.338751015247255	0.7347973057701	0.999831983216163
ENSMUSG00000004096	2803.75539134192	-0.0127228009561519	0.0810809736025563	-0.156915277336635	0.875311619440883	0.999831983216163
ENSMUSG00000025241	2166.28707164785	-0.0066293865472642	0.105858758891207	-0.062628445248766	0.950062377841103	0.999831983216163
ENSMUSG00000052336	446.425836731535	0.0289035496523285	0.11181919332651	0.258428558316313	0.796076178605868	0.999831983216163
ENSMUSG00000032327	285.487703933588	0.132369043979364	0.115620736408356	1.14369929449012	0.252748366082921	0.999831983216163
ENSMUSG00000032733	498.417953564281	-0.0562932030617941	0.102713631344428	-0.548094911427764	0.583626734430218	0.999831983216163
ENSMUSG00000032285	1072.61513001912	0.0758938835956171	0.0910344562507806	0.833670724216564	0.404466559677416	0.999831983216163
ENSMUSG00000085148	433.705133845889	-0.102060489465895	0.106804586897032	-0.955700168113204	0.339223737558984	0.999831983216163
ENSMUSG00000087064	17.2964014002646	-0.0407077512677369	0.0872411421220787	-0.471809266073936	0.637062936388562	0.999831983216163
ENSMUSG00000032985	13.5900652191881	0.0522716243347601	0.0823147646999828	0.628355620568351	0.529771002690467	0.999831983216163
ENSMUSG00000069939	32.3053310558199	0.0424758460239068	0.105826833022497	0.399479563857823	0.689539878845954	0.999831983216163
ENSMUSG00000007877	30.0985607622402	0.0867500144666015	0.097651123669139	0.880182888053554	0.378760241957073	0.999831983216163
ENSMUSG00000084145	53.8133015061203	0.0418411457659127	0.114535744482265	0.364657251508326	0.71536727268816	0.999831983216163
ENSMUSG00000087059	14.0316633809064	0.00556909907640035	0.083177776651862	0.0668289756752931	0.946717855713684	0.999831983216163
ENSMUSG00000087322	24.2894765465725	-0.0276243910550787	0.0981569920773327	-0.282210972149813	0.777781745566209	0.999831983216163
ENSMUSG00000081262	40.9555048626982	-0.0506817191947284	0.110195270128428	-0.462290071458519	0.643873318607975	0.999831983216163
ENSMUSG00000078134	24.0405864976459	-0.126408596706038	0.0979586446808202	-1.31769347962229	0.187606278177027	0.999831983216163
ENSMUSG00000086536	25.3312222096521	-0.00710603509900527	0.0980444709781583	-0.0724777036689961	0.942221748690526	0.999831983216163
ENSMUSG00000101872	146.087049665477	0.100428741125789	0.120360170015127	0.833774015597232	0.40440834042573	0.999831983216163
ENSMUSG00000044243	49.2576775858887	0.0541895938952578	0.113007927129027	0.477355169648984	0.633109231545248	0.999831983216163
ENSMUSG00000102038	40.5295987401866	-0.0578243691737166	0.110292878190756	-0.526097883278706	0.598820199294056	0.999831983216163
ENSMUSG00000083899	260.522792428996	0.023090955816102	0.11875637123452	0.194441785994179	0.845829973727821	0.999831983216163
ENSMUSG00000081254	89.8795380536963	-0.015049694472685	0.121457082518061	-0.123921990138269	0.901377041538019	0.999831983216163
ENSMUSG00000020804	10.8737610682357	-0.0479144409254729	0.072413228320444	-0.677543723172037	0.498061038578043	0.999831983216163
ENSMUSG00000042678	191.771116485273	-0.0398781415275316	0.12162286767516	-0.32804874653287	0.742874805727892	0.999831983216163
ENSMUSG00000056032	18.0750917857185	0.0197448732916832	0.0893920432682317	0.22041679093475	0.825546569681167	0.999831983216163
ENSMUSG00000051062	308.283447683429	0.152505902313026	0.11373744011064	1.33993817493256	0.180265445716015	0.999831983216163
ENSMUSG00000049336	900.594547910716	0.185714003100284	0.111998222153886	1.65637750215049	0.0976453942441324	0.999831983216163
ENSMUSG00000058809	97.3483122299681	0.0844184296958869	0.121558137172291	0.693478343996361	0.48800941166606	0.999831983216163
ENSMUSG00000087306	55.3277270159829	0.0259098659969617	0.111701115648224	0.231806631425701	0.816688206203776	0.999831983216163
ENSMUSG00000055415	75.0962219960114	-0.168834502379633	0.119482328243587	-1.4210762119014	0.15529460470107	0.999831983216163
ENSMUSG00000050541	118.813749245893	0.0280633479580459	0.120638169303515	0.232349210575858	0.816266793550061	0.999831983216163
ENSMUSG00000069899	23.3164822496841	-0.103473729173936	0.0972982321603019	-1.08061915226987	0.279866559518753	0.999831983216163
ENSMUSG00000080776	87.1216354954801	-0.0082412293380654	0.121343656046405	-0.0679284069494562	0.945842625498523	0.999831983216163
ENSMUSG00000081952	11.8308678614713	0.0657982443530742	0.0760057888589096	0.849940010965157	0.395358439185742	0.999831983216163
ENSMUSG00000086359	21.0089414952491	0.0385604364501473	0.0936850362163361	0.40898082733008	0.682553731331454	0.999831983216163
ENSMUSG00000001103	290.163801538832	-0.201911492836008	0.115485998881883	-1.74943296174925	0.0802162073650069	0.999831983216163
ENSMUSG00000049489	269.683694528656	0.0338457763765843	0.11515099066938	0.293941282259322	0.768802772104806	0.999831983216163
ENSMUSG00000020826	20.7737246573904	-0.115629016437801	0.0936335559547082	-1.26364252165183	0.206358364174865	0.999831983216163
ENSMUSG00000082045	16.9059636677232	-0.031139516829869	0.0859382058755253	-0.365490069213487	0.7147456184752	0.999831983216163
ENSMUSG00000025141	101.113887249005	0.068078314163538	0.119533928952664	0.567548655906325	0.57034147929319	0.999831983216163
ENSMUSG00000086920	33.9216611547186	-0.0753563277658296	0.105572194592879	-0.720277345062743	0.47135425055486	0.999831983216163
ENSMUSG00000078249	222.308009282534	0.0155478654591041	0.115945697608617	0.134105551316427	0.893319109982826	0.999831983216163
ENSMUSG00000048895	3057.74575818811	0.0196013526684357	0.0844306241005753	0.232157245875922	0.816415883433037	0.999831983216163
ENSMUSG00000020704	1393.61932220139	-0.150496676327201	0.0916143377874091	-1.64295156729944	0.100392954423722	0.999831983216163
ENSMUSG00000046010	498.490339680951	0.00850477909270559	0.104794071237286	0.0811653096619132	0.935310487342422	0.999831983216163
ENSMUSG00000086794	25.9181961485245	-0.00065832492641318	0.0940611608189774	-0.00699814176074864	0.994416336310539	0.999831983216163
ENSMUSG00000092540	13.3151394419908	-0.0365736568817624	0.0794368726838337	-0.465199769888218	0.641788403501426	0.999831983216163
ENSMUSG00000044751	159.591058651284	0.10352303937412	0.119900449898875	0.862580991988984	0.388367884928398	0.999831983216163
ENSMUSG00000084941	106.240974572491	-0.0574661383099736	0.12181705938782	-0.4723090254995	0.636706229089656	0.999831983216163
ENSMUSG00000020486	15171.6663496447	-0.0918652404574124	0.0769099436084375	-1.19454258788348	0.232265791917172	0.999831983216163
ENSMUSG00000052234	13.7004470895017	0.0768960342205374	0.0797660692977217	0.945171840845111	0.344571153064749	0.999831983216163
ENSMUSG00000048616	211.463620953906	-0.0988315983196742	0.118177213083782	-0.837011975100806	0.402585836870584	0.999831983216163
ENSMUSG00000041592	399.088661841508	-0.040845742127618	0.110581111188752	-0.369458058749654	0.711786329470344	0.999831983216163
ENSMUSG00000018451	1657.82758196951	0.128116760825846	0.116905318863407	1.08646494810549	0.277273340547026	0.999831983216163
ENSMUSG00000041073	1383.56973430937	-0.00413488285098425	0.0934705121156225	-0.0442354739095724	0.964716705626883	0.999831983216163
ENSMUSG00000087512	53.1773121200699	-0.113344323931701	0.115064765844112	-0.99110715570547	0.321633259257508	0.999831983216163
ENSMUSG00000101841	89.8441080961113	-0.0473462250053203	0.121521670010572	-0.390109128792169	0.696455852774191	0.999831983216163
ENSMUSG00000084329	23.1515821980011	0.0608253016159346	0.0972036202382254	0.621426048130665	0.534319337838251	0.999831983216163
ENSMUSG00000020867	20.7169078132573	-0.0599348074928229	0.0921205644137416	-0.657502030696158	0.51085816567893	0.999831983216163
ENSMUSG00000084347	165.320030519716	-0.0433486212670979	0.120132817394508	-0.360864617009519	0.718200655322995	0.999831983216163
ENSMUSG00000101316	216.398340385506	0.114645464444702	0.119433394672204	0.959102951273688	0.337506883797641	0.999831983216163
ENSMUSG00000104184	74.167139903634	0.0323280593934047	0.120518202749816	0.267983591072915	0.788711949357725	0.999831983216163
ENSMUSG00000104244	39.4743556512593	-0.129104680029687	0.105368738165051	-1.24587084478769	0.212811815273687	0.999831983216163
ENSMUSG00000082100	172.232533296059	0.0933722330917709	0.120260059077047	0.775569928037642	0.438002961933148	0.999831983216163
ENSMUSG00000078965	228.64842411668	0.00397885090793838	0.115220960613507	0.0345309236616143	0.972453783530019	0.999831983216163
ENSMUSG00000056579	4657.34542099002	-0.00743831913718581	0.0813305944415692	-0.0914584884065566	0.927128289398904	0.999831983216163
ENSMUSG00000083015	36.461780038979	0.00577159297788713	0.109678707559489	0.0525974718189841	0.958052631380403	0.999831983216163
ENSMUSG00000099902	17.0974171951508	0.051952392739558	0.088194488170931	0.584602150720109	0.5588152612175	0.999831983216163
ENSMUSG00000048878	1154.248862325	0.00770589669623513	0.0982877189695258	0.0784035369973941	0.937507060077098	0.999831983216163
ENSMUSG00000080152	12.9248283864166	-0.0456079641650575	0.0766275665271341	-0.606897657409546	0.543918832859043	0.999831983216163
ENSMUSG00000078851	34.568995248937	-0.0264548310781935	0.105970362920139	-0.250081314904215	0.802524465511629	0.999831983216163
ENSMUSG00000020872	11.133020003165	0.0471825177272165	0.0733621480782575	0.635447490423364	0.525136603168322	0.999831983216163
ENSMUSG00000120081	267.566912974288	-0.129771109329525	0.121243022629383	-1.07328864431936	0.283141628614036	0.999831983216163
ENSMUSG00000092300	51.5340866958302	0.149644904529982	0.11612685371013	1.28074231076667	0.200284193039332	0.999831983216163
ENSMUSG00000121226	466.489491090592	-0.0865064580100624	0.118812350422443	-0.729018057638504	0.465990616681336	0.999831983216163
ENSMUSG00000046731	91.8218301078912	0.0603243313332077	0.121685191384085	0.495386735585779	0.620327156042978	0.999831983216163
ENSMUSG00000025583	2604.95246856853	-0.0301528976827644	0.082755887280309	-0.364366242706239	0.715584539848915	0.999831983216163
ENSMUSG00000121382	31.0431420342313	0.0471941026413777	0.103296244181316	0.45419871559475	0.649685807411846	0.999831983216163
ENSMUSG00000025386	15.9183983561794	-0.022589239501332	0.0843298921826597	-0.269604626410207	0.787464440746342	0.999831983216163
ENSMUSG00000057594	428.380001317259	0.0269953890644788	0.10627105640985	0.254033740976343	0.799469491380238	0.999831983216163
ENSMUSG00000085564	122.513964335854	-0.211714751379277	0.121835632692601	-1.74548570011904	0.0809003594800008	0.999831983216163
ENSMUSG00000063193	16.9893704992571	-0.123002551298608	0.0865231468363483	-1.47420145488557	0.140427358271713	0.999831983216163
ENSMUSG00000044788	3764.92751199871	0.0336385061148644	0.0915227694493729	0.367522417481635	0.713229373310931	0.999831983216163
ENSMUSG00000085072	62.612152045975	0.00410704686707948	0.119085472959664	0.0344911466339636	0.97248550211203	0.999831983216163
ENSMUSG00000087050	29.5470840921736	0.0512952745527692	0.10381334642205	0.491675205988501	0.62294896857747	0.999831983216163
ENSMUSG00000065676	11.2609476198018	0.10492950552439	0.0726128476495378	1.41336676531478	0.157547912292455	0.999831983216163
ENSMUSG00000081604	20.7822011896929	0.0124201108123296	0.0937818931180199	0.132106248436482	0.894900253694366	0.999831983216163
ENSMUSG00000050288	129.929132556959	-0.131915315436871	0.121451272270761	-1.08749750300191	0.276817001501132	0.999831983216163
ENSMUSG00000070337	31.7552021106365	0.187229926637926	0.104466615129602	1.76901197493653	0.0768918762129155	0.999831983216163
ENSMUSG00000087042	329.396750757526	-0.0462258698802871	0.110636109369561	-0.417802343898887	0.676091637037973	0.999831983216163
ENSMUSG00000043439	149.056227879874	-0.173687075158037	0.121108575275885	-1.43685003810453	0.150760608837389	0.999831983216163
ENSMUSG00000020870	16.9531351106818	0.00725141229638079	0.0863191572406683	0.0838866985672918	0.933146515287763	0.999831983216163
ENSMUSG00000094483	26406.3343589808	-0.125614894298664	0.0915310261050081	-1.37278570302229	0.169818976641897	0.999831983216163
ENSMUSG00000045176	412.596499267529	0.150471437117266	0.108921590458851	1.38115168146564	0.167232327767575	0.999831983216163
ENSMUSG00000018476	1725.55085673554	-0.100233139163223	0.0909685434943174	-1.10193211396732	0.27049118589599	0.999831983216163
ENSMUSG00000081021	72.5565729047789	-0.022102330955905	0.120366033198432	-0.183757908398438	0.854203377989833	0.999831983216163
ENSMUSG00000080904	35.4735324053855	0.00585654443259247	0.107882363592823	0.0542617162247903	0.956726650620708	0.999831983216163
ENSMUSG00000085415	13.9034665114615	0.00997608105073126	0.0816047912624218	0.122154469137526	0.90277668469534	0.999831983216163
ENSMUSG00000082454	1657.30156471137	0.0426271240823121	0.0906565729182463	0.470195756837524	0.638215165399804	0.999831983216163
ENSMUSG00000078154	194.348207896758	-0.133373829894429	0.117894367242385	-1.13189188629793	0.257679890255825	0.999831983216163
ENSMUSG00000086245	23.1431848226686	0.162945967717168	0.0968735856212101	1.6569118111423	0.0975373060812744	0.999831983216163
ENSMUSG00000078153	146.177435484943	0.099525586336874	0.121525701401739	0.817736167415904	0.413507853852109	0.999831983216163
ENSMUSG00000069893	10.931055762869	0.03864901785267	0.0730319307766081	0.522467412888746	0.601344929796892	0.999831983216163
ENSMUSG00000078921	30.5293872262076	0.171929737871033	0.101025220482158	1.6754705863444	0.093841937445085	0.999831983216163
ENSMUSG00000084930	21.7198743156495	0.0275926191932863	0.0939295056854297	0.292976548835634	0.769540076895544	0.999831983216163
ENSMUSG00000072847	290.243959497664	0.020929129552373	0.11455140352761	0.182708941323104	0.8550263997005	0.999831983216163
ENSMUSG00000033987	52.224403860376	-0.0605140141456517	0.114630701164095	-0.52938752156328	0.59653665270277	0.999831983216163
ENSMUSG00000087055	17.0913722475749	-0.0281568554145076	0.088493976597457	-0.32011722258288	0.74887947034567	0.999831983216163
ENSMUSG00000081965	16.5887256994586	0.0111257931258368	0.0829145567530892	0.133322935194114	0.893937989853213	0.999831983216163
ENSMUSG00000014198	1468.52020676961	-0.0403649107606323	0.102696960633569	-0.393118322185754	0.694232092144154	0.999831983216163
ENSMUSG00000020913	16.5305896025731	0.0281059799573488	0.0869590551775703	0.321425712102799	0.747887800605209	0.999831983216163
ENSMUSG00000035831	359.937777951538	-0.146366309963134	0.109636631252084	-1.33537761330774	0.181752787947321	0.999831983216163
ENSMUSG00000075570	68.9502493855625	-0.0683666128040446	0.11974647495079	-0.571846180990842	0.567426187694817	0.999831983216163
ENSMUSG00000086688	64.3220587965758	-0.210839406691941	0.119235642913512	-1.78016722031991	0.0750485982358524	0.999831983216163
ENSMUSG00000091478	534.541543260372	0.0139451542734981	0.103156080178437	0.135180527858404	0.892469142286082	0.999831983216163
ENSMUSG00000032889	22.5827934661169	-0.0514214395449317	0.0950334876600386	-0.546200570518776	0.584928074023291	0.999831983216163
ENSMUSG00000121984	188.052957100401	-0.0546709383155349	0.120212153922061	-0.454853001098544	0.649214996966465	0.999831983216163
ENSMUSG00000122109	15.6572746922503	-0.0163683340817875	0.0851823772352874	-0.193243255268946	0.846768464307462	0.999831983216163
ENSMUSG00000087120	109.595648046208	0.17928478226713	0.121723969825236	1.46661935445042	0.142479632002415	0.999831983216163
ENSMUSG00000085208	769.234545480327	-0.0712759496131505	0.110247866642736	-0.646744916383592	0.517797047884821	0.999831983216163
ENSMUSG00000122288	31.8209122634226	0.0848725345241809	0.103841010160156	0.810117663553354	0.417872553274787	0.999831983216163
ENSMUSG00000122360	19.2711565119808	0.0349279137272397	0.092254362420597	0.376464036459673	0.706571947046596	0.999831983216163
ENSMUSG00000085051	11.2322907513609	0.000320096865793032	0.0757923205528415	0.0042290706094707	0.996625699912409	0.999831983216163
ENSMUSG00000122434	138.426876017732	-0.096015073553896	0.121747873052717	-0.790307414297207	0.429348257855367	0.999831983216163
ENSMUSG00000122851	13.1424423276417	-0.0107150172336135	0.0767508980023916	-0.139690499631869	0.888904533000705	0.999831983216163
ENSMUSG00000109408	55.4621487660587	0.136900669186267	0.114655357114157	1.1842471150451	0.236315256581389	0.999831983216163
ENSMUSG00000123185	17.5310061917054	0.0182441063565224	0.0893425700875643	0.203567277032338	0.838691666797427	0.999831983216163
ENSMUSG00000123342	153.343975640655	0.0661618779774277	0.121612139194883	0.543675605807665	0.586664721969428	0.999831983216163
ENSMUSG00000087497	312.445198835348	0.00143852515831059	0.111336351003965	0.0129215797421476	0.98969035791874	0.999831983216163
ENSMUSG00000123515	16.3929578559927	-0.00010639491789849	0.0874371363601527	-0.00121681554901513	0.999029121899683	0.999831983216163
ENSMUSG00000123529	29.6457397156703	0.0814550939587473	0.101860832489223	0.792406028609336	0.428123965357927	0.999831983216163
ENSMUSG00000120997	61.0499309496816	0.128871449870261	0.111018661811335	1.1481791172423	0.250894628235341	0.999831983216163
ENSMUSG00000123834	66.5953284766063	0.00237099306000649	0.119247352124882	0.0198752014902719	0.984142927581334	0.999831983216163
ENSMUSG00000120792	72.7006500813772	0.0896552229033879	0.119748496292783	0.746349851897585	0.455456104234687	0.999831983216163
ENSMUSG00000124154	11.6633759847748	0.0374818656442209	0.0772204638902889	0.480123701287558	0.631139435980901	0.999831983216163
ENSMUSG00000124310	12.6710270110622	-0.0209120079332714	0.0782353703935234	-0.269087951400324	0.787862001990127	0.999831983216163
ENSMUSG00000124499	11.6132581504621	-0.0102049313697317	0.073165784528797	-0.139831340314047	0.888793250565931	0.999831983216163
ENSMUSG00000085888	36.4624048980645	-0.0883909407199435	0.109367968745563	-0.814069767477052	0.415604984120919	0.999831983216163
ENSMUSG00000085207	149.940018245544	-0.074814527191718	0.121036909847009	-0.618379080407306	0.536325484345919	0.999831983216163
ENSMUSG00000124603	95.1332048937208	-0.05920483116321	0.118049874752265	-0.503751304858563	0.614436150531028	0.999831983216163
ENSMUSG00000124642	12.9530744010519	-0.015744562190438	0.0761738571221095	-0.207853421144952	0.835343419343225	0.999831983216163
ENSMUSG00000087675	46.6623454896147	0.00449994116520469	0.112854705255613	0.0398758587504915	0.968192097717533	0.999831983216163
ENSMUSG00000086924	22.0089778196871	-0.0638452357112227	0.095396102396854	-0.676744328164198	0.498568186042674	0.999831983216163
ENSMUSG00000098196	396.479634445126	-0.0197725771225604	0.108904699082154	-0.181588395605399	0.855905756404209	0.999831983216163
ENSMUSG00000085143	13.0530970077514	0.00441700843040107	0.0739559128811928	0.0597767239743074	0.952333463996293	0.999831983216163
ENSMUSG00000086191	35.5710034064962	0.132039339223289	0.10791913425523	1.21196628183982	0.22552528794217	0.999831983216163
ENSMUSG00000125832	17.5820566489329	-0.0265284408259419	0.0884058160486128	-0.301984172034967	0.762664128899669	0.999831983216163
ENSMUSG00000125881	54.8236814211669	-0.156653782924981	0.115373881327322	-1.3709747630742	0.170382823326522	0.999831983216163
ENSMUSG00000087216	46.0499512381323	0.0425079465174689	0.110909603886525	0.382138706698791	0.702358482729689	0.999831983216163
ENSMUSG00000126356	23.6112566661842	0.110921441596198	0.0980142794911445	1.11750584665774	0.26377810112961	0.999831983216163
ENSMUSG00000062391	14.2041765559801	-0.0834105069573842	0.0806418521440618	-1.06792715327478	0.285553373012198	0.999831983216163
ENSMUSG00000092371	28.8386980101687	-0.0463951914082476	0.103585058817034	-0.449940274431316	0.652753506510261	0.999831983216163
ENSMUSG00000043644	40.0469227550173	-0.087553675746448	0.11132209093336	-0.791034125659955	0.428924077861304	0.999831983216163
ENSMUSG00000056687	133.371225323422	-0.0126131903904521	0.121131979252883	-0.104129316454551	0.917066726148299	0.999831983216163
ENSMUSG00000086900	37.9413133460252	-0.0165601351054044	0.105529464934672	-0.157146047944555	0.875129747374396	0.999831983216163
ENSMUSG00000086193	142.64303776012	0.00748113120905815	0.121541535462556	0.0615779390517359	0.950898945681728	0.999831983216163
ENSMUSG00000126762	14.3736927649859	-0.0297412714350956	0.0777544479601273	-0.386823573128613	0.698886824347692	0.999831983216163
ENSMUSG00000086330	91.8207243373115	-0.177737323379076	0.119738439384748	-1.49648505544047	0.134527299468735	0.999831983216163
ENSMUSG00000121079	36.1160148534488	0.0935854414961052	0.108573576416231	0.855536428740201	0.392254246225134	0.999831983216163
ENSMUSG00000127043	52.9748733161357	-0.0631135802133348	0.114703181375133	-0.551765068536361	0.581109322834909	0.999831983216163
ENSMUSG00000127642	11.8256716092299	0.0768971072643624	0.0762088135650895	0.991400624238709	0.321489995565607	0.999831983216163
ENSMUSG00000127791	191.925946199099	-0.19541687933337	0.11808308107838	-1.65596244686958	0.0977294239927206	0.999831983216163
ENSMUSG00000127794	11.4771829425281	0.0187529815111278	0.0761614475581135	0.244786256586911	0.806621935897022	0.999831983216163
ENSMUSG00000109010	13.7798605039452	0.0666457016460414	0.0800640548640255	0.822023311952339	0.411063629327788	0.999831983216163
ENSMUSG00000127874	14.704625202003	-0.00641968180012373	0.0819011909297751	-0.0786815681110456	0.937285906538538	0.999831983216163
ENSMUSG00000042549	13.0037366481106	0.0322467375839416	0.0729464885121254	0.438037423224055	0.661359155333348	0.999831983216163
ENSMUSG00000128213	12.8837606198029	0.0502328641388994	0.076756781026851	0.646400904237746	0.518019754960222	0.999831983216163
ENSMUSG00000085154	157.292745988768	0.042382118561083	0.120206848846156	0.352505585367692	0.724459130438902	0.999831983216163
ENSMUSG00000072809	25.6533561519174	0.0234363053186574	0.0966248554520808	0.24168317204446	0.809025669838392	0.999831983216163
ENSMUSG00000128574	42.5091832655303	0.0135378555278642	0.111954005967396	0.120724384688508	0.903909344066973	0.999831983216163
ENSMUSG00000128592	27.0493484000229	0.0433618467831713	0.0918667025985785	0.468473144287388	0.639446271705463	0.999831983216163
ENSMUSG00000128630	17.1644478746439	0.0261536927252504	0.0878542114679418	0.296325477543749	0.766981530924916	0.999831983216163
ENSMUSG00000087116	12.5459320985714	0.0752777168265212	0.0796627138692008	0.929583823810221	0.352586606028841	0.999831983216163
ENSMUSG00000085604	57.582586370897	-0.110074966609265	0.115605644306121	-0.958315569140972	0.337903655321837	0.999831983216163
ENSMUSG00000128846	18.1082498757566	-0.054476694564619	0.0877052192439585	-0.630687414032755	0.528244930041903	0.999831983216163
ENSMUSG00000129234	23.5164968739718	-0.0422806724463596	0.0976044798840516	-0.436060518136214	0.662792821833655	0.999831983216163
ENSMUSG00000129264	25.740956337146	0.100005708830673	0.100796875589118	0.982777956361415	0.325716733280333	0.999831983216163
ENSMUSG00000121247	387.129079288662	0.0223078821977779	0.107171394456511	0.208142121167948	0.835117999355593	0.999831983216163
ENSMUSG00000129373	21.6312313349006	-0.00292413856975482	0.0951329951883516	-0.0307564305943941	0.975463787315508	0.999831983216163
ENSMUSG00000121096	684.714998682637	0.0938062705642292	0.107984877087022	0.868393007422175	0.385179221560857	0.999831983216163
ENSMUSG00000085743	64.168587139358	0.0898874412748492	0.115337249361602	0.776031952789138	0.437730119746118	0.999831983216163
ENSMUSG00000129893	70.9753932613135	0.0859589040912924	0.120076490908422	0.714340680062623	0.47501654318362	0.999831983216163
ENSMUSG00000121251	11.0435509707185	0.102272560979312	0.0731955312842596	1.36187313721447	0.173237925123092	0.999831983216163
ENSMUSG00000130271	19.8058991984961	0.0354596810592371	0.0921771536548038	0.382455390530493	0.702123611588843	0.999831983216163
ENSMUSG00000130286	33.6399891622301	0.0121026778518391	0.106666584994172	0.113447445314631	0.909675826553552	0.999831983216163
ENSMUSG00000120677	11.3021302255582	0.0083149722792598	0.0756112697670021	0.109404663453826	0.912881535052406	0.999831983216163
ENSMUSG00000130362	31.9855780920781	0.112433021779547	0.102442100891529	1.08510650118114	0.277874488270218	0.999831983216163
ENSMUSG00000130384	52.6722892347551	-0.0343388087196762	0.11446626366305	-0.300366048586118	0.76389795801737	0.999831983216163
ENSMUSG00000085175	35.3040038102362	-0.00985019757548802	0.108010327875833	-0.0913150290963813	0.927242276388881	0.999831983216163
ENSMUSG00000091523	12.2356178392215	0.0333715952562926	0.0775209023674939	0.42602333684538	0.670090841150414	0.999831983216163
ENSMUSG00000120486	12.0942040290734	-0.0985202553169625	0.0766753992026467	-1.3445538445526	0.178769357063544	0.999831983216163
ENSMUSG00000130475	10.6301024133287	-0.0215791292587494	0.0726668484559564	-0.298985927649283	0.764950782837759	0.999831983216163
ENSMUSG00000130489	14.9314803467019	0.0197094911856026	0.0824538818434412	0.237650714655934	0.812152012525625	0.999831983216163
ENSMUSG00000075389	59.9179550896622	-0.0975543631303823	0.117603593944041	-0.832380927315778	0.4051939641321	0.999831983216163
ENSMUSG00000086839	10.5505685435742	-0.0202818037314921	0.0745288372615511	-0.274278630654055	0.78387050531029	0.999831983216163
ENSMUSG00000130742	76.5178804820163	-0.140591727928252	0.119982276485985	-1.17745744769835	0.239012972067137	0.999831983216163
ENSMUSG00000130881	25.2042671129037	-0.0235291180512927	0.0989478421103745	-0.238723516166249	0.811319980617716	0.999831983216163
ENSMUSG00000085501	18.5266553847139	0.0738767252050531	0.0910086749531289	0.802817507616853	0.422080221366714	0.999831983216163
ENSMUSG00000131089	65.0764466250561	-0.0410151479748442	0.114739819101	-0.35889704216719	0.719672112432906	0.999831983216163
ENSMUSG00000131101	19.1873840173322	-0.00463714551749248	0.0903851550486698	-0.0513551225862938	0.959042544542465	0.999831983216163
ENSMUSG00000131104	13.3191802750051	-0.00227402513208172	0.0810295157766576	-0.0280366424092418	0.977632926208723	0.999831983216163
ENSMUSG00000086003	30.6835568469913	-0.0953541484240337	0.103132200693019	-0.935252135598376	0.349658375993801	0.999831983216163
ENSMUSG00000087501	301.539940222954	-0.0951820285847189	0.1178047588134	-0.808339566519947	0.4188951312202	0.999831983216163
ENSMUSG00000086826	145.58013307949	-0.107415253466252	0.121876672486566	-0.882931357980766	0.377273359728917	0.999831983216163
ENSMUSG00000085156	109.047116302908	0.0775427137587931	0.121884654240387	0.63541022450293	0.525160901385454	0.999831983216163
ENSMUSG00000131863	15.6471597085011	-0.0587477293426465	0.0834133112953814	-0.717396965302309	0.473129191583676	0.999831983216163
ENSMUSG00000085419	12.5519517507531	-0.0201904325888299	0.0787180666858207	-0.257730881447751	0.796614611091609	0.999831983216163
ENSMUSG00000120603	55.555940260674	-0.0506969526245284	0.11339038118244	-0.448309486478858	0.653929855169177	0.999831983216163
ENSMUSG00000120999	72.3375204389144	0.0596755357041701	0.119729869613676	0.497848463062093	0.618590854559445	0.999831983216163
ENSMUSG00000132800	11.3276656682724	0.0818808566904854	0.0765759699744453	1.04884892405893	0.294247656184241	0.999831983216163
ENSMUSG00000132840	24.3138809060256	0.0224270579857634	0.0971224019074552	0.230238362011753	0.817906553884418	0.999831983216163
ENSMUSG00000132875	10.8774657637453	-0.0161489387743752	0.0733004943328008	-0.221562625870762	0.824654379585403	0.999831983216163
ENSMUSG00000085251	23.820446035773	-0.0667455176578399	0.0963854471226403	-0.700388101843793	0.483684964717552	0.999831983216163
ENSMUSG00000133336	26.74668061693	0.0674160144308253	0.101785395607145	0.657617777363257	0.510783768350579	0.999831983216163
ENSMUSG00000087184	33.5855799933819	-0.000130571151497148	0.106040004134502	-0.00122909949311913	0.999019320737666	0.999831983216163
ENSMUSG00000120012	21.3795933549663	-0.00696469766207388	0.0934802639576304	-0.0746697182926698	0.940477501691732	0.999831983216163
ENSMUSG00000120210	73.9457292953892	0.0878020180652883	0.119316407886896	0.733106969309207	0.463493189777951	0.999831983216163
ENSMUSG00000055045	11.2507088114986	0.114887102971076	0.0754363968037612	1.48473792950182	0.13761326002403	0.999831983216163
ENSMUSG00000133842	11.0457664388026	-0.0297271124426134	0.0714342433141527	-0.421536154525154	0.673363616258149	0.999831983216163
ENSMUSG00000133895	10.4330595562978	0.0176498222105432	0.0740237345889783	0.236724292212957	0.812870688065645	0.999831983216163
ENSMUSG00000133969	18.430558771886	0.085657874006881	0.0901981464554144	0.938123368554743	0.348181013835854	0.999831983216163
ENSMUSG00000134211	25.4169744828964	0.125457524676695	0.100250097955213	1.23582086904668	0.21652515593394	0.999831983216163
ENSMUSG00000134258	48.9669592173951	0.113597547062976	0.109523858925179	1.02778973534997	0.304048745736906	0.999831983216163
ENSMUSG00000085434	42.6353329331609	0.0201012075218746	0.111997741676767	0.179210624021948	0.857772322009293	0.999831983216163
ENSMUSG00000134772	11.3227484032254	-0.00311296988038091	0.0749715655125229	-0.0415540831252958	0.966854177956612	0.999831983216163
ENSMUSG00000084887	10.2597301777831	-0.0359602808509142	0.0728201877368341	-0.501694368490137	0.615882526456963	0.999831983216163
ENSMUSG00000086859	201.364772369594	0.18766137151808	0.121309113791496	1.54187215099597	0.123104664602057	0.999831983216163
ENSMUSG00000085665	37.422397934571	0.0264695236366632	0.106276445956238	0.248174408569926	0.803999466069672	0.999831983216163
ENSMUSG00000135262	15.2151564537519	-0.0389592130860951	0.0831408943345292	-0.474634616879854	0.63504742808734	0.999831983216163
ENSMUSG00000135276	50.1747692562875	0.0117645255211297	0.114801436052011	0.102334755373806	0.918490969308183	0.999831983216163
ENSMUSG00000135277	11.9841934380428	0.018322754757682	0.0769715299341456	0.236926415699483	0.812713876580604	0.999831983216163
ENSMUSG00000135307	13.6753296970926	-0.134204259799225	0.0803094108547793	-1.76396080313145	0.0777385786815698	0.999831983216163
ENSMUSG00000085882	594.468928520994	-0.0234643839908444	0.10198629124417	-0.230069512873193	0.818037754671263	0.999831983216163
ENSMUSG00000135495	12.563212419343	0.00403494454775787	0.0785327806024776	0.0512584599172135	0.959119568748202	0.999831983216163
ENSMUSG00000072893	374.645275145427	0.0144077111165295	0.113503618415833	0.126899404556618	0.899020017926941	0.999831983216163
ENSMUSG00000135889	94.6509920590168	-0.114780853345089	0.121803045997218	-0.944277403862067	0.345027909730413	0.999831983216163
ENSMUSG00000135902	45.8126636114686	-0.0047440331604347	0.113148314212084	-0.0419684278037622	0.966523866894444	0.999831983216163
ENSMUSG00000085944	40.3398280018485	0.0462542226409376	0.111886239588086	0.412304326510893	0.680116377879628	0.999831983216163
ENSMUSG00000086677	10.6281479301272	0.0486562219770677	0.0743844726886667	0.643935322534894	0.519617375431507	0.999831983216163
ENSMUSG00000086725	120.411103711352	0.147208997311989	0.121851383132565	1.20464887978679	0.228338878434242	0.999831983216163
ENSMUSG00000120312	156.689745121042	-0.0777582946039007	0.121313578219002	-0.641380827213682	0.521275286579418	0.999831983216163
ENSMUSG00000084890	34.8786802085324	-0.0425831255166252	0.107457185199903	-0.39733869737087	0.691117714733216	0.999831983216163
ENSMUSG00000086015	41.0248267980023	0.0553502710881961	0.110345052717847	0.499327553156106	0.617548647460144	0.999831983216163
ENSMUSG00000120117	19.6774435596047	0.102744364100171	0.0925012351460019	1.09523892038408	0.273411978710369	0.999831983216163
ENSMUSG00000087211	1578.17421368665	-0.0985782371309234	0.0938919582362848	-1.0500556591132	0.293692523427378	0.999831983216163
ENSMUSG00000085890	37.436683829034	0.0845678922807165	0.108211496870269	0.776645927810475	0.437367696828198	0.999831983216163
ENSMUSG00000137737	107.403426976696	-0.0913832113706683	0.121848820344484	-0.75073735896608	0.452810734796005	0.999831983216163
ENSMUSG00000137776	15.7315398088985	-0.0855801148470075	0.0838887642713555	-1.04747369295143	0.294881159139654	0.999831983216163
ENSMUSG00000137850	14.8761571627387	0.0276641091037921	0.0745403425546623	0.36922715446962	0.711958417288538	0.999831983216163
ENSMUSG00000086468	46.8358101354729	0.182767910703388	0.114828037519999	1.57906698847004	0.114320692610306	0.999831983216163
ENSMUSG00000137923	23.8703657321903	0.06079183255094	0.0968421662378345	0.622744902832972	0.533452170104405	0.999831983216163
ENSMUSG00000138153	32.3594257811691	0.142100347599782	0.102260927240657	1.37272853263019	0.169836755566397	0.999831983216163
ENSMUSG00000020812	98.5730785139475	-0.0541351770817484	0.121442074197824	-0.446098497418608	0.655526098153388	0.999831983216163
ENSMUSG00000138327	34.8201257388909	-0.0770542894503143	0.106691349390458	-0.727423567034662	0.466966521847051	0.999831983216163
ENSMUSG00000138616	36.6702219907332	-0.074190591504708	0.109241807609471	-0.682914913514038	0.494660609619761	0.999831983216163
ENSMUSG00000138656	18.5827001525956	-0.0222965159956948	0.0888983090301584	-0.252567078277034	0.800602773056281	0.999831983216163
ENSMUSG00000101258	25.588038439516	0.00744606441451616	0.100078339193676	0.0742663699728129	0.940798435982885	0.999831983216163
ENSMUSG00000121021	13.0356334966795	0.0306065088134178	0.0804292821336847	0.378191886285123	0.705288052458381	0.999831983216163
ENSMUSG00000087295	14.9026218591247	0.0593658413068181	0.0787071187588122	0.742974344350305	0.457497213286683	0.999831983216163
ENSMUSG00000139037	11.854841898346	0.0914764411017845	0.0768558007481304	1.1681030375432	0.242765205233697	0.999831983216163
ENSMUSG00000109715	58.348587297508	0.011869128357446	0.117089148484345	0.101333482642653	0.919285737677633	0.999831983216163
ENSMUSG00000086910	30.06445045057	0.0432759410933324	0.101755370839597	0.422924674062246	0.672350219902108	0.999831983216163
ENSMUSG00000075576	82.6458508499093	-0.0234486266391507	0.120550917387017	-0.194749857578755	0.845588778410627	0.999831983216163
ENSMUSG00000139720	13.518582852875	-0.0406498996961036	0.0820732735494834	-0.501341815095565	0.61613058146546	0.999831983216163
ENSMUSG00000139789	74.8328434586424	-0.064141532785892	0.119004464593265	-0.540374807107086	0.588938578118187	0.999831983216163
ENSMUSG00000041674	34.1478963075252	0.0296205606816414	0.108081191296934	0.273422569009172	0.784528405960363	0.999831983216163
ENSMUSG00000139803	13.4082212003091	-0.0931042002558932	0.0792184603388064	-1.21806667112578	0.223198637968808	0.999831983216163
ENSMUSG00000097386	13.6964111236805	0.0334550445167772	0.0809564386052134	0.408922683071883	0.682596402138516	0.999831983216163
ENSMUSG00000120006	175.563574069413	-0.0272321078759536	0.119136671526268	-0.228572037467682	0.819201560099011	0.999831983216163
ENSMUSG00000139937	48.6202913629567	0.0976364001490742	0.11402423269826	0.852817432172066	0.393760555324041	0.999831983216163
ENSMUSG00000140155	14.9200398570547	-0.0966955877655082	0.0810626097129385	-1.23832014250483	0.215597377990437	0.999831983216163
ENSMUSG00000078640	10.5638359784828	0.0313942395287561	0.0629677759248707	0.492098064267945	0.622650020621801	0.999831983216163
ENSMUSG00000034587	204.862709622531	-0.147485968020159	0.120319520429268	-1.2272861192536	0.219715070873048	0.999831983216163
ENSMUSG00000140554	40.172405339155	-0.082158809547642	0.106820980981855	-0.777137926749131	0.437077399789744	0.999831983216163
ENSMUSG00000053263	152.422890045474	-0.137946703364417	0.120954196543006	-1.14178622152005	0.253542890963526	0.999831983216163
ENSMUSG00000140627	13.2910337489579	-0.0203922962013241	0.0788985982893543	-0.260400229299732	0.794555066097452	0.999831983216163
ENSMUSG00000120289	13.2895421922262	0.0221410587589173	0.0806398146658842	0.272936129637988	0.784902313082935	0.999831983216163
ENSMUSG00000099681	56.3861906967741	0.00371113676263489	0.117503184715519	0.0315788865364498	0.974807881094436	0.999831983216163
ENSMUSG00000141361	11.2883306520494	-0.0784677535347799	0.0699107208693476	-1.18473532822812	0.236122109672521	0.999831983216163
ENSMUSG00000141440	15.2536247723286	0.0522056378344797	0.0827335823955696	0.622226749929951	0.533792778942589	0.999831983216163
ENSMUSG00000120594	18.8427735020539	0.034893316161439	0.0908643257370555	0.381779408166723	0.702624993828834	0.999831983216163
ENSMUSG00000120351	31.7402855304665	0.0334602250476236	0.0991001964736866	0.335513051047165	0.737238101378772	0.999831983216163
ENSMUSG00000142023	19.0762749469318	0.0327500777566034	0.0874719070077072	0.370948796998114	0.710675669124656	0.999831983216163
ENSMUSG00000087165	107.597216524101	0.0998693089792387	0.121878680562834	0.817768461834643	0.413489409768561	0.999831983216163
ENSMUSG00000142405	14.6165818815284	0.0913992192484859	0.0826188946338997	1.08795625535495	0.276614419591714	0.999831983216163
ENSMUSG00000142517	34.5427127029145	-0.146589043355527	0.106422441763256	-1.39895653787998	0.161826016634728	0.999831983216163
ENSMUSG00000142601	16.5893408241577	-0.0711694529034628	0.0853742136517837	-0.848731675297247	0.3960306164917	0.999831983216163
ENSMUSG00000108634	17.7252906343671	0.0822146178610321	0.0902947579499157	0.89937670452979	0.368452043187382	0.999831983216163
ENSMUSG00000085260	19.2991492613399	0.143737380165673	0.0918662546466564	1.53935606309846	0.123717394152759	0.999831983216163
ENSMUSG00000142809	14.7592356754611	0.0228580979514186	0.0843102371989287	0.269414627133133	0.787610631338158	0.999831983216163
ENSMUSG00000085628	41.6957587826192	0.0176617470651249	0.111382455620406	0.158233083968312	0.874273134900788	0.999831983216163
ENSMUSG00000087249	37.7653841970226	-0.0601739288055041	0.107352992608892	-0.563347415793606	0.573198336531984	0.999831983216163
ENSMUSG00000142959	11.3860327979063	0.0441388259893307	0.0767033727942438	0.568964321165696	0.569380353095013	0.999831983216163
ENSMUSG00000142993	56.9415190690631	0.0313473935736547	0.11686486906153	0.267674919185882	0.788949557117796	0.999831983216163
ENSMUSG00000143030	21.3736754068086	0.0824195091160666	0.0924897340010329	0.881993307324335	0.377780426507064	0.999831983216163
ENSMUSG00000143132	19.7910501400002	-0.0361479192450128	0.0860700153257125	-0.424133006543567	0.671468815248967	0.999831983216163
ENSMUSG00000052563	91.9031890182525	0.143909739493016	0.121199387112305	1.18225594932282	0.237104158621045	0.999831983216163
ENSMUSG00000085255	27.5697994953983	0.0500185760964382	0.100669036467775	0.494072273987781	0.621255138084808	0.999831983216163
ENSMUSG00000120826	56.8134857106927	-0.0416705250066418	0.113610376929043	-0.367470345456509	0.713268207837496	0.999831983216163
ENSMUSG00000087373	27.8744672748346	0.112768535776584	0.102302316457509	1.09092017268299	0.275308009849827	0.999831983216163
ENSMUSG00000143899	49.7718457874775	-0.00469322634171837	0.11210604635405	-0.0418836016519075	0.966591488912539	0.999831983216163
ENSMUSG00000143913	31.110533187195	-0.02092800680838	0.105100073918704	-0.199378028498793	0.841967046169358	0.999831983216163
ENSMUSG00000144090	12.4864320967645	-0.0890557491034579	0.0793645259473708	-1.15976755644613	0.2461434565757	0.999831983216163
ENSMUSG00000083061	56.3022791390147	0.0116797811025388	0.116128243983417	0.100432255441795	0.920001163075809	0.999831983216163
ENSMUSG00000083992	35.2709359009239	-0.0644874267803397	0.107880783216784	-0.60134383881888	0.547610996421719	0.999831983216163
ENSMUSG00000127105	33.211166924822	-0.0401909056424709	0.106478474155104	-0.37869625612733	0.704913433838945	0.999831983216163
ENSMUSG00000129791	20.7601662854651	-0.0619666921515576	0.0941588091665957	-0.665176726474879	0.505937464509575	0.999831983216163
ENSMUSG00000138180	11.1881509799273	-0.0337495272198445	0.0726164253855059	-0.471082906772735	0.637581531124066	0.999831983216163
ENSMUSG00000018238	44.6034888381712	0.0337793035306154	0.112830257403131	0.299022552389256	0.764922838045826	0.999831983216163
ENSMUSG00000044352	1758.99611490449	0.157553085523302	0.0945494085922194	1.6658921363594	0.0957349001508631	0.999831983216163
ENSMUSG00000132846	40.2155270756858	-0.0530678538652455	0.109299490452564	-0.486994624895535	0.626262140087425	0.999831983216163
ENSMUSG00000086851	17.3514032587556	0.112695996618948	0.0894321896199255	1.24015751437615	0.214917139277833	0.999831983216163
ENSMUSG00000130701	20.079591551431	0.0641281099214959	0.0904140869921356	0.700667806707584	0.483510351397805	0.999831983216163
ENSMUSG00000085307	22.6522231264452	0.0228175581993692	0.0924270683521221	0.245818647875853	0.805822620994268	0.999831983216163
ENSMUSG00000078700	144.959560504112	-0.0781127134062979	0.121251564230835	-0.644628616593842	0.519167885594474	0.999831983216163
ENSMUSG00000087259	492.974140858346	0.148967025793735	0.108986171981622	1.36633062554638	0.171835212651687	0.999831983216163
ENSMUSG00000121500	260.284662670925	0.0504221966190409	0.119510405625496	0.421669831873017	0.673266027417483	0.999831983216163
ENSMUSG00000123587	97.3149769941946	-0.0807163344341575	0.120059207108628	-0.674961671184224	0.499700116872565	0.999831983216163
ENSMUSG00000129710	39.2734655543672	-0.0486348596837844	0.109291359192985	-0.44728011010025	0.654672826130964	0.999831983216163
ENSMUSG00000120202	13.7301038920782	-0.010851028371691	0.0759675261904513	-0.143347056841238	0.886016093559148	0.999831983216163
ENSMUSG00000043993	174.488640967777	0.0647016768788821	0.121424039567766	0.532316450770801	0.594506840306644	0.999831983216163
ENSMUSG00000087507	24.2252109375537	0.0528009353744255	0.0974213839966167	0.537647891318828	0.590820160345024	0.999831983216163
ENSMUSG00000120142	88.2349078464411	-0.0491339214980793	0.120717337239651	-0.407599531524599	0.683567708302462	0.999831983216163
ENSMUSG00000047988	112.526052289562	-0.00106442391173538	0.121844124331761	-0.00873420262876423	0.993031203175647	0.999831983216163
ENSMUSG00000141345	22.2911896801794	0.0443301021310147	0.0950488681428447	0.463507060076671	0.643000955453876	0.999831983216163
ENSMUSG00000141380	13.6825189435567	-0.11893659778011	0.0787567763069574	-1.58801585887155	0.112282753066689	0.999831983216163
ENSMUSG00000085586	229.815464676002	0.0699006738071603	0.119858703265676	0.582714949537431	0.560085207717675	0.999831983216163
ENSMUSG00000124562	13.1844339422121	0.0495127766369154	0.0799646457665104	0.612404612033663	0.540270091149897	0.999831983216163
ENSMUSG00000124591	18.2064725249178	-0.0408212616560881	0.0900010162148862	-0.457297566906189	0.647457178309014	0.999831983216163
ENSMUSG00000120010	65.6235055629122	0.121618234258863	0.117623952893002	1.02841591486238	0.303754225407834	0.999831983216163
ENSMUSG00000109829	486.327965210766	0.204107309371601	0.118601806104771	1.71644123851167	0.086081314248001	0.999831983216163
ENSMUSG00000060808	25.8132651816808	-0.0676961409945117	0.100579959292011	-0.679172847763343	0.49702834923108	0.999831983216163
ENSMUSG00000092626	14.0015052213473	-0.0363825397234263	0.0790827028815825	-0.465710808722435	0.641422514537732	0.999831983216163
ENSMUSG00000135629	15.5600503968936	-0.00349344779205099	0.0843932630379309	-0.0414685235302572	0.966922385843661	0.999831983216163
ENSMUSG00000087347	22.1806073662288	0.0168191842189603	0.0947665529909807	0.17701485173899	0.859496723797899	0.999831983216163
ENSMUSG00000084384	105.941868191582	0.0108715690959564	0.121863620903129	0.0891932436055279	0.928928334799754	0.999831983216163
ENSMUSG00000085342	153.025366403675	0.042553484041831	0.121352153160232	0.350405420938762	0.72603445865554	0.999831983216163
ENSMUSG00000087654	16.7296317069723	0.0489403303844824	0.0884881187894296	0.548524783316283	0.583331616798564	0.999831983216163
ENSMUSG00000085379	165.610471660311	-0.0846747914553456	0.120555271366213	-0.703171511525324	0.481948870799035	0.999831983216163
ENSMUSG00000136027	35.0187496809872	0.0604354985339063	0.106557820682031	0.565083194418106	0.57201717867256	0.999831983216163
ENSMUSG00000135952	31.2429921880163	0.00865518388708331	0.105850106005261	0.0817326161058413	0.93485934121687	0.999831983216163
ENSMUSG00000093483	102.660110836334	0.0362304758018774	0.121885525481794	0.297076344759832	0.76640822370282	0.999831983216163
ENSMUSG00000065715	25.0561100518754	0.0448690077756782	0.0938360576952687	0.475238174291477	0.634617220646553	0.999831983216163
ENSMUSG00000000983	12.8675247063721	-0.082044858893676	0.075034212538504	-1.14058055203576	0.254044514135715	0.999831983216163
ENSMUSG00000120523	15.0257193131591	0.0957835878262619	0.0844203601078427	1.11416551639304	0.265208186026501	0.999831983216163
ENSMUSG00000073073	84.8623142830384	0.0662912066639684	0.12149607815223	0.545042821008587	0.58572406704012	0.999831983216163
ENSMUSG00000081712	11.4366356792187	0.00762020727443757	0.0761472553990565	0.099784881780224	0.920515110732267	0.999831983216163
ENSMUSG00000121496	757.557683088485	-0.0407019587736853	0.0954191520752186	-0.426559275987175	0.669700364914538	0.999831983216163
ENSMUSG00000045877	35.9912599862276	-0.024934176547644	0.106063026364904	-0.235428710238286	0.813876004668473	0.999831983216163
ENSMUSG00000092985	26.9445572452649	-0.0336368931168181	0.0990431496852155	-0.341741578267122	0.732545378943192	0.999831983216163
ENSMUSG00000087574	242.164307608278	0.0411921382037454	0.114851928641193	0.358647958482603	0.719858464685586	0.999831983216163
ENSMUSG00000085235	12.238333915313	0.012201365772053	0.077105846348279	0.157846754934366	0.874577555336803	0.999831983216163
ENSMUSG00000139104	14.0131786465251	0.0270228731598163	0.0746073109816808	0.360496282876865	0.718476035868887	0.999831983216163
ENSMUSG00000123626	10.8162083531309	-0.0498030063900351	0.0737915322096412	-0.688419104630831	0.49118889646	0.999831983216163
ENSMUSG00000085145	17.0603574472069	0.0343677932306142	0.0861999082779703	0.395066806172952	0.692793585292705	0.999831983216163
ENSMUSG00000084168	12.1127043244625	0.0737779015194009	0.0778223875254882	0.93155346662658	0.351567340968233	0.999831983216163
ENSMUSG00000086283	13.5013227498511	0.00409423330642351	0.0805969004030293	0.05064195418202	0.959610831094436	0.999831983216163
ENSMUSG00000129712	19.9425895311293	-0.0773279203075139	0.0928498620697109	-0.845210494892487	0.397993323736418	0.999831983216163
ENSMUSG00000129672	57.2885861420112	0.0179293313129982	0.116034160221985	0.154339211813081	0.877342281143868	0.999831983216163
ENSMUSG00000086162	16.0510283870254	-0.133031623701631	0.0867322253331848	-1.59218506521538	0.111343127947739	0.999831983216163
ENSMUSG00000001983	769.031687194862	-0.0810319892662684	0.107134717872467	-0.756501383517058	0.449348643219262	0.999831983216163
ENSMUSG00000020905	15.9214499327983	-0.0707655752035885	0.0857084160391206	-0.840682271579808	0.400525954918949	0.999831983216163
ENSMUSG00000043648	46.0106756191449	0.0414669791888088	0.113282994641861	0.365037580431818	0.715083353885797	0.999831983216163
ENSMUSG00000020411	199.180765189989	-0.108905359117262	0.118783569626204	-0.917640574240378	0.358807068499211	0.999831983216163
ENSMUSG00000049287	218.641430413616	-0.0945160617235558	0.117826668788846	-0.802363703927104	0.422342602330308	0.999831983216163
ENSMUSG00000020892	480.409199100581	0.00479313575913362	0.106346299529951	0.0450685742807435	0.964052650050479	0.999831983216163
ENSMUSG00000053930	5442.99068539321	-0.00381592351504958	0.120812923427477	-0.0315901807829639	0.974798874083257	0.999831983216163
ENSMUSG00000002741	903.299032758268	-0.0397815171267104	0.0958848004344826	-0.414881346320876	0.678228765914454	0.999831983216163
ENSMUSG00000020723	1184.20674912963	-0.118022600290205	0.104853075215802	-1.1261316109558	0.260109815610984	0.999831983216163
ENSMUSG00000000120	144.178767661825	0.163391296036117	0.12188477242443	1.33642380874259	0.181410788611284	0.999831983216163
ENSMUSG00000020155	28.6473916999071	0.0165281523167909	0.102590577258501	0.16062215130286	0.87239100721221	0.999831983216163
ENSMUSG00000017386	364.34387382319	-0.16121131094989	0.111184830937282	-1.45067831671351	0.146869456059259	0.999831983216163
ENSMUSG00000044787	21.0885232074517	-0.0229584179337017	0.0934319287207331	-0.246664809068078	0.805167643417628	0.999831983216163
ENSMUSG00000020940	188.539665434589	0.102502259683729	0.11877934887668	0.862189621073573	0.388583180143618	0.999831983216163
ENSMUSG00000039110	121.831716136667	0.0429494942996382	0.121791907991681	0.352361990825467	0.724566803293743	0.999831983216163
ENSMUSG00000054146	11.4977458726671	-0.118099794853577	0.0742783613857373	-1.69593989839661	0.0898972626883994	0.999831983216163
ENSMUSG00000047798	88.2511407051553	-0.0370937299704212	0.12135942043732	-0.305976098868113	0.759622843930713	0.999831983216163
ENSMUSG00000056895	415.211722629813	0.0657931199522607	0.109588520686166	0.600209551822528	0.548366588634636	0.999831983216163
ENSMUSG00000006574	47.9330946647094	0.175636621185951	0.114331490300058	1.52479059754482	0.127311335848081	0.999831983216163
ENSMUSG00000053574	113.553928182137	0.0623404605683334	0.1215804022542	0.511724066288891	0.608844140415798	0.999831983216163
ENSMUSG00000025384	679.834010556435	-0.0076867934750629	0.0981693656735241	-0.0782983061003626	0.937590764864134	0.999831983216163
ENSMUSG00000020514	367.039009628254	0.0120341859026809	0.107512307347276	0.111928234133005	0.910880309661066	0.999831983216163
ENSMUSG00000020495	653.105793024911	-0.0585863078650461	0.0997589417199555	-0.587306577488067	0.556997824406291	0.999831983216163
ENSMUSG00000020925	1069.39340567274	0.0304574176327178	0.0910955780399455	0.334339642833511	0.73812327920979	0.999831983216163
ENSMUSG00000043857	772.742070977697	-0.0466712207160746	0.0987853565404617	-0.47244524385657	0.636609016742383	0.999831983216163
ENSMUSG00000020326	3257.69954023127	-0.0109332580232318	0.0824793546195275	-0.132558721242082	0.894542379912751	0.999831983216163
ENSMUSG00000069808	549.739777112206	-0.103962865483961	0.101015172299957	-1.0291828057594	0.303393780497024	0.999831983216163
ENSMUSG00000004018	61.7835899185496	-0.171454543425312	0.116447849123806	-1.48590089886287	0.137305335826221	0.999831983216163
ENSMUSG00000020354	60.8408126084447	-0.0180485024552828	0.115985565364823	-0.155955801171372	0.87606786039314	0.999831983216163
ENSMUSG00000049321	1644.37773157737	0.0469334231472433	0.0877987519332574	0.534550657124437	0.592960611580506	0.999831983216163
ENSMUSG00000020374	135.113051792096	-0.170448464415745	0.121411712876111	-1.40594503579083	0.159740446732838	0.999831983216163
ENSMUSG00000013418	39.0455126792737	-0.11379595930247	0.110493347713718	-1.03939525963888	0.298620947764115	0.999831983216163
ENSMUSG00000019368	12.6152312782408	0.0380514453425667	0.079593597194163	0.47298011451875	0.636227366358422	0.999831983216163
ENSMUSG00000052915	4792.1575128469	-0.0845980869458019	0.0823041266475606	-1.02794707496143	0.303974724020307	0.999831983216163
ENSMUSG00000018567	4010.33394074864	-0.0169202380066312	0.0827604111126801	-0.204448925563114	0.838002700434957	0.999831983216163
ENSMUSG00000019302	13493.604318155	-0.0451288080741294	0.0822022172479006	-0.549024499519631	0.582988636783439	0.999831983216163
ENSMUSG00000056342	6672.48826684792	-0.0832413853620957	0.0962734920181754	-0.864856541453262	0.387117532962295	0.999831983216163
ENSMUSG00000020776	1898.47287269457	0.109624904408637	0.0893638521562735	1.22655154121868	0.21999119209601	0.999831983216163
ENSMUSG00000075528	212.550767964009	-0.0396606967151893	0.119979625554772	-0.33053481619583	0.740995889955013	0.999831983216163
ENSMUSG00000020359	547.99351997873	-0.0393935533699505	0.105215818346515	-0.374434340516598	0.708081197974385	0.999831983216163
ENSMUSG00000020152	10139.1466062099	-0.016755208583292	0.0781183963204641	-0.214488061820071	0.830166475635349	0.999831983216163
ENSMUSG00000034471	720.016336463414	0.156389984319027	0.0965834122871458	1.61899143230827	0.105449106554808	0.999831983216163
ENSMUSG00000110170	16.6939542927858	0.00131981353089851	0.0832990211092436	0.0158028183009477	0.987391700039181	0.999831983216163
ENSMUSG00000049470	11917.9271476805	-0.0530389612878483	0.0891566363613333	-0.59496018055837	0.551870088334932	0.999831983216163
ENSMUSG00000075410	69.2237755756657	0.0352426431173083	0.119417686192062	0.294660017069412	0.768253609462478	0.999831983216163
ENSMUSG00000041164	5966.13115947596	-0.00926842575809139	0.0844317690034682	-0.109773713359636	0.91258883873047	0.999831983216163
ENSMUSG00000078812	3719.58397485451	-0.0716710994095918	0.0844225784427366	-0.849007903613717	0.395876894389045	0.999831983216163
ENSMUSG00000007850	17808.5651547504	0.0704029367003296	0.077915506745402	0.903523667691598	0.36624803282657	0.999831983216163
ENSMUSG00000089669	40.0254729094842	-0.0130816631505912	0.110830710867505	-0.118122924112837	0.905970259794496	0.999831983216163
ENSMUSG00000001510	15.2916025416077	0.0133785268254514	0.0826997045415066	0.161519509425086	0.871684246795569	0.999831983216163
ENSMUSG00000034773	13.1707712145055	0.108163151499501	0.0808915012888334	1.31099729637529	0.189858677033055	0.999831983216163
ENSMUSG00000014177	1170.06657477217	0.0961363363659744	0.094966949887095	1.01218313889589	0.311450496527524	0.999831983216163
ENSMUSG00000042436	39.1146899352988	0.0306361869322148	0.10652849336934	0.286174701401662	0.774744319178907	0.999831983216163
ENSMUSG00000020368	15019.6994711963	0.033979985683573	0.080285644318256	0.423225266639569	0.672130913858618	0.999831983216163
ENSMUSG00000040767	192.30885993593	0.16117903387057	0.11823462014396	1.36198169311771	0.173203662646336	0.999831983216163
ENSMUSG00000001053	461.750845602119	-0.00227288105239201	0.105228115876352	-0.0215989091566518	0.98276790369661	0.999831983216163
ENSMUSG00000000282	1094.11823274199	-0.095782438013803	0.0970840473523481	-0.986747837770491	0.323766272059211	0.999831983216163
ENSMUSG00000034297	5511.05163655296	-0.0979190168821012	0.0925552654466063	-1.05819168299853	0.289968062247955	0.999831983216163
ENSMUSG00000069814	1193.56061846951	0.132485432238142	0.0913819433760146	1.44966709563606	0.147151375715291	0.999831983216163
ENSMUSG00000018932	456.716615882656	0.0549348740240963	0.109727628970857	0.50048604477261	0.616732880024568	0.999831983216163
ENSMUSG00000020268	348.4570991179	0.0240900240293248	0.110405619840685	0.218159414447422	0.827304906023403	0.999831983216163
ENSMUSG00000032691	11.3190493238841	-0.026244548230044	0.0755970549387206	-0.350028999463239	0.72631693422192	0.999831983216163
ENSMUSG00000018565	1626.36350692927	-0.0193719617407123	0.0914673865859479	-0.211790627707361	0.832270380674446	0.999831983216163
ENSMUSG00000044707	349.319232651506	-0.175775966799762	0.116053044194165	-1.51588558000505	0.129548287154184	0.999831983216163
ENSMUSG00000044328	203.728872322905	0.0565019001418503	0.118880711852055	0.475245141619678	0.634612255150744	0.999831983216163
ENSMUSG00000000631	3618.94037446046	0.0173759032594588	0.0829235260992669	0.20953960565055	0.834027020704217	0.999831983216163
ENSMUSG00000072915	1183.51361866326	0.134880480650605	0.0896128629587197	1.50503595729672	0.132314832493319	0.999831983216163
ENSMUSG00000020827	6310.83036396657	-0.077139720636668	0.0825699914750428	-0.934307986199373	0.350145045945861	0.999831983216163
ENSMUSG00000018217	1475.12881654467	-0.151822285678546	0.0964476244371476	-1.57451094393245	0.11536937345086	0.999831983216163
ENSMUSG00000039230	1751.67171831287	-0.0487736982855547	0.0857084883049291	-0.569076928461865	0.569303934739547	0.999831983216163
ENSMUSG00000036819	1293.4042275928	-0.119144100149754	0.090106004607672	-1.32236102274688	0.186047961500553	0.999831983216163
ENSMUSG00000001441	7424.21240346154	0.056672155304038	0.0786178975571283	0.720824189182244	0.471017690795028	0.999831983216163
ENSMUSG00000035575	2430.1028966006	-0.0973616305169209	0.091871375926921	-1.05992671562465	0.289177940562622	0.999831983216163
ENSMUSG00000018931	777.203480798035	-0.128843100885588	0.0970589686381555	-1.32750165260828	0.184342793623556	0.999831983216163
ENSMUSG00000004668	20.0299226789858	0.0614902184585951	0.09253511344569	0.65897607668321	0.509911131162009	0.999831983216163
ENSMUSG00000053783	17.7085016137407	0.102737178320945	0.0882685732158699	1.14735092914479	0.251236613168735	0.999831983216163
ENSMUSG00000042298	3792.13788866683	-0.12013115360046	0.0807779329215052	-1.48729934615289	0.136935767142719	0.999831983216163
ENSMUSG00000020743	1046.84232275995	0.118097014916541	0.106628368431486	1.10689897176226	0.268337610505388	0.999831983216163
ENSMUSG00000020412	1071.23067148915	-0.0745719664820628	0.0968835442914263	-0.76973843601906	0.441455065318905	0.999831983216163
ENSMUSG00000049800	1062.16681438317	0.017418694883663	0.0965527249135912	0.180409250015837	0.856831293009314	0.999831983216163
ENSMUSG00000042826	1976.62987026174	-0.0739512254757485	0.110536183910974	-0.669389132416825	0.503247282237761	0.999831983216163
ENSMUSG00000020806	68.4253425185106	-0.180316272475238	0.116603932179409	-1.56263697892178	0.118138005296387	0.999831983216163
ENSMUSG00000001508	20.1381206136806	-0.0459442067007712	0.0913514512397939	-0.507867722907992	0.611546111899007	0.999831983216163
ENSMUSG00000020849	20197.3958374945	-0.120012377709389	0.0835507826228379	-1.43663593064241	0.150821468554497	0.999831983216163
ENSMUSG00000042569	787.355367045377	-0.086110585973533	0.0951381755974418	-0.905105199861968	0.365409657641626	0.999831983216163
ENSMUSG00000025130	4394.18423405703	0.00547721785041763	0.0821878861310186	0.0666423078122515	0.946866463826704	0.999831983216163
ENSMUSG00000020910	643.246988144401	0.0393633607787193	0.104278258697972	0.377424970624665	0.705857812821628	0.999831983216163
ENSMUSG00000121808	2731.444055706	0.0433781533404931	0.0933903656339256	0.464447342156474	0.642327278221826	0.999831983216163
ENSMUSG00000046491	33.4486804260793	-0.0973999226432656	0.104881406507549	-0.937849063602368	0.348321982838747	0.999831983216163
ENSMUSG00000039640	1416.30731346696	0.0529499326150971	0.0972187652279755	0.544588690575081	0.586036434731733	0.999831983216163
ENSMUSG00000025371	498.567093324715	0.102187021447488	0.107444456436764	0.950745693828776	0.34173348628757	0.999831983216163
ENSMUSG00000041654	349.745282730853	0.149115072380685	0.10946788413867	1.36169729992788	0.173293433737158	0.999831983216163
ENSMUSG00000025576	11924.6603282208	-0.106396980149632	0.0856147696957684	-1.2429350624818	0.213891763876858	0.999831983216163
ENSMUSG00000044811	52.9979368506255	-0.0235980657380571	0.11637658304875	-0.20289113713222	0.839220121758434	0.999831983216163
ENSMUSG00000020536	3032.94619489215	-0.0814069571010413	0.088458592504411	-0.920363797754403	0.357382680304541	0.999831983216163
ENSMUSG00000020878	28.2373216453616	0.0905012780792314	0.100663880615943	0.889677512445039	0.3736390721653	0.999831983216163
ENSMUSG00000020523	2020.08192733945	-0.0515581058373021	0.0860490324972615	-0.599198561613466	0.54904048185852	0.999831983216163
ENSMUSG00000020736	766.26633827242	-0.107378377507502	0.0977157606508439	-1.09892429988044	0.271801086429257	0.999831983216163
ENSMUSG00000017715	1819.71691660931	0.0412469247467653	0.0949024727776805	0.434573954632175	0.663871703604778	0.999831983216163
ENSMUSG00000034706	207.037880609771	-0.0477144671730725	0.117626407809075	-0.405799591810162	0.684889858620946	0.999831983216163
ENSMUSG00000038976	14206.5220506399	-0.0476082010137243	0.0864601144966795	-0.550678167205281	0.581854313798062	0.999831983216163
ENSMUSG00000025145	1631.81620194443	0.113758050607767	0.105000373569324	1.08283436749461	0.278881948030391	0.999831983216163
ENSMUSG00000034354	4193.60092231905	-0.00951694507349031	0.0783883437090695	-0.121407592198277	0.903368203660864	0.999831983216163
ENSMUSG00000040350	58.8364816554486	-0.0106869504301528	0.117962437023436	-0.0905974119353748	0.927812488453002	0.999831983216163
ENSMUSG00000020516	3314.56447989342	-0.0180996277175693	0.0841559714609456	-0.215078328081466	0.829706250198891	0.999831983216163
ENSMUSG00000010342	27.6399897086799	0.0279076098628349	0.099508296758811	0.279361883998912	0.779967119220463	0.999831983216163
ENSMUSG00000018654	81.394618536773	0.0665236493342053	0.121336986044133	0.547603124470993	0.583964443564349	0.999831983216163
ENSMUSG00000020733	1533.35479594509	-0.0792506855987722	0.0911491112764626	-0.86951626052781	0.384564818066444	0.999831983216163
ENSMUSG00000020451	4064.87530478277	0.0526879339933042	0.0815669274387264	0.645920522291971	0.518330828179403	0.999831983216163
ENSMUSG00000046417	77.7249335772685	0.075652646968583	0.120378299111542	0.626658377095413	0.530883193204055	0.999831983216163
ENSMUSG00000020544	567.186576257128	0.0341190972852889	0.104054193976021	0.327900758972403	0.742986699856802	0.999831983216163
ENSMUSG00000006169	2178.38745922964	0.111332347996487	0.0836989590943163	1.33007572454151	0.183493322878099	0.999831983216163
ENSMUSG00000020482	781.33714687159	-0.0834613543494136	0.110363216236184	-0.756651961252712	0.449258402208982	0.999831983216163
ENSMUSG00000039908	368.655345776122	0.0121870931730142	0.113272557555117	0.107585884936061	0.914324194185047	0.999831983216163
ENSMUSG00000025571	3450.59604120151	0.0471547562575429	0.0866148876680624	0.54439517413395	0.586169565969257	0.999831983216163
ENSMUSG00000070345	19.452243482712	-0.0764535580556984	0.0908938315597232	-0.855049534289863	0.392523725899514	0.999831983216163
ENSMUSG00000018846	5058.39496750239	-0.130543575518023	0.0903334221879143	-1.44549271270068	0.148319538448107	0.999831983216163
ENSMUSG00000004393	1339.41836972367	-0.020157332250126	0.0901823038296081	-0.22351406343633	0.823135438932201	0.999831983216163
ENSMUSG00000020687	3036.76077725281	0.0133609758886747	0.0863848524805733	0.154669330845289	0.87708200942677	0.999831983216163
ENSMUSG00000020290	5997.9051249737	-0.0661084281483313	0.0816522656442787	-0.809688810394121	0.418119050710897	0.999831983216163
ENSMUSG00000062312	132.175560330626	0.00379287021318363	0.121566527664736	0.0311975436087888	0.975111998878572	0.999831983216163
ENSMUSG00000020705	4135.68818904718	0.0705474439863091	0.0804254142597935	0.877140494669153	0.38041033203428	0.999831983216163
ENSMUSG00000078619	1830.2822388105	-0.0286370907244654	0.109076517021791	-0.262566071444791	0.792885053760706	0.999831983216163
ENSMUSG00000001034	1095.6644385771	-0.0564298971030901	0.11088965302737	-0.509007809124826	0.610746750391353	0.999831983216163
ENSMUSG00000020900	12019.8861382717	0.0615912643717852	0.099762537299591	0.617240898147549	0.537075843363706	0.999831983216163
ENSMUSG00000057948	257.081332960585	-0.137434456213425	0.117551454433508	-1.16990375889726	0.242039701049076	0.999831983216163
ENSMUSG00000020427	703.587427267178	-0.016144076922497	0.0993019659271481	-0.162577668189207	0.870850971236118	0.999831983216163
ENSMUSG00000036644	6169.69766798009	-0.0245565448198081	0.079005599301183	-0.310827188939155	0.755931999002406	0.999831983216163
ENSMUSG00000020142	1207.44590056447	0.139669442376415	0.0928506575162073	1.50406485629216	0.132564668122357	0.999831983216163
ENSMUSG00000042302	2055.95039918454	0.0270992012168805	0.0914865248434686	0.29620435262262	0.767074025002459	0.999831983216163
ENSMUSG00000051232	996.419714914859	0.103301438162415	0.0930990270584609	1.10948569839811	0.267220710702146	0.999831983216163
ENSMUSG00000033389	4797.22693818303	0.0276552607622353	0.0779925678163246	0.354583670513142	0.722901511312374	0.999831983216163
ENSMUSG00000020682	90.9763100251031	-0.0662168915265708	0.12170405091109	-0.544700211943885	0.585959719054916	0.999831983216163
ENSMUSG00000045980	630.718840601451	0.0655271720576587	0.0994238972911907	0.659003449901522	0.509893553304836	0.999831983216163
ENSMUSG00000045374	945.300242487956	0.0368878802643527	0.0944221084425543	0.390665472931018	0.696044523284408	0.999831983216163
ENSMUSG00000040548	3350.3782523378	0.00868586775014285	0.0830369647211032	0.10460178040152	0.916691801902028	0.999831983216163
ENSMUSG00000059474	1589.89199713514	-0.14356127517278	0.0914627217428069	-1.56987683403901	0.116443767999493	0.999831983216163
ENSMUSG00000041329	50217.1381773622	-0.0358863562080945	0.084755713954732	-0.423431822960964	0.671980230867183	0.999831983216163
ENSMUSG00000018470	1228.85494547204	0.11594454621693	0.106600259134557	1.08706763889617	0.277006918300806	0.999831983216163
ENSMUSG00000020929	3472.5752351315	-0.0149360489514531	0.080282940898216	-0.18604281441506	0.852411186336293	0.999831983216163
ENSMUSG00000093989	54.3288424190779	-0.0269896876633006	0.117022041209921	-0.230962177951105	0.817344185278632	0.999831983216163
ENSMUSG00000017801	685.239471173726	0.0371546776584526	0.103065255634229	0.360478476261677	0.718489349695629	0.999831983216163
ENSMUSG00000037001	218.154973645128	0.138950341872455	0.12163190105969	1.13754061464069	0.25531235605272	0.999831983216163
ENSMUSG00000023764	541.88442338716	-0.0490163229838193	0.10640462247711	-0.460716567410632	0.645001967130628	0.999831983216163
ENSMUSG00000051427	891.988597375894	0.122258245517823	0.0949498513691417	1.28744928827472	0.197937734337886	0.999831983216163
ENSMUSG00000107877	133.485249972069	-0.0132701199023306	0.121710876998447	-0.109159881760978	0.91307567981914	0.999831983216163
ENSMUSG00000018340	3783.01539912424	0.0109808910150668	0.0799612575449609	0.137326373845662	0.890772824604808	0.999831983216163
ENSMUSG00000018750	7289.79943109171	0.0384685880470185	0.0773526234962301	0.497301742392605	0.61897628323562	0.999831983216163
ENSMUSG00000020400	737.256506566666	6.79438694946876e-05	0.102193728377181	0.000665492531779382	0.999469013822758	0.999831983216163
ENSMUSG00000025135	1444.09239115995	-0.0256248318976234	0.0901074662166296	-0.28437659320938	0.776121794758812	0.999831983216163
ENSMUSG00000055937	77.453248497685	-0.0751673846068168	0.120562912613362	-0.624562597604918	0.532258174119077	0.999831983216163
ENSMUSG00000002058	558.389946805271	-0.0338919994128389	0.103893095632487	-0.326218845347786	0.744258784101011	0.999831983216163
ENSMUSG00000020493	30.5280914619906	-0.0935648882172948	0.102126701089951	-0.926440917143143	0.354216888299872	0.999831983216163
ENSMUSG00000061462	32.0411925373813	0.0120973652207975	0.106069105837323	0.113955004879399	0.909273461920257	0.999831983216163
ENSMUSG00000018347	545.851838538485	-0.0824445251751583	0.104231662523279	-0.790963829279623	0.428965099071906	0.999831983216163
ENSMUSG00000045140	93.3481102319943	0.0114994429845994	0.12170804040254	0.0944491526650943	0.924752372099363	0.999831983216163
ENSMUSG00000000056	3967.27659516947	-0.127198771341584	0.083019672853353	-1.53233636244068	0.125439452378676	0.999831983216163
ENSMUSG00000001123	161.771280877366	0.169014464081943	0.120654281837922	1.39842683140739	0.161984930522953	0.999831983216163
ENSMUSG00000051650	48.4607712923372	0.117940201815689	0.115273159677107	1.01753942087289	0.308896889072142	0.999831983216163
ENSMUSG00000011254	216.825029776967	0.0866817829520884	0.116807751002299	0.741917066518502	0.458137584874872	0.999831983216163
ENSMUSG00000003585	695.980380330848	0.0932622702432623	0.0996191612545202	0.936031516821433	0.349256960862565	0.999831983216163
ENSMUSG00000034936	460.543693252714	0.00438219379196439	0.101335981730382	0.0432040256795418	0.965538896058687	0.999831983216163
ENSMUSG00000000805	5849.84699730056	-0.124421283925073	0.0905099142244952	-1.37497463094	0.169139309870774	0.999831983216163
ENSMUSG00000018433	1189.9142015164	-0.0772391173139908	0.102736718279061	-0.75196469380302	0.452072291190253	0.999831983216163
ENSMUSG00000036275	3413.60484855982	-0.104790292690806	0.0823640091574801	-1.27237268080453	0.203240735915418	0.999831983216163
ENSMUSG00000018293	1805.32909470504	-0.108794928805237	0.0942239442474664	-1.15480741940436	0.248169298137058	0.999831983216163
ENSMUSG00000020392	1203.96941940416	0.172927059029198	0.0962011563891996	1.79704505708432	0.0723284670316024	0.999831983216163
ENSMUSG00000018841	964.915607595947	0.110678578377313	0.10201406127638	1.08459039450029	0.27810311120235	0.999831983216163
ENSMUSG00000017499	21.2195176392643	-0.0149105452752504	0.0946882033557361	-0.158022238030401	0.874439275461554	0.999831983216163
ENSMUSG00000037275	755.482719958715	0.0125802330700189	0.0971135673736617	0.129543796028611	0.896927372661496	0.999831983216163
ENSMUSG00000001891	3174.90695012737	0.0439623956906846	0.0833016768226047	0.527736043129748	0.597682553091439	0.999831983216163
ENSMUSG00000020321	25226.0225394031	0.0772258352169546	0.088590148809575	0.87159274590013	0.383430589466783	0.999831983216163
ENSMUSG00000020745	24468.6577814708	-0.0264316146511301	0.0809553870412376	-0.326505980582846	0.744041565170988	0.999831983216163
ENSMUSG00000018378	1551.24166451799	-0.0125410575018008	0.0977708292424119	-0.128268156083139	0.897936764668223	0.999831983216163
ENSMUSG00000062825	6418.2345981756	-0.10208828548115	0.0853081976996223	-1.19686721477956	0.231358314692614	0.999831983216163
ENSMUSG00000047759	24.319886916056	0.174160294841357	0.0967331605692657	1.77110501162156	0.0765432407868733	0.999831983216163
ENSMUSG00000034175	293.541881494158	-0.0220087383106182	0.114999838926134	-0.191365987961928	0.848238865276282	0.999831983216163
ENSMUSG00000063316	1897.12165371864	0.0562023994799807	0.0986488666010656	0.569635726068625	0.568924792032704	0.999831983216163
ENSMUSG00000090173	36.6294735348117	-0.101364730194165	0.109114061497977	-0.936496747695935	0.349017486307277	0.999831983216163
ENSMUSG00000020328	596.91851284709	-0.0933470768589844	0.0994830645228413	-0.93835020193412	0.348064468511113	0.999831983216163
ENSMUSG00000018446	1523.87976910073	0.0382312795203755	0.0865747436511344	0.441588237625111	0.658787197153014	0.999831983216163
ENSMUSG00000020435	2762.17726349757	-0.00110315561653361	0.0869432861337435	-0.0126875602782348	0.989877063129056	0.999831983216163
ENSMUSG00000061666	1845.49303479712	0.0302656814839026	0.0857538386637856	0.352936346578829	0.724136161387432	0.999831983216163
ENSMUSG00000048277	233.273756497546	-0.165039432051107	0.115401436481641	-1.43064511112946	0.152531951697232	0.999831983216163
ENSMUSG00000020802	3539.63681862682	0.00101489780369625	0.0857044242594196	0.0118424379093624	0.990551322482711	0.999831983216163
ENSMUSG00000018287	1081.89819885766	0.0129306692531531	0.106466062552261	0.121444251045844	0.903339168970739	0.999831983216163
ENSMUSG00000020692	496.800120395375	-0.0585959202859476	0.110267160646761	-0.531450855901458	0.595106387981348	0.999831983216163
ENSMUSG00000034579	464.038573348775	0.0313313970071823	0.119344383739178	0.262330702554084	0.793066493411945	0.999831983216163
ENSMUSG00000034793	1198.5649803432	0.00847395432635395	0.0909871248894736	0.0931326585560624	0.925798172403943	0.999831983216163
ENSMUSG00000025132	4276.27221735274	-0.0485163343398684	0.0842749767394713	-0.575716134308884	0.564807068005716	0.999831983216163
ENSMUSG00000052373	5096.47134530878	-0.0769637205467898	0.108635839237427	-0.708808261124696	0.478443470539334	0.999831983216163
ENSMUSG00000034247	1661.3537091931	-0.122065988997565	0.0884829846875061	-1.37960894018749	0.167707083298415	0.999831983216163
ENSMUSG00000034586	2593.28174760638	0.060233447975975	0.0832818204493841	0.72321037076893	0.469550648274619	0.999831983216163
ENSMUSG00000069910	22.6231780478355	0.0171847264169213	0.0954390777894039	0.179736578022657	0.857359375937668	0.999831983216163
ENSMUSG00000007777	583.00241743454	0.153049535191274	0.102230703842863	1.49670120323308	0.134471023052593	0.999831983216163
ENSMUSG00000020376	8961.09165799463	-0.0628840825640349	0.0801844291789296	-0.784293654097013	0.432867822210137	0.999831983216163
ENSMUSG00000020309	464.33876048392	0.0181989136627778	0.105897179575329	0.171864777249117	0.863543838184482	0.999831983216163
ENSMUSG00000042650	3354.13546318661	-0.0762903418318664	0.0900003522269254	-0.847767939366774	0.396567221405224	0.999831983216163
ENSMUSG00000020271	8332.43119163993	-0.0656513847680703	0.101225545146772	-0.648736102691831	0.516508964631157	0.999831983216163
ENSMUSG00000017286	2131.10182294778	-0.140223021089005	0.0919653924346602	-1.5249858142783	0.127262635945763	0.999831983216163
ENSMUSG00000020780	2352.58741242891	0.0743976831935291	0.0855970423051893	0.869102815096035	0.384790897100968	0.999831983216163
ENSMUSG00000049612	3332.98519369341	0.0697155587447943	0.094004055278604	0.741521670077618	0.458377197544517	0.999831983216163
ENSMUSG00000020946	2991.14897531365	0.00284541544961617	0.0819097377830147	0.034738814552661	0.972288010056631	0.999831983216163
ENSMUSG00000078653	16.4106337920132	0.0158961208600375	0.0834181818198823	0.189173602925273	0.849956755915852	0.999831983216163
ENSMUSG00000034621	5132.24941870261	-0.0511480179742042	0.0882861071988354	-0.57938257209618	0.56233106094392	0.999831983216163
ENSMUSG00000033953	13959.7735403998	-0.014932567679778	0.076926447146041	-0.194116616055668	0.846084571356593	0.999831983216163
ENSMUSG00000033909	1913.36735575895	-0.0418741006158719	0.0871990544142813	-0.480218631157686	0.631071940214061	0.999831983216163
ENSMUSG00000043602	466.545805630401	-0.0923537120384736	0.103628972717352	-0.891213466595211	0.372814661236824	0.999831983216163
ENSMUSG00000020738	2656.4409191766	-0.0400798738714471	0.0841600829750198	-0.47624812474987	0.633897617841708	0.999831983216163
ENSMUSG00000040711	834.37442969294	-0.155576281826309	0.102005341588953	-1.52545444353826	0.127145788125806	0.999831983216163
ENSMUSG00000018666	2410.95711532191	-0.0660227304934533	0.0822763086644327	-0.802475137047888	0.422278164893486	0.999831983216163
ENSMUSG00000041961	576.408211670216	0.0296815777838566	0.112163162050732	0.264586227601224	0.791328230911436	0.999831983216163
ENSMUSG00000019102	33.8807123454656	-0.019321184824765	0.102539059068342	-0.189025526824484	0.850072809922799	0.999831983216163
ENSMUSG00000034614	1894.936965328	-0.0125974604498583	0.0973328185820789	-0.129424144971719	0.89702204342689	0.999831983216163
ENSMUSG00000020485	863.850319912086	0.0774919462856844	0.0963167907356321	0.804496506080197	0.421110286370261	0.999831983216163
ENSMUSG00000037593	41.9693173841074	0.128792589828592	0.103723170927644	1.22693799162432	0.219845897869804	0.999831983216163
ENSMUSG00000025372	5611.31207882988	-0.0344718350999057	0.0785977479803875	-0.438595679577002	0.660954528109615	0.999831983216163
ENSMUSG00000042709	698.746161298265	0.0559184773193151	0.102764978840523	0.544044003169976	0.586411192759126	0.999831983216163
ENSMUSG00000061718	3962.30579508774	0.0649815836982943	0.0876015887372714	0.741716075309198	0.4582593779996	0.999831983216163
ENSMUSG00000020847	118.460859433723	-0.0573190173375911	0.121806989699589	-0.470749585617146	0.637819570009548	0.999831983216163
ENSMUSG00000017132	6130.91369518318	0.0913478419351587	0.0775177068169713	1.17833720413519	0.238662201379816	0.999831983216163
ENSMUSG00000033983	774.404263595216	0.0906908289190286	0.0995583840612713	0.910821528459706	0.362389417278337	0.999831983216163
ENSMUSG00000044066	960.021674561243	-0.0472142755679479	0.094079656823716	-0.501883440344213	0.615749514408103	0.999831983216163
ENSMUSG00000020793	45.6108060562601	-0.170758626488263	0.112549691058615	-1.53703569108277	0.124284569482274	0.999831983216163
ENSMUSG00000020698	17.5083942708403	-0.0103099527183424	0.0866114431379099	-0.119566429652863	0.904826614152842	0.999831983216163
ENSMUSG00000007739	4045.94599943953	0.0383983482027158	0.0920220581223643	0.417244449603448	0.676499615854577	0.999831983216163
ENSMUSG00000039096	885.552666855765	-0.0529396590914128	0.106460115111739	-0.497349379340514	0.618942695836607	0.999831983216163
ENSMUSG00000043284	766.303553372199	0.0595207365864494	0.0965352285939661	0.616542238478559	0.537536703577063	0.999831983216163
ENSMUSG00000036860	644.050762433401	-0.0337974496698093	0.0994763316883465	-0.339758921159361	0.734038085651802	0.999831983216163
ENSMUSG00000038188	190.646153701502	0.154366007935586	0.119615723556441	1.28873819137812	0.197489120360277	0.999831983216163
ENSMUSG00000001494	40.2406613989806	-0.0791548687219805	0.109456653887921	-0.727110037144315	0.467158550547863	0.999831983216163
ENSMUSG00000020525	2885.78287016819	-0.0213539273937603	0.0860784769197937	-0.248082342054167	0.804070697639378	0.999831983216163
ENSMUSG00000070407	38.5939533265686	0.179509897086745	0.10544440545592	1.67813941089886	0.0933198865433656	0.999831983216163
ENSMUSG00000020311	2688.80163847632	-0.073579447577806	0.0942265677529375	-0.781003701799689	0.434800317494777	0.999831983216163
ENSMUSG00000038195	70.4449306100311	-0.037262621025052	0.117924965599213	-0.316128998500517	0.751904596923834	0.999831983216163
ENSMUSG00000048721	29.9559425366099	0.128045153480131	0.103235716779856	1.22595312464001	0.220216315427986	0.999831983216163
ENSMUSG00000090266	411.206719664888	0.0437129075050869	0.112011629629209	0.390162813901774	0.69641615713714	0.999831983216163
ENSMUSG00000037573	2604.21972391117	-0.0568104500684806	0.093100673558551	-0.610282465653467	0.541674710145628	0.999831983216163
ENSMUSG00000025156	217.067864528646	0.0574504262385647	0.11831344351171	0.485236069462165	0.627508898831735	0.999831983216163
ENSMUSG00000020832	612.439696460277	-0.0175587704423117	0.102920756959463	-0.170598898741712	0.86453916390785	0.999831983216163
ENSMUSG00000048728	281.338972560984	-0.112395003338183	0.115199011343203	-0.976304369596107	0.328913655227021	0.999831983216163
ENSMUSG00000069917	172.648080784685	-0.0168210142920003	0.0407667271475091	-0.434919937237253	0.663620542473798	0.999831983216163
ENSMUSG00000050628	293.895125263018	-0.0449576999697901	0.111352708720873	-0.403770508318829	0.686381485283859	0.999831983216163
ENSMUSG00000020614	970.870677487253	-0.0839723891347919	0.101472466669524	-0.827634266872993	0.407877655856678	0.999831983216163
ENSMUSG00000044807	2586.13623936332	0.012459750089592	0.0880588569361396	0.141495422750005	0.88747857578151	0.999831983216163
ENSMUSG00000018547	3963.24716576642	0.00773817986190308	0.0809726477475048	0.0955657951675208	0.923865432324787	0.999831983216163
ENSMUSG00000062421	2277.56289642055	-0.00973232387286479	0.0926468537840536	-0.105049655800754	0.916336407028707	0.999831983216163
ENSMUSG00000020919	2555.72906060401	0.060670213378243	0.0838976978298588	0.723111816577467	0.469611190086238	0.999831983216163
ENSMUSG00000020467	652.715815669058	-0.0460223461674168	0.104795560666632	-0.439156008762227	0.660548498098742	0.999831983216163
ENSMUSG00000034156	7758.34901028386	0.0914254044607874	0.0820220667817966	1.11453745385248	0.265048685894005	0.999831983216163
ENSMUSG00000004748	894.102564895818	0.0415798215927285	0.092669188846767	0.448689088804826	0.65365595682492	0.999831983216163
ENSMUSG00000023723	1101.54753839091	-0.00943527478293971	0.0900737632504927	-0.104748878960736	0.916575075469074	0.999831983216163
ENSMUSG00000019373	2188.26884274883	0.0148814419350613	0.0875821051583188	0.169913929825782	0.865077826003241	0.999831983216163
ENSMUSG00000000567	967.964221991865	0.0740399901641993	0.114335527650256	0.647215005914912	0.517492800761856	0.999831983216163
ENSMUSG00000020680	1869.63151155972	0.109280273866691	0.0994212158368387	1.09886308586648	0.271827790102295	0.999831983216163
ENSMUSG00000020457	2314.77303354888	0.050954553056465	0.0877279270533805	0.580779396677486	0.561389142773935	0.999831983216163
ENSMUSG00000059796	3895.53246930122	-0.148898758985533	0.0826370129405758	-1.80206276232874	0.0715355315613376	0.999831983216163
ENSMUSG00000015542	363.224335698524	0.103507418094564	0.11153574375167	0.927504671754402	0.353664567313302	0.999831983216163
ENSMUSG00000049755	1022.52648757005	-0.0217496588960511	0.0945839967613509	-0.22996028862211	0.818122627867849	0.999831983216163
ENSMUSG00000042208	2273.31759354532	0.0152333089140907	0.0875177419725262	0.174061452832827	0.861817166882889	0.999831983216163
ENSMUSG00000002699	44.1471201615143	-0.0650607091010061	0.113125547810517	-0.577560615771131	0.563560803311874	0.999831983216163
ENSMUSG00000055670	3135.14241383313	0.0301643453975409	0.0910453614243679	0.331300931880056	0.740417187478489	0.999831983216163
ENSMUSG00000005949	1404.83144419704	-0.0701882422089296	0.0910269274170952	-0.771087156490073	0.440655272833346	0.999831983216163
ENSMUSG00000033352	5747.53589249162	0.0382066519395087	0.0815534707948516	0.468470348531281	0.639448270568126	0.999831983216163
ENSMUSG00000020389	455.969522555403	0.160523414197143	0.104501283590115	1.5358567864635	0.124573508658017	0.999831983216163
ENSMUSG00000020778	356.157238345121	-0.0465884444840525	0.111008675397322	-0.419689644070295	0.674712191342803	0.999831983216163
ENSMUSG00000020448	1096.87207545522	-0.0142224640485027	0.0963837791788859	-0.147565162599708	0.88268595025736	0.999831983216163
ENSMUSG00000035530	7113.85361653662	-6.05998143803186e-05	0.0840332342985595	-0.000720511567612692	0.999425114994063	0.999831983216163
ENSMUSG00000019461	509.551896702322	0.0727015605625363	0.103212213919398	0.704316450715017	0.481235723756837	0.999831983216163
ENSMUSG00000020737	770.116194166675	-0.0575938759196359	0.106654733387976	-0.540099653208638	0.589128309840123	0.999831983216163
ENSMUSG00000020491	440.064218898789	-0.0814773465595588	0.109769807015216	-0.742546542958346	0.457756263302938	0.999831983216163
ENSMUSG00000038453	11800.8428323485	-0.106793597446227	0.0839448520464944	-1.27236235472854	0.203244403089803	0.999831983216163
ENSMUSG00000034120	2823.10065227927	0.100509486363964	0.0864544853592526	1.16244639563309	0.245054186727163	0.999831983216163
ENSMUSG00000035413	310.187635472215	0.175295397659056	0.116771987507082	1.4986859564453	0.133955121642818	0.999831983216163
ENSMUSG00000039741	1204.0507958344	0.0936230602033295	0.0921842793145039	1.01553156630323	0.309852507310292	0.999831983216163
ENSMUSG00000000782	106.550692772955	-0.0841095256473288	0.121882458306993	-0.69111841321854	0.489491129763583	0.999831983216163
ENSMUSG00000018585	589.677979452211	-0.0164437784089542	0.104993768399204	-0.156616523925878	0.875547079050541	0.999831983216163
ENSMUSG00000060216	1133.7446265852	0.00189749005402126	0.0950791632192643	0.0199574684070682	0.984077301095581	0.999831983216163
ENSMUSG00000020788	7850.48135556864	0.0295544131262251	0.0958829814777212	0.308212328886927	0.757920771728533	0.999831983216163
ENSMUSG00000020386	1981.61358749217	0.0646138336422212	0.0887380801419399	0.728096967400601	0.466554230115384	0.999831983216163
ENSMUSG00000042363	5161.73772412172	-0.104371787701877	0.0800204332083191	-1.30441453825186	0.192092280915004	0.999831983216163
ENSMUSG00000005947	20.8056281620644	0.0339059451103223	0.094171601121649	0.358102210056036	0.720266825200155	0.999831983216163
ENSMUSG00000075702	5418.47858658541	0.0258768462863479	0.0814268701369879	0.317783501518231	0.75064916636958	0.999831983216163
ENSMUSG00000020620	2760.94040597021	-0.0315375770842298	0.0886580274996688	-0.355742479339214	0.722033429402872	0.999831983216163
ENSMUSG00000040430	2286.58487748823	0.0338474161676307	0.0861407844795264	0.392917356216469	0.694380522033576	0.999831983216163
ENSMUSG00000072640	1510.37204825358	-0.00976267853471652	0.103318611364775	-0.0944925002447185	0.924717939728097	0.999831983216163
ENSMUSG00000044034	17.3508009467242	-0.0107258542244138	0.0866871145183469	-0.123966032253475	0.901342169896735	0.999831983216163
ENSMUSG00000051455	85.6814962479524	0.0383317103769459	0.121092806952096	0.316310807314826	0.751766608913915	0.999831983216163
ENSMUSG00000017639	9421.13145810442	0.00389337173566543	0.0884278546631566	0.0440295754616894	0.964880828911605	0.999831983216163
ENSMUSG00000061650	1129.49260460395	0.0456390832045579	0.0930701740666073	0.490333244577167	0.623898105983353	0.999831983216163
ENSMUSG00000020747	2090.43598143083	0.0670701510474069	0.08459002108414	0.792852134061696	0.427863977851326	0.999831983216163
ENSMUSG00000020429	21.3867101005654	-0.0740866910515747	0.0941985483637694	-0.796937420891967	0.42548737646296	0.999831983216163
ENSMUSG00000078676	3283.88145556021	0.00735178645125733	0.0812668839268491	0.0904642363699349	0.927918312632204	0.999831983216163
ENSMUSG00000032892	14.6253901106666	0.0618585894398497	0.0839768550434376	0.728305671669935	0.466426491215456	0.999831983216163
ENSMUSG00000020484	4447.01695822143	-0.12908870517911	0.0899883440313133	-1.43479469635935	0.151345609694017	0.999831983216163
ENSMUSG00000000753	467.788783158248	0.0169235367645389	0.104178409311915	0.162433978199389	0.870964115390209	0.999831983216163
ENSMUSG00000020894	26306.2925514653	-0.0239946175652672	0.0790296558185382	-0.303621907190714	0.761415959509267	0.999831983216163
ENSMUSG00000018651	848.403056457828	0.0879995165398478	0.0959940493944178	0.916605557360496	0.359349371179338	0.999831983216163
ENSMUSG00000034177	78.837067996357	-0.0264814211355423	0.120761618133869	-0.219553440991306	0.826218955289269	0.999831983216163
ENSMUSG00000020471	491.767434798572	0.00407568400147679	0.104398767171492	0.0390404584377709	0.968858132018109	0.999831983216163
ENSMUSG00000020739	1739.23183802574	-0.00658514166949757	0.0966871542740966	-0.0681062087826852	0.945701087941487	0.999831983216163
ENSMUSG00000018554	139.1007340938	-0.0893711216091198	0.121052615851047	-0.740923372978229	0.458739902852102	0.999831983216163
ENSMUSG00000018160	2082.99862910078	-0.0838376480108788	0.0911879740106802	-0.919509127728258	0.35782933354942	0.999831983216163
ENSMUSG00000059278	442.501562527914	0.0222867258981482	0.107691306970057	0.206943745288884	0.836053792114438	0.999831983216163
ENSMUSG00000078651	106.663714100278	-0.10349204438325	0.12187867083741	-0.850446554376224	0.395076862631034	0.999831983216163
ENSMUSG00000001901	54.8080707858553	0.094126224379047	0.11602607266665	0.80864391332562	0.418719997979689	0.999831983216163
ENSMUSG00000018765	4671.16296965602	0.085345151680967	0.0779673909282351	1.09457082310378	0.273704703857425	0.999831983216163
ENSMUSG00000001507	2061.60957070475	0.0999172262136073	0.0883252874065622	1.13112462700435	0.258002640243992	0.999831983216163
ENSMUSG00000042988	71.6737966681195	-0.133403140956317	0.117905881342381	-1.13794924092748	0.255141678195622	0.999831983216163
ENSMUSG00000078695	433.800064336313	0.0524336261950971	0.106556353144522	0.491982624854948	0.622731626608536	0.999831983216163
ENSMUSG00000044296	134.264801517637	0.0850677695426924	0.121879139141479	0.697075063808947	0.485755818763177	0.999831983216163
ENSMUSG00000040481	5747.04866182781	-0.0455898013592358	0.0957404880065682	-0.476247727269982	0.633897900983255	0.999831983216163
ENSMUSG00000004044	926.638075101841	-0.0453601355189921	0.100224621712144	-0.452579610263401	0.650851483703144	0.999831983216163
ENSMUSG00000020282	531.2995346486	-0.0909533999654363	0.109218251336738	-0.832921439455554	0.404889037333222	0.999831983216163
ENSMUSG00000018012	300.502274807054	0.143581859838473	0.114684133020668	1.25097165000617	0.210944820881986	0.999831983216163
ENSMUSG00000000301	45.8609213735215	-0.0593240964003394	0.11380541406519	-0.522965293824226	0.600998405336164	0.999831983216163
ENSMUSG00000020520	671.577796328918	-0.0764016771609274	0.0977145560825311	-0.781875684548596	0.434287636259486	0.999831983216163
ENSMUSG00000069919	546.479305984446	-0.013482659440333	0.041900446631417	-0.333878485005744	0.738471255571092	0.999831983216163
ENSMUSG00000020752	640.284927611033	0.0327199500781904	0.0997884271130076	0.327868052504917	0.743011430111889	0.999831983216163
ENSMUSG00000020740	2660.12531119073	0.0346616231243603	0.0856272765626748	0.404779854634234	0.685639338097027	0.999831983216163
ENSMUSG00000019122	30.5572520167203	-0.066614846797187	0.103880066872568	-0.645573388204666	0.518555676310943	0.999831983216163
ENSMUSG00000010142	19.1290434391002	-0.0201106085975449	0.0772637380004754	-0.262208224336835	0.793160913061811	0.999831983216163
ENSMUSG00000020280	757.828511490153	0.0606900945509337	0.103535361458127	0.586033588356816	0.557852943517505	0.999831983216163
ENSMUSG00000020273	1204.86477517101	-0.00361639285024006	0.0902631231084378	-0.04006496484099	0.968041333369021	0.999831983216163
ENSMUSG00000020715	672.961102385222	-0.0393766130546103	0.0995510750226118	-0.395560100790566	0.69242957619073	0.999831983216163
ENSMUSG00000019761	212.313538858194	0.11861207364143	0.116958975062554	1.01348151138601	0.310830222836234	0.999831983216163
ENSMUSG00000018167	802.529782044115	0.0372372027105922	0.0991197201763887	0.375656352178701	0.707172390955558	0.999831983216163
ENSMUSG00000041046	395.986419261173	-0.0727807841663777	0.117650674820722	-0.618885636929735	0.535991701187865	0.999831983216163
ENSMUSG00000020287	378.103563704351	0.0703797507351654	0.110350238992233	0.6376022562306	0.523732626596665	0.999831983216163
ENSMUSG00000037791	2154.49496353419	0.0264016526821407	0.0842629092662658	0.313320444897306	0.754037218787982	0.999831983216163
ENSMUSG00000044629	1533.26262339186	-0.0802701558771198	0.088416769538585	-0.907896165960095	0.363933083473893	0.999831983216163
ENSMUSG00000034940	3674.63217789917	0.022605268041868	0.0889875821181314	0.254020060413604	0.799480060323941	0.999831983216163
ENSMUSG00000041798	16.5081324178243	0.125467423491332	0.0849258565253416	1.4504179657706	0.146942000126175	0.999831983216163
ENSMUSG00000039703	2133.5335659631	-0.0336107203944165	0.0845480444113248	-0.39753867441916	0.690970273084905	0.999831983216163
ENSMUSG00000018986	109.585999085157	0.204126638214188	0.121884151831672	1.66959213544125	0.095000087479358	0.999831983216163
ENSMUSG00000037750	1454.51070349238	0.0451993623474843	0.0883474071455508	0.511607498255646	0.60892573662373	0.999831983216163
ENSMUSG00000020120	694.721720624606	0.0755557562759714	0.0976504921301662	0.773716577320342	0.439098414635948	0.999831983216163
ENSMUSG00000018669	731.32629596006	0.0566958568737023	0.0970073467895986	0.58441803938247	0.558939092905818	0.999831983216163
ENSMUSG00000038811	27.6043147203826	0.170297522978646	0.101995615952823	1.64675441892136	0.0996085337251918	0.999831983216163
ENSMUSG00000034412	487.388014911735	-0.059681917497475	0.110870083016138	-0.538382366014756	0.590313097963592	0.999831983216163
ENSMUSG00000018425	1058.51197655725	-0.0610987845641245	0.0916379557679511	-0.666741390373455	0.504937335604793	0.999831983216163
ENSMUSG00000042032	3976.47502968071	-0.00932949550209985	0.0835251071848536	-0.111697297779312	0.911063421982935	0.999831983216163
ENSMUSG00000000318	44.9389150898329	-0.0810040420245979	0.113619101908734	-0.715983200302248	0.474001722342354	0.999831983216163
ENSMUSG00000048445	175.051941389958	0.137671509114024	0.118590055961998	1.15994158032456	0.246072592057479	0.999831983216163
ENSMUSG00000018698	1562.88153373546	0.0183542227299122	0.0961789448819274	0.190836538857184	0.848653660860456	0.999831983216163
ENSMUSG00000010086	17724.3396788256	0.0790342641227882	0.0911387226347327	0.86703245639988	0.385924226610101	0.999831983216163
ENSMUSG00000050132	1192.17873329588	-0.0456666968151588	0.0958654353556064	-0.476378334447979	0.63380486691307	0.999831983216163
ENSMUSG00000041920	336.436672718384	-0.158867419930547	0.111412557440784	-1.42620859810708	0.153808138502951	0.999831983216163
ENSMUSG00000052298	3028.5555106709	-0.0796110281282134	0.0884776371896549	-0.899877603081333	0.368185390310471	0.999831983216163
ENSMUSG00000020128	1945.71473848051	0.0265044592562613	0.0874245511320265	0.303171111080614	0.76175946361768	0.999831983216163
ENSMUSG00000034209	12.0370940226905	-0.102311856701448	0.077971188003001	-1.36844794103882	0.171171906685036	0.999831983216163
ENSMUSG00000000976	1150.83863556414	-0.0589600869835823	0.0963905427758821	-0.611690196711541	0.540742749157344	0.999831983216163
ENSMUSG00000038351	1043.29333696061	-0.0143138349645645	0.101118036049403	-0.141555724889296	0.887430941081676	0.999831983216163
ENSMUSG00000017176	1169.76095474579	-0.119840775127165	0.0994868488142547	-1.20478120395823	0.228287777936494	0.999831983216163
ENSMUSG00000035007	1446.74596443617	-0.0151583619599143	0.0877250304245221	-0.17279530515022	0.862812327481801	0.999831983216163
ENSMUSG00000061981	2528.36238849546	0.0197159651016397	0.0821814250556334	0.23990392808751	0.810404735601987	0.999831983216163
ENSMUSG00000000320	11.3050205065387	0.0807710255565997	0.076501640756335	1.03533304704475	0.300513401586052	0.999831983216163
ENSMUSG00000038517	3123.0458239257	0.0907753801315554	0.0915748013458398	0.991096534514928	0.321638445027462	0.999831983216163
ENSMUSG00000078970	503.18078736314	0.0632011683771347	0.107866888496094	0.585801728594195	0.558008761977569	0.999831983216163
ENSMUSG00000003948	1337.70638600998	-0.00496097286781402	0.0880925921674551	-0.0563141679291169	0.955091532370538	0.999831983216163
ENSMUSG00000020390	5936.5963142667	-0.0733450790796421	0.0799713486643182	-0.917195416778733	0.359040248064394	0.999831983216163
ENSMUSG00000020477	586.371853705027	0.0507768644068505	0.102116266058093	0.497224482212514	0.619030758788714	0.999831983216163
ENSMUSG00000020937	436.596509793844	0.134101650972428	0.109219096581608	1.22718348460456	0.219753635351435	0.999831983216163
ENSMUSG00000039275	3955.59862764005	-0.114382668276932	0.0789487402951562	-1.44891257525049	0.147361998852382	0.999831983216163
ENSMUSG00000078572	148.547571300092	-0.0418558734004695	0.120993710805041	-0.346019436566342	0.729328107699897	0.999831983216163
ENSMUSG00000046207	54.5408580452884	0.114372089556269	0.115900873400216	0.980758988430782	0.326711606895266	0.999831983216163
ENSMUSG00000017221	3450.75571148803	-0.0077098339960736	0.0853586536633959	-0.0903214419145137	0.928031781605373	0.999831983216163
ENSMUSG00000020454	1961.2589422078	0.00797470525943321	0.0837418685124189	0.0952301180437087	0.924132047949824	0.999831983216163
ENSMUSG00000020790	2456.71916384036	0.0457535475596584	0.0842126812020048	0.543297237195325	0.586925166208119	0.999831983216163
ENSMUSG00000020361	9643.18286974991	-0.0505914096954909	0.0860229774467268	-0.588161970506432	0.556423580705011	0.999831983216163
ENSMUSG00000001105	1252.32519206921	0.0280278346049478	0.102563399986272	0.273243304047273	0.784666194218359	0.999831983216163
ENSMUSG00000025575	1745.42175427932	0.0783803584390863	0.0913334179054307	0.858114761733425	0.390829096915622	0.999831983216163
ENSMUSG00000047205	410.882574992826	-0.0540997001130745	0.107088462334604	-0.505160183851602	0.613446333198554	0.999831983216163
ENSMUSG00000020869	2361.86892970763	0.0610576617809639	0.0827172913219153	0.73812313897767	0.460439623922846	0.999831983216163
ENSMUSG00000063652	50.716528661292	0.0870113808622148	0.11500900306039	0.753957079420488	0.450874994507848	0.999831983216163
ENSMUSG00000020527	253.36858943586	-0.150104591736756	0.113787648486745	-1.31942993013904	0.187025421158449	0.999831983216163
ENSMUSG00000018809	413.556187191304	-0.00116215857696326	0.105796770650892	-0.0109847233425973	0.991235635098041	0.999831983216163
ENSMUSG00000020831	100.456128584935	-0.00670779754903474	0.121702307144926	-0.0550917398794835	0.956065376773433	0.999831983216163
ENSMUSG00000020782	57.4184716425818	0.0238042042757058	0.116384413131875	0.204083472628679	0.838288269469615	0.999831983216163
ENSMUSG00000002812	2873.74464489694	0.088589961476732	0.0815597794415394	1.0861306013632	0.277421215325691	0.999831983216163
ENSMUSG00000025137	2781.91682715672	-0.00414619083363653	0.0981180146886799	-0.0422561223266847	0.966294523331307	0.999831983216163
ENSMUSG00000016940	2711.29230029708	0.155417803861848	0.0890154482598313	1.74555605849343	0.0808881234008716	0.999831983216163
ENSMUSG00000006575	5978.38834585961	-0.0529377750307365	0.0819784668574615	-0.645781542638396	0.518420843007561	0.999831983216163
ENSMUSG00000049299	917.423942327785	0.0796025877274836	0.09609488061815	0.828298850282278	0.407501273804904	0.999831983216163
ENSMUSG00000049957	897.521151780499	0.00903300280889231	0.0937522792739919	0.0963483087396349	0.923243944692492	0.999831983216163
ENSMUSG00000020811	3152.60105699284	-0.102485785185418	0.0811098686227485	-1.26362083618672	0.206366151273655	0.999831983216163
ENSMUSG00000032740	3732.75656108787	-0.0990278647234406	0.104606319425696	-0.947169753006157	0.343552285523048	0.999831983216163
ENSMUSG00000020455	930.570925751646	-0.00403035548421061	0.0926613901747676	-0.0434944856469928	0.965307360184414	0.999831983216163
ENSMUSG00000000686	28.8953223325747	5.55094288267671e-05	0.100494761036384	0.000552748572805081	0.999558970470211	0.999831983216163
ENSMUSG00000020841	4465.1709405797	-0.0559263896630519	0.0916913372231607	-0.610014455712106	0.541852231720108	0.999831983216163
ENSMUSG00000018449	603.335852640352	-0.021000054121381	0.10926898264353	-0.192196648168358	0.847588171334128	0.999831983216163
ENSMUSG00000039670	111.792744397869	0.00173690611244409	0.121679826659539	0.0142775693460998	0.988608534877373	0.999831983216163
ENSMUSG00000020464	1592.48611156495	0.0800017872737174	0.0869284578515151	0.920290282092435	0.357421086016161	0.999831983216163
ENSMUSG00000018677	1731.45555201505	-0.0342141391837206	0.0872071719902755	-0.392336019182905	0.694809953197514	0.999831983216163
ENSMUSG00000020886	13073.5807357569	-0.0947528343026841	0.0766988193129031	-1.23548011167406	0.216651873825523	0.999831983216163
ENSMUSG00000017291	8919.21333019612	-0.0154120020086966	0.0989318417467566	-0.15579399799437	0.87619540176459	0.999831983216163
ENSMUSG00000051355	395.280944812543	0.0540032940907879	0.107909538707047	0.500399817119821	0.616793582107204	0.999831983216163
ENSMUSG00000005267	889.571407517305	0.000299804869596719	0.096739330976262	0.00309984267859031	0.997526687346856	0.999831983216163
ENSMUSG00000018363	1816.71405302137	0.015747425426892	0.0911782907465776	0.172713533748743	0.862876605272457	0.999831983216163
ENSMUSG00000057054	98.0329615764071	-0.0821767067344338	0.121776249361989	-0.675898602670867	0.499105024969718	0.999831983216163
ENSMUSG00000025140	71.5507989936349	-0.0731363907599072	0.120253179872802	-0.609428218947405	0.542240638163968	0.999831983216163
ENSMUSG00000020922	1105.33708812905	-0.0372065408207355	0.0969360181487146	-0.383834476025265	0.701101133525927	0.999831983216163
ENSMUSG00000018474	7082.80372868974	-0.0159842102876816	0.0771169726118582	-0.207274592102925	0.835795415824651	0.999831983216163
ENSMUSG00000037601	1090.24528277762	0.156993641192334	0.104014887958754	1.50851961651151	0.131421589941107	0.999831983216163
ENSMUSG00000007646	271.308749673683	-0.0941606532269254	0.115708795134259	-0.813874860871084	0.415716643578576	0.999831983216163
ENSMUSG00000020721	2940.34185288424	-0.0551923531116168	0.0969361918990037	-0.569465047506352	0.569040584192686	0.999831983216163
ENSMUSG00000034993	827.354066874595	0.124956174101076	0.10995938348347	1.1355681277368	0.256137354239649	0.999831983216163
ENSMUSG00000050538	2237.21211640195	0.113033441771935	0.0885724751666614	1.27598078897093	0.201962310225668	0.999831983216163
ENSMUSG00000025375	8844.17627091836	0.0107688448150041	0.0859889170169719	0.125233187941476	0.900338943881206	0.999831983216163
ENSMUSG00000045532	174.904614610843	0.118261785460359	0.119125416898343	0.991762353711376	0.321313466005449	0.999831983216163
ENSMUSG00000059995	1809.88149698193	0.0711022011713707	0.0873416759036137	0.814019506687454	0.41563377617802	0.999831983216163
ENSMUSG00000041695	242.331112256735	0.0237961730566566	0.101932602265442	0.232571137409176	0.816094441786204	0.999831983216163
ENSMUSG00000018395	8284.42249487773	0.0609496051915992	0.0798435564222689	0.763323957528482	0.445270217682318	0.999831983216163
ENSMUSG00000044056	44.800119978551	0.0842898836505327	0.112606066923947	0.744916552743025	0.456322167828837	0.999831983216163
ENSMUSG00000020744	1750.26270984929	0.00364213065631042	0.0895151116505872	0.0406865429181409	0.967545789908408	0.999831983216163
ENSMUSG00000020297	4275.70228256696	0.101357317729148	0.104918972696686	0.965561263551721	0.334263766478439	0.999831983216163
ENSMUSG00000038967	6100.15067685299	0.0884967908930166	0.0941723864860828	0.939518064884986	0.347464821715979	0.999831983216163
ENSMUSG00000037278	343.432909551355	-0.0691976168171637	0.111381230413913	-0.621390607254614	0.534342650586292	0.999831983216163
ENSMUSG00000040667	2154.02344094914	0.0552651655983691	0.0852032425017341	0.648597134275774	0.516598808299417	0.999831983216163
ENSMUSG00000017405	122.124991705225	-0.0145233361367731	0.121570545868082	-0.119508545751578	0.904872470028691	0.999831983216163
ENSMUSG00000020720	2931.784097834	0.0757163133209548	0.0821469611957787	0.92167672869312	0.356697222633094	0.999831983216163
ENSMUSG00000018559	1481.06266645257	-0.0875909044075142	0.100053573045393	-0.875578189840854	0.381259386417011	0.999831983216163
ENSMUSG00000020918	1426.89505360758	0.0359438032522633	0.0884308669454441	0.406457668069168	0.684406354798805	0.999831983216163
ENSMUSG00000010554	1711.62389632074	-0.0763400058494692	0.0887908667191111	-0.859845295326739	0.389874327038276	0.999831983216163
ENSMUSG00000005204	2770.30038645547	-0.0698306563404311	0.0957167683258546	-0.729653734063429	0.465601868073243	0.999831983216163
ENSMUSG00000002814	380.591731246983	-0.00220661869296435	0.107421446064809	-0.0205421881487163	0.983610857891583	0.999831983216163
ENSMUSG00000020522	1632.19894570915	-0.092848229765644	0.0953225985346332	-0.97423701801174	0.329938868370498	0.999831983216163
ENSMUSG00000049323	2319.69682413892	0.0931234298456631	0.0908903601165514	1.02445896334594	0.305618544118622	0.999831983216163
ENSMUSG00000018427	1841.56814675059	-0.0605014037816938	0.0915294909851177	-0.661071255705671	0.508566618080761	0.999831983216163
ENSMUSG00000020459	1130.6551735684	-0.0857937065873813	0.10124509527268	-0.847509180346175	0.396711372250608	0.999831983216163
ENSMUSG00000018727	131.745097013579	-0.121210966058186	0.121245321688134	-1.00055620140434	0.317041413805398	0.999831983216163
ENSMUSG00000044072	1312.59418366671	0.0226551630934267	0.0980252822968262	0.231121034528931	0.817220774271863	0.999831983216163
ENSMUSG00000040528	23.9081730099665	-0.0182333774299666	0.0948431234592385	-0.192646191523937	0.847236066857557	0.999831983216163
ENSMUSG00000020357	146.098196436406	0.0772203304232303	0.121722987226503	0.633407918954173	0.526467295037309	0.999831983216163
ENSMUSG00000009075	1956.56296044067	0.0512576751306816	0.0910902631972942	0.562687001086215	0.573648037312167	0.999831983216163
ENSMUSG00000060600	359.372918811603	0.180560145094101	0.113064042978109	1.59526822626192	0.110652267663246	0.999831983216163
ENSMUSG00000059534	1043.32066516755	0.136040248831714	0.104799973836628	1.29749215559043	0.194461902444389	0.999831983216163
ENSMUSG00000001100	3456.00976866709	-0.0286753852367062	0.0799921676088665	-0.358481699769694	0.719982860603384	0.999831983216163
ENSMUSG00000069892	52.4524781187194	0.100184719198562	0.112151166179069	0.888310045832728	0.374373997405637	0.999831983216163
ENSMUSG00000018239	258.110680201941	-0.0575016249008653	0.115910403482309	-0.496090544050039	0.619830530412523	0.999831983216163
ENSMUSG00000020903	675.881603201538	-0.020973987803379	0.0991661088137082	-0.211499140739419	0.832497802638265	0.999831983216163
ENSMUSG00000020697	1179.65634715059	-0.126881272867462	0.0962959373401229	-1.31789825157561	0.187537711091685	0.999831983216163
ENSMUSG00000003934	2174.44387710513	-0.0599272363983728	0.0830178733096358	-0.721875001658655	0.470371331885588	0.999831983216163
ENSMUSG00000018849	1447.45744484902	0.103282251877676	0.0919785989369026	1.12279744654768	0.261523530096421	0.999831983216163
ENSMUSG00000025582	23935.4685518674	-0.0059213807952732	0.0918535242832226	-0.0644656082181688	0.948599490794652	0.999831983216163
ENSMUSG00000011877	4371.4548873413	0.0683068556856949	0.0819190025066777	0.833782062947794	0.404403804819955	0.999831983216163
ENSMUSG00000044795	1726.33879956332	-0.0565999608349609	0.0957953289849012	-0.590894261655401	0.554591271099694	0.999831983216163
ENSMUSG00000025170	97.3232351925461	-0.0114596520127818	0.121459765066442	-0.0943861516575669	0.924802416069386	0.999831983216163
ENSMUSG00000020496	10788.7005730328	-0.00866545734069588	0.0755765204620558	-0.114658106627385	0.908716120927428	0.999831983216163
ENSMUSG00000069631	970.216412040723	0.124803455415503	0.0970359589260988	1.2859242052595	0.198469515174126	0.999831983216163
ENSMUSG00000062115	1983.22146457817	0.0600324187194783	0.0865157692976611	0.693862660966788	0.487768341769883	0.999831983216163
ENSMUSG00000034931	1850.76535990257	-0.14175216946598	0.0992333701717971	-1.42899700497285	0.153005094267601	0.999831983216163
ENSMUSG00000006057	2946.52980480377	-0.0994799608678991	0.0853624368238848	-1.1654899354219	0.243820731842371	0.999831983216163
ENSMUSG00000018387	200.720252752554	-0.0510261593218312	0.117284514581245	-0.435122894842662	0.66347322588347	0.999831983216163
ENSMUSG00000020829	88.9601386231247	-0.0346909856962017	0.121130122353859	-0.286594544204912	0.774422792369804	0.999831983216163
ENSMUSG00000034570	5375.30548224756	-0.0149997117185059	0.0921042536958486	-0.162858369841437	0.870629949193531	0.999831983216163
ENSMUSG00000034714	2725.30892701495	-0.13355197474875	0.0841426498957458	-1.58733265744634	0.112437322535326	0.999831983216163
ENSMUSG00000018733	518.765621980562	-0.0754472076534378	0.108241443904296	-0.697137981280083	0.485716446807381	0.999831983216163
ENSMUSG00000042506	6489.28080560151	0.0166795498363244	0.0790898665973726	0.210890475424267	0.832972736502504	0.999831983216163
ENSMUSG00000001240	705.931022202519	-0.180921767225438	0.101420559941896	-1.7841509613273	0.0743991382788236	0.999831983216163
ENSMUSG00000001552	5213.27209506191	-0.129769292657778	0.0842424027824022	-1.54063787572604	0.123404944333216	0.999831983216163
ENSMUSG00000057219	178.385233386587	0.140011146781979	0.118496713646089	1.18051626967009	0.237794943457292	0.999831983216163
ENSMUSG00000078607	216.382407962305	0.156325043567916	0.118886687956135	1.31271922998694	0.189277575314621	0.999831983216163
ENSMUSG00000041629	130.276131801857	-0.0507120043543777	0.121566220676491	-0.417337858738466	0.676431300685335	0.999831983216163
ENSMUSG00000020149	4288.021994411	-0.0790376434997319	0.0855569928916459	-0.923882906357676	0.355547283772815	0.999831983216163
ENSMUSG00000020701	678.082205246094	-0.00576114354590673	0.102676811866351	-0.0561151220916318	0.955250097233536	0.999831983216163
ENSMUSG00000020530	3492.19726180854	0.0107213543480553	0.0829530158734337	0.129247037715499	0.897162177596056	0.999831983216163
ENSMUSG00000038534	645.436518112638	0.0851612984903196	0.101316893017791	0.840413986079054	0.400676310011901	0.999831983216163
ENSMUSG00000013646	2234.35377039111	-0.0490085936643299	0.0846820328976152	-0.57875013414193	0.56275778255476	0.999831983216163
ENSMUSG00000001029	71.6908075200121	0.0955618321699524	0.119763050831806	0.795456457971827	0.426348029638692	0.999831983216163
ENSMUSG00000017210	2888.93553178494	0.0610737846822034	0.0862148882467878	0.708334936443349	0.478737286436278	0.999831983216163
ENSMUSG00000020898	1121.46946129269	0.0265566937132214	0.0967300372041322	0.274515771130355	0.783688285369052	0.999831983216163
ENSMUSG00000000861	488.443900547775	0.0267351691948824	0.10735980078913	0.249047483630495	0.80332405165613	0.999831983216163
ENSMUSG00000025138	978.673123985176	0.0636963171857071	0.0979240456122844	0.65037032912724	0.515453038261577	0.999831983216163
ENSMUSG00000023170	926.786618710985	0.0681285190869373	0.102677119935217	0.663333851488356	0.507116760767162	0.999831983216163
ENSMUSG00000020930	31.1875153393629	0.0989687093494667	0.105690789026892	0.929635849707114	0.352559659269721	0.999831983216163
ENSMUSG00000018442	1386.95793263038	-0.0844509508294524	0.0910100441389617	-0.927955506084489	0.353430650156901	0.999831983216163
ENSMUSG00000018599	430.710379983556	0.0724058560765803	0.108827727019751	0.66513099375794	0.505966712409305	0.999831983216163
ENSMUSG00000018920	15.8662520713393	-0.0576577184037634	0.0857913568170465	-0.68162638066523	0.495475229431749	0.999831983216163
ENSMUSG00000042148	608.380355195746	0.0768338942587546	0.0997959540594018	0.769852398442779	0.441387453356064	0.999831983216163
ENSMUSG00000005417	14995.2700742439	-0.113544405940729	0.084765711364762	-1.33973423979385	0.180331761644254	0.999831983216163
ENSMUSG00000038485	6597.92693666951	-0.0779068315033361	0.0815669040074311	-0.955203960151744	0.339474563550801	0.999831983216163
ENSMUSG00000020388	254.591703272301	-0.20159618112431	0.115164395795482	-1.75134997017999	0.0798856451250247	0.999831983216163
ENSMUSG00000038057	19.7146570842366	0.0274244565274367	0.0930623394706348	0.293577359804398	0.769080878061979	0.999831983216163
ENSMUSG00000072582	589.620073389666	0.0531850276235633	0.100479955210368	0.529301013671942	0.596596652525602	0.999831983216163
ENSMUSG00000054519	489.958514842414	0.051869231089059	0.105833825332402	0.4900289742725	0.624113396068254	0.999831983216163
ENSMUSG00000094091	25.5107203602965	0.0692013399052708	0.0997286646507943	0.688040003569335	0.491427590247639	0.999831983216163
ENSMUSG00000020116	997.988316260038	-0.0393496890902601	0.0964969754996864	-0.407812006576574	0.683411698127735	0.999831983216163
ENSMUSG00000056598	321.769098208862	0.124470886720359	0.114005474030429	1.09123542957304	0.275169301837283	0.999831983216163
ENSMUSG00000038255	3605.20202745308	-0.0948664572375744	0.107941199347737	-0.879392909586054	0.379188275240163	0.999831983216163
ENSMUSG00000006920	3206.28513252526	0.0282556654642878	0.0825839757043172	0.342140985341247	0.732244794761318	0.999831983216163
ENSMUSG00000018411	16713.9731185192	0.0239666614304345	0.0863877409196221	0.277420444456543	0.781457285055388	0.999831983216163
ENSMUSG00000020876	986.918304174936	0.0502228977860144	0.0927704755980044	0.541342252734843	0.588271702286168	0.999831983216163
ENSMUSG00000005198	4139.95790394699	0.138652554502746	0.100363758216581	1.38081772588661	0.167335011865297	0.999831983216163
ENSMUSG00000017747	227.735764960908	-0.0668083235477969	0.119088713757101	-0.561195712466471	0.574664125486736	0.999831983216163
ENSMUSG00000040594	501.5078646057	-0.036539598810427	0.104590928110047	-0.349396548289892	0.726791624308577	0.999831983216163
ENSMUSG00000018405	351.367380716479	0.0757751261917146	0.114042756881628	0.664283395786911	0.506508946188766	0.999831983216163
ENSMUSG00000014243	190.587475344086	-0.0303486007134681	0.11830257979443	-0.256598496698625	0.797488735617995	0.999831983216163
ENSMUSG00000052949	3730.17608149039	0.103693713840358	0.0859273397022989	1.20661749457082	0.22757948617942	0.999831983216163
ENSMUSG00000003581	866.125880042997	0.0139312502787066	0.10002904911424	0.139262893161172	0.88924241106609	0.999831983216163
ENSMUSG00000041165	23.8527572193884	-0.058984281095963	0.0957484400213948	-0.621730939868102	0.53411880350159	0.999831983216163
ENSMUSG00000020888	698.760299224697	-0.0116911438777335	0.102154529502373	-0.114441979374517	0.908887437844445	0.999831983216163
ENSMUSG00000040599	1097.81120570382	-0.0447375511468352	0.105124985779857	-0.425674766603712	0.670344851420589	0.999831983216163
ENSMUSG00000020844	1290.54107904396	-0.125744850952953	0.0923585461523894	-1.36155755116524	0.17333755934466	0.999831983216163
ENSMUSG00000001039	627.008981418845	-0.0079253351832126	0.106107772032039	-0.0746908018821101	0.940460726265976	0.999831983216163
ENSMUSG00000046756	650.035225782699	-0.0373891371839821	0.100683355761444	-0.371350401399805	0.710376562486915	0.999831983216163
ENSMUSG00000020882	725.875534278773	0.119769633226468	0.0984948627670269	1.21589972332771	0.224023123507259	0.999831983216163
ENSMUSG00000071866	14728.2769979852	0.0854600131909294	0.0931644571043396	0.917109069616619	0.359085488915664	0.999831983216163
ENSMUSG00000041189	162.952428179773	-0.144996978572079	0.119731683439684	-1.21215744871375	0.225452116266805	0.999831983216163
ENSMUSG00000020334	3774.67770215092	-0.0633376865475375	0.0795270042192077	-0.796454718514405	0.42576778471893	0.999831983216163
ENSMUSG00000039307	692.728365975588	-0.0743729850114199	0.103605520315564	-0.717869405454851	0.472837813690676	0.999831983216163
ENSMUSG00000017446	64.8313157837347	-0.166896562506942	0.117511538968526	-1.43016415803072	0.152669909754435	0.999831983216163
ENSMUSG00000038208	239.275811186818	-0.137207685398776	0.116261801888371	-1.18048885656192	0.237805839904544	0.999831983216163
ENSMUSG00000010362	174.817276080836	0.0233514836294155	0.120416228927996	0.193909675826922	0.846246607285949	0.999831983216163
ENSMUSG00000020122	877.026829526843	-0.191484906279748	0.10786022988014	-1.77681323247548	0.0755989739913029	0.999831983216163
ENSMUSG00000020134	1631.85395511958	-0.0767357360158438	0.0902945196787367	-0.849909901234088	0.39537518035386	0.999831983216163
ENSMUSG00000018574	1156.43885758489	0.0130929221852825	0.0934350915648514	0.140124367171341	0.888561728308802	0.999831983216163
ENSMUSG00000018537	1085.08891675395	-0.00850169761160655	0.108544800728388	-0.0783192473836516	0.93757410729022	0.999831983216163
ENSMUSG00000047904	38.6281894677755	0.0441690970173336	0.103546332987177	0.424532502818834	0.671177506429358	0.999831983216163
ENSMUSG00000048442	48.7300457378426	-0.0878674760101655	0.110177401170646	-0.802401335942461	0.422320840556109	0.999831983216163
ENSMUSG00000020397	1290.47339500265	-0.0915050705966057	0.0906058133232551	-1.01000459277138	0.31249308964076	0.999831983216163
ENSMUSG00000044950	1771.02505546387	-0.0487815609630341	0.0854192098294428	-0.57109662349086	0.567934147277207	0.999831983216163
ENSMUSG00000049154	25.6537925269853	0.0563353879338835	0.0984691073132039	0.567749435922606	0.570205118292081	0.999831983216163
ENSMUSG00000010358	94.0322896659174	0.0836242236281215	0.121361669816516	0.687606922728057	0.491700347576879	0.999831983216163
ENSMUSG00000020707	190.527464765867	-0.0834176946768054	0.118443222454879	-0.704456956463671	0.481148246683811	0.999831983216163
ENSMUSG00000018861	941.221404756706	0.0778378380839176	0.101234682513392	0.76872333782991	0.442057567434068	0.999831983216163
ENSMUSG00000020610	1922.67037946239	-0.0713582227690595	0.0888303240916627	-0.803337616716834	0.421779621373378	0.999831983216163
ENSMUSG00000020766	206.246108662955	-0.053397278918203	0.11824511461802	-0.451711336572838	0.651476950242641	0.999831983216163
ENSMUSG00000020289	438.020702801026	0.0495991077497499	0.105990947129215	0.467907731025759	0.639850574623566	0.999831983216163
ENSMUSG00000020364	623.576607353076	0.059264015480473	0.104884837077945	0.564990657847534	0.572080118503594	0.999831983216163
ENSMUSG00000020818	1018.72834891826	0.0664352521678837	0.0989035066934644	0.671618317887927	0.501826713700523	0.999831983216163
ENSMUSG00000020173	255.848764820181	0.18680356020375	0.121828685783166	1.52674606727121	0.126824167342951	0.999831983216163
ENSMUSG00000017716	12.8710847226026	-0.0137493877249638	0.0759302783055253	-0.181467228662732	0.856000853816581	0.999831983216163
ENSMUSG00000020315	28243.5162014504	-0.0164195392056934	0.0808498315083571	-0.203090434594276	0.839064348027899	0.999831983216163
ENSMUSG00000041623	187.869850567971	-0.17410944657294	0.119569658931515	-1.45735506872347	0.14501839302207	0.999831983216163
ENSMUSG00000020402	10115.2614190716	-0.00308148853253852	0.0752607366951983	-0.0409436855234253	0.967340790616872	0.999831983216163
ENSMUSG00000020283	2012.57291446466	0.0212950230985638	0.0860413930080461	0.247498615837621	0.80452236258713	0.999831983216163
ENSMUSG00000038615	8578.80907789926	0.10468487380138	0.0800458914187153	1.30768581528487	0.190979896460468	0.999831983216163
ENSMUSG00000018334	735.564908490339	0.0943102330621153	0.0963704306568672	0.978566162011735	0.327794385557719	0.999831983216163
ENSMUSG00000038013	3028.11088542423	0.00717556758867578	0.0921484975781768	0.0778681710098083	0.937932918364227	0.999831983216163
ENSMUSG00000049354	7146.56482806207	-0.105285533898306	0.0781332462700597	-1.34762325498742	0.177779587100524	0.999831983216163
ENSMUSG00000020848	3789.0965214057	-0.0924870425092149	0.0908109887258879	-1.01862769925387	0.308379748963446	0.999831983216163
ENSMUSG00000017376	1888.09102172774	0.0191193069399744	0.0878268490397383	0.217695395266416	0.827666451687375	0.999831983216163
ENSMUSG00000007653	19790.4016236889	-0.0448494300909996	0.0905908932915424	-0.495126498672565	0.62051082987042	0.999831983216163
ENSMUSG00000020381	161.599989046788	0.126663307005548	0.120480324969797	1.04994453242914	0.29374361550228	0.999831983216163
ENSMUSG00000039238	50.4031704562713	0.0736510322095891	0.114995813465975	0.637615209165998	0.523724192702274	0.999831983216163
ENSMUSG00000024414	892.990855897434	-0.102421835422721	0.100412415055	-1.02011202865295	0.30767533263478	0.999831983216163
ENSMUSG00000017713	113.075002429184	-0.00870064031939094	0.121839827460149	-0.0714013699322913	0.94307831934608	0.999831983216163
ENSMUSG00000034274	1152.35679392005	0.0700491329310012	0.0979702614710446	0.714877785306287	0.474684564910775	0.999831983216163
ENSMUSG00000018661	1827.5059474103	-0.0948438351012102	0.0865274616350704	-1.09614615202455	0.273014820229683	0.999831983216163
ENSMUSG00000042529	3545.78943147372	-0.165414450762561	0.10537403271689	-1.57109004144714	0.116161735445141	0.999831983216163
ENSMUSG00000017692	373.531802389826	0.0164146293145283	0.108058571664863	0.151906363195912	0.879260789437583	0.999831983216163
ENSMUSG00000020399	61.0383901419627	0.105182500597564	0.116736647334491	0.896205059513649	0.370143253980362	0.999831983216163
ENSMUSG00000020349	15443.7313346198	-0.0980905021006202	0.0764702259505188	-1.28283204959301	0.199550923063475	0.999831983216163
ENSMUSG00000018583	2581.35877049349	-0.00516809922572331	0.0824319960948323	-0.0626952357182353	0.950009191277969	0.999831983216163
ENSMUSG00000000384	1230.71376148318	-0.034555046890266	0.0904066683109704	-0.382213879776363	0.702302727431342	0.999831983216163
ENSMUSG00000025577	197.696293704354	-0.141470501788817	0.117872570997404	-1.20084588384381	0.229810989465642	0.999831983216163
ENSMUSG00000019173	4044.61245362476	-0.0455078915941336	0.0837440983713384	-0.543432201938672	0.586832259149707	0.999831983216163
ENSMUSG00000018286	2535.0628073381	0.121324366805061	0.0949933723735676	1.27685406238521	0.201653774808497	0.999831983216163
ENSMUSG00000004394	3269.50787230297	0.0677884686226641	0.0839618909791047	0.807322694310484	0.41948059235334	0.999831983216163
ENSMUSG00000020794	3014.61182353498	-0.075770515889592	0.0827517779340984	-0.915693107019651	0.359827881368834	0.999831983216163
ENSMUSG00000020734	10226.8340726081	0.0124995459148582	0.0953341738541942	0.131107968601187	0.895689897546826	0.999831983216163
ENSMUSG00000016559	13861.8630308749	0.0484119043277513	0.083567242701298	0.579277792449937	0.562401747574534	0.999831983216163
ENSMUSG00000020515	1845.87357132818	-0.0238030790520843	0.0850693083517407	-0.279806798802454	0.779625735286868	0.999831983216163
ENSMUSG00000009356	85.2505120010767	0.0520558091183141	0.121505646784785	0.427863035147303	0.668750840791463	0.999831983216163
ENSMUSG00000097328	297.071794126113	0.0242354340767042	0.112418704435802	0.215554356487805	0.829335137567809	0.999831983216163
ENSMUSG00000017550	479.285767045105	0.0626709739268012	0.108985184286378	0.57495047967059	0.565324788561022	0.999831983216163
ENSMUSG00000018927	37.558905287357	0.0678088012727353	0.109422434146825	0.616765494027183	0.537389414859734	0.999831983216163
ENSMUSG00000050944	42.4424438473774	-0.050803053407746	0.108163195025535	-0.472709599737978	0.636420376793409	0.999831983216163
ENSMUSG00000000142	744.061808482528	0.0449327197389855	0.0997994706171286	0.450228580148803	0.65254563044024	0.999831983216163
ENSMUSG00000020447	59.4256328738348	-0.0195225673036623	0.118290424623874	-0.165098226920425	0.868866668573603	0.999831983216163
ENSMUSG00000035086	2168.10212867368	0.0120611777279375	0.0869428881398634	0.138726046420599	0.88966663504111	0.999831983216163
ENSMUSG00000040158	171.644973146557	-0.0258491486771359	0.119274554799833	-0.21673164256216	0.828417486859904	0.999831983216163
ENSMUSG00000020143	78.298361764377	0.0338774647548841	0.118653978465798	0.285262667731804	0.775442911919019	0.999831983216163
ENSMUSG00000018906	343.882868219065	-0.00756080629375145	0.11197575704872	-0.0675172387049579	0.946169938837321	0.999831983216163
ENSMUSG00000017119	10162.8793819462	0.00248847752392479	0.0774957891325029	0.0321117346073313	0.974382945373803	0.999831983216163
ENSMUSG00000056752	94.7038874465301	0.157338205715177	0.121748335129034	1.28906459748228	0.197375630037388	0.999831983216163
ENSMUSG00000043029	23.7239430098085	0.0241848015415233	0.0951316443538034	0.253359097163838	0.799990732407723	0.999831983216163
ENSMUSG00000044894	2621.904488134	-0.0471183918738544	0.0933464316921216	-0.504814740075581	0.613688961918399	0.999831983216163
ENSMUSG00000018697	852.224342803839	-0.020487609019078	0.0954172849434224	-0.214721208622828	0.829984686143333	0.999831983216163
ENSMUSG00000020546	1066.21339696254	-0.0338826038006117	0.100566208182029	-0.336928779655616	0.736170589453228	0.999831983216163
ENSMUSG00000005237	98.1408755428442	0.0229177168984928	0.121868989314098	0.187952194069495	0.850914126809783	0.999831983216163
ENSMUSG00000019326	40.8002487277818	-0.184065217939306	0.107762356464189	-1.74059744060489	0.0817541665971717	0.999831983216163
ENSMUSG00000020901	23.3134594497001	0.0419982032160067	0.0958046692571021	0.435844644001998	0.662949450347102	0.999831983216163
ENSMUSG00000039963	62.1292068079976	0.0258735082304734	0.117592512384935	0.219955405256872	0.825905885595125	0.999831983216163
ENSMUSG00000034664	37.5894896512763	0.155156221431503	0.109400829697824	1.40314636869275	0.160573196499103	0.999831983216163
ENSMUSG00000018486	75.4981003166553	0.0254778202610689	0.119323657716754	0.21346782748478	0.830962080726383	0.999831983216163
ENSMUSG00000097487	13.5161807937583	0.0414194190846259	0.0811558077933528	0.505483879664428	0.613219017977843	0.999831983216163
ENSMUSG00000017802	4204.50283766706	-0.0800324462652569	0.079814904462694	-1.00277418661462	0.315969826203988	0.999831983216163
ENSMUSG00000020773	100.461027751087	-0.173804482432862	0.121786021060213	-1.43102090347703	0.152424224311489	0.999831983216163
ENSMUSG00000017781	12051.2836153342	-0.02200714910254	0.0782501474849041	-0.281246605543954	0.778521260573144	0.999831983216163
ENSMUSG00000008855	3520.90536170572	-0.090397432776513	0.0820665927410308	-1.10157288347903	0.270647402506867	0.999831983216163
ENSMUSG00000017400	1298.3509399981	0.159412085375918	0.102107073922715	1.56035171518727	0.118676788558519	0.999831983216163
ENSMUSG00000046909	218.016939257596	0.0227314344734574	0.116906611025044	0.194454427540519	0.845820076127534	0.999831983216163
ENSMUSG00000025792	390.766945377306	0.0456910927175246	0.113310665868992	0.403126688192893	0.686855028238928	0.999831983216163
ENSMUSG00000020532	2475.85053287488	0.0271219679396562	0.0978683128757514	0.277118812250198	0.781688877202	0.999831983216163
ENSMUSG00000020706	1026.83714141467	0.0780154530750489	0.0943782743408009	0.826581521859696	0.408474294252954	0.999831983216163
ENSMUSG00000020691	594.288888373036	-0.156363919329242	0.107578958902175	-1.45399152514995	0.145948655828072	0.999831983216163
ENSMUSG00000040938	81.1408591772454	-0.0880372548385407	0.121204373831193	-0.727730589671001	0.466778521102742	0.999831983216163
ENSMUSG00000038020	1549.51357308682	-0.0629986712694436	0.0995593964277732	-0.632848363024302	0.526832670870888	0.999831983216163
ENSMUSG00000020884	281.840298895047	-0.143590849314709	0.114215814324092	-1.25788234162005	0.208434310764805	0.999831983216163
ENSMUSG00000020261	2256.89473761506	-0.0735543830876699	0.0908409241469414	-0.809782166284658	0.41806538405711	0.999831983216163
ENSMUSG00000043372	405.707316738831	0.0932609318832389	0.107159831062037	0.870253743341321	0.384161751603916	0.999831983216163
ENSMUSG00000045671	4734.83721981743	-0.0661602233685122	0.0809568355416858	-0.817275725598123	0.413770875715661	0.999831983216163
ENSMUSG00000014606	2981.78346854734	0.0908762484569782	0.0833874296478648	1.08973466464865	0.2758300415953	0.999831983216163
ENSMUSG00000020393	696.24647896388	-0.0542230613540392	0.104898537076865	-0.516956747756266	0.605186352256394	0.999831983216163
ENSMUSG00000020783	1354.05008227636	-0.0946912357290012	0.0941186304241734	-1.00620506554085	0.314316935953684	0.999831983216163
ENSMUSG00000034652	388.441988340418	-0.0982101199003858	0.111758337948413	-0.879001199047199	0.379400625708335	0.999831983216163
ENSMUSG00000020476	1805.64662558449	-0.0568824240126855	0.0844799239461961	-0.673333350498268	0.500735240000291	0.999831983216163
ENSMUSG00000038845	2336.97793487982	0.0172124816966384	0.0855928756489455	0.201095754094157	0.840623701923766	0.999831983216163
ENSMUSG00000020612	27916.243331131	0.0442474338665938	0.0798056950888505	0.554413908962001	0.57929560929646	0.999831983216163
ENSMUSG00000019303	95.7621096112114	0.14497085734105	0.121729199774579	1.18704017688169	0.235211773319718	0.999831983216163
ENSMUSG00000020857	96.8720478205354	-0.0115203500298614	0.121863185825766	-0.094540722145994	0.924679635692698	0.999831983216163
ENSMUSG00000047126	25647.0776044402	0.047522610962669	0.0842723817023014	0.563879718707105	0.572835993550372	0.999831983216163
ENSMUSG00000018379	14145.7730851933	0.0884883872672369	0.0778138920919157	1.13708825167632	0.255501394697905	0.999831983216163
ENSMUSG00000018882	1289.66524633422	0.0050036799748767	0.0892131941713865	0.0560859630350769	0.955273326211848	0.999831983216163
ENSMUSG00000043099	159.441487418869	-0.0683276369198359	0.120203796371804	-0.568652647386645	0.569591888875609	0.999831983216163
ENSMUSG00000000049	10.6437325371439	-0.0203016563995194	0.0734439127485236	-0.279138745535095	0.780138349749058	0.999831983216163
ENSMUSG00000069793	13.4243505425228	0.0493668527935527	0.0785424439828156	0.621002847877835	0.534597749391277	0.999831983216163
ENSMUSG00000069744	1518.56401143481	-0.00356925421619264	0.0945580035564187	-0.0377463727633767	0.969889902203151	0.999831983216163
ENSMUSG00000041231	2984.87275218739	0.0750023252226034	0.0836909984389999	0.896135541935276	0.370180376645015	0.999831983216163
ENSMUSG00000050270	53.3623750384837	0.0484460196477544	0.114707961656111	0.421419088294369	0.67344908295623	0.999831983216163
ENSMUSG00000014349	3533.39670648279	-0.0142411641515847	0.0832741071050687	-0.17101721909895	0.864210226169525	0.999831983216163
ENSMUSG00000020358	3063.86160525647	-0.0281615352884218	0.0819566178240608	-0.343624319517078	0.731128832904081	0.999831983216163
ENSMUSG00000036309	11056.3461164087	0.0683193260100887	0.0855615775854697	0.79840129804732	0.424637650252647	0.999831983216163
ENSMUSG00000020549	1022.08683917534	-0.0291231309395798	0.091435049588551	-0.318508894171168	0.750098949106199	0.999831983216163
ENSMUSG00000002580	642.555940593234	0.0588954603240651	0.104606131301289	0.562965543621605	0.57345834701701	0.999831983216163
ENSMUSG00000034685	1829.79948740786	0.00427556144115537	0.0866379515602003	0.0493496357949374	0.960640664032277	0.999831983216163
ENSMUSG00000020807	72.5945432671055	-0.038749401961375	0.119886637466795	-0.323453538316227	0.746351788944413	0.999831983216163
ENSMUSG00000053519	2392.73322975899	0.0316242214411621	0.0892694593227911	0.354252039746724	0.723150006837046	0.999831983216163
ENSMUSG00000020828	537.027359556364	-0.129485511390341	0.103838407882707	-1.2471300932227	0.212349800293063	0.999831983216163
ENSMUSG00000048497	210.691204168579	0.0745993431857193	0.12068146075673	0.617499566404945	0.536905267179518	0.999831983216163
ENSMUSG00000037533	1982.90217883872	0.0751842106904201	0.0940667535701677	0.799193020650515	0.424178498271446	0.999831983216163
ENSMUSG00000019437	925.170367805312	-0.10658521845134	0.0956285151683263	-1.1146965545788	0.264980477978921	0.999831983216163
ENSMUSG00000020407	20.3535448087398	0.094499611490167	0.0883852742402809	1.04988747645505	0.293769850114779	0.999831983216163
ENSMUSG00000020865	29.2110320219981	0.0764187467730783	0.103297583730227	0.735003010252437	0.462337660818835	0.999831983216163
ENSMUSG00000019301	29.4722357057425	0.121453259440247	0.1037190373654	1.15897650969689	0.246465760178852	0.999831983216163
ENSMUSG00000038178	4423.3299066885	-0.137286029275922	0.104783613162164	-1.3110868796834	0.189828412939501	0.999831983216163
ENSMUSG00000000632	3306.64675901148	0.0915322243592643	0.0840240088582608	1.08925091263023	0.276043252917676	0.999831983216163
ENSMUSG00000089876	71.8629434753111	-0.0538851644967086	0.118872522794369	-0.454160263673627	0.649713480981728	0.999831983216163
ENSMUSG00000014245	286.124554086156	-0.0480211098272599	0.113790330228972	-0.422019446627124	0.673010823209818	0.999831983216163
ENSMUSG00000041278	1841.2147942769	0.0322244872553792	0.0852336199273335	0.378070368678101	0.705378319845894	0.999831983216163
ENSMUSG00000017167	9281.46348370022	-0.0150193807993402	0.0929319068330211	-0.161620591075699	0.871604641165606	0.999831983216163
ENSMUSG00000020926	8151.81781065169	-0.0710015726980533	0.103030135661363	-0.689353233354754	0.49060100590471	0.999831983216163
ENSMUSG00000017344	2367.67731833037	-0.0587804094753634	0.10913765144835	-0.538765908097705	0.59004839006697	0.999831983216163
ENSMUSG00000020267	4215.61757496591	0.138214378163946	0.0886579405723631	1.55863017705474	0.119083936353422	0.999831983216163
ENSMUSG00000013483	24.0461978339089	-0.0931946353390026	0.0959707403894511	-0.985584625512924	0.324336985581862	0.999831983216163
ENSMUSG00000017607	10.5751699774213	0.0921611029037241	0.0724157751447094	1.24433695298676	0.213375576208556	0.999831983216163
ENSMUSG00000020434	21.6833727525476	0.038673541189272	0.0938056468526597	0.410449616992108	0.68147615541847	0.999831983216163
ENSMUSG00000020908	11.3571410694605	0.107923748343238	0.0717210544359221	1.46832787203044	0.142015183471804	0.999831983216163
ENSMUSG00000018372	1715.39316237398	-0.0143556311904866	0.086558175256426	-0.165847659186329	0.868276838834044	0.999831983216163
ENSMUSG00000001440	6161.02597592828	-0.0387833672585623	0.0896230769700198	-0.432769940174275	0.665181913427283	0.999831983216163
ENSMUSG00000039294	1001.66280670875	0.0913441906768292	0.0949743860605704	0.961656327118003	0.336222267022096	0.999831983216163
ENSMUSG00000020366	10229.8979444385	0.0503922071271238	0.0783861383658412	0.642845751056569	0.520324193063046	0.999831983216163
ENSMUSG00000001493	33.6722546383248	0.121339574483435	0.104202958178326	1.15053789888672	0.249922394013799	0.999831983216163
ENSMUSG00000025144	129.196332790352	0.00715934211336277	0.121691784098938	0.0588022222562799	0.953109638421009	0.999831983216163
ENSMUSG00000038909	3562.06817929687	0.037647675062702	0.0804131415454024	0.468167475905131	0.639664828844029	0.999831983216163
ENSMUSG00000071415	2919.43305423924	0.134347379310055	0.0905911549340904	1.48270288392944	0.138153368080404	0.999831983216163
ENSMUSG00000059439	1502.25812132847	0.0361987527643447	0.0871304972723643	0.415448953870664	0.677813276211469	0.999831983216163
ENSMUSG00000038756	24.8502112371284	-0.0138298062132159	0.0959265298711187	-0.144749779306655	0.884908434801807	0.999831983216163
ENSMUSG00000000317	113.176403487088	-0.010246999512034	0.117940150491242	-0.0869031321597046	0.930748509838337	0.999831983216163
ENSMUSG00000040620	1879.17343795126	-0.0263567920183324	0.0859094134027438	-0.306797932218227	0.758997182263287	0.999831983216163
ENSMUSG00000020526	587.027598573574	0.125684000608567	0.100624073850079	1.24886862256446	0.211713129732862	0.999831983216163
ENSMUSG00000040712	6444.47422527527	-0.105724260515281	0.0843054974374535	-1.25421224769019	0.209764869324884	0.999831983216163
ENSMUSG00000018068	929.242490641274	0.0848688568206288	0.0942710530757477	0.900211618346875	0.36800764437658	0.999831983216163
ENSMUSG00000006931	366.500819240966	0.101394924405722	0.10860277449661	0.933366867356741	0.350630581199618	0.999831983216163
ENSMUSG00000000278	579.17884466171	0.0547157467300721	0.101204046629283	0.540587514896596	0.58879192529493	0.999831983216163
ENSMUSG00000025155	919.878198038913	0.0581274364011513	0.099122709423502	0.586343106761924	0.557644968531492	0.999831983216163
ENSMUSG00000020728	91.701745799963	-0.0706003092550328	0.12149982036421	-0.582159409811183	0.560459311116124	0.999831983216163
ENSMUSG00000034543	1823.2720091286	0.0389127573594658	0.0847765958378633	0.458994067406479	0.646238426341311	0.999831983216163
ENSMUSG00000020272	660.240554233422	-0.0286587720828314	0.114899870219802	-0.250062548121772	0.802538978283459	0.999831983216163
ENSMUSG00000020534	211.490588263282	-0.123997785698427	0.116595711328226	-1.06395107930783	0.287350861721481	0.999831983216163
ENSMUSG00000037926	1842.38383572099	-0.113924617965988	0.0929310434837007	-1.22613915301757	0.220146314163188	0.999831983216163
ENSMUSG00000025162	4472.9710036897	-0.0372967494688408	0.0791599198768592	-0.471169717097481	0.637519542293944	0.999831983216163
ENSMUSG00000045288	49.8708218833981	0.149806178709837	0.112975359583812	1.31396823600422	0.18885689376142	0.999831983216163
ENSMUSG00000020936	4546.6522374337	0.0615682425890776	0.0784591997174157	0.78468585896378	0.43263777584448	0.999831983216163
ENSMUSG00000050830	175.837059470497	0.10765847620676	0.121598492656628	0.882841771390328	0.377321767964346	0.999831983216163
ENSMUSG00000047773	60.3427919520374	0.141086477355276	0.117431946189413	1.19576016681375	0.231790164434185	0.999831983216163
ENSMUSG00000037992	375.266489504742	-0.057105830724371	0.116700506005119	-0.489464417091603	0.624512940268309	0.999831983216163
ENSMUSG00000020846	1383.24508382594	-0.0489421103107517	0.102276170435237	-0.478595739798471	0.632226249663768	0.999831983216163
ENSMUSG00000020792	2528.98848173852	0.0258998633049232	0.0832582420581	0.311070416517771	0.755747090409838	0.999831983216163
ENSMUSG00000020458	18713.0947873871	0.0703955433868823	0.0816674206529653	0.861908568877453	0.388737833272174	0.999831983216163
ENSMUSG00000044502	1810.41189560191	0.0358698204203455	0.0860631411724555	0.416771266157708	0.67684572148224	0.999831983216163
ENSMUSG00000058756	11759.6243915706	0.0406145637663157	0.0750909449021756	0.540856641676964	0.588606398181891	0.999831983216163
ENSMUSG00000020377	33.0487964701957	0.0337570263306567	0.104109201688107	0.322563554489011	0.747025798742593	0.999831983216163
ENSMUSG00000018761	1173.49778749092	-0.0852116993707404	0.0939471996220892	-0.907044052580675	0.364383502011834	0.999831983216163
ENSMUSG00000048076	7026.89494825116	0.00773621279247738	0.0795205603249272	0.0972851500616468	0.922499948592673	0.999831983216163
ENSMUSG00000036264	752.681196634003	-0.0636635660373783	0.107118241147542	-0.594482015035789	0.552189767857892	0.999831983216163
ENSMUSG00000049807	3348.72708475752	-0.0640949224768603	0.0796842253260813	-0.804388002049534	0.421172928139659	0.999831983216163
ENSMUSG00000017686	4199.13163678116	-0.0582816244581295	0.0795901648299526	-0.732301495681551	0.463984566628805	0.999831983216163
ENSMUSG00000020160	1653.9988204577	0.00267055721272726	0.108903966982304	0.0245212517336574	0.980436832378467	0.999831983216163
ENSMUSG00000019189	4206.15826287575	0.00684509136373112	0.0810741719344779	0.084430132504133	0.932714450536797	0.999831983216163
ENSMUSG00000020775	1109.01257710679	0.124677639965077	0.0944823280952617	1.31934258270156	0.187054607834359	0.999831983216163
ENSMUSG00000009079	9581.82968285466	0.00835152186282069	0.077997740991414	0.107073714509811	0.91473050004557	0.999831983216163
ENSMUSG00000020928	64.2598289626559	0.0225367624671836	0.118533342669271	0.189883868252538	0.849400133758394	0.999831983216163
ENSMUSG00000004040	1841.85537070742	0.0631202352678793	0.0861903450274858	0.732315002263722	0.463976324587071	0.999831983216163
ENSMUSG00000018845	27.0595200326676	-0.0940278280957046	0.0907418349743457	-1.06074024694884	0.288807964045498	0.999831983216163
ENSMUSG00000020712	11.216527072262	-0.012222933257158	0.0761815242931816	-0.160963734341682	0.872121963930312	0.999831983216163
ENSMUSG00000020810	1875.27540366039	0.14688918479995	0.08757876635664	1.67698332801882	0.0935457420438595	0.999831983216163
ENSMUSG00000020340	21970.8227591635	0.072867679460676	0.0870191225818595	0.83727187004538	0.402439767326554	0.999831983216163
ENSMUSG00000057181	3521.33095318184	-0.0414163368006169	0.0945730671713423	-0.437968794959719	0.661408904302948	0.999831983216163
ENSMUSG00000017837	562.379332187383	-0.182870793718797	0.104243476540534	-1.75453970493361	0.0793380726829008	0.999831983216163
ENSMUSG00000049588	116.586372378453	0.108068315152244	0.121835689906803	0.885653483031468	0.375804281892944	0.999831983216163
ENSMUSG00000009090	4661.63617264441	0.08347348499191	0.0783646111910351	1.06513360455555	0.286815474144529	0.999831983216163
ENSMUSG00000020873	1291.25375757741	-0.139774435162369	0.102734386384949	-1.36104366295875	0.173499891524723	0.999831983216163
ENSMUSG00000078789	202.067772635989	0.0928734079846361	0.120890348067518	0.767340379986867	0.442879166067629	0.999831983216163
ENSMUSG00000034187	19891.8307627402	0.13996367589427	0.0836173271303056	1.67354097629478	0.0942208469245321	0.999831983216163
ENSMUSG00000036391	1417.73431874902	-0.0286905802029026	0.0902107678164903	-0.318052373118505	0.75044520988087	0.999831983216163
ENSMUSG00000050860	104.86667612546	-0.124864417508559	0.120606390492623	-1.03886772515397	0.298866258509773	0.999831983216163
ENSMUSG00000025580	1656.30412102843	-0.0784947927132953	0.0874530489364708	-0.897581654026477	0.369408623394109	0.999831983216163
ENSMUSG00000000751	3141.91978601137	0.00511523024869204	0.0828608822416846	0.0617335800175073	0.950774997971709	0.999831983216163
ENSMUSG00000055805	1980.26370690879	-0.0852176915297875	0.0957194792317841	-0.890403633312649	0.373249192158316	0.999831983216163
ENSMUSG00000000202	982.329471010698	-0.119373526957707	0.0930016799008765	-1.28356281128945	0.199294968933421	0.999831983216163
ENSMUSG00000048807	720.701993576806	-0.0400264505092777	0.0971549538720409	-0.411973713255448	0.680358690481881	0.999831983216163
ENSMUSG00000018800	3701.33113339478	0.133159763423002	0.0947662156130724	1.40472980486775	0.160101639382919	0.999831983216163
ENSMUSG00000038046	528.347695625358	0.0453480101449738	0.104793258931542	0.432677952121017	0.665248749460398	0.999831983216163
ENSMUSG00000000093	47.6668956303741	0.0622754841342707	0.113813356418334	0.54510860460922	0.585678825058276	0.999831983216163
ENSMUSG00000044367	453.014502120564	-0.0255210259494383	0.10827327621106	-0.235693550188033	0.813670475122039	0.999831983216163
ENSMUSG00000053113	45.2048677408652	0.0593154066119713	0.111467154406718	0.530110998635582	0.596034973765459	0.999831983216163
ENSMUSG00000047342	369.766187946031	0.113754620433676	0.107999136392278	1.05305881444219	0.292314037299456	0.999831983216163
ENSMUSG00000020717	805.698747109604	0.0742135428475737	0.102908069998665	0.720969415883538	0.470928332102274	0.999831983216163
ENSMUSG00000049892	135.484759789161	0.0436611287157827	0.12049662462518	0.361346076081957	0.717840753481844	0.999831983216163
ENSMUSG00000040365	1380.8451733965	-0.0715110388630908	0.0972570610312906	-0.735339269131151	0.462132898132991	0.999831983216163
ENSMUSG00000034520	276.118972942657	0.0432729166762191	0.118590103264132	0.364651532430115	0.7153715423297	0.999831983216163
ENSMUSG00000020182	308.92698497824	0.165550310562981	0.10156245151752	1.59794477388933	0.110055268330292	0.999831983216163
ENSMUSG00000001445	509.906504998879	-0.0192028805209648	0.107556299467249	-0.178525775612209	0.858310080321874	0.999831983216163
ENSMUSG00000054079	872.844087656991	-0.0456986923462187	0.0961624748537256	-0.475257518936817	0.634603434088766	0.999831983216163
ENSMUSG00000053580	1697.8595660503	0.163758163613295	0.10689908692029	1.53068081275697	0.125848298106749	0.999831983216163
ENSMUSG00000034947	34.4301492404903	0.103574362449963	0.106280406899355	0.965840322723793	0.334124087960474	0.999831983216163
ENSMUSG00000051510	3450.26118701674	-0.0905746322002984	0.0866834426058917	-1.04499139425959	0.29602694692979	0.999831983216163
ENSMUSG00000018501	6423.76773785307	-0.159560998470721	0.0990217452276314	-1.61230399285488	0.106895804877027	0.999831983216163
ENSMUSG00000039850	714.392163812169	0.00690286054515571	0.105618244591492	0.0653480017997784	0.947896924081172	0.999831983216163
ENSMUSG00000020684	4086.08676814457	-0.104691619700814	0.0912901030816581	-1.14700224331186	0.251380693775702	0.999831983216163
ENSMUSG00000025134	1308.17785749365	-0.0809499789629146	0.0889404295866272	-0.910182465183723	0.362726289998576	0.999831983216163
ENSMUSG00000010025	2616.72769470987	0.0673511131132026	0.0838699515411129	0.802992094403236	0.421979303947754	0.999831983216163
ENSMUSG00000020859	23923.2152113843	-0.0148787618994331	0.0933250098932855	-0.159435608703728	0.873325686018323	0.999831983216163
ENSMUSG00000017188	1389.96338260909	0.0468093716010049	0.0957982372850966	0.48858811752846	0.625133327144622	0.999831983216163
ENSMUSG00000017615	1414.1868072871	-0.0876406074168069	0.0885926910237401	-0.989280393709298	0.322525973976752	0.999831983216163
ENSMUSG00000000804	5043.48791384232	0.0554295277717243	0.0890161772657049	0.622642916282901	0.533519202481114	0.999831983216163
ENSMUSG00000000581	1733.81841552703	0.117926274451777	0.0932152281134392	1.26490354524941	0.20590590633618	0.999831983216163
ENSMUSG00000015837	6140.29398970061	0.0748220293254569	0.084155743071814	0.889011268730159	0.373997023651143	0.999831983216163
ENSMUSG00000057522	8165.47404706605	-0.0684904125617611	0.100309960328282	-0.682965284532988	0.494628779243992	0.999831983216163
ENSMUSG00000019505	21613.3543647025	0.0153265588678212	0.0890499612292202	0.172107685924443	0.863352870434784	0.999831983216163
ENSMUSG00000002059	283.4594655314	-0.0308279178450858	0.113353381679773	-0.271945020842991	0.785664293600069	0.999831983216163
ENSMUSG00000017631	5237.04042670209	0.0368881731868269	0.0915838765834863	0.402758187319207	0.68712612353934	0.999831983216163
ENSMUSG00000035355	16.9821188087653	-0.034690461732831	0.0866263590792631	-0.404130294488897	0.686116908750004	0.999831983216163
ENSMUSG00000020492	540.420220114539	-0.032615585295152	0.101530168049071	-0.321235614167833	0.748031844969146	0.999831983216163
ENSMUSG00000020719	76380.8340006543	0.0479967750192786	0.0736058357580111	0.652055198119637	0.514365564497239	0.999831983216163
ENSMUSG00000040850	4044.89988237406	-0.0654733437650118	0.0830615104544504	-0.788306183120559	0.430517631843439	0.999831983216163
ENSMUSG00000020718	338.369744976554	-0.00610243729424497	0.11406886382813	-0.0534873572938165	0.957343603648367	0.999831983216163
ENSMUSG00000019312	355.740403542375	0.143504476516152	0.108579698291928	1.32120139947987	0.186434219819504	0.999831983216163
ENSMUSG00000035208	25.8559455737498	0.100189084560167	0.0951904219015963	1.03836917097178	0.299098216616702	0.999831983216163
ENSMUSG00000020755	1594.65477052294	-0.0553506164795092	0.0900728077142027	-0.614521891513149	0.538870511487455	0.999831983216163
ENSMUSG00000020409	2911.53038109922	0.0852403407495775	0.0833362813253152	1.02279109450056	0.306406629552762	0.999831983216163
ENSMUSG00000000125	563.217740604525	0.0369826978037988	0.10011267805659	0.369415185505095	0.711818280835246	0.999831983216163
ENSMUSG00000040699	774.175513765204	0.0202478453356751	0.105902089733127	0.191157380251312	0.848402293457501	0.999831983216163
ENSMUSG00000020413	836.848060681345	-0.0663321916089249	0.0937582994738999	-0.707477377402659	0.479269866423661	0.999831983216163
ENSMUSG00000020803	704.761432917766	-0.136306275637773	0.0984806318670901	-1.3842097488356	0.166294239131218	0.999831983216163
ENSMUSG00000018566	249.380592980631	0.136032511920879	0.115583948729458	1.17647764147175	0.239404061861381	0.999831983216163
ENSMUSG00000078656	69.2591150634356	-0.0497038314106168	0.119950284960162	-0.414899584789517	0.678215413801805	0.999831983216163
ENSMUSG00000020863	15017.4139112483	0.0214598827210557	0.0846650410652543	0.253462135449819	0.799911117544093	0.999831983216163
ENSMUSG00000017390	63510.6163090254	0.115527752328725	0.0794995922044799	1.45300158588498	0.146223313685176	0.999831983216163
ENSMUSG00000069763	339.131570482944	0.00252785353216323	0.114823366069341	0.0220137915858825	0.98243695410957	0.999831983216163
ENSMUSG00000025142	832.825294640622	-0.000823694963325413	0.098423560253562	-0.00836828159377206	0.993323155243802	0.999831983216163
ENSMUSG00000032673	186.637974194498	0.00413993516561154	0.119327400513237	0.0346930192533226	0.972324527407033	0.999831983216163
ENSMUSG00000025153	6385.56770769502	-0.00145251959189891	0.0856888207011612	-0.0169506555482674	0.986475981276475	0.999831983216163
ENSMUSG00000057113	5451.8311433034	0.1287508299731	0.0842884849376764	1.52727836210528	0.126691807665468	0.999831983216163
ENSMUSG00000049680	1950.63140475397	0.054339716164506	0.0878004159152885	0.618872197725582	0.536000555275293	0.999831983216163
ENSMUSG00000035172	1472.04804553816	-0.0541881536047712	0.0897614800489569	-0.603700799494532	0.54604258250103	0.999831983216163
ENSMUSG00000052921	630.077765870973	0.108963960403252	0.101203060361986	1.07645487054404	0.281723873835936	0.999831983216163
ENSMUSG00000020436	9851.67826655987	-0.0189549418638537	0.0877847416878736	-0.21593299041343	0.829039981040048	0.999831983216163
ENSMUSG00000018401	4407.90147702848	-0.0204793273834361	0.0794192828813035	-0.257866711610266	0.796509776495057	0.999831983216163
ENSMUSG00000057778	447.247141528059	-0.137849649513801	0.106028131112599	-1.30016836558513	0.193543270339603	0.999831983216163
ENSMUSG00000020375	1325.16041662413	0.119035226861639	0.0895923090987771	1.32855611379579	0.18399445902145	0.999831983216163
ENSMUSG00000020537	1902.41988936575	-0.00123118957122836	0.0867889628826151	-0.0141854996764093	0.988681988406421	0.999831983216163
ENSMUSG00000010080	766.704166890178	-0.103447471941024	0.104297695906513	-0.991981290353342	0.321206652307792	0.999831983216163
ENSMUSG00000048732	3106.4715885571	0.0331363894550975	0.0924120833841808	0.358557608911441	0.719926063939042	0.999831983216163
ENSMUSG00000020770	1319.50037750278	0.0188560686147408	0.0927298251819673	0.203332153008113	0.838875425939468	0.999831983216163
ENSMUSG00000058163	11.3555460197929	-0.0273804319435076	0.0763079504211655	-0.361907967948344	0.717420805434339	0.999831983216163
ENSMUSG00000025572	134.244552425509	0.117309250189032	0.121413394804404	0.964521486060557	0.334784541555767	0.999831983216163
ENSMUSG00000010803	35432.5919202478	-0.0440969446647609	0.0877260082581022	-0.502708375507827	0.615169320234097	0.999831983216163
ENSMUSG00000051790	8158.25830943288	-0.078910931004429	0.0878950885574	-0.897900452686434	0.369238623317005	0.999831983216163
ENSMUSG00000016984	909.093187555643	-0.0377722906754233	0.0983062297525012	-0.384263664801251	0.700783035798038	0.999831983216163
ENSMUSG00000020694	2526.45874185702	0.0416715393125258	0.0867326575618161	0.48045134887852	0.630906489390039	0.999831983216163
ENSMUSG00000001036	6133.79139515245	-0.0336979466721352	0.0780095542086946	-0.43197990216688	0.665756020343931	0.999831983216163
ENSMUSG00000017314	2744.38723056846	-0.0865111504869974	0.0816482622445769	-1.05960596671264	0.289323897978984	0.999831983216163
ENSMUSG00000020437	14.3968198954379	0.0751914838906053	0.0829252199257332	0.891882124151786	0.372456117029875	0.999831983216163
ENSMUSG00000020424	80.962400969708	-0.179714536774531	0.12072982520026	-1.49519804083603	0.134862764700315	0.999831983216163
ENSMUSG00000020333	11227.8595795691	0.0537755725803439	0.0802787816548645	0.669826605315289	0.502968331262229	0.999831983216163
ENSMUSG00000042331	6873.65800633124	0.0125977588981233	0.0907284761472047	0.138848528495463	0.889569845166972	0.999831983216163
ENSMUSG00000061306	2289.35896011668	-0.0270047751823888	0.0826937354202191	-0.326569651047964	0.743993400972564	0.999831983216163
ENSMUSG00000020430	1403.78966270139	-0.0859616412165227	0.106600872882804	-0.806651781012447	0.419867131966779	0.999831983216163
ENSMUSG00000061878	210.273592806966	-0.0836949906407416	0.117574445705242	-0.711982669716285	0.476475507681577	0.999831983216163
ENSMUSG00000004837	111.614921623084	-0.0850308777088042	0.121839130892504	-0.698560020909535	0.484827035787045	0.999831983216163
ENSMUSG00000020288	651.506012557532	-0.0796575448797838	0.101158850911991	-0.787520916422664	0.430976989061062	0.999831983216163
ENSMUSG00000038290	1217.9516743981	-0.0577481676310093	0.0941569579199922	-0.61338431124372	0.539622257203553	0.999831983216163
ENSMUSG00000040950	64.1687015755412	0.0204311265448015	0.118640224361152	0.172167468067564	0.863305872672911	0.999831983216163
ENSMUSG00000045377	68.426271837276	-0.000999846933183804	0.119461943130209	-0.00836987080391651	0.99332188728197	0.999831983216163
ENSMUSG00000018362	770.575791624293	-0.165919501784561	0.100510946216585	-1.65118101808123	0.0987016178757623	0.999831983216163
ENSMUSG00000020275	266.150706689047	-0.159590222489574	0.119414381164171	-1.3389217215626	0.180596157465102	0.999831983216163
ENSMUSG00000040978	69.3277211313173	0.0981070730172813	0.117501462111959	0.832118916455351	0.405341825426623	0.999831983216163
ENSMUSG00000035152	10587.1434490188	0.0038257255394566	0.082337460484379	0.0464644796887293	0.962940044595497	0.999831983216163
ENSMUSG00000017548	3395.30450646464	-0.0457275368539828	0.0961358078712302	-0.475718154247276	0.634275185588117	0.999831983216163
ENSMUSG00000001313	2792.07288503987	-0.0493967716264428	0.085696567861231	-0.576433854643576	0.564321966858306	0.999831983216163
ENSMUSG00000037935	2085.05781880303	-0.13265321884806	0.0832540584258172	-1.59341730484049	0.111066606174661	0.999831983216163
ENSMUSG00000018509	577.862277350912	-0.103659419186345	0.100720858775228	-1.02920032021099	0.303385551884965	0.999831983216163
ENSMUSG00000055333	20415.0735467494	-0.0471918065824208	0.0863169126397359	-0.546770382284892	0.58453649336368	0.999831983216163
ENSMUSG00000025793	2104.07775836884	-0.0274779880077945	0.0839149452708534	-0.32745507043861	0.743323719961155	0.999831983216163
ENSMUSG00000020462	4294.92395985353	0.0179851019333783	0.0849528148165717	0.21170593134415	0.832336460444115	0.999831983216163
ENSMUSG00000020463	1925.27535702351	-0.0706696229887382	0.0988762637042355	-0.714901368522015	0.474669991329982	0.999831983216163
ENSMUSG00000020528	1284.92751605642	0.0670925314582684	0.0905599906455053	0.740804537137748	0.458811963781019	0.999831983216163
ENSMUSG00000020362	4494.54393936047	-0.0528917328967712	0.0876787015342158	-0.60329700330522	0.546311126145455	0.999831983216163
ENSMUSG00000020921	508.695669480259	-0.112228185814075	0.102138444083079	-1.09880214409578	0.271854376797728	0.999831983216163
ENSMUSG00000020843	844.501979379369	0.132527086000194	0.0942101010294586	1.40660508012124	0.159544525854487	0.999831983216163
ENSMUSG00000053838	4233.23122019098	0.0671305294811345	0.0806588466741873	0.832236148188437	0.405275663741213	0.999831983216163
ENSMUSG00000020363	119.915017426344	-0.0280376534990219	0.1218190064778	-0.230304730342837	0.817854985119617	0.999831983216163
ENSMUSG00000018572	1453.41474883043	0.0368131319192757	0.0900905722778364	0.408615193371187	0.682822079012411	0.999831983216163
ENSMUSG00000020823	7310.18717645847	-0.0820423994362409	0.076828788570772	-1.06791594687286	0.285558428456	0.999831983216163
ENSMUSG00000020840	2216.22650821928	0.0134396551068769	0.0828049412008097	0.162303750734176	0.871066661184918	0.999831983216163
ENSMUSG00000017421	10322.5938026252	-0.0810942245750947	0.0751560894433718	-1.07906800260418	0.280557414022703	0.999831983216163
ENSMUSG00000020777	7380.76956367791	0.0405927747677086	0.0789917139201639	0.513870792657743	0.607342329035192	0.999831983216163
ENSMUSG00000037331	4292.63795068302	-0.0158056510936428	0.0825270003078643	-0.191522739167011	0.84811606699229	0.999831983216163
ENSMUSG00000020868	997.77635488482	-0.0201943501146251	0.0924688881492013	-0.218389473557923	0.827125666495347	0.999831983216163
ENSMUSG00000020319	206.761310784778	-0.0166554235971268	0.119602574379296	-0.139218798329534	0.889277254239039	0.999831983216163
ENSMUSG00000020303	91.9669438268642	0.102956471231522	0.120616925008669	0.850968788295758	0.394786691028051	0.999831983216163
ENSMUSG00000040610	278.427979893337	-0.12957660076717	0.118331693295742	-1.09578780627637	0.273171645951415	0.999831983216163
ENSMUSG00000034708	876.104628346051	-0.0372142187381649	0.0950098990785046	-0.391687820678696	0.695288890139179	0.999831983216163
ENSMUSG00000045667	43.5937492368379	-0.127057081231223	0.110461531913562	-1.16277127608076	0.244922314133413	0.999831983216163
ENSMUSG00000017428	2319.85560194238	-0.105794512479205	0.0923025827055886	-1.14632971920644	0.25165875050979	0.999831983216163
ENSMUSG00000018634	2903.48623025936	-0.0197494634778074	0.101846509535911	-0.193922343063172	0.846236688547159	0.999831983216163
ENSMUSG00000047284	4110.12270387959	0.0334840124611993	0.0817516940086413	0.409567895798715	0.682122951409173	0.999831983216163
ENSMUSG00000059248	358.743154227547	0.137416322980657	0.116551874501174	1.17745513055838	0.239013896421887	0.999831983216163
ENSMUSG00000035441	624.293065283266	-0.0677720405117294	0.100190588714604	-0.676431469443787	0.498766742756024	0.999831983216163
ENSMUSG00000020611	3038.23945397892	-0.00189705082122846	0.100327495654891	-0.018908355135764	0.984914214298855	0.999831983216163
ENSMUSG00000078920	54.6852077634292	0.196119217126021	0.114478738725479	1.69520655966157	0.0900362429775617	0.999831983216163
ENSMUSG00000041797	478.733697242554	-0.0929080724541749	0.104337435859709	-0.890477574105576	0.373209504864148	0.999831983216163
ENSMUSG00000018541	840.747042208509	-0.0722811372874881	0.0989154020862366	-0.730758420386575	0.464926724837671	0.999831983216163
ENSMUSG00000000276	3683.58232245594	0.030696674719798	0.0843889034026166	0.363742245634983	0.716050493683493	0.999831983216163
ENSMUSG00000044966	122.093630920968	0.0288662509245034	0.121802591832667	0.237003180670235	0.81265432273238	0.999831983216163
ENSMUSG00000018740	232.153498607055	0.0218701712991554	0.115202715539945	0.189811024675127	0.849457216509431	0.999831983216163
ENSMUSG00000020456	11342.5702818477	-0.0226640360692677	0.0792946639231471	-0.285826315671604	0.775011151588768	0.999831983216163
ENSMUSG00000025173	2107.05408349957	-0.0470902041816244	0.0862574796852042	-0.545948908196148	0.585101057838147	0.999831983216163
ENSMUSG00000005043	235.663869347165	-0.101962395766352	0.114923183299779	-0.887484445264906	0.374818137022108	0.999831983216163
ENSMUSG00000046605	190.706780477059	-0.134206607263794	0.118164209805986	-1.13646731237836	0.255761038348814	0.999831983216163
ENSMUSG00000050675	28.1407222090904	0.00869108255544779	0.101839817307978	0.0851994633336562	0.932102817229206	0.999831983216163
ENSMUSG00000034121	140.827627672756	0.0670137055417609	0.121847215095522	0.548937916853991	0.583048056024255	0.999831983216163
ENSMUSG00000006930	2676.59456657671	0.172861548581707	0.120293591297689	1.42537729784458	0.154048166835378	0.999831983216163
ENSMUSG00000034566	5852.26277866823	0.023586808578872	0.083892855533925	0.281146563141356	0.778597988596862	0.999831983216163
ENSMUSG00000020741	3430.37794483966	0.0605361568505442	0.0813154164795333	0.744428518264696	0.456617271318146	0.999831983216163
ENSMUSG00000004043	121.22720255298	-0.0413714115872647	0.121728555210462	-0.340026079823633	0.733836887969478	0.999831983216163
ENSMUSG00000047260	1134.87340047943	-0.078171368778897	0.0917895686501262	-0.851648887906666	0.394408996951289	0.999831983216163
ENSMUSG00000020798	15.6516259969007	0.0172008322699553	0.0855263034719926	0.200678723310533	0.840949797605248	0.999831983216163
ENSMUSG00000018377	3182.06665034815	-0.0284727761311363	0.0842260887997607	-0.33806005450182	0.735317932060009	0.999831983216163
ENSMUSG00000001751	370.820138193641	0.0637078266995345	0.11756499024956	0.541394917331961	0.588235409749336	0.999831983216163
ENSMUSG00000020541	649.528207461198	-0.113287297431428	0.106927738431364	-1.05992945802892	0.289176692840132	0.999831983216163
ENSMUSG00000035849	2443.99075408053	0.0176550184836571	0.0883524945576502	0.199821008856355	0.841620569984725	0.999831983216163
ENSMUSG00000020305	876.568491772534	-0.00662308466065925	0.0964400516260483	-0.0686782366250987	0.94524574194971	0.999831983216163
ENSMUSG00000037907	1814.8452397595	-0.0373524592790973	0.0938449974792658	-0.398038626140317	0.690601713546013	0.999831983216163
ENSMUSG00000017288	2300.18868972624	-0.0141759773138633	0.083444084445182	-0.169886776995623	0.865099180383113	0.999831983216163
ENSMUSG00000025158	2243.37153943728	-0.0546801342375421	0.0992148322930425	-0.551194570960195	0.581500301331602	0.999831983216163
ENSMUSG00000020385	5700.29461499171	-0.0376568611836155	0.0817557763901372	-0.460620134356912	0.645071163611443	0.999831983216163
ENSMUSG00000025127	21.5402266185329	-0.000412963072337726	0.0927951429515408	-0.00444933244296251	0.996449958050987	0.999831983216163
ENSMUSG00000043999	715.2134711239	0.0357612760018554	0.0980936148637822	0.364542637302772	0.715452840898656	0.999831983216163
ENSMUSG00000020713	15.1104163713777	0.0222793278313513	0.0200832635413492	1.51087292945788	0.130820829110479	0.999831983216163
ENSMUSG00000017776	7666.51022996389	-0.00684063061195301	0.0852158868994889	-0.0802748052047746	0.93601869606675	0.999831983216163
ENSMUSG00000036620	1940.36339422055	-0.0868343041050226	0.0894182216051165	-0.971166927211007	0.331465160272665	0.999831983216163
ENSMUSG00000020801	379.39722212229	0.122891887450516	0.111091617653299	1.10584219874454	0.268794826512571	0.999831983216163
ENSMUSG00000049904	123.526669290281	-0.0191167800755667	0.121884200777663	-0.156949840501308	0.875284379529082	0.999831983216163
ENSMUSG00000076435	651.948406951862	-0.13045340123418	0.107618365742224	-1.21254687046718	0.225303112330127	0.999831983216163
ENSMUSG00000020914	40.0102794789198	-0.175474152053516	0.107717135577188	-1.66232539039159	0.0964475495424127	0.999831983216163
ENSMUSG00000020834	358.811989695878	0.0170827717446958	0.110721361950575	0.154281326025734	0.877387920695601	0.999831983216163
ENSMUSG00000018593	31780.6630653925	-0.0427177862957376	0.0937448860151464	-0.455732888920899	0.648582068623389	0.999831983216163
ENSMUSG00000051497	1281.9809182861	-0.0076328236520931	0.111837403013056	-0.0682561814875855	0.945581704845183	0.999831983216163
ENSMUSG00000002064	1054.04010925865	-0.051696571928141	0.097653907833699	-0.529429005011864	0.596507881740872	0.999831983216163
ENSMUSG00000020895	125.908500028362	0.126551809734044	0.121822252968857	1.03640438341366	0.300013526247553	0.999831983216163
ENSMUSG00000034201	708.554857446693	0.0797767616542952	0.0985143380836227	0.809695772603168	0.418115048268957	0.999831983216163
ENSMUSG00000018678	579.610613834629	0.0416965086408655	0.113718052971653	0.366499932956242	0.713992062627742	0.999831983216163
ENSMUSG00000020677	1443.8434243687	0.0407801486491382	0.0866056917114324	0.470862093300346	0.637739219286398	0.999831983216163
ENSMUSG00000037958	894.147405414634	0.0969923552217098	0.102737660681788	0.943918512456397	0.345211291109144	0.999831983216163
ENSMUSG00000020380	607.986281333051	0.0492340602433732	0.10557296775444	0.466353828291646	0.640962254913429	0.999831983216163
ENSMUSG00000040463	2120.19422247334	0.0727203110634342	0.0863278873979802	0.842333423013715	0.399601347673417	0.999831983216163
ENSMUSG00000061086	24.9718489088388	0.0437848203970969	0.0980553544836999	0.44447543652387	0.656698884165979	0.999831983216163
ENSMUSG00000018736	3085.90914466988	0.0985551637956142	0.0858446562367101	1.14794949725749	0.250989412984625	0.999831983216163
ENSMUSG00000017146	65.9853223196384	0.0294064214615826	0.119547588505899	0.245849062220299	0.805799076173789	0.999831983216163
ENSMUSG00000003119	1785.08582754921	-0.010521482343872	0.0917836268596073	-0.114636791237975	0.908733016742255	0.999831983216163
ENSMUSG00000034341	10262.9909977579	0.0626345897646438	0.07950623277306	0.787745989339679	0.430845299170613	0.999831983216163
ENSMUSG00000017417	1936.05219977387	0.0137728800756666	0.0983120190261311	0.140091123232947	0.888587994063913	0.999831983216163
ENSMUSG00000020716	4810.39171347196	-0.0576570814258647	0.0931608942170695	-0.618980579406821	0.535929152781752	0.999831983216163
ENSMUSG00000020904	61.4735701838372	0.0666495660778477	0.117600858295482	0.564760323579366	0.572236797339585	0.999831983216163
ENSMUSG00000018923	258.076006551678	0.024855659218011	0.115499889176773	0.215206790860409	0.829606096630635	0.999831983216163
ENSMUSG00000020472	924.589484853125	-0.159922264309156	0.0987411393518318	-1.61982162720314	0.105270599088934	0.999831983216163
ENSMUSG00000018858	1066.48920273524	0.100479922153149	0.101215137450981	0.992423252750609	0.320991100609984	0.999831983216163
ENSMUSG00000045287	2232.82965705874	-0.0917908718433688	0.0919059405071125	-0.99887271153932	0.317856356965376	0.999831983216163
ENSMUSG00000018500	106.402892816155	-0.0387942980847052	0.121799868790252	-0.318774201470222	0.749897742715641	0.999831983216163
ENSMUSG00000002129	3081.09307554687	0.0156547306775774	0.0844924781181427	0.185279481274023	0.853009830965711	0.999831983216163
ENSMUSG00000069835	421.857554610917	-0.0168011658425305	0.111823220096347	-0.150224024965647	0.880587871793521	0.999831983216163
ENSMUSG00000018648	570.466230647416	-0.135344303041223	0.106720266714507	-1.26845459893814	0.204635654213848	0.999831983216163
ENSMUSG00000020519	2208.86816888409	0.0083652896945523	0.0840871391193984	0.0994829909385183	0.920754792166363	0.999831983216163
ENSMUSG00000057897	22252.4194035023	0.0155352855616221	0.0759916781231662	0.204431723889358	0.838016141538152	0.999831983216163
ENSMUSG00000020483	18363.7161112221	0.0503448503637695	0.0853810796379094	0.589604619579056	0.555455753891699	0.999831983216163
ENSMUSG00000049811	238.539357195342	0.0128767064594918	0.118742449915909	0.108399973290822	0.913678422322318	0.999831983216163
ENSMUSG00000064090	59.8577212162486	0.0223530780043693	0.118211729282068	0.188976569116228	0.850111181030693	0.999831983216163
ENSMUSG00000040447	1854.82605533322	-0.0103779003710667	0.0879699411027099	-0.117973653864698	0.906088533249201	0.999831983216163
ENSMUSG00000054404	392.376415508854	0.0981339789645159	0.109521061371965	0.895814064545839	0.370352076931315	0.999831983216163
ENSMUSG00000020899	1269.55228203254	-0.00350419577285305	0.0930466762584002	-0.037658613150241	0.969959874493799	0.999831983216163
ENSMUSG00000003949	5848.60093455119	-0.0761684565150408	0.0898691819812462	-0.847671860460414	0.396620741860798	0.999831983216163
ENSMUSG00000020193	87.7118414690061	0.0425036028557296	0.121601873075776	0.349316300039382	0.726851862626058	0.999831983216163
ENSMUSG00000038437	6473.85157973445	0.0570332899084537	0.101672121097356	0.560813073065887	0.574924973708319	0.999831983216163
ENSMUSG00000018381	33.4933106348128	0.0432464039251362	0.102230469184992	0.420594798000095	0.674050992977444	0.999831983216163
ENSMUSG00000078771	955.848579883367	0.150173475879037	0.0948106199892979	1.58372659135759	0.113255950809989	0.999831983216163
ENSMUSG00000002055	1378.61984540636	-0.0735817007419451	0.0970475031238759	-0.758323802891993	0.448257160990504	0.999831983216163
ENSMUSG00000020941	287.876702963305	0.150905379088995	0.113026259265293	1.33471893321998	0.181968354497869	0.999831983216163
ENSMUSG00000040746	1402.65134519974	0.0694754357963931	0.0888508536107453	0.781893457381585	0.434277190376156	0.999831983216163
ENSMUSG00000069911	303.990045782829	0.155555733932904	0.119879509033458	1.29562798845212	0.195103681692003	0.999831983216163
ENSMUSG00000032782	546.209293966868	0.0457581534420671	0.101418962841934	0.451149953570155	0.651881476727561	0.999831983216163
ENSMUSG00000020890	159.503197369175	0.102387742142031	0.119702597887952	0.854795715639175	0.392664250467928	0.999831983216163
ENSMUSG00000078622	6537.707052181	0.0380142321538041	0.0855620001257446	0.444271355074979	0.656846408621465	0.999831983216163
ENSMUSG00000020700	1318.26949729014	-0.112611236009433	0.088990494209016	-1.26549499659628	0.205693940844832	0.999831983216163
ENSMUSG00000056962	1068.01278704119	-0.0537491903784445	0.101443952595596	-0.529903191105017	0.596179053549682	0.999831983216163
ENSMUSG00000020866	8719.24068122833	-0.0246000685221007	0.100332124243585	-0.24521131774217	0.806292813571841	0.999831983216163
ENSMUSG00000036545	538.281092644666	-0.122140867394138	0.101067394858758	-1.20852342284449	0.226845991780111	0.999831983216163
ENSMUSG00000032633	2998.87503766151	0.00741376516170103	0.0830791393213791	0.0892374157662696	0.928893230497197	0.999831983216163
ENSMUSG00000018921	899.475189124989	-0.0100664201166896	0.101881784296483	-0.098803647695754	0.921294172225506	0.999831983216163
ENSMUSG00000020428	32954.6473764105	-0.0744527813202903	0.0738663852969791	-1.00799410857051	0.31345729053901	0.999831983216163
ENSMUSG00000046275	15.0904470996726	-0.0412190549535014	0.0845502022879151	-0.492749816810038	0.622189373209264	0.999831983216163
ENSMUSG00000018570	13.2590033414487	0.0554052830468138	0.0778662394546116	0.702517173519051	0.482356695570535	0.999831983216163
ENSMUSG00000017309	11.3293655002454	0.0428834796177724	0.0755143703078473	0.560753157350091	0.574965823782368	0.999831983216163
ENSMUSG00000018543	11.6029322397145	-0.055537303067877	0.0758422541522102	-0.747696715102441	0.45464311299293	0.999831983216163
ENSMUSG00000020444	1143.69400277481	0.122121923837923	0.102438874475916	1.19167953206339	0.233386926636044	0.999831983216163
ENSMUSG00000000126	48.2781481145777	-0.0118669378486101	0.113238398600394	-0.104858638150918	0.916487979942853	0.999831983216163
ENSMUSG00000020474	285.457539520883	0.108718713388677	0.117066767555768	0.927677802780909	0.35357472603114	0.999831983216163
ENSMUSG00000020877	233.041140260093	0.12960675436834	0.117152010025805	1.10521634603143	0.269065855620863	0.999831983216163
ENSMUSG00000020679	10.7549280730115	-0.0480757719443518	0.0734071613142792	-0.668185738501614	0.504015037799525	0.999831983216163
ENSMUSG00000020774	1161.43200051274	-0.142488479423308	0.111703406730075	-1.27696218099981	0.201615599444737	0.999831983216163
ENSMUSG00000033857	176.831187643726	-0.00960996881775504	0.118780164100609	-0.0809038956840033	0.935518381816361	0.999831983216163
ENSMUSG00000059923	6370.89641384812	-0.00822876570046649	0.0869432114568792	-0.0946454579354027	0.924596441661222	0.999831983216163
ENSMUSG00000020850	9557.57576648928	0.0343202248971642	0.0772729381105772	0.444131642072212	0.656947410740718	0.999831983216163
ENSMUSG00000059552	600.827560893005	-0.0302334154879977	0.100209521049488	-0.301696414247716	0.762883502008337	0.999831983216163
ENSMUSG00000045775	46.7127483302495	0.0629420097608895	0.108919556301395	0.574308532940631	0.565759035964684	0.999831983216163
ENSMUSG00000001558	11.0417883722669	0.0387265235705642	0.0755246192774891	0.506377762961826	0.612591482096097	0.999831983216163
ENSMUSG00000020923	5651.5333495122	-0.128594679945077	0.0874528839319324	-1.4707105182856	0.141369420441672	0.999831983216163
ENSMUSG00000018415	3190.76733333033	-0.0473778231554188	0.0868765681958787	-0.545377282380293	0.585494061582817	0.999831983216163
ENSMUSG00000018507	533.489367934154	0.0674697737020558	0.106266084732008	0.634722659320282	0.525609312545262	0.999831983216163
ENSMUSG00000049659	4580.35928238238	0.02024070020926	0.0794891145210086	0.254632768646536	0.799006747502059	0.999831983216163
ENSMUSG00000020441	387.58486674203	0.00352599036618812	0.108843496741884	0.0323982580909855	0.974154451602312	0.999831983216163
ENSMUSG00000020883	2576.44254158722	-0.0549182367795922	0.082076181808849	-0.669132703239686	0.503410830163594	0.999831983216163
ENSMUSG00000017453	102.586608698529	0.115328675983232	0.121510747572392	0.946996518285171	0.343640553100856	0.999831983216163
ENSMUSG00000010277	10535.8660910362	-0.0755092390437948	0.079044220168827	-0.955347569396544	0.339401958914022	0.999831983216163
ENSMUSG00000025574	37.5734489918384	-0.11400894120717	0.109031372257903	-1.05673909366783	0.290630677906905	0.999831983216163
ENSMUSG00000018412	4248.6565310591	0.0475602256432629	0.0786609980612744	0.60460545887673	0.545441178680332	0.999831983216163
ENSMUSG00000038366	4286.28533196296	-0.06186701023552	0.0790127857886847	-0.7830251458247	0.433612345768082	0.999831983216163
ENSMUSG00000014195	5145.86320531933	0.0689202673532859	0.0783488552446625	0.879619208212347	0.379065629667174	0.999831983216163
ENSMUSG00000036964	125.089048796438	-0.126434954386686	0.121812250614106	-1.04122492033363	0.297771172488329	0.999831983216163
ENSMUSG00000020817	5700.35759112965	0.0495625156956088	0.0911950221219809	0.543434476373717	0.586830693532012	0.999831983216163
ENSMUSG00000010392	2261.06688207986	-0.0474834825422206	0.0838653077276105	-0.566207413399653	0.571252790956997	0.999831983216163
ENSMUSG00000060923	1204.388860067	0.122676564526129	0.0933232718342854	1.31438674547154	0.188716088624652	0.999831983216163
ENSMUSG00000005951	128.652005778684	0.116162973931774	0.12122858402986	0.957267924607942	0.338432040620391	0.999831983216163
ENSMUSG00000038335	363.412523470707	0.0162128078581877	0.109633745272007	0.14788640376689	0.882432418439266	0.999831983216163
ENSMUSG00000009073	3418.2011412239	-0.0746657030853201	0.0831752818279009	-0.897755084679496	0.369316135087498	0.999831983216163
ENSMUSG00000050965	3122.30846200018	-0.0687830165291624	0.0988777552496755	-0.6958060321483	0.48655031107649	0.999831983216163
ENSMUSG00000038352	60.1172812589021	-0.0122255576062506	0.118515508228264	-0.103210982444856	0.917795523733156	0.999831983216163
ENSMUSG00000020335	219.079439228532	0.0252022476327848	0.117051921901885	0.215333189617268	0.829507554940468	0.999831983216163
ENSMUSG00000018672	143.744958154863	-0.0960415740355668	0.121666978323521	-0.790054565317515	0.429495902456219	0.999831983216163
ENSMUSG00000020799	93.1237291402444	0.132935583338464	0.121485369060188	1.09126518801265	0.275156211061998	0.999831983216163
ENSMUSG00000039084	32.7484449982381	-0.0678237688243244	0.102051095600646	-0.671761196255282	0.501735735604693	0.999831983216163
ENSMUSG00000002052	5999.78897845651	0.0191642911337496	0.0929378267296404	0.206199253724798	0.836635270763408	0.999831983216163
ENSMUSG00000069844	487.346293011748	-0.0601125488498831	0.104919642973052	-0.572917036104517	0.566700869068942	0.999831983216163
ENSMUSG00000056158	5555.32016262459	-0.106329579447228	0.105578684613079	-1.00769194218895	0.313602374506869	0.999831983216163
ENSMUSG00000075420	13.590777180718	-0.017921435511752	0.0819812413652442	-0.219898609010315	0.825950119649119	0.999831983216163
ENSMUSG00000018659	1309.44003091489	0.147937166708516	0.0935434273954946	1.58116047143565	0.113841350926961	0.999831983216163
ENSMUSG00000020453	1232.36726200756	-0.026680440108603	0.0894541429824197	-0.29826035401977	0.765504460838896	0.999831983216163
ENSMUSG00000047181	1935.40426055394	-0.0467255945908417	0.0903053173447847	-0.51743557393594	0.60485213195658	0.999831983216163
ENSMUSG00000039450	234.706136099098	0.0977687720491035	0.116071996691382	0.842120993788232	0.399720231193136	0.999831983216163
ENSMUSG00000070394	879.857250061025	-0.0569098029440897	0.0991031541541835	-0.574270777212261	0.565784580963398	0.999831983216163
ENSMUSG00000018899	107.565960958471	0.0557226518646138	0.121878464212587	0.456849729416418	0.647779058983708	0.999831983216163
ENSMUSG00000047821	187.729414356017	0.185775452329494	0.118952250596186	1.56016774781976	0.118720245118842	0.999831983216163
ENSMUSG00000018171	3156.79424368853	-0.0181763008800029	0.0894789306206754	-0.203140748538876	0.839025022929828	0.999831983216163
ENSMUSG00000020372	5400.12754114076	0.0552088703983202	0.0919379511858354	0.600429856265789	0.548219795082083	0.999831983216163
ENSMUSG00000046311	2417.3787606415	0.0105556204296407	0.0924845455354617	0.114136096770785	0.909129908096715	0.999831983216163
ENSMUSG00000018774	128.527419635746	-0.0600486646404027	0.121544962503496	-0.49433485207782	0.621069715291286	0.999831983216163
ENSMUSG00000069769	8131.64961360959	-0.0598485430256712	0.0907248657037755	-0.659750527760878	0.509413935744704	0.999831983216163
ENSMUSG00000017774	928.618565351694	0.0491212347345212	0.0970517338351758	0.506081650396749	0.612799331553699	0.999831983216163
ENSMUSG00000000378	1263.9243136825	-0.0407370459880459	0.0924310508590678	-0.440746639189764	0.659396427998231	0.999831983216163
ENSMUSG00000025377	676.971583222389	-0.0469572598490926	0.105067411965517	-0.446937554006751	0.65492014807635	0.999831983216163
ENSMUSG00000020871	50.190348996111	-0.0274520806548371	0.115143817488535	-0.238693412068356	0.811343325530372	0.999831983216163
ENSMUSG00000075595	3738.74515992496	-0.0948371942096344	0.0856971799699073	-1.10678622513541	0.268386365197413	0.999831983216163
ENSMUSG00000032921	12.2433626187703	0.0770848872105301	0.0765795799623095	0.989250006257479	0.322540837581396	0.999831983216163
ENSMUSG00000006127	2239.85352629661	0.0581421886281461	0.0893137955443508	0.650924487283993	0.515095233405658	0.999831983216163
ENSMUSG00000034227	450.381597797586	0.167479411884256	0.108836712224687	1.53811499568081	0.124020500077013	0.999831983216163
ENSMUSG00000018398	14345.8387648086	-0.109607125916553	0.083814991029943	-1.30791931246056	0.19090067835656	0.999831983216163
ENSMUSG00000006784	48.2394982807423	0.168083984191393	0.114687445723269	1.45310965278523	0.146193311392131	0.999831983216163
ENSMUSG00000017404	6005.45937742986	0.0949165451462211	0.0925418751497889	1.02544680775245	0.305152411751847	0.999831983216163
ENSMUSG00000018428	1312.424781546	0.034590625734554	0.0878450885577465	0.393768143715808	0.693752225807534	0.999831983216163
ENSMUSG00000035455	58.1683798370908	-0.00644560194188006	0.118202941354746	-0.0545477654633454	0.956498753873143	0.999831983216163
ENSMUSG00000004798	4092.45253134313	-0.0235717684835696	0.0836284773348977	-0.281872236700708	0.778041478604117	0.999831983216163
ENSMUSG00000020821	4755.05753422419	-0.125067910196029	0.0814639393192761	-1.53539981749581	0.124685648535982	0.999831983216163
ENSMUSG00000020513	146.518998525746	-0.116334294574867	0.120672486563973	-0.964856224081741	0.334616830171197	0.999831983216163
ENSMUSG00000020521	907.427534674794	0.00570906231085801	0.0952124909902487	0.0599603446606274	0.952187218210928	0.999831983216163
ENSMUSG00000044052	33.5755598316836	0.0106702434455526	0.105387968228622	0.101146994289616	0.919433773256098	0.999831983216163
ENSMUSG00000050910	2135.72888629089	-0.0175676034635453	0.0854641745594043	-0.205553693451043	0.837139552266871	0.999831983216163
ENSMUSG00000057098	2142.46136229034	0.0233582019782982	0.102905615454	0.226969018884924	0.820447832859286	0.999831983216163
ENSMUSG00000017561	1031.29953666373	-0.00709356539246867	0.0970626722552591	-0.0730853466154635	0.941738202179303	0.999831983216163
ENSMUSG00000020902	2235.13617309319	-0.158848322702946	0.0970362866962731	-1.63764469209854	0.101495834315082	0.999831983216163
ENSMUSG00000020346	1392.70901304901	0.023806046612316	0.0910388012946635	0.261480269743766	0.793722162869287	0.999831983216163
ENSMUSG00000020300	9203.54545488797	0.0414713184972137	0.0879962457554075	0.471255270893804	0.637458453196357	0.999831983216163
ENSMUSG00000020432	837.866226480337	0.0371888775863944	0.107690770137896	0.345225020254024	0.72992521027037	0.999831983216163
ENSMUSG00000020781	315.574030377108	0.0744558926912698	0.116461956977279	0.638823982643565	0.52293744473317	0.999831983216163
ENSMUSG00000034757	1451.30423131657	-0.0463959614063821	0.0895871704926838	-0.517891012783862	0.604534312824659	0.999831983216163
ENSMUSG00000015869	1746.77213639119	0.0239556896439549	0.0889886739128782	0.269189145805334	0.787784132491059	0.999831983216163
ENSMUSG00000050567	830.932686313873	-0.0738789498715054	0.0972299328295986	-0.759919882196972	0.44730247633425	0.999831983216163
ENSMUSG00000035992	4096.70587261803	-0.0122717219731813	0.096363400098811	-0.127355240963998	0.898659240237419	0.999831983216163
ENSMUSG00000040543	4084.92615847268	0.118421046980899	0.0879019273523536	1.34694859673333	0.177996788547986	0.999831983216163
ENSMUSG00000041126	1629.2703081155	-0.0801509199531006	0.0860111010595277	-0.931892100014433	0.351392290723641	0.999831983216163
ENSMUSG00000025175	1025.65550926085	0.0349911146838244	0.0952835652920025	0.367199384827151	0.713470298157123	0.999831983216163
ENSMUSG00000000594	3020.46444024019	-0.0703076121896644	0.0820796385894092	-0.856606103439278	0.391662611462201	0.999831983216163
ENSMUSG00000020696	545.607053799987	0.06864034176472	0.104834104811453	0.65467886074035	0.512674538347616	0.999831983216163
ENSMUSG00000018900	632.080839873387	0.000768873507144795	0.105172750082551	0.00731069503757857	0.994166961259844	0.999831983216163
ENSMUSG00000001755	689.245938556666	0.0644957043867707	0.10086605074597	0.639324003861244	0.522612176104836	0.999831983216163
ENSMUSG00000009076	380.706908690845	0.0874199840862475	0.108691643114985	0.804085183908717	0.421347780651179	0.999831983216163
ENSMUSG00000018481	5340.54953127716	-0.0335430866833556	0.0835320953131342	-0.401577315021865	0.68799512762603	0.999831983216163
ENSMUSG00000025169	258.911865573828	-0.000326570474599676	0.114601059793969	-0.00284843754644329	0.997727278732606	0.999831983216163
ENSMUSG00000061111	1561.84568819253	-0.0673665326017568	0.0913229789186809	-0.737693853233705	0.460700508202648	0.999831983216163
ENSMUSG00000032615	1249.71623459035	0.001785276287031	0.0907122660648272	0.0196813888791219	0.984297537428046	0.999831983216163
ENSMUSG00000041346	402.05923640788	0.0367567538393022	0.110377196804155	0.332932856961884	0.739184966662763	0.999831983216163
ENSMUSG00000057286	83.6658751973393	0.18593733242515	0.120450409444704	1.53503903184392	0.124774240693107	0.999831983216163
ENSMUSG00000044749	98.0356871689415	0.205211080830302	0.121776425870342	1.67813901742804	0.0933199633383975	0.999831983216163
ENSMUSG00000032878	1459.07311029603	0.125389228447738	0.0942704257567064	1.32990270851338	0.183550328918186	0.999831983216163
ENSMUSG00000018848	1565.95951432279	0.0607250704619479	0.0887361158251097	0.684317297993588	0.493774826282676	0.999831983216163
ENSMUSG00000020439	221.399404859285	-0.174588079628887	0.118581998455818	-1.47349903105357	0.140616524921836	0.999831983216163
ENSMUSG00000039208	167.587220973238	-0.0799762736196701	0.120456108653492	-0.66435685402284	0.506461940667944	0.999831983216163
ENSMUSG00000039253	1482.13237086417	0.0111966731666875	0.097900956951759	0.11436438995971	0.908948941438531	0.999831983216163
ENSMUSG00000078652	3366.58200585272	-0.0315759040723684	0.0820978371884228	-0.384618736517606	0.700519910348874	0.999831983216163
ENSMUSG00000058546	1502.39333081677	0.0745906399486235	0.0939800530219024	0.793625967916997	0.427413210328833	0.999831983216163
ENSMUSG00000006058	983.508171324506	0.0397386243878832	0.0978428822685491	0.40610362717046	0.684666460762383	0.999831983216163
ENSMUSG00000018548	13948.6197481939	-0.00240456036959346	0.0915026030755582	-0.026278177629136	0.97903546062943	0.999831983216163
ENSMUSG00000035198	1278.93450268116	0.0471754476009523	0.0910744647115008	0.517956746713248	0.604488447870668	0.999831983216163
ENSMUSG00000020604	1157.02914941188	-0.0283985775362764	0.101179700797484	-0.280678740580497	0.778956816092883	0.999831983216163
ENSMUSG00000001056	463.154971304233	0.030959366388912	0.105422373138805	0.29364547650708	0.769028821687038	0.999831983216163
ENSMUSG00000038150	2383.11580397684	0.0315563087566836	0.0881210524404298	0.358098207456707	0.72026982047127	0.999831983216163
ENSMUSG00000038807	5528.37916238356	0.135590484310717	0.0843594763748653	1.60705255015363	0.108042840902179	0.999831983216163
ENSMUSG00000097752	11.2639280815081	0.0362880030980314	0.0760934238663921	0.472811814991133	0.636347444011694	0.999831983216163
ENSMUSG00000095847	13.9314869975188	0.0742384591790191	0.0799589690411373	0.913245103466673	0.361113647241004	0.999831983216163
ENSMUSG00000055341	20.8944178368722	-0.0109034844965687	0.0948469951913283	-0.115073331785932	0.908386997612693	0.999831983216163
ENSMUSG00000114612	19.4965078276746	-0.0690581434704356	0.092619025133518	-0.755165069801942	0.450149944354421	0.999831983216163
ENSMUSG00000036181	625.625756060203	-0.0698980809400248	0.102703352192404	-0.680593661363855	0.49612863883732	0.999831983216163
ENSMUSG00000097828	83.5065348530667	-0.0922939000686235	0.121392128133085	-0.761563822111661	0.446320373969694	0.999831983216163
ENSMUSG00000094989	123.285084599044	0.0516921266065103	0.121882915825259	0.423764133841239	0.671737837488762	0.999831983216163
ENSMUSG00000071203	28.7309386659778	0.0826651215626891	0.102237444330225	0.800971448685056	0.423148174951061	0.999831983216163
ENSMUSG00000086448	104.317149067657	0.000413943632739715	0.121633116098383	0.00340458329570331	0.997283540800223	0.999831983216163
ENSMUSG00000080840	11.1560263873444	0.0148742320046101	0.0746971120390617	0.198310327223783	0.842802272191605	0.999831983216163
ENSMUSG00000047643	780.551050860626	-0.185006726310231	0.104361142959735	-1.77348524792521	0.0761483342235966	0.999831983216163
ENSMUSG00000076431	341.22986205152	-0.164706293983186	0.111815152294158	-1.4735083576735	0.140614011928144	0.999831983216163
ENSMUSG00000113424	24.8805645682994	0.0966826107139	0.0968373627678971	0.984639593030485	0.324801134299115	0.999831983216163
ENSMUSG00000113965	29.8179885051292	0.0548385961291066	0.103473170867639	0.527581280357752	0.597789988547255	0.999831983216163
ENSMUSG00000074800	14.6314871309064	0.0382330241846045	0.0844226807862659	0.448935876710456	0.653477914445411	0.999831983216163
ENSMUSG00000045509	69.8468401433258	0.0308831499930011	0.120106476534507	0.256862040458245	0.797285274920382	0.999831983216163
ENSMUSG00000021721	85.6811401840784	0.0750473194681193	0.0661598345691564	1.10338256521619	0.269861064775834	0.999831983216163
ENSMUSG00000114664	22.3627393577134	0.0239957760184273	0.0948324976843918	0.252529586450578	0.80063174828449	0.999831983216163
ENSMUSG00000100833	23.0029987221593	-0.116086548338682	0.0959221618300665	-1.23461613335045	0.21697340175468	0.999831983216163
ENSMUSG00000114003	506.793937734621	0.0438994704192407	0.106748062272303	0.411155860918447	0.680958251433715	0.999831983216163
ENSMUSG00000113894	35.5677908406154	0.0284746446030991	0.107435204343059	0.26437817378709	0.791488528176237	0.999831983216163
ENSMUSG00000049233	16.452417960826	0.0171329576474083	0.0861476288365997	0.197783645576343	0.843214342346322	0.999831983216163
ENSMUSG00000050423	56.2716262785782	0.000716478886871427	0.112856242096296	0.00634514041428494	0.994937344398439	0.999831983216163
ENSMUSG00000114251	118.235851371525	-0.0741261507093096	0.121879992326442	-0.608928287516372	0.542571973353369	0.999831983216163
ENSMUSG00000055194	20.0789274323491	0.0738348322810739	0.0938391529425469	0.778955821609605	0.436005739321212	0.999831983216163
ENSMUSG00000114547	16.2199474736439	-0.00835501043314284	0.0788503543137398	-0.105897760520898	0.915663470923375	0.999831983216163
ENSMUSG00000114827	143.416555381868	-0.0875351212835783	0.121071547158188	-0.72358586245762	0.469320023378589	0.999831983216163
ENSMUSG00000064917	11.2840986832602	0.0355657311865164	0.0750863307658188	0.469654899580155	0.638601594776172	0.999831983216163
ENSMUSG00000114707	27.9904204724397	0.0493977540427194	0.102084857591333	0.480955327196551	0.630548249073307	0.999831983216163
ENSMUSG00000114579	86.6749423590203	0.129283104680006	0.121351830180459	1.06253602037213	0.287992414654426	0.999831983216163
ENSMUSG00000015533	22.7376520748524	-0.0374512262207381	0.0946643703398948	-0.397929528564562	0.690682132963353	0.999831983216163
ENSMUSG00000091423	36.0208092742331	0.114800425331175	0.109072637319952	1.04381239531271	0.296572195618965	0.999831983216163
ENSMUSG00000114540	69.6577015725704	-0.102725171361047	0.1195416318208	-0.862149249751289	0.388605392756338	0.999831983216163
ENSMUSG00000021704	3463.87305589403	0.0734387111156397	0.0856483971448623	0.857389415160936	0.391229707117979	0.999831983216163
ENSMUSG00000113789	19.0208751438856	0.00774332354744818	0.0921429995000827	0.0839052288819887	0.933131782176845	0.999831983216163
ENSMUSG00000114019	359.912463144771	-0.053807960396393	0.110626545699593	-0.486410960433228	0.626675821068307	0.999831983216163
ENSMUSG00000056457	86.2938869965017	0.0768243523162592	0.115873315849659	0.661002384747158	0.508610784219145	0.999831983216163
ENSMUSG00000061724	37.2803876390129	0.0014456182914183	0.10971920456602	0.0131823912136906	0.989482278197301	0.999831983216163
ENSMUSG00000051111	2738.50047069525	0.142996119116148	0.120560734448182	1.17825158523711	0.238696322816821	0.999831983216163
ENSMUSG00000113743	12.8898576400428	0.0292366365507824	0.07803567523779	0.371380445481738	0.710354188069882	0.999831983216163
ENSMUSG00000065434	38.5112200260519	0.0939300853030391	0.108650205256706	0.858583578395695	0.390570301259943	0.999831983216163
ENSMUSG00000021553	29.4786239854501	0.151909011071662	0.098743361141779	1.5097104672982	0.131117319201633	0.999831983216163
ENSMUSG00000113775	34.8722746754882	-0.0582321239211739	0.107867000631233	-0.542889029353769	0.587206209867022	0.999831983216163
ENSMUSG00000113389	12.5975804271613	-0.0183644318673349	0.0783365126529571	-0.23606531700192	0.813381986426487	0.999831983216163
ENSMUSG00000097684	30.2126047793326	0.0439318649029758	0.101866777178197	0.428683804399182	0.668153348384361	0.999831983216163
ENSMUSG00000114623	10.2679281494154	0.0101698897282302	0.0728616682251655	0.138976322076567	0.889468859698465	0.999831983216163
ENSMUSG00000113309	25.1341868715716	0.0085609823579275	0.0997324932424222	0.0857379827225773	0.931674707437474	0.999831983216163
ENSMUSG00000112969	23.5358489429767	0.0221059552094058	0.0965053196008638	0.228551779584491	0.81921730682367	0.999831983216163
ENSMUSG00000113045	22.0280820074388	-0.00677709075572609	0.0881303733054144	-0.0772371355001631	0.938434900011596	0.999831983216163
ENSMUSG00000113432	47.265914057966	-0.00563289648391701	0.114242503133653	-0.0492914885085754	0.960687002460497	0.999831983216163
ENSMUSG00000080574	14.972315582617	-0.106277269380779	0.0837794520530311	-1.3123404707708	0.189405282756445	0.999831983216163
ENSMUSG00000113140	14.8069205390948	-0.0338088390668739	0.0830409004095827	-0.410840076224174	0.6811898046245	0.999831983216163
ENSMUSG00000052957	684.076807454562	-0.0894220222302287	0.0975458155720809	-0.916740622954186	0.359278573628335	0.999831983216163
ENSMUSG00000113853	16.9478502895351	-0.00168947068902691	0.0863260797092225	-0.0195672766946173	0.984388568247883	0.999831983216163
ENSMUSG00000065599	30.01965482798	0.0184218398187262	0.101166655577201	0.181381666693325	0.856068008061319	0.999831983216163
ENSMUSG00000089854	12.352957488802	-0.105054877302781	0.0771663069079448	-1.42640289320329	0.1537520790534	0.999831983216163
ENSMUSG00000102282	12.9034982472194	0.031228820058474	0.0800474446569194	0.386965916424543	0.698781440793478	0.999831983216163
ENSMUSG00000113459	35.7146986099968	-0.00390277543556678	0.10368419246824	-0.0376214289701433	0.969989522167578	0.999831983216163
ENSMUSG00000114133	242.39132469187	0.114971685788459	0.116222388826883	0.988789746713158	0.322766021851727	0.999831983216163
ENSMUSG00000059395	10.8605271966467	0.0678516351641548	0.0750869585038907	0.886771799381074	0.375201773384337	0.999831983216163
ENSMUSG00000078139	11.8304716092451	-0.0502736841238383	0.0769922604069506	-0.664125364034075	0.506610077612673	0.999831983216163
ENSMUSG00000067455	11.0266748476476	0.0861172150780395	0.0737479635458598	1.14436239242483	0.252473377917644	0.999831983216163
ENSMUSG00000064288	12.9270393097585	0.0313480930904159	0.0806592396085735	0.385671959769715	0.699739632054778	0.999831983216163
ENSMUSG00000058385	16.7827383514253	-0.0564408799501308	0.0883011618667505	-0.647093760952299	0.517571262981655	0.999831983216163
ENSMUSG00000051627	38.9100821216488	-0.0516679891427447	0.109108159506874	-0.475832013666317	0.63419406050474	0.999831983216163
ENSMUSG00000069270	45.7934644896682	-0.0908881005374273	0.113826890142	-0.803179523029373	0.42187097923119	0.999831983216163
ENSMUSG00000120978	17.0367244150302	0.00443121519621261	0.0873621012634245	0.0505853451459454	0.959655940753652	0.999831983216163
ENSMUSG00000007836	5059.32403859702	0.0766599682136931	0.0791900455766672	0.967999456463694	0.333044641154536	0.999831983216163
ENSMUSG00000114524	14.6982044304019	-0.0180008690480322	0.0831669409257136	-0.217897512631206	0.827508965218835	0.999831983216163
ENSMUSG00000114940	16.3072197578039	-0.00059460373634197	0.0844385569816822	-0.00704055771181118	0.994382494111792	0.999831983216163
ENSMUSG00000096842	278.216836270819	0.00717916526852179	0.115719969239085	0.0620403060000523	0.950530734259206	0.999831983216163
ENSMUSG00000078302	101.327011597877	-0.0253919219626087	0.121842025602865	-0.208456225894203	0.834872758496984	0.999831983216163
ENSMUSG00000100235	20.1330122128588	0.0248403686972618	0.0921384488922397	0.268220833862867	0.788529339254955	0.999831983216163
ENSMUSG00000114771	61.7823098217204	0.119030175634514	0.118091205067698	1.00324527802755	0.31574253170167	0.999831983216163
ENSMUSG00000078180	46.6952058726607	0.065872689539827	0.114431376268909	0.573819497322548	0.566089953504322	0.999831983216163
ENSMUSG00000103373	18.0360450645521	-0.0581000476189522	0.079109348534207	-0.75443083485133	0.45059056211206	0.999831983216163
ENSMUSG00000059839	911.506428328073	-0.0249359665294931	0.108193189005502	-0.230523018337593	0.817685379028633	0.999831983216163
ENSMUSG00000114835	41.9907777935104	0.0336058040970184	0.112700866590791	0.297548620902354	0.76604769371224	0.999831983216163
ENSMUSG00000113841	27.4013684201906	-0.108302080178422	0.101294003419159	-1.08475664692367	0.278029451374021	0.999831983216163
ENSMUSG00000113428	21.9858551299041	-0.0076482945483157	0.0939786756568916	-0.0815896308463695	0.934973047188612	0.999831983216163
ENSMUSG00000079941	551.416831345386	-0.0400744347686879	0.104478673817411	-0.383604106523257	0.701271895897225	0.999831983216163
ENSMUSG00000113104	11.4391248407798	-0.0291446836612528	0.0768742908926206	-0.382816683851088	0.70185569019657	0.999831983216163
ENSMUSG00000038415	188.33769590432	0.0238090265287292	0.120502863183531	0.197622532312371	0.843340404240655	0.999831983216163
ENSMUSG00000114481	11.1422089235216	-0.0687191833505476	0.0747791272434135	-0.947136628500511	0.343569162196921	0.999831983216163
ENSMUSG00000113061	31.7843617059379	0.0283090627521856	0.105950047914713	0.266594862152386	0.789781111920604	0.999831983216163
ENSMUSG00000113263	11.5040772125174	0.0637313212252232	0.0766752265130281	0.81752194654865	0.413630212636197	0.999831983216163
ENSMUSG00000113238	53.2441499714592	0.147589585858247	0.116401866574621	1.25952491599114	0.207840796452413	0.999831983216163
ENSMUSG00000120981	21.0230525478458	-0.00362337808021817	0.0943842635790089	-0.03836472260654	0.969396887545254	0.999831983216163
ENSMUSG00000044231	414.633377411675	0.0453744781967712	0.109052717290047	0.415994719135994	0.677413867480585	0.999831983216163
ENSMUSG00000114882	25.4852899103408	0.0337506228331345	0.0995628687104905	0.338072430404346	0.735308605973332	0.999831983216163
ENSMUSG00000035711	234.156307677843	0.0788945380962166	0.120464352912931	0.654134422024465	0.513025206379917	0.999831983216163
ENSMUSG00000113871	21.2496032979584	-0.0465822545972171	0.0928663438434148	-0.506549064255093	0.612471255290347	0.999831983216163
ENSMUSG00000078942	15.9490919430731	0.0744005733516559	0.0860823786585341	0.851431791426664	0.394529537962232	0.999831983216163
ENSMUSG00000021500	6294.89181165919	0.0013670337509951	0.0860236024379089	0.0158921720879261	0.987320414984062	0.999831983216163
ENSMUSG00000113688	12.2321744510454	0.135820077682168	0.0774493439066173	1.71476967066875	0.0863874642329534	0.999831983216163
ENSMUSG00000021356	12.2570579503682	-0.0352348070708037	0.0777033110335394	-0.458412275317708	0.646656274238772	0.999831983216163
ENSMUSG00000113521	10.5770249720347	0.010935244068928	0.0691611097111877	0.157024794567789	0.875225307258632	0.999831983216163
ENSMUSG00000102969	23.2170372965992	-0.144566877460659	0.0973098167512625	-1.5223202253232	0.127928862700183	0.999831983216163
ENSMUSG00000078952	14.350059306285	0.105109887444686	0.0799334941177771	1.28781615512203	0.197809967297799	0.999831983216163
ENSMUSG00000123043	13.1666481462399	0.0137580159337469	0.0802376584771634	0.17091017719616	0.864294394163213	0.999831983216163
ENSMUSG00000113252	175.642904409099	0.00051577455218383	0.121846179483677	0.00423077746048235	0.996624338054522	0.999831983216163
ENSMUSG00000114959	52.1025857467055	0.150835852273153	0.115971224688035	1.29213716450894	0.19630964747308	0.999831983216163
ENSMUSG00000097326	57.1405732371549	-0.120525382398781	0.11766821526772	-1.02918356854941	0.303393422121134	0.999831983216163
ENSMUSG00000098087	105.658106448548	0.00668298024483118	0.121854496151714	0.0548379702957464	0.956267549978676	0.999831983216163
ENSMUSG00000114362	51.3673009540423	-0.0815560302819047	0.115857743343649	-0.706502622946083	0.479875622140487	0.999831983216163
ENSMUSG00000124052	32.1059203238949	-0.10246727357285	0.104486697724491	-0.992594163993398	0.320907769974626	0.999831983216163
ENSMUSG00000124346	22.3002499087889	-0.00653176296257238	0.095436387562769	-0.0684869980385881	0.945397969836105	0.999831983216163
ENSMUSG00000114121	33.7746061662987	-0.00568978933489873	0.104001315433083	-0.0546449908061643	0.956421294802914	0.999831983216163
ENSMUSG00000124381	56.4244327377978	0.0805320331844615	0.117157779951288	0.685096559106965	0.493282991415127	0.999831983216163
ENSMUSG00000110016	96.3238528164823	0.059035753594543	0.121635215323875	0.484609330420869	0.627953493884594	0.999831983216163
ENSMUSG00000124420	11.8463272579817	-0.00401082533968791	0.0763081114074396	-0.0525746595788624	0.958070807765684	0.999831983216163
ENSMUSG00000124767	69.0272910154745	0.0707090669421253	0.11902498104227	0.592071202393342	0.553802909825493	0.999831983216163
ENSMUSG00000124980	24.4046803115632	0.0310412022587217	0.0979066049468022	0.315449727172263	0.752420215767125	0.999831983216163
ENSMUSG00000096932	11.7761745157846	-0.0484421283300537	0.0758020565686671	-0.649856271930171	0.515785066335996	0.999831983216163
ENSMUSG00000125431	59.4790852763086	0.035180493516173	0.116395967530361	0.301484414873475	0.763045132623685	0.999831983216163
ENSMUSG00000089940	23.445859084775	-0.00833376703667783	0.0978505722538305	-0.0852977093032311	0.932024712608897	0.999831983216163
ENSMUSG00000120566	31.9962121126707	0.0859213932401451	0.104969743770775	0.811778043232498	0.416919003166949	0.999831983216163
ENSMUSG00000126193	26.4889278403121	-0.0926747648551906	0.101496388467763	-0.923783789347316	0.355598896882044	0.999831983216163
ENSMUSG00000114649	18.7478991931498	0.0665331938004637	0.0880486358812374	0.748127488097594	0.454383263225599	0.999831983216163
ENSMUSG00000126809	15.8544289876916	-0.0699250920923605	0.086261725348585	-0.825154219367229	0.409284040823974	0.999831983216163
ENSMUSG00000127311	19.2450041556557	-0.115778294254811	0.0903469387698345	-1.31576901956907	0.188251580473884	0.999831983216163
ENSMUSG00000113170	29.2716565314696	0.01143982036567	0.0981380937660238	0.116360527120232	0.907366817627947	0.999831983216163
ENSMUSG00000114379	10.7391171884418	0.0344001190513658	0.0731467202985103	0.465153170066074	0.64182177194992	0.999831983216163
ENSMUSG00000114309	21.4014835799151	0.106489143175784	0.0953044527926779	1.10225831645187	0.270349385554348	0.999831983216163
ENSMUSG00000128330	18.2406812518775	0.0139099002393511	0.0909326750918556	0.152569230913483	0.878737991045941	0.999831983216163
ENSMUSG00000113771	48.8647148010328	-0.0303324136484669	0.114925989983851	-0.264461426467093	0.79142438420854	0.999831983216163
ENSMUSG00000128508	11.3369166061325	0.0447644194242524	0.0743678041939239	0.5955407954334	0.551482038125145	0.999831983216163
ENSMUSG00000097292	87.6852698770795	0.0226535166286453	0.120720382716052	0.187477978743969	0.851285887987711	0.999831983216163
ENSMUSG00000114708	218.507959987093	0.055268341882506	0.120390970481754	0.458653643089678	0.64648290837114	0.999831983216163
ENSMUSG00000129595	45.2222608859996	0.0401073535017297	0.113760682625095	0.351941520212902	0.72488212007918	0.999831983216163
ENSMUSG00000100475	22.7723243652592	0.0157494763064732	0.095151840475547	0.165393913624222	0.868633943928833	0.999831983216163
ENSMUSG00000130040	23.0203233805736	0.104240928388481	0.0973515304545651	1.05780691444476	0.290143479842262	0.999831983216163
ENSMUSG00000130324	11.0599499922643	0.00280484390414434	0.0732182962960733	0.0381746010541669	0.969548471553218	0.999831983216163
ENSMUSG00000131306	20.6975548008985	0.106187429706091	0.0898572877245633	1.15927407539965	0.246344485508382	0.999831983216163
ENSMUSG00000131457	17.7282808304598	-0.017324176541696	0.0890740801605802	-0.195342572269992	0.845124771114854	0.999831983216163
ENSMUSG00000097375	1057.13653644436	0.099315889077011	0.093379671556648	1.06347502482898	0.287566585377665	0.999831983216163
ENSMUSG00000113780	47.6124707885203	-0.0886273349949318	0.11422859639629	-0.779566027271396	0.435646359115141	0.999831983216163
ENSMUSG00000121820	14.9047595326265	0.0431640750133753	0.0822322229251962	0.520649660090063	0.602610848246463	0.999831983216163
ENSMUSG00000121730	44.9563224100227	0.00776686193569267	0.113636634264489	0.0683069034544384	0.945541328804738	0.999831983216163
ENSMUSG00000132139	40.5161547729552	-0.171540378190789	0.110451473899149	-1.57630035743579	0.1149565993152	0.999831983216163
ENSMUSG00000089815	639.174581968263	-0.027603317582696	0.107223790185546	-0.257484290898628	0.796804940647824	0.999831983216163
ENSMUSG00000132705	472.361083225741	0.0519219181554608	0.107445996143727	0.479988959060516	0.631235243879512	0.999831983216163
ENSMUSG00000132744	17.4751012359096	0.0865401223975288	0.0896076211219152	0.952661416877494	0.340761648207989	0.999831983216163
ENSMUSG00000114433	15.9339399879411	-0.0342493846827365	0.0827494611413916	-0.418069759594985	0.67589611409359	0.999831983216163
ENSMUSG00000132827	11.5283351037796	-0.0193513033361653	0.076876484898534	-0.253365666810459	0.799985656159533	0.999831983216163
ENSMUSG00000042857	81.3225655994744	0.0153615261617556	0.120860618770632	0.127013880632886	0.898929412373037	0.999831983216163
ENSMUSG00000133301	28.50947016032	-0.093969810934213	0.0976732133198201	-0.979540183150192	0.32731314411962	0.999831983216163
ENSMUSG00000133605	10.9043551665414	0.0345014374714826	0.0699119954706256	0.486663635091186	0.626496719673206	0.999831983216163
ENSMUSG00000133630	27.2504077541022	0.107874145216899	0.102313643314087	1.0438685080534	0.296546230083583	0.999831983216163
ENSMUSG00000133905	27.6286969747206	-0.0913597454078159	0.096172078187698	-0.964349087664557	0.334870938213398	0.999831983216163
ENSMUSG00000087334	40.2888549126791	0.135815118498834	0.111492921713289	1.20840148187225	0.226892870085269	0.999831983216163
ENSMUSG00000093587	73.1027694104388	-0.12279684627052	0.119334699899394	-1.03359526299134	0.301325414838048	0.999831983216163
ENSMUSG00000114138	14.7587824833777	0.0249059418962611	0.0847223627207448	0.292559431771194	0.769858926331934	0.999831983216163
ENSMUSG00000087143	402.131965470593	-0.141652048714761	0.107971156205764	-1.31206265949776	0.189498993625888	0.999831983216163
ENSMUSG00000097848	15.8800863521776	-0.0134531035627849	0.0816077847666303	-0.165237638046838	0.868756941543714	0.999831983216163
ENSMUSG00000135102	58.2789290401174	0.181982704145198	0.11111482790461	1.61930713081653	0.105381197177719	0.999831983216163
ENSMUSG00000112959	12.1520188004868	0.0597089643320019	0.0768080026773684	0.767572302404301	0.442741322849783	0.999831983216163
ENSMUSG00000112941	234.847940625153	-0.115088427261533	0.120963700836473	-0.952994154117388	0.340593032642781	0.999831983216163
ENSMUSG00000113811	32.873052011316	-0.108052064556169	0.106181037063391	-1.0294857535204	0.303251470962948	0.999831983216163
ENSMUSG00000120863	462.823216959608	0.146720421062797	0.109284880422925	1.34185340474735	0.179643532280503	0.999831983216163
ENSMUSG00000110393	106.857873623395	-0.00315370750595847	0.121408961291918	-0.0259840065589968	0.979270095061826	0.999831983216163
ENSMUSG00000097399	14.3712372472528	0.0989827748408385	0.0828668932754435	1.17334888576632	0.240655925812231	0.999831983216163
ENSMUSG00000137248	43.0672871935274	-0.0616220471414323	0.111835279778691	-0.55353385565464	0.579897904427476	0.999831983216163
ENSMUSG00000114841	11.4813622016759	-0.0291892534077505	0.075389197617914	-0.391363313400761	0.695528705781908	0.999831983216163
ENSMUSG00000114300	23.614346028414	-0.157735136524429	0.0966376023174725	-1.6816262190317	0.0926413431338169	0.999831983216163
ENSMUSG00000114545	10.4089684648445	-0.00269046608154427	0.0732184304880268	-0.0368414601594174	0.970611416045833	0.999831983216163
ENSMUSG00000097360	40.0617127387285	0.0142628630891598	0.110948360443831	0.128482250696152	0.897767343695029	0.999831983216163
ENSMUSG00000120272	11.7854758339798	0.0536431733714237	0.075361734152045	0.699883901626254	0.483999811739955	0.999831983216163
ENSMUSG00000097027	32.3183341051136	0.137675175951111	0.105199658731248	1.2947139931401	0.195418910946322	0.999831983216163
ENSMUSG00000114851	16.6714564620883	-0.045786632800728	0.0838502694678395	-0.553402875495033	0.579987570358738	0.999831983216163
ENSMUSG00000053181	34.1720980079053	0.0768353960884175	0.106965157344479	0.71402545691579	0.475211438136131	0.999831983216163
ENSMUSG00000044081	81.0875277314973	0.066202320269026	0.119535518618391	0.553009646487613	0.580256804716168	0.999831983216163
ENSMUSG00000140579	16.8698150591415	-0.053047733976129	0.0855520845732796	-0.629556011984674	0.528985111094333	0.999831983216163
ENSMUSG00000140620	28.7153335187623	-0.0123790883849784	0.101839865872403	-0.121771936709122	0.903079639780198	0.999831983216163
ENSMUSG00000097806	28.0824112703386	-0.0819143573499619	0.102174054027971	-0.809168283816322	0.418418355467103	0.999831983216163
ENSMUSG00000114854	11.8734413598722	0.0652268756827163	0.0750533760579964	0.855536879526974	0.392253996781842	0.999831983216163
ENSMUSG00000114200	10.7239947589197	0.0436724846910976	0.0669059965978392	0.640860506494999	0.521613317094977	0.999831983216163
ENSMUSG00000113216	949.262677908497	-0.0344697027413644	0.0919052276589856	-0.375057106167046	0.707617996671105	0.999831983216163
ENSMUSG00000074782	78.3269916290205	-0.155767395185353	0.120878373858614	-1.29365141076376	0.195785855836784	0.999831983216163
ENSMUSG00000086796	38.4306030274822	0.0318217431129342	0.109021973039447	0.290973610031199	0.771071502815487	0.999831983216163
ENSMUSG00000141942	19.4172303980605	0.0729416189294758	0.0910426909468718	0.792726516555318	0.427937177660662	0.999831983216163
ENSMUSG00000142344	33.5832997440393	0.0560692427550611	0.105169541623411	0.530702603932672	0.595624881310538	0.999831983216163
ENSMUSG00000142463	12.980624441689	0.101582177195477	0.0809052312155535	1.23220792025122	0.217871425453181	0.999831983216163
ENSMUSG00000114633	42.343296599412	-0.0516593358465955	0.108939508705065	-0.475971577964501	0.634094626634644	0.999831983216163
ENSMUSG00000143017	50.7442041049417	0.0998280629714812	0.111657828667527	0.887684375017588	0.374710553050627	0.999831983216163
ENSMUSG00000048603	77.0032179308537	-0.0672751771630624	0.1196212188682	-0.563494487801712	0.573098212535753	0.999831983216163
ENSMUSG00000143130	56.2121453190199	-0.0121842591208043	0.111635444576806	-0.109187725058772	0.913053596081786	0.999831983216163
ENSMUSG00000112964	999.359401178032	0.0338165942515188	0.101783274964917	0.332238193063691	0.739709406225374	0.999831983216163
ENSMUSG00000121053	68.8948658924991	0.0506674741681018	0.119122045480434	0.42454655500802	0.671167260608112	0.999831983216163
ENSMUSG00000085457	85.4779256215791	0.149963381643752	0.120658668250369	1.23837542015142	0.215576890291795	0.999831983216163
ENSMUSG00000143218	12.3334763015259	0.0592465860905868	0.0740664394084383	0.787922993362817	0.430741750731303	0.999831983216163
ENSMUSG00000143251	10.4938963787201	-0.00732440148892522	0.0739535584184351	-0.0992583762226825	0.92093312612048	0.999831983216163
ENSMUSG00000113019	72.060996107244	0.138546965666664	0.119023718428886	1.15906841908893	0.246428297495248	0.999831983216163
ENSMUSG00000109853	15.8086611361749	-0.0104156976231884	0.0859090606047536	-0.121634487133472	0.903188499484641	0.999831983216163
ENSMUSG00000113047	326.157830692719	0.0467240245951334	0.115907209867864	0.403015873128254	0.686936547403914	0.999831983216163
ENSMUSG00000121350	17.2518361734457	-0.124150260191057	0.0889426090085846	-1.43889018843541	0.150181637844954	0.999831983216163
ENSMUSG00000143730	34.9522038380406	-0.150483048427	0.105679897331188	-1.44772080471477	0.147695149046131	0.999831983216163
ENSMUSG00000114780	13.6852707984038	0.0263196785111813	0.0812959678562503	0.32168530701726	0.747691109979449	0.999831983216163
ENSMUSG00000120268	30.6972534289791	0.0980784924367723	0.0978185930534037	0.992872883598737	0.320771905891075	0.999831983216163
ENSMUSG00000113654	16.6603422616892	0.0569133768788607	0.0859530022733847	0.655567214651416	0.512102625998735	0.999831983216163
ENSMUSG00000089875	128.683590076739	0.072314189614445	0.121425261544558	0.595175689851173	0.551726038436993	0.999831983216163
ENSMUSG00000059751	14.7051973514472	-0.0444033967280458	0.0843781262216756	-0.532499788883256	0.594379887997107	0.999831983216163
ENSMUSG00000128858	20.1160441201502	-0.0231905810575368	0.0923071419119627	-0.252527568676543	0.80063330771118	0.999831983216163
ENSMUSG00000126243	45.4000241748906	0.018673071864087	0.114199119618003	0.163346740947703	0.870245434117969	0.999831983216163
ENSMUSG00000133704	24.2065673488379	-0.0134018697279959	0.0971598785361951	-0.138232901251444	0.89005635325385	0.999831983216163
ENSMUSG00000038408	15.5284780486609	0.0613344598185257	0.0846849360441123	0.715570681254158	0.474256482542548	0.999831983216163
ENSMUSG00000051606	28.1700761150308	-0.10084460074473	0.101989160030045	-1.00193865439048	0.31637322206557	0.999831983216163
ENSMUSG00000086144	18.7606578641233	0.0112084454522233	0.0900866957746156	0.123924098574651	0.901375372117104	0.999831983216163
ENSMUSG00000086363	175.431779011242	0.16400698366523	0.120543963346522	1.35816773851797	0.174410464965005	0.999831983216163
ENSMUSG00000097276	47.8333762440155	-0.0886345809935642	0.114199301172974	-0.780187543931502	0.435280493001203	0.999831983216163
ENSMUSG00000097709	326.841307594335	-0.099686015269181	0.11243283196985	-0.886940231801476	0.375111079814987	0.999831983216163
ENSMUSG00000113204	734.745659278204	-0.0945299871743738	0.0989206229290059	-0.955689542065937	0.339229107627114	0.999831983216163
ENSMUSG00000121485	302.002000798616	0.0313370933340267	0.111473578567681	0.281102817978932	0.778631539847347	0.999831983216163
ENSMUSG00000134426	13.7477203503546	-0.0798415858078514	0.0814627530661401	-1.00681507230556	0.314023650190426	0.999831983216163
ENSMUSG00000140066	18.0462827190482	-0.0256201315399607	0.088776339628739	-0.290159758782783	0.771694020309542	0.999831983216163
ENSMUSG00000143801	22.7689337987222	0.0328561440404277	0.095730635656362	0.341120381356871	0.733012958352406	0.999831983216163
ENSMUSG00000114590	65.1707726920853	0.161568967021866	0.119198412975741	1.34805172669864	0.177641746159316	0.999831983216163
ENSMUSG00000114639	11.4275183002988	-0.0281983959888915	0.0728185327888998	-0.390931410103904	0.695847935902788	0.999831983216163
ENSMUSG00000085962	34.7734645244557	0.130556120473544	0.106546162061009	1.21190258866498	0.225549671121462	0.999831983216163
ENSMUSG00000113960	176.238028941446	0.100374369812572	0.121754624655932	0.823337163286455	0.410316285550277	0.999831983216163
ENSMUSG00000085620	22.3497119724537	-0.0291225196187516	0.0956794459514249	-0.305724451839436	0.75981445427926	0.999831983216163
ENSMUSG00000086693	113.481808169508	-0.0649228175469316	0.121854897167614	-0.533491286244531	0.593693541372972	0.999831983216163
ENSMUSG00000114860	80.8158678488525	-0.105301589475117	0.121124956903226	-0.871382818580266	0.383545163884073	0.999831983216163
ENSMUSG00000120930	76.3342669906373	-0.0129805993883167	0.120510443382642	-0.107714415710855	0.914222233965021	0.999831983216163
ENSMUSG00000113689	172.311922391824	-0.118793585368336	0.120418350225568	-0.987527012048763	0.32338434744649	0.999831983216163
ENSMUSG00000099672	25.2634707775966	-0.139690589759996	0.0986703723036512	-1.44706767902955	0.147877969255128	0.999831983216163
ENSMUSG00000086137	22.9155202426316	0.145674511376613	0.094699992368464	1.51231252289213	0.13045437676431	0.999831983216163
ENSMUSG00000114926	20.4632241294589	-0.0104851322130806	0.0865251538281104	-0.121313841743313	0.903442456866698	0.999831983216163
ENSMUSG00000071181	146.527832453238	-0.00216965904411144	0.121103574513873	-0.0179148536974427	0.985706779378953	0.999831983216163
ENSMUSG00000113977	16.098295200354	-0.0404415653649054	0.0852071447866905	-0.478638256618485	0.632195997391605	0.999831983216163
ENSMUSG00000114493	143.236707878092	-0.0844043273891017	0.121602641981512	-0.694921841885741	0.487104283770476	0.999831983216163
ENSMUSG00000121054	38.5259041714466	-0.17154771118648	0.10801775495014	-1.61541393341906	0.106221084862646	0.999831983216163
ENSMUSG00000097101	25.930674253845	0.0521356415871129	0.0990779906540816	0.52359318498831	0.600561522565359	0.999831983216163
ENSMUSG00000113816	21.0981517582489	0.0452463097021842	0.0925322722697162	0.485402586445002	0.627390798028479	0.999831983216163
ENSMUSG00002076820	13.7513053395283	-0.0300408292446701	0.0778359680465745	-0.390788807108339	0.695953349048338	0.999831983216163
ENSMUSG00000038152	12.5911596555602	-0.0310476679638849	0.0795998925574908	-0.394171776968484	0.693454221139163	0.999831983216163
ENSMUSG00000046159	121.15441444092	0.106206174345791	0.116128442522668	0.908953300757409	0.363374776805095	0.999831983216163
ENSMUSG00000107008	114.428853630117	-0.0981199114027579	0.121818129624928	-0.806185848003409	0.420135697473842	0.999831983216163
ENSMUSG00000113936	28.3055940975511	0.053358777017501	0.102692962616312	0.516539550228202	0.605477623259324	0.999831983216163
ENSMUSG00000085204	10.5020894831592	0.0510763555980616	0.0737685856714713	0.681607827188027	0.495486964303857	0.999831983216163
ENSMUSG00000085881	39.2044879087505	0.152969046590189	0.107534856840234	1.40375619935445	0.160391461018981	0.999831983216163
ENSMUSG00000121771	22.0320802917223	-0.0947532899849372	0.0946577693710129	-1.01975934189329	0.30784261020723	0.999831983216163
ENSMUSG00000085331	56.4712761025964	-0.182063329816864	0.117125452216075	-1.56731587790435	0.117040875843513	0.999831983216163
ENSMUSG00000134361	13.2416782565103	0.000974025170984211	0.0814159734155525	0.0119580551788787	0.9904590797802	0.999831983216163
ENSMUSG00000134320	10.7631432979805	-0.0498390984013493	0.0744546252835179	-0.682548680674686	0.494892071823917	0.999831983216163
ENSMUSG00000060639	48.0561482174223	-0.0337216510935596	0.114522141360692	-0.2949710741883	0.768015976550092	0.999831983216163
ENSMUSG00000051456	25.1453791575146	-0.0692271917769555	0.0967778029051774	-0.724501447174341	0.468757939033117	0.999831983216163
ENSMUSG00000114369	171.927129857977	0.0497793074729856	0.120877567681773	0.411742797814529	0.680527952280586	0.999831983216163
ENSMUSG00000134099	19.5713385342448	0.0698895625842007	0.0922504161228054	0.749101019732866	0.453796320466873	0.999831983216163
ENSMUSG00000131786	12.2391673720906	0.100656978830872	0.0744491050783063	1.31892717321869	0.187193460717648	0.999831983216163
ENSMUSG00000120113	1068.40527047078	0.136143221926596	0.0916994438153613	1.48451012183812	0.137673639913507	0.999831983216163
ENSMUSG00000086889	229.864353243909	0.117214147227927	0.118040770882422	0.992206372811452	0.321096864401764	0.999831983216163
ENSMUSG00000128810	16.9056992821083	0.0203237200110758	0.0849532337742494	0.238473166280688	0.811514125275976	0.999831983216163
ENSMUSG00000132794	26.7626657063888	0.0714019548037013	0.100169319141616	0.706240018468771	0.480038887595779	0.999831983216163
ENSMUSG00000074635	23.1216405816087	0.0265424846379955	0.0962466131515335	0.274354609353096	0.783812121602871	0.999831983216163
ENSMUSG00000136712	19.1842244835437	-0.00589819257549616	0.0921927784330547	-0.0640321302689369	0.948944643039484	0.999831983216163
ENSMUSG00000085024	65.3517650414216	0.064833787620956	0.117362582949081	0.550651428129026	0.581872647093202	0.999831983216163
ENSMUSG00000113440	145.674702762321	0.170396456159978	0.12081201596361	1.40834962681658	0.159027567381139	0.999831983216163
ENSMUSG00000089827	23.5383999115882	-0.129630322420337	0.0974063553578167	-1.35881269751871	0.174205948686089	0.999831983216163
ENSMUSG00000125772	12.7557709856625	-0.0961366303359355	0.0798444508771864	-1.24596244329286	0.212778183560792	0.999831983216163
ENSMUSG00000097146	92.345952527963	-0.062031216222579	0.120778287633957	-0.514240789363696	0.607083653098709	0.999831983216163
ENSMUSG00000097098	18.1257013231359	0.140406266830327	0.088156980164	1.56440958564341	0.117721411025932	0.999831983216163
ENSMUSG00000043889	29.4547319752461	-0.147293585836215	0.101333262755464	-1.48558696040639	0.137388406198581	0.999831983216163
ENSMUSG00000097793	42.5216905740098	0.00563600907574257	0.112588700417592	0.0500262077787961	0.960101503677015	0.999831983216163
ENSMUSG00000062382	23.8252088871546	0.0631642622934102	0.0963618007165222	0.649386708786796	0.516088452778886	0.999831983216163
ENSMUSG00000034525	5075.71412275742	0.00904943618776127	0.0814717097218596	0.111075103956598	0.911556790722465	0.999831983216163
ENSMUSG00000057396	377.912404817304	0.0550969859203727	0.107391858547481	0.513033953796672	0.607927569894851	0.999831983216163
ENSMUSG00000036123	734.051097654877	-0.026841218649059	0.100866813128801	-0.266135219299044	0.790135071687508	0.999831983216163
ENSMUSG00000038683	1438.02493925782	0.00458707604296044	0.0873770310052949	0.0524978063402553	0.958132043213238	0.999831983216163
ENSMUSG00000052981	2983.27831738194	0.113794500143198	0.0820848788395559	1.38619376108287	0.165687746057687	0.999831983216163
ENSMUSG00000021458	1803.56768369985	0.183163302956353	0.106454056158263	1.71896051527992	0.0856215618154492	0.999831983216163
ENSMUSG00000047117	95.9760712441173	-0.000529737075536767	0.121745351128763	-0.00434899617236046	0.996530014037504	0.999831983216163
ENSMUSG00000021384	15.1341441623843	-0.00536622417775986	0.0841250060199846	-0.0639280101642264	0.949027549004011	0.999831983216163
ENSMUSG00000058569	2231.8520723929	0.0382501306019809	0.0833304282266853	0.45900462889497	0.646230842023493	0.999831983216163
ENSMUSG00000109228	16.7505632646371	0.0615919485934818	0.0855298269862729	0.710325423823696	0.477502357488075	0.999831983216163
ENSMUSG00000021592	744.002531821173	-0.0587848038882155	0.0963141244909606	-0.610352318477494	0.541628446544347	0.999831983216163
ENSMUSG00000039004	471.692492478056	0.0981268805191274	0.11691007734217	0.838297466506052	0.401863658432924	0.999831983216163
ENSMUSG00000021207	16.9550847266901	-0.0489211491304076	0.088758673342593	-0.556750245966763	0.577698081849975	0.999831983216163
ENSMUSG00000021414	32.4378223380816	-0.15016035880457	0.105484628243449	-1.44727572012793	0.14781971650325	0.999831983216163
ENSMUSG00000021532	423.440125599647	0.0120650500599571	0.105720774802028	0.114122243849086	0.909140889377506	0.999831983216163
ENSMUSG00000021590	60.1260620737931	0.132856692591863	0.118055889098514	1.12020713005377	0.262625506275872	0.999831983216163
ENSMUSG00000099583	36.5309748628672	-0.0232624991190365	0.108266948190203	-0.215216180559065	0.829598776238798	0.999831983216163
ENSMUSG00000021549	3922.16970222512	-0.060622471412384	0.0879018077653823	-0.689729901312376	0.490364058331149	0.999831983216163
ENSMUSG00000021488	8660.58777328178	-0.116546621222688	0.0897634274261362	-1.2986770088858	0.194054797443085	0.999831983216163
ENSMUSG00000021578	1972.85881213654	-0.0739291482422148	0.0866281427285387	-0.853458226240154	0.393405243883008	0.999831983216163
ENSMUSG00000036376	546.139258194337	-0.0297587937814701	0.103066063229976	-0.288743775013519	0.772777461150929	0.999831983216163
ENSMUSG00000021700	10923.7191098506	-0.0637167548998765	0.0924464884136353	-0.689336408781964	0.490611591043219	0.999831983216163
ENSMUSG00000025869	434.304228695983	0.111131544223381	0.106479389732205	1.04346038668238	0.296735118323462	0.999831983216163
ENSMUSG00000021392	1102.19102758648	0.012671775375347	0.102144349316172	0.12406357908809	0.90126493499664	0.999831983216163
ENSMUSG00000021468	1292.40931666437	0.00750594851404543	0.0904249089369095	0.0830067993332866	0.933846133188184	0.999831983216163
ENSMUSG00000047789	1483.3850493018	-0.0232326105944168	0.0958616485554409	-0.242374893596822	0.808489686489074	0.999831983216163
ENSMUSG00000025875	1150.54467006747	0.0655585682206693	0.103781706594538	0.63150516075447	0.527710275925665	0.999831983216163
ENSMUSG00000025872	933.523776952114	-0.00841924673906396	0.0982177509438258	-0.0857261389648284	0.931684122724152	0.999831983216163
ENSMUSG00000055480	293.031729301987	-0.0188831983094466	0.113073584386766	-0.167029109038126	0.867347144950802	0.999831983216163
ENSMUSG00000021710	1051.85623149058	-0.0615259705785948	0.0954932623491405	-0.644364313586427	0.519339219959657	0.999831983216163
ENSMUSG00000021518	2244.64501381713	-0.0414235915904184	0.083180808014577	-0.498003151389318	0.618481820981175	0.999831983216163
ENSMUSG00000054889	67.2985889947582	0.19431574232876	0.11741287988592	1.64144728475201	0.100704601281532	0.999831983216163
ENSMUSG00000035958	1578.97089529616	0.0327061756454246	0.0872928443955264	0.374673217682156	0.707903512880728	0.999831983216163
ENSMUSG00000021666	930.415667287666	0.0356029766980006	0.0980725779746287	0.363003754909346	0.716602079373279	0.999831983216163
ENSMUSG00000038175	596.032194801364	0.0715329284704568	0.106884505913967	0.669127735069747	0.503413999089098	0.999831983216163
ENSMUSG00000021610	2519.28765454972	-0.0728323646361194	0.0835468773444421	-0.871783442044548	0.383326529235884	0.999831983216163
ENSMUSG00000021376	594.737492276391	-0.152645507875686	0.101808093060982	-1.49956512949159	0.133727086047572	0.999831983216163
ENSMUSG00000021645	576.94511659623	0.00834863400356363	0.104636215568436	0.0797778357872662	0.936413952606243	0.999831983216163
ENSMUSG00000006179	23.1773241270447	-0.0331818304741324	0.0969017150397496	-0.344503938339015	0.730467334736622	0.999831983216163
ENSMUSG00000074886	1383.85082417886	0.0469022408669986	0.0878125717130486	0.534108464094094	0.59326649410117	0.999831983216163
ENSMUSG00000006611	352.243063351932	0.0494532145427595	0.116250268555881	0.425143261284917	0.670732242772771	0.999831983216163
ENSMUSG00000021493	577.484288046862	-0.0543421081559872	0.111319191788047	-0.488215217947239	0.625397406517439	0.999831983216163
ENSMUSG00000021368	531.405472241353	0.0407239019802549	0.105310442254891	0.386637791080037	0.69902437641829	0.999831983216163
ENSMUSG00000034675	1709.11289117062	0.0547803796187585	0.0879536152875025	0.622807924232542	0.533410750356855	0.999831983216163
ENSMUSG00000042082	2568.76593764976	-0.0182909296478146	0.0812659140186562	-0.225076567615623	0.821919709644107	0.999831983216163
ENSMUSG00000052180	19.1632027451531	0.114820837917726	0.0912481045843487	1.24124155048845	0.21451652963086	0.999831983216163
ENSMUSG00000042590	1765.14735766267	-0.00772322304969761	0.0938280679343222	-0.0823162269545873	0.934395250967519	0.999831983216163
ENSMUSG00000118537	73.4743392742039	0.194973036535835	0.120498052405034	1.61011488396248	0.107372778351554	0.999831983216163
ENSMUSG00000037989	5578.47631075935	0.0234653378838808	0.0925413997678997	0.25355574335329	0.7998387910814	0.999831983216163
ENSMUSG00000054931	141.75427539496	-0.0432284864234058	0.120917403021686	-0.357620533389459	0.720627309833895	0.999831983216163
ENSMUSG00000021587	1304.20074671674	0.185202083069757	0.102917882488963	1.79849159451473	0.0720991394735718	0.999831983216163
ENSMUSG00000047419	898.526123884303	-0.0993344242392657	0.10750554816734	-0.924459341694874	0.355247210802019	0.999831983216163
ENSMUSG00000034334	217.481191791444	0.0543113712965151	0.119175162856554	0.455464403767376	0.648775170749537	0.999831983216163
ENSMUSG00000021639	1007.22444312224	-0.0261989602023042	0.0961612846186128	-0.272444003677108	0.785280641786372	0.999831983216163
ENSMUSG00000074867	59.9205798330933	-0.114869222811348	0.11752829766635	-0.98278539271207	0.325713072563579	0.999831983216163
ENSMUSG00000046876	1566.40006552123	-0.133656117567455	0.086434151066875	-1.5463839454316	0.122011869136383	0.999831983216163
ENSMUSG00000074768	12.4389416557676	0.0321334903954607	0.0727835876220127	0.434323070296209	0.664053853128788	0.999831983216163
ENSMUSG00000021661	1369.53032506208	0.00373315236666753	0.0932844570672001	0.0400203503927515	0.968076902021377	0.999831983216163
ENSMUSG00000078958	298.786570653478	-0.014369026569785	0.113896501809252	-0.126170759133691	0.89959675719398	0.999831983216163
ENSMUSG00000058672	647.084880759366	0.0198197025404546	0.106583809528512	0.185949288354136	0.852484529661803	0.999831983216163
ENSMUSG00000021565	17.8805111025257	0.0801770844270847	0.085757795034296	0.923660608568321	0.355663047281703	0.999831983216163
ENSMUSG00000021361	829.072514824035	-0.0282133909209255	0.0958016583408989	-0.29448996121968	0.768383533291103	0.999831983216163
ENSMUSG00000021621	605.152805526986	-0.0946955169292365	0.0994741244392416	-0.951958086223215	0.341118238985459	0.999831983216163
ENSMUSG00000050002	669.930944193172	0.109057153338682	0.1024861822235	1.06380417834917	0.287417418104409	0.999831983216163
ENSMUSG00000057842	222.949495069121	-0.0363406980619728	0.115794953071801	-0.313903000576696	0.753594711362041	0.999831983216163
ENSMUSG00000055560	28.4208872942925	-0.0351280556776389	0.101403171610041	-0.348177368963397	0.727706982678648	0.999831983216163
ENSMUSG00000037933	3691.56613460021	-0.0708223603612919	0.0798835259915524	-0.886608716109238	0.375289599577263	0.999831983216163
ENSMUSG00000025451	4135.34267245763	0.0613312596764276	0.0815883500850917	0.75168436439019	0.452240895392685	0.999831983216163
ENSMUSG00000052087	12.2907091294633	0.0233973843580749	0.0791860572619917	0.293606582125253	0.769058545554428	0.999831983216163
ENSMUSG00000021461	780.733364307999	-0.00485964427904225	0.0952460252061917	-0.0510224274051877	0.959307649336269	0.999831983216163
ENSMUSG00000021577	16268.5602756565	0.114170347579871	0.0789890880682242	1.44523494819487	0.148391903013339	0.999831983216163
ENSMUSG00000034617	641.039010611466	-0.0868430370329727	0.10156968583515	-0.85505219499036	0.392522252986489	0.999831983216163
ENSMUSG00000002808	5043.1016635276	0.123771424142259	0.0829574808836873	1.49179618825509	0.135752583515973	0.999831983216163
ENSMUSG00000038462	4812.42900145403	-0.00743722695516301	0.0888563859364887	-0.0836997669421653	0.933295142449816	0.999831983216163
ENSMUSG00000025878	1247.32709528889	0.00369055749081126	0.09256902504126	0.0398684694576113	0.968197988835557	0.999831983216163
ENSMUSG00000045312	2021.06965619255	0.062910693673356	0.0871172121502877	0.722110505061491	0.47022654002875	0.999831983216163
ENSMUSG00000042275	86.1485877399753	-0.0239309266750805	0.121543952396881	-0.196996183536054	0.843830524362115	0.999831983216163
ENSMUSG00000034891	7574.20147722703	0.0726948330349438	0.0960675878870571	0.756538111583253	0.449326631196519	0.999831983216163
ENSMUSG00000021754	996.682991782361	-0.0704678619291319	0.0978111822777812	-0.720555357958201	0.47118312863481	0.999831983216163
ENSMUSG00000006717	803.607363077636	0.108887760786119	0.0984795073635253	1.10562076434581	0.268890698512771	0.999831983216163
ENSMUSG00000021550	329.558938232305	-0.0286226849769314	0.110678858290667	-0.258615236335157	0.795932126199173	0.999831983216163
ENSMUSG00000041236	5653.60598299739	0.0977209290948089	0.0868469844769169	1.12506088729831	0.260563233964207	0.999831983216163
ENSMUSG00000016018	3355.97673205272	0.026606217063054	0.0868109896794705	0.306481359211207	0.759238170613338	0.999831983216163
ENSMUSG00000039182	843.052724838169	0.0615112771733044	0.100272605004511	0.6134139034258	0.539602695189594	0.999831983216163
ENSMUSG00000030446	387.406988799013	0.15739380270465	0.106488390261577	1.4777855449813	0.139465188623764	0.999831983216163
ENSMUSG00000021322	16.5863561322355	0.0400000983335677	0.0863377430312815	0.460041442804622	0.64548647394382	0.999831983216163
ENSMUSG00000097333	651.010273620673	-0.111523232304998	0.103781770127247	-1.07487886011638	0.282428967709512	0.999831983216163
ENSMUSG00000021342	15.6100929411492	0.0114674697641712	0.0141744911689665	1.2241112000513	0.220910281516032	0.999831983216163
ENSMUSG00000001542	615.385166656943	-0.0663712625488748	0.0995949666895029	-0.666459381327758	0.505117518020022	0.999831983216163
ENSMUSG00000021670	2790.03144511889	-0.0736463297591356	0.0956837086471662	-0.769830398472601	0.441400505101252	0.999831983216163
ENSMUSG00000051037	131.184715175343	-0.0593334703226215	0.121442038612911	-0.488900461718821	0.624912168806309	0.999831983216163
ENSMUSG00000021709	4079.98697305196	-0.0449383176013957	0.0965466196956296	-0.465525162396539	0.641555421849588	0.999831983216163
ENSMUSG00000021388	108.491316445262	0.00261443159706426	0.12138907716729	0.0215411029276929	0.982814015665814	0.999831983216163
ENSMUSG00000041995	315.036520148538	-0.175340340341329	0.110898445074134	-1.58120413642068	0.113831369895563	0.999831983216163
ENSMUSG00000041112	5584.52202700989	-0.0868278083951486	0.0987696128875286	-0.879347639549125	0.37921281287328	0.999831983216163
ENSMUSG00000021669	4622.91926334098	0.0878944969640756	0.0865112646778064	1.01588059990029	0.30968624821142	0.999831983216163
ENSMUSG00000021712	3881.42362008766	0.146136439884778	0.0855864357490877	1.7072052609337	0.0877839075372465	0.999831983216163
ENSMUSG00000036006	677.88076803757	0.0860259819500458	0.100271617464443	0.857911497017252	0.390941335242822	0.999831983216163
ENSMUSG00000061474	440.299217455878	-0.0557785935593792	0.107469916818994	-0.519061107263189	0.603718128947423	0.999831983216163
ENSMUSG00000091183	216.164669126972	0.0312390401183015	0.117625172685261	0.265583217053728	0.790560212393682	0.999831983216163
ENSMUSG00000041773	1011.55922597685	-0.0301139715907981	0.100811392464222	-0.300547659265807	0.76375944881606	0.999831983216163
ENSMUSG00000038518	2361.67981150025	-0.149575781016517	0.0979845919645976	-1.52717152774203	0.1267183643174	0.999831983216163
ENSMUSG00000032621	3384.49966107871	0.058364554545749	0.092417423075012	0.631466798641727	0.527735351436384	0.999831983216163
ENSMUSG00000021377	1975.4668257732	0.0408385109561691	0.097845050291991	0.417356841716082	0.676417417729281	0.999831983216163
ENSMUSG00000032745	4908.7959540964	-0.00136054563402558	0.0857604986350958	-0.0158641119121328	0.987342800943	0.999831983216163
ENSMUSG00000047547	6074.17765932504	-0.0446158570169802	0.0785225608027358	-0.568210048818891	0.569892348905977	0.999831983216163
ENSMUSG00000042743	2086.00254774887	0.0596597245127135	0.0911219921841089	0.654688533091624	0.512668309603618	0.999831983216163
ENSMUSG00000006191	610.453620447634	0.0359821448564324	0.0997798232421367	0.360619167855883	0.718384158338564	0.999831983216163
ENSMUSG00000037851	2790.90230378296	-0.105276430768041	0.0876386103415697	-1.20139400014389	0.229598402408267	0.999831983216163
ENSMUSG00000021314	7783.16683814874	0.0605289104899009	0.0773605530770784	0.782388742230995	0.433986147864754	0.999831983216163
ENSMUSG00000021686	1830.43918064093	-0.033808809712576	0.0933588907034447	-0.362154452240562	0.717236614369481	0.999831983216163
ENSMUSG00000021713	606.696040837079	-0.0268444078571362	0.099823675475272	-0.268930723100978	0.787982994001259	0.999831983216163
ENSMUSG00000021557	12401.715512394	-0.0532091915803988	0.0824007961100508	-0.64577838567277	0.51842288781595	0.999831983216163
ENSMUSG00000033781	2098.02396312053	0.0859333956987858	0.1068654878654	0.803773851888551	0.421527593618945	0.999831983216163
ENSMUSG00000021764	2543.57070938519	0.0288436703876848	0.0877422552921738	0.328727114067362	0.742361958222158	0.999831983216163
ENSMUSG00000090641	530.261721479872	-0.0924474244814567	0.109774701681791	-0.842413777368523	0.399556383847642	0.999831983216163
ENSMUSG00000048264	2468.24372223727	0.038043834160684	0.0877900023848123	0.433341407439616	0.664766760384062	0.999831983216163
ENSMUSG00000014164	1712.26037803954	-0.100112866362449	0.108222850027847	-0.92555846922148	0.354675484782977	0.999831983216163
ENSMUSG00000041324	158.176068943915	0.120218687511312	0.120991812453253	0.990072247519631	0.322138807091202	0.999831983216163
ENSMUSG00000021423	170.354844930809	0.0692399806260009	0.120587608522157	0.57372292295201	0.5661553138237	0.999831983216163
ENSMUSG00000021611	54.8248228739192	-0.004599739420882	0.115767768126171	-0.0397201120857128	0.968316267202923	0.999831983216163
ENSMUSG00000058246	153.118337327199	0.0936251637820244	0.120063386459095	0.779210924621583	0.435855475790009	0.999831983216163
ENSMUSG00000048280	1603.5211402603	-0.140202032196449	0.101060949610478	-1.38796800559367	0.165146787829482	0.999831983216163
ENSMUSG00000032727	1620.44143793615	0.0808604950031494	0.088385249871466	0.914822746797467	0.360284691245847	0.999831983216163
ENSMUSG00000021613	451.514226117375	-0.0519570242464038	0.11589641741298	-0.448573876246213	0.653739082390375	0.999831983216163
ENSMUSG00000041417	6826.06059494529	-0.113245122240713	0.0991786902170873	-1.14229661587258	0.25333074744563	0.999831983216163
ENSMUSG00000021697	11.587843051061	-0.0682881669955663	0.0770377547048522	-0.910121103087245	0.362758646430869	0.999831983216163
ENSMUSG00000038025	3292.23955277015	0.0191452494380396	0.0937326146289547	0.204243238313088	0.838163424143767	0.999831983216163
ENSMUSG00000039114	2567.51965390391	-0.149015454952461	0.0953306339454435	-1.56361371564738	0.117908311885734	0.999831983216163
ENSMUSG00000055313	116.976554926861	-0.0772428546010162	0.121872862058465	-0.634516851498064	0.525743572832891	0.999831983216163
ENSMUSG00000021311	1357.72000302237	-0.00625023535901371	0.0964422743314796	-0.0648087411954005	0.948326281616794	0.999831983216163
ENSMUSG00000021660	3186.27719647981	0.0266556335992776	0.0883983609265292	0.301528938465823	0.76301118649821	0.999831983216163
ENSMUSG00000021338	1384.93868519822	0.00743623207647406	0.0925908596620545	0.0803141238129519	0.935987425323371	0.999831983216163
ENSMUSG00000069184	352.958612771594	-0.0330758566147484	0.111393091737544	-0.297007225967103	0.766460992412434	0.999831983216163
ENSMUSG00000039233	2344.32526967681	-0.0569129300518476	0.0858559629959284	-0.662908655510758	0.507389057916587	0.999831983216163
ENSMUSG00000021486	2176.07461809279	0.0635971150849486	0.0891939716456192	0.712960650730897	0.475870106740046	0.999831983216163
ENSMUSG00000025877	24.5044565349597	0.0818341663076289	0.0985688371994874	0.82191944015671	0.4111227480451	0.999831983216163
ENSMUSG00000021371	874.566445912734	-0.00741538449566892	0.0958060731298307	-0.0773962319608693	0.938308338252796	0.999831983216163
ENSMUSG00000021699	2460.36103799417	0.0127414062176458	0.0860645478993202	0.148046089507712	0.882306394812271	0.999831983216163
ENSMUSG00000021687	8653.29195955498	-0.0525337000364695	0.0784047907100214	-0.670061871924097	0.50281834924807	0.999831983216163
ENSMUSG00000021400	1870.1713195841	0.00998002338776853	0.0840956472719168	0.118674719240251	0.905533066103485	0.999831983216163
ENSMUSG00000063200	1559.22786794555	-0.0111013689665391	0.0865285296539074	-0.128298974642454	0.897912376517349	0.999831983216163
ENSMUSG00000035936	4140.51763710116	0.0494924316759447	0.0818398073571913	0.604726706255631	0.545360600248099	0.999831983216163
ENSMUSG00000021306	603.174928808707	-0.0995064523185081	0.103045414880799	-0.965677267502844	0.334205698020938	0.999831983216163
ENSMUSG00000059288	472.262992955824	-0.0921842025573177	0.106774760323588	-0.863364122037612	0.387937299133131	0.999831983216163
ENSMUSG00000034928	4251.46584874386	-0.0477481019146093	0.0824018742789752	-0.579471280217623	0.562271219868106	0.999831983216163
ENSMUSG00000035367	656.875969849367	-0.0403726535836282	0.097502779178933	-0.414069528175205	0.678823188230856	0.999831983216163
ENSMUSG00000021638	1146.92696510102	-0.00656622880624665	0.0911500367665566	-0.0720368141220834	0.942572610509258	0.999831983216163
ENSMUSG00000041431	10.7950221442376	-0.0370502881802494	0.0748828278335969	-0.502523154236519	0.615299569300676	0.999831983216163
ENSMUSG00000033063	13.7963395453064	0.0210754470012523	0.0734082270628728	0.285233316213462	0.775465397397862	0.999831983216163
ENSMUSG00000021615	363.879732542288	-0.000653155333760062	0.112743336472492	-0.0057933548506736	0.995377597466328	0.999831983216163
ENSMUSG00000021218	9798.67870168903	0.0840589732996506	0.0757277474796306	1.1099512864195	0.267020018530037	0.999831983216163
ENSMUSG00000009470	5368.91423660104	0.0461263411444105	0.0905949379657192	0.50911396583777	0.610672343126738	0.999831983216163
ENSMUSG00000021596	3526.9727695513	0.0239248552376673	0.089928069384148	0.266036788584635	0.790210876415092	0.999831983216163
ENSMUSG00000032846	629.055405023842	-0.0413705675100446	0.104616367572849	-0.3955158836205	0.692462201771679	0.999831983216163
ENSMUSG00000021408	417.581461705522	0.043415184160588	0.108646538444564	0.399610261516639	0.689443597240661	0.999831983216163
ENSMUSG00000063894	2061.71810102138	0.0217732405798723	0.0921002249290473	0.236409105182349	0.813115231503377	0.999831983216163
ENSMUSG00000021357	2017.38506038027	0.155461749005309	0.0916857506798821	1.69523247426724	0.0900313287686966	0.999831983216163
ENSMUSG00000021715	552.256188526067	0.0847189452560745	0.107335078889422	0.78922684579336	0.429979434106119	0.999831983216163
ENSMUSG00000074863	333.043566929501	-0.0500423504400903	0.109299529404906	-0.457872293775313	0.647044193186244	0.999831983216163
ENSMUSG00000021725	1437.70564222864	0.0484432091775607	0.0916729025539051	0.528408370686349	0.597215928919293	0.999831983216163
ENSMUSG00000021417	1153.92626438966	0.0711425332533802	0.0908894039840378	0.782725174122252	0.433788515872894	0.999831983216163
ENSMUSG00000035139	1020.74755894656	0.0547149531679535	0.0938909256241857	0.582723901548098	0.560079180377315	0.999831983216163
ENSMUSG00000042842	113.296194367259	0.0814824064433516	0.121828379535613	0.667459393710568	0.504478738807963	0.999831983216163
ENSMUSG00000021598	623.251070632915	-0.0228135294945793	0.10206014708133	-0.223541641836935	0.823113977463444	0.999831983216163
ENSMUSG00000090659	217.38459817739	-0.0686817084044454	0.118363881421837	-0.580645807411007	0.561479192767569	0.999831983216163
ENSMUSG00000060739	730.724071013788	0.0356308366734694	0.106719808017573	0.333872998999404	0.738475395475467	0.999831983216163
ENSMUSG00000021606	1214.16027840028	0.0998460019268989	0.0952838325997513	1.04773312161988	0.294761582920862	0.999831983216163
ENSMUSG00000021680	29.159244227338	0.0628013941507654	0.0894752336736131	0.692390906094784	0.488691875191999	0.999831983216163
ENSMUSG00000043183	512.854726776165	0.153864422187092	0.10393074560589	1.48024879865731	0.138806861841353	0.999831983216163
ENSMUSG00000021559	556.577970667062	0.073560392416064	0.101894044673862	0.721892594413085	0.470360514683255	0.999831983216163
ENSMUSG00000049625	32.5306205644633	0.0613044606623871	0.106231488804027	0.574115079665099	0.565889929601441	0.999831983216163
ENSMUSG00000021313	7341.25957275286	-0.136527942942382	0.100693117131983	-1.35663114861729	0.174898439389396	0.999831983216163
ENSMUSG00000046169	378.020581282648	0.193598409909875	0.107356480589165	1.80269752855672	0.0714357305440068	0.999831983216163
ENSMUSG00000056749	529.083166412928	-0.0422486027965965	0.109404794898343	-0.386203725051013	0.699345795172328	0.999831983216163
ENSMUSG00000075054	1559.88646426658	-0.0434853557050653	0.0941206445818884	-0.462053392648815	0.644043032032961	0.999831983216163
ENSMUSG00000038212	3164.35671520544	-0.0171648814297919	0.0836613497052139	-0.205175657517991	0.837434887344694	0.999831983216163
ENSMUSG00000021474	1852.81896365504	-0.0817660349632375	0.0863140560716364	-0.947363556333826	0.343453554870639	0.999831983216163
ENSMUSG00000021701	1043.26372560445	0.0256048988585125	0.0963595591727564	0.265720980256637	0.790454104184135	0.999831983216163
ENSMUSG00000072066	120.094645977139	0.10308587660126	0.121787765662935	0.84543671215848	0.397867054232737	0.999831983216163
ENSMUSG00000025453	507.027870408324	0.0918930958910852	0.104743651039772	0.877165815597176	0.380396580628369	0.999831983216163
ENSMUSG00000012429	469.840999007405	-0.0385670277280727	0.104219129168728	-0.370048733050507	0.711346179894157	0.999831983216163
ENSMUSG00000021519	1541.91492033201	-0.0415733403328041	0.0867740683306324	-0.479101186992935	0.631866645354972	0.999831983216163
ENSMUSG00000055254	18280.7111449964	0.0488122232607863	0.0824600678965948	0.59191532168944	0.553907293327027	0.999831983216163
ENSMUSG00000051098	1287.85272126649	0.0833055908586825	0.0913609642094665	0.911793005172049	0.361877693250742	0.999831983216163
ENSMUSG00000021481	1544.58626806452	0.0251987283219764	0.0907577242717499	0.277641352680945	0.781287684790242	0.999831983216163
ENSMUSG00000021510	979.650918427022	-0.0010049314183488	0.102710269134092	-0.00978450355670905	0.992193220242821	0.999831983216163
ENSMUSG00000038286	721.04452854687	0.100186708124605	0.0995902008067433	1.0057981908723	0.314512657742841	0.999831983216163
ENSMUSG00000021508	1599.86878658698	0.027405982139592	0.0887405591196042	0.308817798727688	0.757460129062659	0.999831983216163
ENSMUSG00000021520	2688.6414695849	0.0180633112090765	0.089205935024859	0.202489369556004	0.839534168151716	0.999831983216163
ENSMUSG00000021714	34.6493458471119	0.106561217812875	0.104275806836728	1.01421535271083	0.310480004368625	0.999831983216163
ENSMUSG00000069206	852.023478134575	0.065554847891837	0.107005580530852	0.612508241722834	0.540201546793562	0.999831983216163
ENSMUSG00000048368	158.986400950404	-0.147947452118295	0.120523979667217	-1.22857533841781	0.219231066587974	0.999831983216163
ENSMUSG00000035493	199.367858931396	-0.0753266031682718	0.121524793309229	-0.620269280824382	0.535080515881927	0.999831983216163
ENSMUSG00000046573	390.762130561513	0.108982074457799	0.114226536887958	0.953598792656049	0.340286767138867	0.999831983216163
ENSMUSG00000033799	2325.04222673345	-0.0134941165691211	0.104928243618654	-0.128618155840624	0.897659799353217	0.999831983216163
ENSMUSG00000048376	267.255118613325	0.155065659093194	0.114250980059166	1.35661472950239	0.174903659099926	0.999831983216163
ENSMUSG00000021567	61.2966440669825	0.046895841087382	0.118800777547091	0.394123606311347	0.693489783311867	0.999831983216163
ENSMUSG00000078945	29.3730476193221	0.0538975822497507	0.10260854410886	0.522423321682747	0.60137562156315	0.999831983216163
ENSMUSG00000041685	2742.73525344474	-0.0393265354493404	0.0813953067921312	-0.483166005494656	0.628977870627362	0.999831983216163
ENSMUSG00000021692	895.292201008835	-0.0151781711607331	0.100409524171278	-0.15116387105209	0.879846449468358	0.999831983216163
ENSMUSG00000021411	113.166992397599	-0.0508540739423722	0.1216201531702	-0.418649388741403	0.675472389048861	0.999831983216163
ENSMUSG00000021391	35.9173143907248	0.0876185390742686	0.105908606300581	0.822542033636308	0.41076847400619	0.999831983216163
ENSMUSG00000045767	6731.23154763983	-0.130951869178893	0.0933629879792081	-1.40304546412644	0.160603282042019	0.999831983216163
ENSMUSG00000087370	3782.85079422105	0.0414987782231617	0.0883651900516308	0.469608185624285	0.638634975370244	0.999831983216163
ENSMUSG00000038080	875.85637348067	-0.0239100710803878	0.094300556567109	-0.25356296639856	0.799833210242416	0.999831983216163
ENSMUSG00000037816	411.547256090869	0.114439007194594	0.109959855465592	1.04036476455371	0.298170465379298	0.999831983216163
ENSMUSG00000021756	5170.6274238082	-0.0948412188156886	0.0864053576031428	-1.09777279622525	0.272303713148527	0.999831983216163
ENSMUSG00000021469	216.606164177022	0.0247931312046844	0.121702772537192	0.203680051941262	0.838603531665726	0.999831983216163
ENSMUSG00000021597	1082.76343639457	0.132673174943052	0.0927809464049104	1.42986187288678	0.152756666727461	0.999831983216163
ENSMUSG00000021149	1638.1179369542	0.100064197214506	0.0913738979728986	1.09502032585849	0.273507731784603	0.999831983216163
ENSMUSG00000019132	10062.267760992	-0.0489785531265806	0.075469263492232	-0.649008412146351	0.516332938903823	0.999831983216163
ENSMUSG00000021385	736.329441449064	0.00834067311910449	0.1057442775044	0.078879849496661	0.937128191065355	0.999831983216163
ENSMUSG00000021668	860.595133370174	0.0550177040894919	0.0968034570301754	0.56834925857779	0.569797837585864	0.999831983216163
ENSMUSG00000055137	185.050875346867	0.18270159566606	0.119012829213202	1.53336232377759	0.125186606407458	0.999831983216163
ENSMUSG00000034751	1890.07789032833	0.116645875809199	0.102758519626222	1.13472363539511	0.256491131050848	0.999831983216163
ENSMUSG00000021681	2706.62568836484	0.0229837560036863	0.0857129675834801	0.26814786808312	0.788585501109671	0.999831983216163
ENSMUSG00000091387	60.6455761860933	0.0265040073062744	0.117490348921307	0.225351325923561	0.821705974027579	0.999831983216163
ENSMUSG00000003062	1228.98522531999	0.0953074758622161	0.0969018294812764	0.983374858382591	0.325422979475857	0.999831983216163
ENSMUSG00000021363	43.117334315887	0.050047956177632	0.112863165246403	0.442403092388105	0.658197541673335	0.999831983216163
ENSMUSG00000069255	601.694143972886	-0.0762093314979197	0.100659429749512	-0.757081674787029	0.449000932071773	0.999831983216163
ENSMUSG00000042417	10.8316059425909	0.0101004021048862	0.0751130007040238	0.134200642580952	0.893243917803297	0.999831983216163
ENSMUSG00000021636	496.855990960675	0.0674506968582846	0.105060735669741	0.641883769499359	0.52094865330346	0.999831983216163
ENSMUSG00000067586	101.210084807085	-0.0215517188474873	0.121299403803407	-0.177644327136145	0.859002310150716	0.999831983216163
ENSMUSG00000021720	314.893929371176	-0.030552496870488	0.115919964593582	-0.263634997995913	0.79206118779146	0.999831983216163
ENSMUSG00000021496	147.391449286107	0.0328790837526636	0.120818070344999	0.272002736631931	0.785619915126319	0.999831983216163
ENSMUSG00000044734	563.33739525392	-0.0743260461924215	0.117916867922664	-0.630842419785514	0.528143563944779	0.999831983216163
ENSMUSG00000033991	1675.04303146272	0.0159500938142927	0.0956029079560478	0.166839974066503	0.86749596472	0.999831983216163
ENSMUSG00000017756	212.650091744298	-0.0153949509344345	0.120112903940088	-0.128127528987194	0.89804805061439	0.999831983216163
ENSMUSG00000015937	2633.03971276568	-0.0510214568004852	0.0816164036394981	-0.625152037989468	0.531871276970888	0.999831983216163
ENSMUSG00000021607	533.722794061213	-0.0394235004077847	0.104078019365122	-0.378814052570595	0.704825951319892	0.999831983216163
ENSMUSG00000038267	1907.07380685633	0.0579195383578094	0.0877367984432441	0.660123126978659	0.509174818571835	0.999831983216163
ENSMUSG00000022228	4732.58172779999	0.0989165483107927	0.0789734685208684	1.25243783244733	0.21041036796347	0.999831983216163
ENSMUSG00000021537	3204.67738093591	0.0054576086805968	0.0800782324995806	0.0681540560496454	0.945662999845606	0.999831983216163
ENSMUSG00000021730	5326.97719778937	-0.0970796192649889	0.0937194742224834	-1.03610498659597	0.300153166097058	0.999831983216163
ENSMUSG00000034575	1914.31135169238	0.0049632169686633	0.0901410341300381	0.0550619239946502	0.956089130352536	0.999831983216163
ENSMUSG00000021765	11.5481770869774	-0.0429790594433111	0.0765808733142414	-0.569835798185447	0.568789072959308	0.999831983216163
ENSMUSG00000044792	4772.74479797537	0.00191529952263932	0.0811678430599618	0.023597375578398	0.981173765554677	0.999831983216163
ENSMUSG00000021693	1844.52223111113	0.0308356819759356	0.0938526077761553	0.328551143195685	0.742494981653377	0.999831983216163
ENSMUSG00000042284	480.667862955212	-0.0970662541110736	0.103592607019444	-0.937087473689713	0.348713564275336	0.999831983216163
ENSMUSG00000046351	2104.62571392082	-0.023815853255197	0.0897241815896771	-0.265447603867889	0.79066466840532	0.999831983216163
ENSMUSG00000021379	5749.53443811253	-0.0787701938656978	0.0858369232814606	-0.917768965257483	0.358739833222987	0.999831983216163
ENSMUSG00000043631	755.597265597221	-0.145969090179029	0.0998857039915817	-1.46150742103798	0.143876240480593	0.999831983216163
ENSMUSG00000021193	1473.35621348639	0.00195807158659679	0.0866218266433141	0.0226054504021906	0.98196499614754	0.999831983216163
ENSMUSG00000021585	759.240196481408	0.074898084569487	0.103578571974097	0.723030926957254	0.469660883780787	0.999831983216163
ENSMUSG00000021707	325.038547892931	-0.0581785066067208	0.11338550203426	-0.513284628167798	0.607752235112718	0.999831983216163
ENSMUSG00000047246	178.201738321537	-0.0216370077483301	0.118573715911576	-0.182496406868589	0.855193173915453	0.999831983216163
ENSMUSG00000021635	1093.07580567566	-0.02557391216993	0.0911910399869103	-0.280443283870806	0.779137433040648	0.999831983216163
ENSMUSG00000021428	848.804763981806	0.0321328168181677	0.0942211734083611	0.341023897872318	0.733085591064051	0.999831983216163
ENSMUSG00000021302	3901.0582961108	-0.0476398315871861	0.083986818195306	-0.567262804923771	0.570535643581685	0.999831983216163
ENSMUSG00000113450	125.325843532828	-0.0568468474734436	0.121859718603431	-0.466747448969122	0.640680577753794	0.999831983216163
ENSMUSG00000071451	113.525336852079	0.11379836328985	0.121866118690269	0.932077831344387	0.351296303813843	0.999831983216163
ENSMUSG00000021484	3319.2181713571	-0.028079576882777	0.082779926156935	-0.339214416632014	0.734448209545692	0.999831983216163
ENSMUSG00000021476	5199.81599606902	0.0903685932071334	0.0788059896433931	1.14664256454882	0.25152937716546	0.999831983216163
ENSMUSG00000021758	54.3444346570428	-0.0860133992604101	0.114372216555806	-0.755671176345744	0.449846369693364	0.999831983216163
ENSMUSG00000057649	1898.73911828294	0.027874330044358	0.0957053280222928	0.29122352188709	0.770880373979105	0.999831983216163
ENSMUSG00000058331	290.974709986988	0.00138557733762279	0.112071157889541	0.0123641017049129	0.990135125484317	0.999831983216163
ENSMUSG00000021650	982.720921634849	0.0158933344930092	0.0950220079565197	0.167255579794791	0.867168953918397	0.999831983216163
ENSMUSG00000049538	331.364276501809	-0.0592832862423957	0.110407384372609	-0.537020498174625	0.591253454996794	0.999831983216163
ENSMUSG00000044934	1014.98105863402	0.0285543887701204	0.0988699286886139	0.28881742793674	0.772721094631106	0.999831983216163
ENSMUSG00000074826	222.622277810975	-0.0345782228122672	0.116410744466633	-0.297060562954832	0.766420272218935	0.999831983216163
ENSMUSG00000041632	594.63921771666	0.0438112334869907	0.103576984508302	0.422924251602731	0.672350528139338	0.999831983216163
ENSMUSG00000042102	15.37993712155	-0.000648594078984055	0.0841503394189361	-0.00770502409060903	0.993852341065966	0.999831983216163
ENSMUSG00000021572	795.116478823152	0.00849331403265183	0.0987076913108894	0.0860499559117966	0.931426705388413	0.999831983216163
ENSMUSG00000057069	1042.85191518212	0.0971438932445925	0.0919476257991619	1.05642939941726	0.290772080209146	0.999831983216163
ENSMUSG00000042348	1122.88118765421	-0.0886121638207554	0.0951378332740712	-0.931442131144191	0.351624905843635	0.999831983216163
ENSMUSG00000021546	16952.1565952699	0.0150438661665976	0.0752709777128977	0.199861098386797	0.841589215552436	0.999831983216163
ENSMUSG00000051029	331.567380296255	0.175946873647497	0.112272815658164	1.56625297577161	0.117289405033359	0.999831983216163
ENSMUSG00000062822	1990.29872071839	0.0570688217432724	0.0845457521570553	0.674991761697331	0.499680999034938	0.999831983216163
ENSMUSG00000041747	1253.39856325845	0.0833495447373987	0.0899253208345703	0.926825289957634	0.354017252013091	0.999831983216163
ENSMUSG00000021319	118.060571738152	0.00907320225168119	0.121441524079904	0.0746231962531541	0.940514517636847	0.999831983216163
ENSMUSG00000021339	3901.69047589767	-0.0134487895308863	0.0786901721915365	-0.170909116265581	0.864295228390006	0.999831983216163
ENSMUSG00000014850	1061.99687454381	0.0522656565717674	0.093889357763308	0.556673467402606	0.577750548099157	0.999831983216163
ENSMUSG00000021147	4170.1692968669	-0.0253281560658099	0.0811322318301151	-0.312191522738472	0.754894974260248	0.999831983216163
ENSMUSG00000042364	1508.66529697818	0.0350223488213234	0.0891528727043216	0.392827007040042	0.694447256147356	0.999831983216163
ENSMUSG00000045410	1540.96458995719	0.0366343809774782	0.0940005190703545	0.389723945770296	0.696740687696335	0.999831983216163
ENSMUSG00000021540	2876.57038350155	-0.0150510001767999	0.0837345966572148	-0.179750144685739	0.857348724761238	0.999831983216163
ENSMUSG00000058900	175.520636942497	-0.0516803292333482	0.121656639350816	-0.425395407087149	0.670548453629066	0.999831983216163
ENSMUSG00000017778	3309.72719421711	0.0317552076912812	0.0876089945251309	0.362451829599777	0.717014414172601	0.999831983216163
ENSMUSG00000068184	437.82434071533	0.144943188128542	0.108835459208805	1.33137912778047	0.18306429368772	0.999831983216163
ENSMUSG00000021497	2181.23438486158	0.0598372124744065	0.0836879744639331	0.714979404932914	0.474621769380873	0.999831983216163
ENSMUSG00000034987	216.504680101947	0.20555308599843	0.118588258702494	1.73124768835125	0.0834075971494378	0.999831983216163
ENSMUSG00000018102	799.779043804035	-0.0301815173637811	0.0952086161571307	-0.317012500324582	0.751234117204795	0.999831983216163
ENSMUSG00000021432	607.623717640068	0.0305674598484584	0.105697009453461	0.289142880305795	0.772472040566984	0.999831983216163
ENSMUSG00000021643	199.39046797838	-0.145611566780674	0.117083391883647	-1.24412500709432	0.21345355869746	0.999831983216163
ENSMUSG00000057531	1038.38204609097	0.154298163433524	0.0908269193230378	1.69865133634194	0.0893848976188531	0.999831983216163
ENSMUSG00000039109	136.986928283484	-0.151235820928944	0.121805415752919	-1.24401342499659	0.213494622013246	0.999831983216163
ENSMUSG00000021647	32.0555591047114	0.0724077481612927	0.0426467538705667	1.76788848364379	0.0770795484448283	0.999831983216163
ENSMUSG00000033499	3512.52323322157	0.0222621560007811	0.0849008695953228	0.262211822014051	0.793158139534192	0.999831983216163
ENSMUSG00000021359	351.863887419661	-0.180299342824222	0.114377325901534	-1.57762768373636	0.114651168620917	0.999831983216163
ENSMUSG00000021420	378.691714384986	0.076328791297745	0.111002125716285	0.687380382362947	0.49184305663891	0.999831983216163
ENSMUSG00000001707	809.816777107094	0.138821614238	0.101641602297727	1.365429754058	0.172118017462548	0.999831983216163
ENSMUSG00000001504	379.310521916863	0.154784729169781	0.115138441998362	1.34299284845418	0.179274289558444	0.999831983216163
ENSMUSG00000038982	601.25094865938	0.167217443385188	0.100460164919149	1.66421578689767	0.0960693143279842	0.999831983216163
ENSMUSG00000062248	19.8586127655872	0.0443217044554364	0.0921111191683517	0.477825203354204	0.632774621151091	0.999831983216163
ENSMUSG00000021373	4246.72660977598	-0.0142776349265069	0.0883440926093621	-0.161618771299363	0.871606074296931	0.999831983216163
ENSMUSG00000054021	438.313629204554	-0.0699107893002558	0.106292425305691	-0.65779077575711	0.510672582459018	0.999831983216163
ENSMUSG00000021457	57.6586997219804	-0.0727180633327406	0.117897084404033	-0.618336134095113	0.536353787588136	0.999831983216163
ENSMUSG00000069208	337.473345655325	-0.00785624820434158	0.111017137911939	-0.0707564901156658	0.943591560844519	0.999831983216163
ENSMUSG00000034488	4585.365454473	0.154111336866422	0.0957947454681885	1.60813754464526	0.107805058020377	0.999831983216163
ENSMUSG00000056222	8529.81243943008	0.028623614452971	0.0914818200215856	0.312870400750726	0.754379126191108	0.999831983216163
ENSMUSG00000037946	697.792830507523	-0.100844233886296	0.107003983912635	-0.942802431558063	0.34578196777021	0.999831983216163
ENSMUSG00000049658	2733.59993561567	-0.091730808834887	0.0992136910583952	-0.924871838016647	0.355032577133269	0.999831983216163
ENSMUSG00000021501	1062.87184226431	-0.0850708062276885	0.097072551772504	-0.876413478293385	0.380805293696555	0.999831983216163
ENSMUSG00000021365	473.90882526533	0.0121919666612633	0.108811719627327	0.11203147684416	0.910798448755112	0.999831983216163
ENSMUSG00000069170	137.238121534299	0.122991713004659	0.120909182675357	1.01626294155412	0.309504190757788	0.999831983216163
ENSMUSG00000039087	3142.26341543776	-0.00585262804858669	0.0956050534713084	-0.0612189041140105	0.951184874662853	0.999831983216163
ENSMUSG00000025873	2328.97740272397	-0.00627380401229477	0.0861526361554557	-0.0728212802760938	0.941948336701719	0.999831983216163
ENSMUSG00000008859	2631.82580931081	-0.056426768060284	0.0868281756189505	-0.649906449730804	0.51575265175131	0.999831983216163
ENSMUSG00000021536	1634.19148413841	-0.080411690716403	0.0966614030682862	-0.832051338431089	0.405379967145356	0.999831983216163
ENSMUSG00000037960	305.207738250548	0.000703635537380219	0.117070088211275	0.00600891136845707	0.995205611243738	0.999831983216163
ENSMUSG00000035509	476.018121925878	0.100950707623624	0.107804678113431	0.936122547529727	0.349210095191575	0.999831983216163
ENSMUSG00000005312	8701.237664808	-0.0975980933918839	0.07756219336103	-1.25841114217945	0.208243104380941	0.999831983216163
ENSMUSG00000054728	3363.22888018697	-0.127434998758837	0.0897643306869834	-1.41990830240802	0.155634378551572	0.999831983216163
ENSMUSG00000048924	28.0814827656419	-0.0299989906997067	0.102876219451456	-0.29267681877649	0.76976919031841	0.999831983216163
ENSMUSG00000021494	1003.11400550858	0.00981376969683834	0.10027867817741	0.0978585784373695	0.922044591678388	0.999831983216163
ENSMUSG00000038068	697.227893805151	0.108202796346506	0.101973132775921	1.06086175922628	0.288752730273935	0.999831983216163
ENSMUSG00000021418	92.1451421284354	-0.081017847491789	0.12174237527606	-0.666240484283787	0.505257399994862	0.999831983216163
ENSMUSG00000078995	22.2538374069631	0.00626958529465795	0.0917910680620717	0.0683161024408029	0.945534006180861	0.999831983216163
ENSMUSG00000052727	23397.2307327679	0.142673521336153	0.0969364542929491	1.47116245448921	0.14124718822985	0.999831983216163
ENSMUSG00000042167	1685.3550178082	-0.0474528253796373	0.0862662012737494	-0.55007727875919	0.582266370151989	0.999831983216163
ENSMUSG00000044566	43.3619205321368	0.185750619787855	0.112988103104919	1.62951085191844	0.103204919482103	0.999831983216163
ENSMUSG00000039242	1003.60313857637	0.0419283243058177	0.0934299830274156	0.448748487893854	0.653613102213296	0.999831983216163
ENSMUSG00000021716	685.371648572721	0.0716185469253285	0.100034811590174	0.715827677131719	0.474097760258698	0.999831983216163
ENSMUSG00000052551	719.5416227234	-0.125044963200805	0.111472902234208	-1.12273663085286	0.261549365702729	0.999831983216163
ENSMUSG00000021301	2239.96979853068	0.0937333861655476	0.0968981110801047	0.967161459730273	0.33346332532941	0.999831983216163
ENSMUSG00000021569	22.4582631841198	0.018687653564265	0.0959083325127551	0.194115291248736	0.846085608670803	0.999831983216163
ENSMUSG00000021326	795.860980756529	0.11566271914119	0.0981176428050395	1.17862992959454	0.238545568402176	0.999831983216163
ENSMUSG00000071252	349.486832790535	0.00963116623815225	0.110374109637009	0.0872709371594433	0.930456154647017	0.999831983216163
ENSMUSG00000009734	24.5875578278973	0.118169785912696	0.0936555319305692	1.24267239195364	0.213988581457786	0.999831983216163
ENSMUSG00000015536	1860.48173276365	0.0525440027283314	0.0917619203676946	0.572584757290602	0.566925882763907	0.999831983216163
ENSMUSG00000021708	616.470516513616	0.108117436888861	0.0870418721015156	1.21374856252101	0.224843753866314	0.999831983216163
ENSMUSG00000046949	529.869483119696	-0.0192082804862121	0.112820203269642	-0.170303235831496	0.864771666610484	0.999831983216163
ENSMUSG00000041297	3116.91298761285	0.0340844328754027	0.0875454667132108	0.389326393689707	0.697034714125585	0.999831983216163
ENSMUSG00000000078	1558.6036145974	-0.035937813295439	0.0893096356291793	-0.40240536216967	0.687385724375935	0.999831983216163
ENSMUSG00000042015	1508.1465706276	-0.0411481366620215	0.0892627677045432	-0.460977881913071	0.644814473807467	0.999831983216163
ENSMUSG00000021156	6867.69556761149	-0.0468192014609917	0.0768683600804898	-0.60910110469877	0.542457425406746	0.999831983216163
ENSMUSG00000060176	104.757146335799	0.110456886619297	0.121872903605634	0.904484926146083	0.365738323776953	0.999831983216163
ENSMUSG00000021719	16615.5152557407	-0.0903556943494235	0.100104969420319	-0.902940210133356	0.366557628259339	0.999831983216163
ENSMUSG00000021646	1069.94843633176	0.020732614727127	0.0911510684273083	0.227448282036292	0.820075180275083	0.999831983216163
ENSMUSG00000012422	3189.82435136395	-0.146176912871644	0.0917826022952077	-1.59308265490355	0.111141649898371	0.999831983216163
ENSMUSG00000015671	3259.05771035794	0.0581829732262958	0.0865334668198158	0.672335896973469	0.501369881939896	0.999831983216163
ENSMUSG00000078941	336.492629892863	-0.0188046289849015	0.110374171955289	-0.170374631466108	0.864715521606635	0.999831983216163
ENSMUSG00000037966	388.293984252465	0.044065974558214	0.108311204839635	0.406808616006087	0.684148558103506	0.999831983216163
ENSMUSG00000091264	5723.94860536831	0.0419895434728081	0.0817622136816721	0.513541010518603	0.607572931205503	0.999831983216163
ENSMUSG00000021318	311.701737614081	0.113938604672655	0.115339158534025	0.987478326930373	0.323408202624292	0.999831983216163
ENSMUSG00000021731	875.843600856764	-0.0125583099049188	0.0933206452400586	-0.134569951856069	0.89295190040764	0.999831983216163
ENSMUSG00000094870	1792.30661130239	-0.0389816098648996	0.0916959052869312	-0.425153390661025	0.670724859087851	0.999831983216163
ENSMUSG00000021374	3410.32021000276	-0.0301516861927897	0.0862769912536187	-0.349492323469785	0.726719732918497	0.999831983216163
ENSMUSG00000057554	1808.53778448599	0.00228060632526991	0.0846781148663496	0.0269331449886379	0.978513057222067	0.999831983216163
ENSMUSG00000033114	23.2198853512998	-0.00769042527930699	0.0935452430247827	-0.0821097100450298	0.934559471700392	0.999831983216163
ENSMUSG00000021608	1544.43878532387	-0.0445828064998573	0.0887886951078882	-0.502123507695203	0.615580645214194	0.999831983216163
ENSMUSG00000025867	24367.5635290737	0.0180863848272385	0.121788662815451	0.148404814545851	0.882023300688734	0.999831983216163
ENSMUSG00000071291	317.59207897661	-0.0324880207761175	0.111257825460595	-0.291998094933954	0.770288080553786	0.999831983216163
ENSMUSG00000033715	111.270052371721	-0.0852363790468729	0.121256762376114	-0.704775877523312	0.480949722662316	0.999831983216163
ENSMUSG00000021556	1402.52557776589	0.0229239581213028	0.088505947884377	0.259007825486648	0.795629202612023	0.999831983216163
ENSMUSG00000021760	301.394563519734	-0.199994946419281	0.115875805052916	-1.72715354316698	0.0841400916849527	0.999831983216163
ENSMUSG00000021448	2174.67473075003	0.003897940041963	0.0978512298535027	0.039835095328661	0.968224596400788	0.999831983216163
ENSMUSG00000035910	222.505377245164	0.0828481602907694	0.119624365214611	0.691882236103755	0.489011287121182	0.999831983216163
ENSMUSG00000021431	2064.71521515679	-0.0293608768308106	0.0900322562245987	-0.326120874646978	0.744332903976447	0.999831983216163
ENSMUSG00000021366	2243.02892638815	-0.0386716525328041	0.0828750128911499	-0.466633344084838	0.640762226523126	0.999831983216163
ENSMUSG00000021504	578.514746812643	0.0344339202544106	0.108034822585415	0.318650960841554	0.749991205054946	0.999831983216163
ENSMUSG00000038991	1666.25179167232	0.0385635059672886	0.0924366852627666	0.417160591079038	0.676560948412195	0.999831983216163
ENSMUSG00000021470	1519.51408098921	0.0683747062236827	0.0921246167692517	0.742166872271922	0.457986237281609	0.999831983216163
ENSMUSG00000021360	238.137355494615	-0.0373764691606121	0.11601905589825	-0.322128278925561	0.747355515674743	0.999831983216163
ENSMUSG00000015672	946.77636963264	0.093789411725055	0.0972603704713013	0.964243259340969	0.334923980703085	0.999831983216163
ENSMUSG00000050919	316.226536912164	-0.00742015559501703	0.11934792428083	-0.0621673005639528	0.950429602472305	0.999831983216163
ENSMUSG00000050954	654.785859353804	-0.180254990425754	0.111530896371623	-1.61802727213888	0.105656720408169	0.999831983216163
ENSMUSG00000021591	623.111146787932	0.141452645849024	0.105174742989494	1.34458604423911	0.178758952638542	0.999831983216163
ENSMUSG00000034789	526.488103630811	0.049582354503767	0.105914738606852	0.468034615060647	0.639759835946418	0.999831983216163
ENSMUSG00000038402	129.782855996392	0.043449148415505	0.121715210328606	0.356858387371453	0.721197823299521	0.999831983216163
ENSMUSG00000021583	569.732693698775	-0.0359116714108746	0.10322911815317	-0.347929764167191	0.727892931580346	0.999831983216163
ENSMUSG00000045034	1207.00511185473	0.0759262409902081	0.0958038683534758	0.792440927546595	0.428103623158034	0.999831983216163
ENSMUSG00000021460	2447.54046951139	0.0541447240749919	0.0847826084809818	0.638608984104932	0.52307733530738	0.999831983216163
ENSMUSG00000021711	2191.83818052047	-0.0724707745012795	0.0847241438515229	-0.855399515752272	0.392330011609736	0.999831983216163
ENSMUSG00000074865	222.618796946097	0.197978334296437	0.118114713609165	1.67429009558448	0.0940736000914985	0.999831983216163
ENSMUSG00000074794	4151.9629781509	-0.107598848628658	0.0808397672445351	-1.33111575477014	0.183150925759615	0.999831983216163
ENSMUSG00000060969	238.680063331102	-0.0669220991630421	0.118062560890001	-0.566924459852549	0.570765505171794	0.999831983216163
ENSMUSG00000025870	300.216393475212	0.0786263018020661	0.112062661625146	0.701506946522323	0.482986701035187	0.999831983216163
ENSMUSG00000021482	1110.19778964571	-0.037302005509253	0.103717485565505	-0.359678915922211	0.71908726092162	0.999831983216163
ENSMUSG00000021665	1409.44167310462	0.136007305131828	0.0921281992371388	1.47604765853604	0.139931098603525	0.999831983216163
ENSMUSG00000079092	18.9627390470001	0.019779820734221	0.0861419899044562	0.229261332037571	0.818665805661855	0.999831983216163
ENSMUSG00000042043	1132.04982401656	0.128349868868155	0.0918190126189976	1.39775077824849	0.162187920016711	0.999831983216163
ENSMUSG00000052374	49.7680194926471	0.127912211265569	0.114593803426405	1.11032629305465	0.266858446943941	0.999831983216163
ENSMUSG00000021671	1007.36518630025	-0.131677777100174	0.0923401759898977	-1.42608578019342	0.15384358284467	0.999831983216163
ENSMUSG00000016477	621.957570780221	-0.0922678865297094	0.100438330693423	-0.918692483553514	0.358256442430241	0.999831983216163
ENSMUSG00000038546	2458.31388734108	-0.0752585044960984	0.0845860555308236	-0.889778937127934	0.373584598522144	0.999831983216163
ENSMUSG00000094942	27.8053480300927	0.0453962212383809	0.100143520569415	0.451003416691662	0.651987086476426	0.999831983216163
ENSMUSG00000071281	485.517465445576	-0.0813869557866724	0.116077662858441	-0.701536950984211	0.482967982986567	0.999831983216163
ENSMUSG00000078994	93.557604747017	-0.149097269896125	0.121336626388714	-1.23361481323497	0.217346470494739	0.999831983216163
ENSMUSG00000069089	2222.40666993772	-0.056438669250735	0.087486052548872	-0.645162125228298	0.518822127674865	0.999831983216163
ENSMUSG00000019726	4460.28512396691	-0.0159182989279706	0.108386663040639	-0.146884100762078	0.883223501552648	0.999831983216163
ENSMUSG00000021196	8050.80264316092	-0.0156871025165768	0.0822625110763103	-0.190699179595895	0.848761281483915	0.999831983216163
ENSMUSG00000050244	1047.20365063361	0.0474633495807891	0.0949952896030458	0.499629927188114	0.617335681166756	0.999831983216163
ENSMUSG00000021464	64.9122688059388	0.0162974949595374	0.117437935788246	0.138511332319804	0.889836314047493	0.999831983216163
ENSMUSG00000021495	3506.71267883985	-0.0362105036682801	0.0879851417275433	-0.411565103794719	0.680658213555426	0.999831983216163
ENSMUSG00000021629	2255.29879083817	-0.0248462683200915	0.0832700480742074	-0.29838410010446	0.76541002295234	0.999831983216163
ENSMUSG00000021676	213.496666012214	0.117252070933888	0.119364594692657	0.981328809971241	0.326430619923156	0.999831983216163
ENSMUSG00000034686	59.7468154733877	0.108567198589231	0.116617381875492	0.92590467902677	0.354495519467967	0.999831983216163
ENSMUSG00000021576	1907.95353357598	-0.00844155554719489	0.0917502092283536	-0.0920074049640824	0.92669215623951	0.999831983216163
ENSMUSG00000051335	6423.75786308963	-0.0759389195293073	0.0881984688440555	-0.861115488108993	0.389174439723899	0.999831983216163
ENSMUSG00000045827	430.785292954334	-0.00987925346001245	0.10974457436779	-0.090023395132643	0.928268623681004	0.999831983216163
ENSMUSG00000069227	3034.32087579017	-0.00780273247677719	0.0823806007126589	-0.0947157747613353	0.924540587861787	0.999831983216163
ENSMUSG00000042426	1190.05145102521	-0.0282078098059517	0.0915449206651679	-0.30814329298665	0.757973299842414	0.999831983216163
ENSMUSG00000064138	1537.5902893738	-0.0327034496547466	0.0893890029363359	-0.365874705955363	0.714458571408148	0.999831983216163
ENSMUSG00000021573	11248.8219058931	-0.0424074433867742	0.0962104051681032	-0.440837300418554	0.659330787709429	0.999831983216163
ENSMUSG00000021624	39.3242205200387	0.0385644183353214	0.110465614721193	0.348437183481859	0.72751188162436	0.999831983216163
ENSMUSG00000021453	499.633088154089	-0.111636960539345	0.117774153482295	-0.948802040042061	0.342721304127975	0.999831983216163
ENSMUSG00000021555	1985.7843483928	-0.00181111298384401	0.0859211027764129	-0.0210781794635896	0.983183291293659	0.999831983216163
ENSMUSG00000025868	756.047747179126	0.00362545719186281	0.0957825118592434	0.0378508317896831	0.969806615477421	0.999831983216163
ENSMUSG00000035840	1173.62756657444	-0.0168389800820273	0.0948991503648508	-0.177449713844652	0.859155160852953	0.999831983216163
ENSMUSG00000021483	521.22934281095	0.143009046734234	0.106037225209155	1.34816785972364	0.177604399444843	0.999831983216163
ENSMUSG00000038732	124.53549023892	-0.176207431548003	0.121885908280982	-1.44967015169238	0.147150523090429	0.999831983216163
ENSMUSG00000034152	3995.03969500317	0.0204045829595272	0.0824660346890519	0.247428351436653	0.804576734887645	0.999831983216163
ENSMUSG00000021694	663.059624525213	-0.0480847829583154	0.0996499793505165	-0.482523005396968	0.629434459837115	0.999831983216163
ENSMUSG00000021548	1192.43895101757	-0.14417407021644	0.0935789918465886	-1.54089338956817	0.123342734948469	0.999831983216163
ENSMUSG00000000253	913.962367659093	0.138578087347559	0.101181580602018	1.36920175287652	0.170936218254787	0.999831983216163
ENSMUSG00000021375	2945.97827900918	-0.0635949497999169	0.0840135799413987	-0.756997373013091	0.449051436303775	0.999831983216163
ENSMUSG00000021466	9274.31850384205	0.0369943937408514	0.093529750692454	0.395504857747746	0.692470337286312	0.999831983216163
ENSMUSG00000021706	1470.63746181638	0.0298354547619484	0.0891033398759757	0.334841823427158	0.737744409276604	0.999831983216163
ENSMUSG00000021552	938.81829631288	-0.0268799567090093	0.0922092124752477	-0.291512950237772	0.770659040904308	0.999831983216163
ENSMUSG00000042379	10.6735545591982	0.0232468475521544	0.0740494227166502	0.311255783173632	0.755606178746071	0.999831983216163
ENSMUSG00000047842	22324.101056495	0.0446870103926061	0.0999170592187799	0.447163250700063	0.654757193148316	0.999831983216163
ENSMUSG00000058093	675.936901371705	0.0962093085132888	0.100527758955188	0.956995470455081	0.33856954124469	0.999831983216163
ENSMUSG00000021413	9696.83866358697	-0.00931236513761202	0.085202534083765	-0.109298283252204	0.912965908205453	0.999831983216163
ENSMUSG00000006715	97.188072486362	0.182624797418215	0.12156691995877	1.4973936940818	0.134290848131381	0.999831983216163
ENSMUSG00000069237	2081.63697466648	0.0759794576679528	0.0930197895552519	0.816733723631725	0.414080614686349	0.999831983216163
ENSMUSG00000021662	398.23145939944	-0.0575901252869706	0.111561087492004	-0.516414765999023	0.605564754927218	0.999831983216163
ENSMUSG00000021477	4163.59743558082	-0.0206871820907689	0.0840271236479589	-0.246202363060424	0.805525586395041	0.999831983216163
ENSMUSG00000021619	230.997537228392	0.0453823011348111	0.11749784275338	0.386200494586555	0.699348187480193	0.999831983216163
ENSMUSG00000021696	1147.03101646327	0.0530013625039947	0.0992805272999522	0.533758882660465	0.593508364634035	0.999831983216163
ENSMUSG00000000706	16.1588106973043	0.0973481702190631	0.0837460421287231	1.14413591281981	0.252567276048766	0.999831983216163
ENSMUSG00000038042	1416.08057387618	-0.00353900249392285	0.0927993467362727	-0.0381352505932404	0.969579845832824	0.999831983216163
ENSMUSG00000039219	3737.14166623436	0.0160574012089125	0.098157037845916	0.163585862416771	0.870057174926615	0.999831983216163
ENSMUSG00000038014	6735.06608661719	-0.106319364461382	0.0768948755595375	-1.38275280970656	0.166740673112084	0.999831983216163
ENSMUSG00000071180	2113.9500621663	-0.00738248427271178	0.0927494988745181	-0.0795974548817069	0.936557419505675	0.999831983216163
ENSMUSG00000021395	4781.31929314021	0.038549419224202	0.0865359378328537	0.445455290390603	0.655990763173163	0.999831983216163
ENSMUSG00000006720	58.2237302192301	0.0717182359183682	0.1146617153988	0.623058662371667	0.533245973063338	0.999831983216163
ENSMUSG00000021427	7009.67792190596	-0.00205071254751078	0.0830745306096614	-0.0246847290829877	0.980306435796504	0.999831983216163
ENSMUSG00000095930	374.466311736363	0.112656269967151	0.111138927690619	1.01348734245738	0.310827438988473	0.999831983216163
ENSMUSG00000021763	99.9665763067745	0.0805482290922974	0.121811364182246	0.659936606153739	0.509294511775008	0.999831983216163
ENSMUSG00000003992	2191.94051569812	0.0696491213375726	0.0877740916365993	0.793448770949392	0.427516405266034	0.999831983216163
ENSMUSG00000052293	56.0323267057487	-0.086686768290095	0.117515342678473	-0.740413533039082	0.459049109740772	0.999831983216163
ENSMUSG00000021589	2058.14419877865	-0.0767330106770412	0.0918975273988629	-0.835102729665904	0.403659869908465	0.999831983216163
ENSMUSG00000021478	24.8864150932384	0.111717488373723	0.0968461841553445	1.13982617766863	0.254358725392116	0.999831983216163
ENSMUSG00000025876	1116.58848098335	0.112091985296566	0.0996006757842224	1.12505017479702	0.260567773138303	0.999831983216163
ENSMUSG00000095432	958.75741607776	-0.0110621785188811	0.104170588568727	-0.106203039933608	0.915421259071468	0.999831983216163
ENSMUSG00000043190	364.421830781828	0.0748503277213848	0.109713544313278	0.682171656090961	0.495130414949283	0.999831983216163
ENSMUSG00000069171	1354.80960802883	0.0305557124371379	0.0891000646055746	0.342928155351288	0.73165250977987	0.999831983216163
ENSMUSG00000038372	230.03181752299	0.00630248807971492	0.115952091125019	0.0543520728245153	0.956654662717911	0.999831983216163
ENSMUSG00000098905	93.1047551107007	0.0602205942295671	0.121799170039242	0.493900623731401	0.621376364058385	0.999831983216163
ENSMUSG00000005583	1731.50064158475	0.00135530862184923	0.0945972957994838	0.0143282464003565	0.988568104573888	0.999831983216163
ENSMUSG00000035762	1912.85575826157	0.0400966798267735	0.0843638631382021	0.475269521854787	0.634594879903014	0.999831983216163
ENSMUSG00000036721	377.826611053212	0.0889704494066903	0.109547012679898	0.812127741718288	0.416718336288938	0.999831983216163
ENSMUSG00000021541	186.495450267811	-0.0475027372427561	0.119191042424022	-0.398631450137684	0.690164784512028	0.999831983216163
ENSMUSG00000035248	2364.16226912348	-0.0940579263071955	0.0953136481324535	-0.987049437269786	0.323618403441275	0.999831983216163
ENSMUSG00000035834	188.078620368272	0.143983475885275	0.12010180708529	1.19760969235706	0.231069001049039	0.999831983216163
ENSMUSG00000113167	82.0265444363751	-0.0290199713633669	0.119326771495761	-0.243508701073192	0.807611345459618	0.999831983216163
ENSMUSG00000077925	11.9739594969328	0.00704258213813307	0.0750580701577922	0.093532957160157	0.925480168419286	0.999831983216163
ENSMUSG00000076052	15.9195343066337	-0.0162658303981824	0.0767628905355458	-0.213298896069073	0.831093834552141	0.999831983216163
ENSMUSG00000079645	90.5487713818394	-0.108238724978234	0.121178622643932	-0.895230086257941	0.370664104815017	0.999831983216163
ENSMUSG00000090327	16.4772265179797	-0.0123744475644506	0.0858422346004278	-0.144790621125667	0.884876187448427	0.999831983216163
ENSMUSG00000091498	923.612806703211	-0.0377301145036805	0.102980564834755	-0.366435907342298	0.714039829984831	0.999831983216163
ENSMUSG00000090026	13.7369038884368	-0.0493599592652166	0.0760576336094063	-0.661179607976378	0.508497137109959	0.999831983216163
ENSMUSG00000066491	83.4789261802433	0.052194481482475	0.121410256939303	0.429571267996533	0.667507541251761	0.999831983216163
ENSMUSG00000104155	14.7097728628211	0.0235159256512789	0.0812855421832327	0.287988424779561	0.773355599182727	0.999831983216163
ENSMUSG00000097443	17.1813793591133	-0.0321594193898494	0.0820069201462858	-0.396661004796124	0.691617459722002	0.999831983216163
ENSMUSG00000113555	952.423527816199	0.108082914835991	0.0972553061260427	1.11116214273431	0.266498563186516	0.999831983216163
ENSMUSG00000034168	2809.36044515563	0.00196727478200361	0.0885164398433198	0.0222250660664849	0.982268422697371	0.999831983216163
ENSMUSG00000021294	137.55913034921	-0.048459132073042	0.121368159914065	-0.399535692479008	0.689498529717716	0.999831983216163
ENSMUSG00000112966	17.7854884226486	0.0219818150442756	0.085356705723427	0.256152514178099	0.797833073778528	0.999831983216163
ENSMUSG00000090812	51.6178907229441	-0.024070841057619	0.114340471530697	-0.210930908589994	0.832941185121205	0.999831983216163
ENSMUSG00000114148	44.4972549106111	-0.106440714331503	0.112276270776537	-0.954217234125068	0.339973692711149	0.999831983216163
ENSMUSG00000091905	83.2153123953249	-0.0604800812609842	0.121364523018561	-0.499007110509777	0.617774374829614	0.999831983216163
ENSMUSG00000063632	224.692741047931	-0.069787560873276	0.121720337215465	-0.574848114384652	0.565394023227429	0.999831983216163
ENSMUSG00000114157	16.529158274433	-0.0241322240509915	0.0862989488133604	-0.281760457908338	0.778127192955322	0.999831983216163
ENSMUSG00000113288	109.614821391019	0.0328173170718328	0.121175726527675	0.270690939644245	0.786628745860419	0.999831983216163
ENSMUSG00000113948	180.707308353059	0.103803801606434	0.120638081286832	0.859381980906866	0.390129807709963	0.999831983216163
ENSMUSG00000043998	997.135274462069	0.0604302079732821	0.0947955863799975	0.63747232434369	0.523817231490779	0.999831983216163
ENSMUSG00000085539	11.3243472801495	-0.024344203216628	0.0723561783930351	-0.339162518878897	0.734487303183413	0.999831983216163
ENSMUSG00000104103	41.9327629832919	-0.132788609120175	0.107588365340497	-1.25381579602544	0.20990896639874	0.999831983216163
ENSMUSG00000052673	29.0296584485393	-0.0899311925368107	0.103107636265086	-0.881068487394877	0.378280752226709	0.999831983216163
ENSMUSG00000043483	712.53287070119	0.136885593284313	0.103740879529098	1.31907942122265	0.187142562159538	0.999831983216163
ENSMUSG00000113927	16.9014947275664	-0.105726751841071	0.0885445972191679	-1.2245723832379	0.220736378533446	0.999831983216163
ENSMUSG00000113656	22.0275918827929	-0.118836041438413	0.0953308492268167	-1.27436436026331	0.202534316900874	0.999831983216163
ENSMUSG00000112990	21.9636624112787	-0.0291150195754556	0.0930081693871068	-0.315167636465018	0.752634376653504	0.999831983216163
ENSMUSG00000113497	41.1089995665123	-0.172872922855414	0.110128513989239	-1.59262110610293	0.111245215774672	0.999831983216163
ENSMUSG00000113898	24.9550390334873	0.0563532191124381	0.0937493903013239	0.596186012726333	0.551050968687076	0.999831983216163
ENSMUSG00000113491	78.5951653643051	-0.116140414978625	0.120787619808927	-0.964467844976306	0.334811421997234	0.999831983216163
ENSMUSG00000113196	11.1872599463151	-0.0468008989048443	0.0748069602203344	-0.636999452311	0.524125200346794	0.999831983216163
ENSMUSG00000113020	33.3591234302155	-0.101385443409204	0.104983689684728	-0.978133008428698	0.328008544198387	0.999831983216163
ENSMUSG00000113102	93.5092243123447	-0.00676064233713185	0.121817625963572	-0.0555066595481531	0.955734824579333	0.999831983216163
ENSMUSG00000113362	17.3684461816355	0.032152449565688	0.0881885534920874	0.36252581503539	0.716959136016029	0.999831983216163
ENSMUSG00000018581	950.643269219591	-0.0410494823587769	0.0963956899048778	-0.425881732147354	0.670194026844961	0.999831983216163
ENSMUSG00000113831	738.127420829696	0.0971700981709556	0.100387388734321	0.967852020574017	0.333118279211079	0.999831983216163
ENSMUSG00000113687	28.7540239985465	-0.0866919164676948	0.10146378143932	-0.865345921939049	0.386848952954341	0.999831983216163
ENSMUSG00000043398	544.18363539902	0.125219319776776	0.100739598520453	1.24287889390256	0.213912464364996	0.999831983216163
ENSMUSG00000034460	89.5049569293197	0.147069156230542	0.121730958585721	1.20507144574576	0.22817572188	0.999831983216163
ENSMUSG00000112254	14.6202272112916	0.0308491876223762	0.0786117185213841	0.387413075466126	0.698450425321822	0.999831983216163
ENSMUSG00000112795	12.5832854352892	-0.0375500051953386	0.076703996118106	-0.4979639719981	0.618509436163556	0.999831983216163
ENSMUSG00000112169	26.0600990433819	0.0799014531155564	0.100172372168164	0.790186557642608	0.429418825282663	0.999831983216163
ENSMUSG00000112358	341.460990915987	-0.0376694135686004	0.109337342527707	-0.344560322437481	0.730424939134664	0.999831983216163
ENSMUSG00000046580	15.5920462977294	0.00453744532884976	0.0831693031674719	0.0544640123353107	0.956565480009179	0.999831983216163
ENSMUSG00000112096	88.5482430029929	-0.101382709775732	0.121398790136045	-0.836654593640364	0.402786748950862	0.999831983216163
ENSMUSG00000100975	43.0183474220786	0.00726371917835182	0.112925071067293	0.0643176227430234	0.94871732158726	0.999831983216163
ENSMUSG00000112150	32.7526324114411	0.0604672276730534	0.105086316129549	0.572068492578599	0.56727557358605	0.999831983216163
ENSMUSG00000112302	224.552053521843	-0.0868178825604016	0.117200370909607	-0.740941334872402	0.458729011481429	0.999831983216163
ENSMUSG00000111929	33.7470594143961	-0.0858902446670989	0.106965762514311	-0.809758448469171	0.418079018118096	0.999831983216163
ENSMUSG00000091534	17.5258474105486	-0.0358582193651193	0.085082738408889	-0.425014997607767	0.670825741762991	0.999831983216163
ENSMUSG00000091507	18.6529928188763	-0.0169699561896418	0.0905285198429271	-0.187910155357529	0.85094708172729	0.999831983216163
ENSMUSG00000021139	34.2369350173932	-0.0446916233930342	0.106584073252335	-0.421338575776794	0.673507865283745	0.999831983216163
ENSMUSG00000114045	355.757881243917	0.075667236306157	0.110677941477151	0.683417103387054	0.494343315544684	0.999831983216163
ENSMUSG00000072974	41.3909017603932	-0.0707837944446303	0.109802061082049	-0.647851171479303	0.5170812147832	0.999831983216163
ENSMUSG00000072972	26.6399586779592	-0.0442294094023555	0.100823519471554	-0.440613221477903	0.659493029486102	0.999831983216163
ENSMUSG00000113184	532.926819824745	0.0981549817242766	0.102357028908827	0.958794528618648	0.337662266077626	0.999831983216163
ENSMUSG00000113303	12.7654477013588	0.120550757248124	0.0779473442232069	1.51177661455941	0.130590700490826	0.999831983216163
ENSMUSG00000113966	14.3790673403343	0.0111786468507621	0.0827128413814113	0.13492084035051	0.892674461994264	0.999831983216163
ENSMUSG00000070101	13.5338062374459	-0.0618586634232283	0.0755142089614172	-0.845515310696935	0.397823187909165	0.999831983216163
ENSMUSG00000064452	16.2160603053198	-0.115576343577141	0.0807111912471901	-1.50170185111767	0.13317412562391	0.999831983216163
ENSMUSG00000102657	10.3095332461459	-0.0692700445205775	0.0716171510024233	-1.00556106017053	0.314626763346351	0.999831983216163
ENSMUSG00000098202	20.9093272044683	-0.0953614155312834	0.0934006777272199	-1.04063684116603	0.298044126049994	0.999831983216163
ENSMUSG00000112105	14.2613938825553	-0.0664696502951502	0.0820519190175766	-0.827599313699073	0.407897457068704	0.999831983216163
ENSMUSG00000042962	131.999122667781	0.09298735072593	0.121880670467924	0.761683201616123	0.446249103576961	0.999831983216163
ENSMUSG00000113529	51.6797665451197	0.0930177270202972	0.115540341106534	0.801542146177523	0.422817855011526	0.999831983216163
ENSMUSG00000112441	53.1706952316306	0.124861847669272	0.1122346750013	1.10212025664449	0.270409393982039	0.999831983216163
ENSMUSG00000054364	4319.56336382816	-0.104272847852173	0.0983847195236884	-1.06017246479664	0.289066145491796	0.999831983216163
ENSMUSG00000060647	42.9753304659807	-0.0107747585932651	0.112201845323811	-0.0961090532246952	0.923433961161328	0.999831983216163
ENSMUSG00000111942	300.170902053183	-0.00451082881873672	0.117994413859308	-0.0382439083242464	0.969493212704707	0.999831983216163
ENSMUSG00000066632	57.9523839270361	0.0359476639735611	0.114660158754539	0.312578659834062	0.75460079323748	0.999831983216163
ENSMUSG00000113275	22.0578322776032	-0.0233369722827563	0.0963342279156632	-0.243150107088293	0.807889115847643	0.999831983216163
ENSMUSG00000113188	48.7198258597902	0.00279835873411123	0.115003396426556	0.0243159097531517	0.98060062273543	0.999831983216163
ENSMUSG00000112008	100.073532146322	-0.0734423034922583	0.121782845170426	-0.603640618265864	0.546082601726381	0.999831983216163
ENSMUSG00000098134	340.827070432034	0.00972546026245669	0.109451982338737	0.0888545061902482	0.929197539279476	0.999831983216163
ENSMUSG00000041415	2989.53805466796	-0.0893488600293244	0.0869041669606175	-1.02823233316496	0.303840552474314	0.999831983216163
ENSMUSG00000112546	56.1062671276818	0.0239742182485458	0.116858330888763	0.204874114502348	0.83767047986878	0.999831983216163
ENSMUSG00000051726	78.2428836597158	0.157800288997757	0.109986758321115	1.41800279841821	0.156189947759365	0.999831983216163
ENSMUSG00000120144	1074.67858029999	0.0415270962387963	0.0927453862006833	0.447759446773123	0.654326813638328	0.999831983216163
ENSMUSG00000112547	23.7246751890862	-0.0581289877250347	0.09695633876048	-0.604346464990594	0.545613320299807	0.999831983216163
ENSMUSG00000113861	14.610420628349	0.0383346271044459	0.0835627876557487	0.454544199475466	0.649437186841634	0.999831983216163
ENSMUSG00000102953	52.5117824474996	-0.0826449357701275	0.116246623978488	-0.713464453583921	0.475558401625002	0.999831983216163
ENSMUSG00000046791	181.121468549528	0.0566756987462246	0.119758439214945	0.473052784553493	0.636175520995965	0.999831983216163
ENSMUSG00000054383	15.0013190719241	0.00679649674734397	0.084901936606267	0.0798802166653332	0.93633252435597	0.999831983216163
ENSMUSG00000113571	15.741490644596	0.0459246438971536	0.0856235063702649	0.531535838089954	0.595047513499841	0.999831983216163
ENSMUSG00000113527	15.5460758676482	-0.00737875389100922	0.0764789187348775	-0.0965889859448424	0.923052803538121	0.999831983216163
ENSMUSG00000112980	27.9649055717967	-0.0262403866638122	0.0945186324871606	-0.279374073556706	0.779957765585066	0.999831983216163
ENSMUSG00000029878	144.004915700132	0.0793061174711918	0.121081653754154	0.654299348720323	0.512918965402283	0.999831983216163
ENSMUSG00000092286	12.9666653768685	-0.134421892077251	0.0792486760553713	-1.7909641125717	0.0732990541359256	0.999831983216163
ENSMUSG00000045930	194.670753428261	-0.00569171423745956	0.121255278444653	-0.0469718586624078	0.962535656297528	0.999831983216163
ENSMUSG00000121633	13.0421885761959	-0.00731337446417514	0.0794287305550963	-0.0920911325911787	0.926625633681456	0.999831983216163
ENSMUSG00000121663	19.6035087538399	-0.0362984209310528	0.0925971080032	-0.394670229861119	0.693086276032135	0.999831983216163
ENSMUSG00000113749	36.7297601006019	0.0209007063197122	0.108546290517336	0.192282851499446	0.847520650283732	0.999831983216163
ENSMUSG00000069755	56.9123488938173	-0.126562909995255	0.117850038807698	-1.07908921085303	0.280547960442469	0.999831983216163
ENSMUSG00000052632	1050.16236532226	-0.0196634282722189	0.107109654303816	-0.183595293220968	0.854330955823002	0.999831983216163
ENSMUSG00000092373	58.9038514368575	-0.0133427885223988	0.117399307500526	-0.113617873829966	0.909540717837603	0.999831983216163
ENSMUSG00000055271	12.3508339903557	0.0691161817164946	0.0792212273104442	0.859058492847861	0.390308245698884	0.999831983216163
ENSMUSG00000113328	331.216825127473	-0.0397954756919781	0.111260208540687	-0.357753390645765	0.720527873860226	0.999831983216163
ENSMUSG00000113666	17.3200344324413	-0.00936255765568702	0.0862165163838252	-0.108976518388731	0.913221115005762	0.999831983216163
ENSMUSG00000112421	11.9140552974252	-0.0624579902756382	0.076356768577947	-0.837801950632427	0.402141943045471	0.999831983216163
ENSMUSG00000113587	29.0891793050713	0.0474806035130488	0.101315860941845	0.466332131657004	0.640977782650649	0.999831983216163
ENSMUSG00000097801	81.88800844848	0.197546846743726	0.119869995021545	1.63674356673511	0.101684061710412	0.999831983216163
ENSMUSG00000097729	419.684325945389	0.0827912066158802	0.107091907743775	0.772938112141768	0.439559007874466	0.999831983216163
ENSMUSG00000112880	15.1146903893553	-0.0871139662706407	0.0847806525849438	-1.05411497295923	0.291830281832725	0.999831983216163
ENSMUSG00000112545	208.979592211362	0.11194051471445	0.119192149246444	0.938304681020384	0.348087854832995	0.999831983216163
ENSMUSG00000097071	16.8007226882524	0.0101459527952244	0.0871808925749218	0.116034891438914	0.907624889186103	0.999831983216163
ENSMUSG00000097157	140.74588699975	-0.061024085584374	0.121219112343326	-0.50381785430058	0.614389379951799	0.999831983216163
ENSMUSG00000113429	19.0957862967953	0.0268188710514297	0.0887202565090004	0.300480034092049	0.763811023692735	0.999831983216163
ENSMUSG00000097476	137.421286924784	0.0179970771482045	0.121063391289821	0.148594362435929	0.881873721746871	0.999831983216163
ENSMUSG00000123751	13.5094036669047	0.0514279913829773	0.0800270042929595	0.63592876032622	0.524822856087402	0.999831983216163
ENSMUSG00000120574	17.6904791688518	0.081319056425976	0.0897733459810632	0.894256260399433	0.37118479669415	0.999831983216163
ENSMUSG00000124018	37.3460089970255	0.0592269317193649	0.108678247095485	0.542461560652839	0.587500581043354	0.999831983216163
ENSMUSG00000113722	54.6738221988593	0.0709798772068468	0.11604755699424	0.609937710368518	0.541903070830655	0.999831983216163
ENSMUSG00000097917	32.9281458394448	0.0527190942587691	0.106629185178516	0.492208249689651	0.622572133090437	0.999831983216163
ENSMUSG00000033731	19.9714879156801	0.00871909773631403	0.0918876370191052	0.0947860911512199	0.9244847347807	0.999831983216163
ENSMUSG00000112112	35.894453741176	-0.128122130969163	0.106105175713138	-1.22447126458594	0.22077449995609	0.999831983216163
ENSMUSG00000124311	17.229975474107	-0.110232365605195	0.0883795843659302	-1.28188373388927	0.199883434833445	0.999831983216163
ENSMUSG00000113427	68.4444507106101	-0.0523596329298568	0.119992129270689	-0.43702590671628	0.662092559994039	0.999831983216163
ENSMUSG00000097391	1268.29874633797	0.0111420310218299	0.11386332310901	0.097838014505597	0.922060920964002	0.999831983216163
ENSMUSG00000125023	31.2242608598787	-0.122106163828718	0.105480483916647	-1.17183830651546	0.241261979925706	0.999831983216163
ENSMUSG00000097055	95.9754081803871	-0.14150801710144	0.121541445305293	-1.16713953753804	0.243154023253624	0.999831983216163
ENSMUSG00000114150	83.455906023968	0.055062580729192	0.120105697366716	0.457670074748652	0.647189490606792	0.999831983216163
ENSMUSG00000112784	22.6144648666163	-0.0989605274014517	0.0962145547393222	-1.04607082608959	0.295528333503325	0.999831983216163
ENSMUSG00000125245	17.2928040249473	-0.053492593861593	0.0875605861313353	-0.618854388187398	0.536012288762716	0.999831983216163
ENSMUSG00000085622	729.349481560485	-0.020238675100639	0.0967977617048824	-0.209079365758027	0.834386282467183	0.999831983216163
ENSMUSG00000120568	14.3523618768136	0.0228028305209626	0.0833911604089326	0.272188227767904	0.785477293127328	0.999831983216163
ENSMUSG00000093765	19.577887997593	0.0228201208781383	0.0885307832115167	0.256328316806923	0.797697333816773	0.999831983216163
ENSMUSG00000098128	11.5148545264366	-0.07892386913498	0.0765305503532223	-1.06437173429627	0.28716033320212	0.999831983216163
ENSMUSG00000120883	143.708297705937	-0.166890176983347	0.121423182136902	-1.3765908386233	0.168638784931828	0.999831983216163
ENSMUSG00000113052	38.8707791689227	0.0809258611624538	0.110836507519275	0.726283341564167	0.467665089447004	0.999831983216163
ENSMUSG00000099907	11.1360012138464	-0.00409207286446691	0.0627501792986647	-0.0653828577762864	0.947869172385533	0.999831983216163
ENSMUSG00000120051	13.7426119495328	-0.000978347858179999	0.0815372646878272	-0.0119820883737579	0.990439905438784	0.999831983216163
ENSMUSG00000112437	45.9901931038562	0.000551016768129515	0.110738245274773	0.00498179401841814	0.99602511990922	0.999831983216163
ENSMUSG00000113621	41.2278806127653	0.0919767144164493	0.110280509225393	0.828467845375596	0.407405597674873	0.999831983216163
ENSMUSG00000113088	15.6396631011671	0.0349307117870957	0.0835351521903437	0.415173346484195	0.67801500906386	0.999831983216163
ENSMUSG00000113769	32.6008253793244	0.010630198045748	0.106748488292985	0.0994501075023214	0.920780899882865	0.999831983216163
ENSMUSG00000113031	20.6789000918441	0.0215859606098207	0.0914905474582616	0.234499883852227	0.814596923347438	0.999831983216163
ENSMUSG00000113585	77.8175921780185	-0.13972903559179	0.118722468910829	-1.1847131708827	0.236130873142445	0.999831983216163
ENSMUSG00000113361	47.5138950709686	0.0806657045268939	0.114323064588518	0.702119473101055	0.482604659213292	0.999831983216163
ENSMUSG00000127584	21.7400068093398	0.0630684402325023	0.0933657080931406	0.669351112118226	0.503271529425904	0.999831983216163
ENSMUSG00000097323	19.5610118745221	0.00774728977833472	0.0925607030689452	0.0836391900002697	0.933343306971254	0.999831983216163
ENSMUSG00000128251	50.9161883316944	-0.119555848914747	0.115076456283314	-1.04581519947114	0.295646362238435	0.999831983216163
ENSMUSG00000021268	84300.7325602228	0.00472643506459662	0.0856426918387539	0.0551882548566058	0.955988485942408	0.999831983216163
ENSMUSG00000113396	18.1445502462465	-0.0845231964739154	0.0868511262057595	-0.998430263758947	0.318070764527027	0.999831983216163
ENSMUSG00000111971	24.9885428815462	0.156943555706781	0.0979180507495562	1.57810216827369	0.114542140173987	0.999831983216163
ENSMUSG00000129578	11.0009049714527	0.0187443272004295	0.0663640447108697	0.278786943947872	0.780408334600658	0.999831983216163
ENSMUSG00000093629	87.5638982028044	-0.137474025380081	0.1212457584987	-1.13724336253731	0.255436564228176	0.999831983216163
ENSMUSG00000130450	31.5163719099286	0.0325388418225077	0.106137708927169	0.305688180190129	0.759842073637069	0.999831983216163
ENSMUSG00000097580	11.7395386447673	0.0126080523110184	0.0770568084760431	0.16307609479256	0.870458521415233	0.999831983216163
ENSMUSG00000120877	10.4512805420416	0.0618557501729181	0.0668403412812308	0.906728540341735	0.364550366951835	0.999831983216163
ENSMUSG00000130781	20.343856860707	-0.109518753821475	0.0909809798876542	-1.23712585263386	0.216040363299498	0.999831983216163
ENSMUSG00000130818	19.6269308590182	-0.00265579886845546	0.090207800423073	-0.0294662121252372	0.976492766051791	0.999831983216163
ENSMUSG00000131103	170.147566080121	-0.0499040669630573	0.120446568078597	-0.414638452823106	0.678406594276097	0.999831983216163
ENSMUSG00000097451	22094.1240863652	-0.104201347142097	0.0783210642297246	-1.33057152437086	0.183330037336405	0.999831983216163
ENSMUSG00000113918	33.0539201095743	-0.0334152912205957	0.105828383134567	-0.317081602476543	0.751181684260391	0.999831983216163
ENSMUSG00000131266	45.0836838982156	0.0282372317374186	0.107879677755052	0.261457756779422	0.793739521970965	0.999831983216163
ENSMUSG00000113165	38.5249438118337	-0.0684293501127779	0.110691450757085	-0.621413339045679	0.534327697721993	0.999831983216163
ENSMUSG00000037735	316.697324981535	0.0606847651212274	0.11379889840939	0.533264328904038	0.593850616589296	0.999831983216163
ENSMUSG00000132379	17.0383655182341	-0.0873366889627126	0.0860581898313056	-1.0412867686149	0.297742475674784	0.999831983216163
ENSMUSG00000132401	36.7618121923198	-0.084663536562875	0.10861561578068	-0.784859960930232	0.432535679642196	0.999831983216163
ENSMUSG00000111938	21.7987825773435	0.106673793237596	0.094186420418469	1.11935065142995	0.262990575004292	0.999831983216163
ENSMUSG00000072884	10.9232963817406	0.0286787505514957	0.0731322375550085	0.387478009445666	0.698402361839891	0.999831983216163
ENSMUSG00000112054	116.981245713699	-0.0486225409029923	0.121820917282135	-0.39937771736191	0.68961491002631	0.999831983216163
ENSMUSG00000133203	91.6355388428612	0.0102456526424088	0.121439074961311	0.0843707287208974	0.93276167938261	0.999831983216163
ENSMUSG00000113210	19.6571182217363	-0.0279101155216434	0.0922325800350974	-0.304120809408962	0.761035853624557	0.999831983216163
ENSMUSG00000087700	108.173949456522	-0.203714975602047	0.121785245823107	-1.6796610403036	0.0930232840442548	0.999831983216163
ENSMUSG00000121877	22.9790567506541	-0.0172595777193769	0.0952461426502716	-0.181931785865621	0.855636259241424	0.999831983216163
ENSMUSG00000134193	11.7947413734195	-0.012976417047031	0.0756458873280852	-0.172418470589259	0.863108552195302	0.999831983216163
ENSMUSG00000134226	327.688904524695	0.00862092555003844	0.119682725660751	0.0719951812137016	0.942605742735683	0.999831983216163
ENSMUSG00000020992	29.1661030348467	-0.135390135497584	0.101985926918413	-1.35353138211646	0.175885931423092	0.999831983216163
ENSMUSG00000100789	13.5446537229239	0.0873984153965718	0.0814755524127195	1.05438428750803	0.291707013009012	0.999831983216163
ENSMUSG00000114018	16.9455977768906	0.0214162730882093	0.0857728139675864	0.248741517489811	0.803560731616877	0.999831983216163
ENSMUSG00000135546	10.6475561900142	-0.0234643234071863	0.0745947564130884	-0.317051793870875	0.751204302126605	0.999831983216163
ENSMUSG00000111889	16.2199817544493	0.117127251166077	0.0874602933607552	1.31701711372668	0.187832888152007	0.999831983216163
ENSMUSG00000137750	82.177270889233	0.0512900203070543	0.119725188692582	0.428001886375085	0.668649747010802	0.999831983216163
ENSMUSG00000071456	197.679228639252	-0.0560060779271622	0.118436001921677	-0.473117607036965	0.636129275856938	0.999831983216163
ENSMUSG00000137821	26.2435832060365	-0.0872631580764155	0.101059911997683	-0.873147474077464	0.382582700389075	0.999831983216163
ENSMUSG00000113679	122.76983598549	0.217448650818088	0.121427650579982	1.78671765830389	0.0739831335869567	0.999831983216163
ENSMUSG00000121137	41.1589086990596	-0.00156005046084305	0.107958499681265	-0.0144585303817584	0.988464163763928	0.999831983216163
ENSMUSG00000113669	117.237021353682	-0.104048022400841	0.121826217620036	-0.855037986682122	0.392530118473645	0.999831983216163
ENSMUSG00000097762	28.2434806831051	0.147421707525737	0.102917516172006	1.41445263588144	0.157229044783031	0.999831983216163
ENSMUSG00000138951	54.5223357432397	-0.108239435615977	0.116405664627738	-0.935003794796189	0.349786343771636	0.999831983216163
ENSMUSG00000120161	31.4802689283591	-0.0369509003556931	0.101986079167934	-0.364564054554594	0.715436851021672	0.999831983216163
ENSMUSG00000044062	75.242318525728	-0.0381825848212466	0.120516767920468	-0.317016293237756	0.751231239209554	0.999831983216163
ENSMUSG00000094002	487.612724724673	0.0651547469180784	0.107566013347672	0.605642060996542	0.54475246564675	0.999831983216163
ENSMUSG00000113581	18.7842786240268	-0.123475753200059	0.0890706131430691	-1.43284120206706	0.151903223630151	0.999831983216163
ENSMUSG00000097061	735.213751287362	0.0696855412635567	0.0981741391632572	0.709732038351859	0.477870320515893	0.999831983216163
ENSMUSG00000101930	85.3969105818714	-0.0540837421180488	0.120997758280582	-0.447597179948345	0.654443938757401	0.999831983216163
ENSMUSG00000141637	53.2053496335958	0.0522769820607487	0.115190633880445	0.452864300933905	0.650646458424025	0.999831983216163
ENSMUSG00000141788	25.9455573826932	0.0515954284534946	0.0989913793104122	0.518263833983136	0.604274202600303	0.999831983216163
ENSMUSG00000142256	38.6103957263288	0.185090983355569	0.110382254405767	1.6587791172811	0.0971603098414259	0.999831983216163
ENSMUSG00000112410	31.4414793963081	0.0170698223492412	0.101887371681997	0.16741858193231	0.867040705248696	0.999831983216163
ENSMUSG00000142614	26.2363169139652	0.0265808536372678	0.0984594960768973	0.268926481869062	0.787986257830514	0.999831983216163
ENSMUSG00000114089	48.653007170797	-0.0867781246523803	0.112636951302392	-0.775657131709504	0.437951457550094	0.999831983216163
ENSMUSG00000114050	18.3865914164296	-0.0334486402313679	0.0900184166738752	-0.373714552883861	0.708616696960704	0.999831983216163
ENSMUSG00000093579	16.1764986970174	-0.106298207466386	0.0846963150333633	-1.29634049601148	0.194858202642532	0.999831983216163
ENSMUSG00000121786	15.8661177634239	-0.00944421329696937	0.0853604602770482	-0.111081853278139	0.91155143866307	0.999831983216163
ENSMUSG00000092130	28.0445721376461	0.062966758720233	0.0996368060278229	0.627163161439028	0.530552288185788	0.999831983216163
ENSMUSG00000144072	10.9391992359481	-0.0180766102718391	0.0718762513025742	-0.252558367789901	0.800609504855158	0.999831983216163
ENSMUSG00000096942	43.5269249396011	0.0507532881760965	0.113179884073351	0.447035548854745	0.654849392944827	0.999831983216163
ENSMUSG00000121309	333.479766178033	-0.00881934702641075	0.111593131990734	-0.0790204847879587	0.937016329505396	0.999831983216163
ENSMUSG00000021908	263.758985016451	0.0326713308852229	0.114996695703542	0.28408634085725	0.776344214340366	0.999831983216163
ENSMUSG00000139889	17.4181580293356	-0.0110384945486805	0.088406356430341	-0.125166823795332	0.900391481426864	0.999831983216163
ENSMUSG00000129170	34.6278935756897	0.0223694642538632	0.108255448060052	0.206359475086107	0.83651012371596	0.999831983216163
ENSMUSG00000079179	1923.33623434376	0.121130419200536	0.0996355435711808	1.21537448521144	0.224223294823836	0.999831983216163
ENSMUSG00000118449	35.4751181471909	-0.00474462361424674	0.109062329651692	-0.0435140202716339	0.965291788551579	0.999831983216163
ENSMUSG00000127456	91.1344689372687	0.153020910400199	0.120767815369684	1.26061293788057	0.20744833498029	0.999831983216163
ENSMUSG00000091947	19.5096320497651	0.00738054890974596	0.0878306573798994	0.083989890766373	0.933064469367957	0.999831983216163
ENSMUSG00000099759	13.1855217277673	-0.0888915378656154	0.0795471784921135	-1.15570036637844	0.24780373826313	0.999831983216163
ENSMUSG00000120232	30.8933332900548	-0.148667178239648	0.103117914385229	-1.46852192210228	0.141962505939215	0.999831983216163
ENSMUSG00000113975	11.4688028205324	0.0890092174538332	0.0760295302836299	1.14916678837693	0.250487212687463	0.999831983216163
ENSMUSG00000116883	18.7129833718533	0.0708815487875902	0.0904608745150302	0.776183446172889	0.437640678761435	0.999831983216163
ENSMUSG00000113974	30.6526303028748	-0.0450198984412317	0.101407542462292	-0.446905336389914	0.654943410810045	0.999831983216163
ENSMUSG00000113835	14.4641743262922	0.0824344971766291	0.0823082667251987	0.984258893887526	0.324988235172794	0.999831983216163
ENSMUSG00000121318	126.460036280246	0.0220919094183989	0.121668945132463	0.181472056085658	0.855997064992124	0.999831983216163
ENSMUSG00000090582	70.3384964511596	-0.144397654647774	0.118248933392766	-1.22906920405278	0.219045860341183	0.999831983216163
ENSMUSG00000035983	29.2107905058883	0.0948707702785856	0.103347328929628	0.909898030398895	0.362876288607535	0.999831983216163
ENSMUSG00000113986	19.2050543371845	0.00264800704825449	0.0915928516071003	0.0288569424425981	0.976978686260802	0.999831983216163
ENSMUSG00000127902	12.3879506781567	-0.034644645046623	0.0770853981162514	-0.455856769994497	0.648492977811745	0.999831983216163
ENSMUSG00000020673	11.269240639353	-0.00198773689705034	0.0760419372953855	-0.0261361388415167	0.979148752273123	0.999831983216163
ENSMUSG00000090946	581.8641407706	0.0727351857981539	0.1034304800446	0.703208498582806	0.481925823729888	0.999831983216163
ENSMUSG00000097494	66.4773760316329	0.0110152586772127	0.119165398218336	0.0923739824773322	0.926400910005409	0.999831983216163
ENSMUSG00000052125	453.325163910772	-0.0406358280765062	0.110460530576049	-0.367870772024204	0.71296959489747	0.999831983216163
ENSMUSG00000084979	13.0619930883092	0.0394167753574301	0.0795389579228607	0.490436336922731	0.62382516904782	0.999831983216163
ENSMUSG00000113425	59.6545439798911	0.10279006164009	0.117360863314982	0.871922642575099	0.383250580366487	0.999831983216163
ENSMUSG00000114181	10.4044751887219	-0.0128574813284725	0.0691747998246305	-0.187051142221784	0.85162053481209	0.999831983216163
ENSMUSG00000114113	12.1304696922337	-0.0721962966377463	0.07455929376437	-1.0013342797625	0.316665225362183	0.999831983216163
ENSMUSG00000097121	83.6967057439056	0.197808510559313	0.119479026888975	1.64293965723262	0.100395418846218	0.999831983216163
ENSMUSG00000097381	79.8229487126121	0.106094779714859	0.121152153560659	0.873449000731195	0.382418392480847	0.999831983216163
ENSMUSG00000010529	127.164163405739	0.143356489108688	0.12182991651864	1.17258398521533	0.240962674668118	0.999831983216163
ENSMUSG00000096995	153.885725244307	0.0636265526654644	0.120810437442632	0.526156809892161	0.598779259748301	0.999831983216163
ENSMUSG00000113694	61.397995548823	0.076243862601771	0.118470786271833	0.642250551777774	0.520710514919509	0.999831983216163
ENSMUSG00000112945	20.0623841580485	0.0375046157224343	0.0927711464757329	0.401356624813636	0.688157579326072	0.999831983216163
ENSMUSG00000131292	39.5582424682208	-0.0501633812844999	0.110747324366325	-0.45450171823492	0.649467755512813	0.999831983216163
ENSMUSG00000113302	39.2457543300894	-0.0552381492473309	0.110950600234121	-0.499556717944347	0.617387240518089	0.999831983216163
ENSMUSG00000034402	88.1281071223874	0.0125902186565011	0.0704601020088202	0.177456332817801	0.859149962176297	0.999831983216163
ENSMUSG00000056553	3236.17658319825	-0.135443950055457	0.0943909023588111	-1.43535832657133	0.151185014841656	0.999831983216163
ENSMUSG00000034111	2532.16614683944	-0.0498494363746894	0.096239499950921	-0.518052940194811	0.604421332993598	0.999831983216163
ENSMUSG00000051367	31.1660175547988	-0.125947315381084	0.103894487023073	-1.22997722140899	0.218705634888906	0.999831983216163
ENSMUSG00000021260	72.0566557783258	0.109398815754569	0.119289095362008	0.913923563633016	0.360757011029773	0.999831983216163
ENSMUSG00000020561	960.168730808412	0.12179871645624	0.0941359894371436	1.29375993308695	0.195748356345754	0.999831983216163
ENSMUSG00000021024	2836.87748241142	0.0303577691821734	0.0848703223628401	0.357686727495238	0.720577766782838	0.999831983216163
ENSMUSG00000044408	1164.13214092495	-0.0929626335730968	0.0985053255458437	-0.943884107332948	0.345228874228191	0.999831983216163
ENSMUSG00000020646	2310.11250736521	-0.0350426129132685	0.0919121168069123	-0.381294220067995	0.702984942023321	0.999831983216163
ENSMUSG00000021179	549.5063619762	0.100070762811418	0.107038935131654	0.934515378484728	0.350038106991759	0.999831983216163
ENSMUSG00000079036	930.616763804892	-0.146216675454477	0.0990391982981604	-1.47653106665406	0.139801381652159	0.999831983216163
ENSMUSG00000020993	2151.9820518075	0.0872024696771464	0.0869567127823839	1.00276234784888	0.315975539613328	0.999831983216163
ENSMUSG00000033713	5212.6443597425	-0.0678142274917635	0.0797715693830218	-0.850149957045644	0.395241719974372	0.999831983216163
ENSMUSG00000021235	650.671138768044	0.0617553747011301	0.102857864638772	0.600294219334965	0.5483101705672	0.999831983216163
ENSMUSG00000021190	3980.68339654093	0.0870253618218731	0.0886075098493014	0.982014482226386	0.326092713572628	0.999831983216163
ENSMUSG00000033373	1150.5857972473	-0.0614477089198274	0.102022568603167	-0.602352622927299	0.5469394393489	0.999831983216163
ENSMUSG00000035614	1854.02520022992	0.0771406997886281	0.0962659638939882	0.801238091811997	0.422993823001605	0.999831983216163
ENSMUSG00000021171	3448.07930983403	-0.104377475471714	0.0873945313416484	-1.19449784729927	0.232283282286164	0.999831983216163
ENSMUSG00000020672	13.8633383698832	0.0708357654217992	0.0773911659477297	0.898603841986738	0.368863711556934	0.999831983216163
ENSMUSG00000021287	12.6058053865166	-0.0419964622681384	0.0778786127870642	-0.547704356075716	0.583894920584365	0.999831983216163
ENSMUSG00000055917	663.411048714236	-0.135300552997176	0.10220146642474	-1.32404856681066	0.185486915552353	0.999831983216163
ENSMUSG00000076432	11963.0928896478	-0.0345858218498051	0.0823629757685969	-0.419937248288977	0.674531296015929	0.999831983216163
ENSMUSG00000063450	2765.1091166397	0.0159124063458498	0.0907495800617142	0.175343116736178	0.860810034271025	0.999831983216163
ENSMUSG00000046675	418.638683340602	0.0669492991656689	0.112764961447453	0.593587751245203	0.552787875477715	0.999831983216163
ENSMUSG00000021277	2107.86642348996	-0.148528020595582	0.0880643870889675	-1.68682516007464	0.0916369760373754	0.999831983216163
ENSMUSG00000044573	1569.27962058124	0.0717850971418686	0.0882813632429582	0.813119054689071	0.416149802618997	0.999831983216163
ENSMUSG00000021135	21.5078765778806	0.00969151243879366	0.0933853625972546	0.103746017001474	0.917370907375995	0.999831983216163
ENSMUSG00000021102	1067.28850786361	0.0423174883119702	0.0924817675986098	0.457559641043898	0.647268844566839	0.999831983216163
ENSMUSG00000021127	1239.86202046265	0.0266035171804643	0.1040080526739	0.255777156564689	0.798122913721754	0.999831983216163
ENSMUSG00000045404	185.259165025501	-0.0125123530947676	0.11958001060504	-0.104611605484922	0.916684005393463	0.999831983216163
ENSMUSG00000042734	2649.02088801673	-0.0212249604874213	0.0833224236168376	-0.254736142869369	0.798926898913662	0.999831983216163
ENSMUSG00000020564	1158.75064438076	0.0842426466227916	0.099798768023261	0.843921500095649	0.398713272992446	0.999831983216163
ENSMUSG00000048833	1926.50063293073	-0.000337419149725363	0.0850663485663545	-0.00396602909560813	0.996835574912666	0.999831983216163
ENSMUSG00000021198	1965.89351246354	-0.0152993294519667	0.0866412857479005	-0.176581871656366	0.859836834628831	0.999831983216163
ENSMUSG00000017843	4980.48016568465	-0.000654200110542641	0.0789251256126511	-0.00828832927577567	0.993386945751601	0.999831983216163
ENSMUSG00000054894	1046.81729473983	0.0731456129113506	0.0906840354332702	0.806587124789359	0.419904394022467	0.999831983216163
ENSMUSG00000034442	582.075139729479	-0.101263658813678	0.100893130126671	-1.00370851963852	0.315519129339542	0.999831983216163
ENSMUSG00000020948	2458.57044507557	-0.0465489601647663	0.0980278125643242	-0.474932704219776	0.634834940109292	0.999831983216163
ENSMUSG00000021290	1740.04624770462	0.0937190248707766	0.0961729945972507	0.974313911865192	0.329900699195572	0.999831983216163
ENSMUSG00000021266	2942.96497395307	-0.0260239341474749	0.0810125323344897	-0.321237517167289	0.748030402951199	0.999831983216163
ENSMUSG00000020593	1754.79675507608	0.13303661807537	0.0948648258837898	1.40209202668927	0.160887767731073	0.999831983216163
ENSMUSG00000050545	326.999882251064	-0.0595883150688975	0.109680389518782	-0.543348533171355	0.586889854270687	0.999831983216163
ENSMUSG00000047454	3828.77224374431	-0.0840058684495952	0.0803665554644401	-1.04534666081644	0.295862779327384	0.999831983216163
ENSMUSG00000025323	2476.17459025608	-0.00597094608568814	0.0939458317368943	-0.0635590776475395	0.94932131712961	0.999831983216163
ENSMUSG00000021000	2725.21971423481	-0.046262118805851	0.0881893628895681	-0.524606529627713	0.599856746616629	0.999831983216163
ENSMUSG00000020652	231.051711898666	-0.0543602832389256	0.114918618007061	-0.47309892460207	0.636142603985131	0.999831983216163
ENSMUSG00000054302	1927.52916584162	-0.0444233770406084	0.09393616115312	-0.472958183540167	0.63624301304108	0.999831983216163
ENSMUSG00000050671	18.8984245555963	0.0208786873225729	0.0914882051835492	0.227180040239856	0.820283747535228	0.999831983216163
ENSMUSG00000021276	856.517369163434	-0.11895436689552	0.0951611493325399	-1.2500811089463	0.21126991988596	0.999831983216163
ENSMUSG00000057265	373.409252837269	-0.173792878884462	0.108325855257655	-1.60455265624716	0.108592287524635	0.999831983216163
ENSMUSG00000006360	76.446390724825	0.105121311763068	0.119760242602614	0.874442306060634	0.3818774265872	0.999831983216163
ENSMUSG00000041992	1728.16294295335	0.0763866032467273	0.0924804864865494	0.825914269578969	0.408852725365554	0.999831983216163
ENSMUSG00000037594	123.512821011479	0.0509961196116804	0.121693898423844	0.418965573397294	0.675241292591471	0.999831983216163
ENSMUSG00000020986	3547.07205859292	0.0253823754861228	0.0841879537408823	0.301492436331308	0.763039016789402	0.999831983216163
ENSMUSG00000056987	29.4386469706751	-0.013376673863425	0.102811228880451	-0.130383753628224	0.896262819590526	0.999831983216163
ENSMUSG00000007867	356.035698479466	0.0323614223096241	0.108110665778313	0.299314124696425	0.76470037837648	0.999831983216163
ENSMUSG00000021236	2294.07558659338	0.0377325828979525	0.082264299702286	0.458668588630516	0.646472174152726	0.999831983216163
ENSMUSG00000050103	365.193526561398	-0.0259703645746125	0.109935279288338	-0.236270519891547	0.813222761123673	0.999831983216163
ENSMUSG00000020668	5326.75457412641	0.0132075966194575	0.0898028458398291	0.147072829666772	0.883074535427819	0.999831983216163
ENSMUSG00000021203	572.710945055211	0.00547188832586588	0.102601138738181	0.0533297790691065	0.957469153688911	0.999831983216163
ENSMUSG00000021012	2755.06519282958	-0.0205077486537661	0.0817023692787562	-0.251006712570726	0.801808919418796	0.999831983216163
ENSMUSG00000049036	187.698827790204	0.0707078000017889	0.119449149519713	0.591438595519742	0.55422658661801	0.999831983216163
ENSMUSG00000006356	659.992039659818	0.0724862955082653	0.101325625515054	0.71529991160301	0.474423743176446	0.999831983216163
ENSMUSG00000057469	2342.33363175902	-0.0193814541859159	0.088565277326077	-0.218844644649861	0.826771068299995	0.999831983216163
ENSMUSG00000037660	29.2291409323542	0.109851683332319	0.10272887116662	1.05736251336037	0.290346173027445	0.999831983216163
ENSMUSG00000021003	1231.97006416958	-0.0540965377267642	0.0921578628369124	-0.587006825764432	0.55719912246582	0.999831983216163
ENSMUSG00000091402	44.3923290214136	-0.0111992765495788	0.11041561629362	-0.101585375912883	0.919085787723918	0.999831983216163
ENSMUSG00000021234	510.564839327656	0.118991255179671	0.102899460631938	1.15615746141709	0.247616755926736	0.999831983216163
ENSMUSG00000047022	425.479806189429	-0.00210865434523668	0.111274522020481	-0.0189528482181699	0.984878720315862	0.999831983216163
ENSMUSG00000021177	564.328216664541	-0.0751794228023667	0.10248686953485	-0.733555120153798	0.463219922237944	0.999831983216163
ENSMUSG00000046768	322.057957515416	0.0474112548862986	0.116884966799692	0.405349304351825	0.685220769634814	0.999831983216163
ENSMUSG00000021027	6965.78776738173	-0.0519118633121631	0.0848455134471332	-0.611885413737715	0.540613572825891	0.999831983216163
ENSMUSG00000021245	1018.10603938398	0.149880946590569	0.0943955498501925	1.58761222014009	0.112374053195138	0.999831983216163
ENSMUSG00000021281	40.888869798454	0.0366404789406745	0.111943170104989	0.326742763396857	0.743862453364251	0.999831983216163
ENSMUSG00000021258	1249.88301295725	-0.0679668676097176	0.0921366504201067	-0.7376876850371	0.460704257323311	0.999831983216163
ENSMUSG00000041771	291.984807148707	0.198295307694462	0.121075160972171	1.63291737686389	0.10248637495206	0.999831983216163
ENSMUSG00000021057	278.260693736707	-0.0357179752959745	0.116926436992762	-0.305631250810593	0.75988542361788	0.999831983216163
ENSMUSG00000066643	1041.43176995313	0.124010928331246	0.0949663701725744	1.30571197217969	0.191650525072165	0.999831983216163
ENSMUSG00000021288	19898.7111822429	0.0216990903472968	0.0769389625754142	0.282025713069633	0.77792379406573	0.999831983216163
ENSMUSG00000021076	5378.31569263864	-0.0368452553972262	0.0793531535309623	-0.464331184156691	0.642410485205648	0.999831983216163
ENSMUSG00000051235	31.7157621016549	0.0270275763259972	0.103861059336555	0.25963769801061	0.795143254457365	0.999831983216163
ENSMUSG00000059436	4130.08318229282	-0.0258144779710605	0.0784505193439823	-0.329057787971152	0.742112009389896	0.999831983216163
ENSMUSG00000057963	2871.57740465396	0.0362884293417954	0.10551231513894	0.343856052763419	0.730954543545649	0.999831983216163
ENSMUSG00000037669	1403.27873864527	-0.140054646323331	0.094024725013893	-1.48973612048112	0.136293633226628	0.999831983216163
ENSMUSG00000066392	10401.7752634003	0.0204367731976281	0.0824731943843098	0.247794157505007	0.804293675620421	0.999831983216163
ENSMUSG00000037904	516.568110592251	-0.0585529040002503	0.102042232827365	-0.573825758600805	0.566085716074964	0.999831983216163
ENSMUSG00000020562	20.506539751977	0.0723667993876927	0.0913188790146917	0.784823646351634	0.432556973945658	0.999831983216163
ENSMUSG00000034912	1055.81515075415	0.059976014442064	0.105026200940049	0.570990270265511	0.568006238276985	0.999831983216163
ENSMUSG00000020956	317.236012719585	0.00240961182324331	0.111672868678274	0.0215814715687619	0.982781813636423	0.999831983216163
ENSMUSG00000020635	275.297101504363	0.0924791152041086	0.112950831197233	0.818536885878701	0.413050688862405	0.999831983216163
ENSMUSG00000041702	1701.07517280591	-0.0345110183011013	0.0910759581866797	-0.378953207475329	0.704722611789424	0.999831983216163
ENSMUSG00000020585	9664.27886552181	-0.0638747796043801	0.0788895574166815	-0.809715710340832	0.418103586566527	0.999831983216163
ENSMUSG00000021007	909.21587349181	-0.00263295031771209	0.0928084575526299	-0.0283696149524966	0.977367358198105	0.999831983216163
ENSMUSG00000071234	657.494922435514	0.00463183326959654	0.114570662061538	0.0404177797693649	0.967760055624629	0.999831983216163
ENSMUSG00000051890	733.104122499292	0.0340432082821982	0.0956721976797596	0.355824056671116	0.721972332009214	0.999831983216163
ENSMUSG00000034801	2651.15827332597	0.00258958275828781	0.0913916232012148	0.0283362762929308	0.977393947910105	0.999831983216163
ENSMUSG00000060716	1465.519660357	-0.0884582742199393	0.0928364965211769	-0.95294403355795	0.340618427962459	0.999831983216163
ENSMUSG00000021180	2792.32009222676	-0.0699377979449157	0.0866304002574387	-0.807379138027156	0.419448082446363	0.999831983216163
ENSMUSG00000042724	920.242192561949	-0.0413762926976244	0.102631455722256	-0.403233965736204	0.68677611485872	0.999831983216163
ENSMUSG00000020660	20.6122829179139	0.110596809594884	0.0926821100499529	1.17497346177111	0.240005333239079	0.999831983216163
ENSMUSG00000020630	392.703549306571	-0.0359368607408623	0.10682589817002	-0.336392224889142	0.736575111859596	0.999831983216163
ENSMUSG00000071342	92.0654194522123	-0.11155327340221	0.121781037826728	-0.917686794063101	0.358782863381219	0.999831983216163
ENSMUSG00000020994	5549.39521118231	0.0647945961732934	0.0847617147923677	0.764381128778712	0.444640151249831	0.999831983216163
ENSMUSG00000020671	4989.59381555541	-0.0404991218635369	0.0826062530543737	-0.490290726713799	0.62392818807485	0.999831983216163
ENSMUSG00000021226	105.529541240666	0.0889569994933319	0.121039730987343	0.733061512736006	0.463520912706885	0.999831983216163
ENSMUSG00000042507	809.801410247283	0.00994509559628127	0.0992239217091321	0.100232992355822	0.920159353784101	0.999831983216163
ENSMUSG00000012076	2671.21875323564	0.0833531017748611	0.0847452558059617	0.983512309701087	0.325355359880517	0.999831983216163
ENSMUSG00000021038	1873.28115912549	0.0241678400405603	0.0851877525447097	0.283693454970749	0.776645310929962	0.999831983216163
ENSMUSG00000020608	3231.79285157134	-0.0742968864600466	0.0890166304297218	-0.834744092590434	0.403861809992521	0.999831983216163
ENSMUSG00000037361	1710.307851428	0.0571907143967536	0.0919941486614294	0.621644111993152	0.534175908329636	0.999831983216163
ENSMUSG00000021037	3844.8125458129	-0.0124582577394324	0.0805670439546419	-0.15463369683424	0.877110103275621	0.999831983216163
ENSMUSG00000041712	1491.05235964572	-0.0406232071972471	0.0937902427011089	-0.433161853645291	0.664897189513714	0.999831983216163
ENSMUSG00000021087	23197.5913057805	0.0520480829377072	0.0812006260252094	0.640941810624479	0.521560489784121	0.999831983216163
ENSMUSG00000020649	51.673665520532	-0.0141669550249143	0.114960273231839	-0.123377933674536	0.901807829936078	0.999831983216163
ENSMUSG00000020580	11725.9110190381	-0.0737693279478055	0.0860748002792833	-0.857140335659023	0.391367331656745	0.999831983216163
ENSMUSG00000037686	75.145971088928	-0.109204975305086	0.1197327976289	-0.915048003550138	0.360166429996914	0.999831983216163
ENSMUSG00000085925	188.23744905654	-0.0266912407626756	0.119179378493322	-0.224018437824306	0.822742956492966	0.999831983216163
ENSMUSG00000021125	43.9383196390716	0.0284424256618633	0.111789240782484	0.254246927428916	0.799304798544423	0.999831983216163
ENSMUSG00000054150	97.4303583314448	0.0679802382308551	0.121776517933082	0.557736965070252	0.577024011957139	0.999831983216163
ENSMUSG00000034126	1339.95741569917	-0.00672578248111315	0.0909021817502715	-0.073988279205074	0.94101971153723	0.999831983216163
ENSMUSG00000001175	77704.3790285421	0.0130647221180994	0.0787768852804709	0.165843095250613	0.868280430591589	0.999831983216163
ENSMUSG00000021114	5437.35075682807	0.0485974759712168	0.0845776543342838	0.574559137587289	0.565589494400282	0.999831983216163
ENSMUSG00000047534	84.6195726919109	-0.189892143295861	0.119872198425833	-1.59656715978011	0.110362224151917	0.999831983216163
ENSMUSG00000049792	1651.74214966036	0.0401158059136941	0.0878580360184157	0.456592529493603	0.647963949758169	0.999831983216163
ENSMUSG00000021270	32333.353034767	0.0100959066474209	0.0968868001784389	0.104200943493819	0.917009885250058	0.999831983216163
ENSMUSG00000021238	1071.91722644899	0.0441603987833279	0.0972547970651765	0.454055334997348	0.649788999850769	0.999831983216163
ENSMUSG00000113902	1688.64528040527	0.0533414373582122	0.103025292909163	0.517657075275432	0.604697552200514	0.999831983216163
ENSMUSG00000010608	9236.08364058252	0.0805142409793502	0.0794787828316098	1.01295776587441	0.311080334514474	0.999831983216163
ENSMUSG00000001270	42654.1454399866	0.00997035506575088	0.0803839094674818	0.124033315783643	0.90128889654857	0.999831983216163
ENSMUSG00000091803	340.595484691297	-0.17043165114039	0.116853934504604	-1.46068578758042	0.144101691159439	0.999831983216163
ENSMUSG00000062961	282.416482835405	0.0786177135091675	0.113295081969313	0.693825605685118	0.487791582577985	0.999831983216163
ENSMUSG00000036333	13966.1168090279	0.0306495786435831	0.0902304319835991	0.339662511716507	0.734110696266079	0.999831983216163
ENSMUSG00000019969	2526.73393608308	-0.0287451472476045	0.082887806388941	-0.346800262911843	0.728741379600239	0.999831983216163
ENSMUSG00000021255	377.668210485629	0.151939708376924	0.110749935822288	1.37131394844589	0.17027710936119	0.999831983216163
ENSMUSG00000021178	4212.29963806357	0.0913653749291182	0.0832173303132887	1.09782109052421	0.272282620109067	0.999831983216163
ENSMUSG00000002688	284.568723072024	0.0172395849326078	0.115215457063033	0.149616252409157	0.881067384951782	0.999831983216163
ENSMUSG00000090935	2571.26997008908	-0.10241310765146	0.084786969939507	-1.20799467573014	0.227049310330018	0.999831983216163
ENSMUSG00000071398	101.597199931084	0.0294684901005175	0.12180856540394	0.241717243165686	0.808999267586836	0.999831983216163
ENSMUSG00000042320	162.092979322823	-0.0636663874837934	0.120443522009003	-0.52877737453566	0.596959894853149	0.999831983216163
ENSMUSG00000002900	1065.66532410701	0.0109865470735295	0.0947221802077841	0.115985916318229	0.907663703607707	0.999831983216163
ENSMUSG00000021111	7156.77246367258	-0.0497972230372409	0.0825332949821992	-0.603394843065654	0.546246052050802	0.999831983216163
ENSMUSG00000012609	4639.45426171587	-0.0861125944707394	0.0980203063473394	-0.878772084162821	0.37952486523124	0.999831983216163
ENSMUSG00000002997	826.281085276559	0.144287889603743	0.114384977168155	1.26008395642997	0.207639077206649	0.999831983216163
ENSMUSG00000021120	430.734476346375	-0.109607782564646	0.108050992366185	-1.01444704620751	0.310369485073801	0.999831983216163
ENSMUSG00000096199	266.7425424079	-0.121925514153676	0.113697036166989	-1.07265900269187	0.283424141185167	0.999831983216163
ENSMUSG00000037638	30.3443754056146	0.0615602469402523	0.102596517449391	0.596945819849996	0.55054355440109	0.999831983216163
ENSMUSG00000021025	830.63761268801	-0.0706228209265703	0.109582249743385	-0.65077107681884	0.515194273457961	0.999831983216163
ENSMUSG00000034258	197.348589272307	-0.0108004242526962	0.11908492272455	-0.0906782015619256	0.927748291893812	0.999831983216163
ENSMUSG00000056459	541.438371851928	-0.0133449564183224	0.107264953288261	-0.124403933653679	0.900995458939751	0.999831983216163
ENSMUSG00000044067	5278.96089791931	0.034707414539231	0.0832744595291923	0.416772616810923	0.67684473346234	0.999831983216163
ENSMUSG00000021264	3673.92441073715	-0.00886827276362401	0.0885159993524735	-0.10019038226688	0.920193181433952	0.999831983216163
ENSMUSG00000042063	1382.93960667129	0.0219888997875859	0.0933311055966194	0.235601347430282	0.813742027792449	0.999831983216163
ENSMUSG00000037787	682.673626679126	-0.0822034319478231	0.109623152661165	-0.750034693437351	0.45323381004031	0.999831983216163
ENSMUSG00000034157	5051.5556243797	0.0683219969240938	0.0831892720677583	0.821216928354123	0.411522715708317	0.999831983216163
ENSMUSG00000072949	239.213304404048	-0.106541732500867	0.117788288280041	-0.90488608400804	0.365525740089288	0.999831983216163
ENSMUSG00000052221	43.4506728497303	0.0337018963471535	0.105632780132456	0.318518711429662	0.750091503492947	0.999831983216163
ENSMUSG00000049882	669.892401064797	-0.135065484559796	0.0984021932457319	-1.37257380887506	0.169884878763631	0.999831983216163
ENSMUSG00000037957	2177.59806315209	-0.0506337390489451	0.0827977730470211	-0.611549384913041	0.540835934784894	0.999831983216163
ENSMUSG00000020955	1291.42945369772	0.0871355512911924	0.0914269928634269	0.952992861226188	0.340593687715706	0.999831983216163
ENSMUSG00000005078	1503.90663196865	-0.0261411284184739	0.0861624763399747	-0.303394904436307	0.761588928463063	0.999831983216163
ENSMUSG00000021066	2699.28389695678	0.090064176493701	0.0892841608398919	1.00862937680979	0.31315241314889	0.999831983216163
ENSMUSG00000021079	1205.17997772813	-0.0107011468128961	0.0899782339122282	-0.118928169499148	0.905332264105171	0.999831983216163
ENSMUSG00000096458	85.9002682601617	0.0295286572322334	0.121452618634767	0.242890153231786	0.808090493778006	0.999831983216163
ENSMUSG00000059669	1078.77959498673	-0.00803203387569573	0.0968905272922472	-0.0828982313646434	0.933932460368751	0.999831983216163
ENSMUSG00000056508	39.3045569719458	0.0904293279750947	0.109022951012265	0.823290959582211	0.410342553396096	0.999831983216163
ENSMUSG00000034271	928.160497217377	-0.117953297624282	0.0985766846849272	-1.19679896405568	0.231384922161615	0.999831983216163
ENSMUSG00000020639	245.331488481637	0.0959031782728083	0.113987879108959	0.841110021960382	0.400286301142712	0.999831983216163
ENSMUSG00000043673	109.669258192492	0.179165998178068	0.120654247400962	1.47732389319483	0.139588836223482	0.999831983216163
ENSMUSG00000021071	8959.08729560013	-0.0400536208190308	0.087614296658956	-0.457191229678707	0.647533601627289	0.999831983216163
ENSMUSG00000020570	2274.39597892375	-0.076755307729696	0.0849913487002873	-0.903139526054347	0.366451848493292	0.999831983216163
ENSMUSG00000062563	210.28418204985	-0.0645007757955473	0.118482502374462	-0.544773559087706	0.585909266011278	0.999831983216163
ENSMUSG00000045064	114.597913779211	0.125658374056356	0.121686191263968	1.03105163171839	0.302516608057509	0.999831983216163
ENSMUSG00000021140	4310.3054353305	-0.0663658885853708	0.0837661513683161	-0.792337094445136	0.428164147963653	0.999831983216163
ENSMUSG00000021044	619.400785951347	0.0507073673265445	0.0990355641970971	0.511987632936402	0.608659664907639	0.999831983216163
ENSMUSG00000041846	3225.47469466615	-0.0363352015958445	0.0874279157377816	-0.415626161166157	0.677683580227908	0.999831983216163
ENSMUSG00000004698	712.938176502327	0.0486345722123663	0.098931241476868	0.491582760549998	0.623014332975327	0.999831983216163
ENSMUSG00000004789	5106.86339123021	-0.0378679973784468	0.0778444058774276	-0.486467179361546	0.626635969942103	0.999831983216163
ENSMUSG00000011179	2453.5999160602	0.0462742862756819	0.0835380030113571	0.553914424831517	0.579637412623666	0.999831983216163
ENSMUSG00000061533	205.904247948105	-0.0384409923573852	0.119576082149108	-0.321581623399854	0.747769667313328	0.999831983216163
ENSMUSG00000035860	70.7582694447345	0.110928460973848	0.115310185290393	0.957655592847279	0.338236456209066	0.999831983216163
ENSMUSG00000021112	2260.35063912386	0.0931584143656364	0.0967229423794872	0.962974788827602	0.335560175372448	0.999831983216163
ENSMUSG00000087075	15.5375932121448	0.0738868129406748	0.0738614016030733	0.981260188497682	0.326464449812493	0.999831983216163
ENSMUSG00000036613	904.888496200625	-0.00829279917814083	0.0991217690601514	-0.0836594725258171	0.933327180376667	0.999831983216163
ENSMUSG00000019718	77.0316489580628	0.00180775926025062	0.120525982119821	0.0150001962620668	0.988032023806019	0.999831983216163
ENSMUSG00000020964	7048.952620088	0.0542460632590402	0.0822264078531927	0.659682802316559	0.509457405158374	0.999831983216163
ENSMUSG00000054013	596.717472102738	0.123891906863144	0.11045611123255	1.10826052157057	0.267749319865028	0.999831983216163
ENSMUSG00000021219	961.95650387969	0.00582660622454002	0.0999661358231452	0.0582880154964147	0.953519213533772	0.999831983216163
ENSMUSG00000058260	37.7661402857421	-0.0375618488552784	0.10739124803467	-0.35041741582103	0.726025458024887	0.999831983216163
ENSMUSG00000079108	611.917358491807	0.0434809700399535	0.104675017814814	0.415404705445411	0.677845662615472	0.999831983216163
ENSMUSG00000011148	389.295245058496	-0.0540613871345574	0.107752528835531	-0.501778759311845	0.615823155954855	0.999831983216163
ENSMUSG00000048856	130.522138194419	0.008303972822219	0.121836015786512	0.0681454674100258	0.945669836693614	0.999831983216163
ENSMUSG00000036655	12.3423723820837	0.0931752561751603	0.075519383067778	1.20367172235614	0.228716485983108	0.999831983216163
ENSMUSG00000015143	1049.78487737396	0.0531248836938055	0.0953076268896671	0.5573408079039	0.577294599276954	0.999831983216163
ENSMUSG00000020627	1002.73604694609	-0.0396357907145579	0.0930327908597169	-0.426054183702442	0.670068364230485	0.999831983216163
ENSMUSG00000020647	4616.0720322544	-0.0601614200473546	0.0968208287179608	-0.621484789458035	0.534280699355149	0.999831983216163
ENSMUSG00000048251	111.286196983981	0.00702471569555044	0.115113913186749	0.0609904909077374	0.951366782114458	0.999831983216163
ENSMUSG00000035021	82.8835416343369	-0.127192284838356	0.121130713895411	-1.0533869398204	0.292163687403205	0.999831983216163
ENSMUSG00000037486	1983.9443140018	-0.13941089158141	0.0935033125103482	-1.49129578588544	0.135883854853313	0.999831983216163
ENSMUSG00000066637	201.15424011457	0.0378503710002827	0.11755889932282	0.321972706497806	0.747473371467645	0.999831983216163
ENSMUSG00000061458	785.351217635627	-0.0222276748403981	0.102025316268682	-0.217855754322727	0.827541502025801	0.999831983216163
ENSMUSG00000020648	317.414074574569	0.00998865139020387	0.111010864322492	0.0899660628241662	0.928314183375553	0.999831983216163
ENSMUSG00000021244	5243.86354833293	-0.0367348474151777	0.0923409261327387	-0.397852952301147	0.690738581935328	0.999831983216163
ENSMUSG00000072825	5182.28363337105	-0.0172103078421257	0.0899817264817082	-0.191267202337969	0.848316255442019	0.999831983216163
ENSMUSG00000049106	2502.73165353747	0.0818540530010202	0.0824150144753565	0.993142833470478	0.320640352521008	0.999831983216163
ENSMUSG00000020974	54.1998122048532	-0.100268227154293	0.116937362331519	-0.86096396491852	0.38925789013926	0.999831983216163
ENSMUSG00000019235	875.047893335876	0.142308551592765	0.0933057076540437	1.5250491558131	0.127246837512813	0.999831983216163
ENSMUSG00000020961	752.998291601532	-0.113978023601445	0.102734559390833	-1.10974258609764	0.267109966185316	0.999831983216163
ENSMUSG00000042029	263.256056274787	-0.0134447301286039	0.113641067160221	-0.11832194103056	0.905812573085716	0.999831983216163
ENSMUSG00000043487	265.297535654758	0.0461381847348551	0.114504286214638	0.402879270441665	0.687037041792242	0.999831983216163
ENSMUSG00000020949	3453.25828029386	0.154443652463195	0.0861934481964992	1.79152665958384	0.0732088204001802	0.999831983216163
ENSMUSG00000044147	1064.35636097735	-0.0651000592433016	0.0922904210544987	-0.705420880000456	0.480548353770521	0.999831983216163
ENSMUSG00000020571	3264.92199956746	0.0235437037033663	0.0903988145045349	0.260428016306163	0.794533634434483	0.999831983216163
ENSMUSG00000021065	3918.51242169908	-0.080870492854499	0.0839025656327348	-0.963937856031799	0.335077083041087	0.999831983216163
ENSMUSG00000021194	3905.89457383048	0.109766973618644	0.0820279850567952	1.33803232848729	0.180885898514924	0.999831983216163
ENSMUSG00000037149	4795.86500562309	0.0283040443883796	0.0809812115160325	0.349508786525405	0.726707375554685	0.999831983216163
ENSMUSG00000021175	27.4215213420819	0.090192582271564	0.100962849645679	0.885660050027362	0.375800742089592	0.999831983216163
ENSMUSG00000041341	3662.64274803115	0.0158735079169621	0.0886344710002598	0.179089144209596	0.857867705871203	0.999831983216163
ENSMUSG00000054309	2042.48132350737	-0.00765094147155533	0.0841123536909795	-0.0909597363263202	0.927524584138012	0.999831983216163
ENSMUSG00000021072	2823.78861088691	0.0372451934582482	0.0834321870498159	0.446402465410965	0.655306552257014	0.999831983216163
ENSMUSG00000020653	186.124643367474	-0.0463411880823263	0.119792997088322	-0.387129407284541	0.698660407847813	0.999831983216163
ENSMUSG00000020594	9197.12862552798	0.0020548076782873	0.0859070139086199	0.0239196439934753	0.980916705124241	0.999831983216163
ENSMUSG00000033854	2112.87660836413	-0.0173542197393466	0.0856107046917523	-0.202710606137351	0.839361232788678	0.999831983216163
ENSMUSG00000021286	434.571750674331	-0.0450055683062124	0.105183712180026	-0.427911173521108	0.668715791878066	0.999831983216163
ENSMUSG00000004791	91.6630717421595	0.0919738659469006	0.121514346412247	0.75496775114887	0.450268332187354	0.999831983216163
ENSMUSG00000034574	3783.87564585536	-0.0824968974863593	0.0871536084667755	-0.946678339235793	0.343802711294276	0.999831983216163
ENSMUSG00000036295	2662.237464784	0.0375881976920476	0.0965906691123573	0.38912701067094	0.697182193395854	0.999831983216163
ENSMUSG00000020954	8063.10535656334	0.0220004947666665	0.0869642105945436	0.252977785109151	0.800285379868344	0.999831983216163
ENSMUSG00000044912	228.800715619925	0.0728039203021927	0.121865796120773	0.596526152565768	0.55082378811315	0.999831983216163
ENSMUSG00000021271	349.255750355497	0.0863890515360012	0.120042533676659	0.718707710384886	0.472321031588643	0.999831983216163
ENSMUSG00000002679	655.5282467592	0.0223758959536997	0.0992151760393573	0.225536751898937	0.821561737877641	0.999831983216163
ENSMUSG00000021182	561.872279368227	0.105381444153787	0.103948994497655	1.01369948205393	0.310726171301493	0.999831983216163
ENSMUSG00000021036	1632.88359765108	-0.0371777157093765	0.0866859932180158	-0.428891826900381	0.668001948374952	0.999831983216163
ENSMUSG00000021265	925.279062098396	-0.0608504775017156	0.0957189855563234	-0.635754974803964	0.524936138407918	0.999831983216163
ENSMUSG00000034761	2440.93784366764	0.0168524508420907	0.0831773619735366	0.202606484847695	0.839442620953748	0.999831983216163
ENSMUSG00000041669	278.598402909947	0.167683866940953	0.114531221138125	1.46301919336108	0.143462127129444	0.999831983216163
ENSMUSG00000084883	4304.44306714713	0.0414779852844029	0.0812785533676225	0.51030265778035	0.609839441037081	0.999831983216163
ENSMUSG00000007411	3598.01960089665	-0.11080276218165	0.0796269600620889	-1.39160348771196	0.164042502147835	0.999831983216163
ENSMUSG00000034601	597.651103255795	0.00393341601466113	0.0994818318850807	0.0395381994833686	0.96846129853115	0.999831983216163
ENSMUSG00000021224	673.597528644236	0.0555058119576474	0.0993435364449047	0.558734847723466	0.576342692945288	0.999831983216163
ENSMUSG00000047227	322.510548711014	0.0876209083554855	0.117086588784336	0.748013680898293	0.454451905571389	0.999831983216163
ENSMUSG00000094910	260.356124620707	0.0186350683253759	0.121015833636341	0.153969983992691	0.877633402634825	0.999831983216163
ENSMUSG00000036188	1423.73357687312	0.0155009326385695	0.0872294760079376	0.177703418379003	0.858955900502045	0.999831983216163
ENSMUSG00000020664	6995.74826111985	0.0176925476308815	0.08361527031658	0.211592753207004	0.832424763431315	0.999831983216163
ENSMUSG00000090258	158.506810282265	0.0245176270803434	0.120888668970487	0.202701883728687	0.839368050740853	0.999831983216163
ENSMUSG00000052160	134.959761768413	0.022423442238026	0.121527679702646	0.18442472089623	0.853680277954965	0.999831983216163
ENSMUSG00000021262	1900.36018160035	-0.0392197665185769	0.0889194929875474	-0.441080944241884	0.659154398390762	0.999831983216163
ENSMUSG00000048118	2131.16736526932	-0.00458876400494564	0.108118844601115	-0.0424450402556286	0.966143923748921	0.999831983216163
ENSMUSG00000047414	875.323840851322	0.0869588858341726	0.105169057139754	0.826672458656174	0.408422735743033	0.999831983216163
ENSMUSG00000072946	706.149303774342	-0.0408654645600723	0.0994759493186403	-0.410847201628315	0.681184579498849	0.999831983216163
ENSMUSG00000021189	1263.81626511786	0.0526621769985995	0.088309378751929	0.596330454183638	0.550954490109273	0.999831983216163
ENSMUSG00000060950	273.113283988454	-0.0363935215421504	0.117626310621654	-0.309406083695774	0.757012643171844	0.999831983216163
ENSMUSG00000071379	8311.17831020551	-0.0450436493461331	0.0787430590213494	-0.572053007395646	0.567286064038202	0.999831983216163
ENSMUSG00000021176	26.573268254189	-0.0465224972297175	0.0985872746892652	-0.475816290197382	0.634205263248965	0.999831983216163
ENSMUSG00000064326	363.533095903916	0.00904720361230244	0.111595239812805	0.0810743993303638	0.935382785025648	0.999831983216163
ENSMUSG00000002565	31.0776461407493	-0.0240476604304807	0.0940925175605571	-0.257497455666601	0.796794779188758	0.999831983216163
ENSMUSG00000035431	147.627940670137	0.188872939277415	0.11978649438638	1.56499345470225	0.117584444030483	0.999831983216163
ENSMUSG00000021243	421.955655051749	0.0599508830490749	0.107196990922222	0.559215882931313	0.576014394734088	0.999831983216163
ENSMUSG00000037679	1197.11098567933	-0.12511157740127	0.111920477896387	-1.11882185159227	0.263216147503768	0.999831983216163
ENSMUSG00000062352	1283.54808827248	-0.0550553847033257	0.0894305753227151	-0.615639691217374	0.538132349048572	0.999831983216163
ENSMUSG00000021068	651.265750359004	0.0174117893427249	0.110824221879911	0.157126811921883	0.87514490717793	0.999831983216163
ENSMUSG00000021253	680.268260055702	0.177821231239353	0.101884642986705	1.74464326625231	0.0810469845589295	0.999831983216163
ENSMUSG00000062054	558.357094021684	-0.0617170146136126	0.102190893269341	-0.603936753236632	0.545885692353012	0.999831983216163
ENSMUSG00000021118	38.7700442782422	-0.0465045085166543	0.11010290852366	-0.42369702351839	0.671786786184334	0.999831983216163
ENSMUSG00000020658	7842.2705221027	0.0237995828097173	0.0818775288464499	0.290666079450599	0.771306716661668	0.999831983216163
ENSMUSG00000020657	5317.57812365492	0.0863276720477123	0.08188586354557	1.05416639964734	0.291806740455268	0.999831983216163
ENSMUSG00000073079	101.113231142364	0.0456950817842387	0.120011859513228	0.38054065768883	0.703544121998231	0.999831983216163
ENSMUSG00000002799	529.665607071546	0.181555635879312	0.111768554883299	1.62256347033543	0.104682754759755	0.999831983216163
ENSMUSG00000060121	325.765312570676	0.0544868300414003	0.11181332344694	0.487150899780791	0.626151397857226	0.999831983216163
ENSMUSG00000021113	2492.38435266438	0.0277334697715188	0.083945491766698	0.330372922683906	0.741118198578576	0.999831983216163
ENSMUSG00000035133	17604.7621393595	-0.021880606383886	0.10257354762096	-0.21333884263218	0.831062678802233	0.999831983216163
ENSMUSG00000020642	1242.0642213194	-0.177955721237026	0.103267897381235	-1.72413928664023	0.0846827012936976	0.999831983216163
ENSMUSG00000036169	307.672865329945	0.122860347976317	0.0984100794715345	1.22517732939432	0.220508414263804	0.999831983216163
ENSMUSG00000044715	1297.68086980574	0.0696070431480277	0.0945340219176553	0.736254419364424	0.461575879676719	0.999831983216163
ENSMUSG00000021254	1285.08826052892	-0.0688040701135761	0.0965692633609649	-0.712547153716098	0.476126022896344	0.999831983216163
ENSMUSG00000062198	867.028131628225	-0.0524486728764972	0.103238015200175	-0.508068062908482	0.611405611703311	0.999831983216163
ENSMUSG00000043061	1751.52939745933	0.0567768143407883	0.0876378549050846	0.647820126322362	0.517101296422972	0.999831983216163
ENSMUSG00000021048	1808.95926745305	0.0341554627589439	0.0876460889712906	0.389694413189898	0.696762528197533	0.999831983216163
ENSMUSG00000033454	661.915061817281	0.0701921208289976	0.0990755297800404	0.708476422123706	0.478649448994227	0.999831983216163
ENSMUSG00000020598	11316.5465918696	-0.0235867753720155	0.0896880980671152	-0.262999859484951	0.792550687418563	0.999831983216163
ENSMUSG00000020572	3844.33247812669	0.0224611445307853	0.0874539399019297	0.256830512941137	0.797309614026593	0.999831983216163
ENSMUSG00000035105	215.870547837288	0.105979906037847	0.116157627543026	0.91191259801113	0.361814729205868	0.999831983216163
ENSMUSG00000021061	15566.4984165131	-0.000471443494508873	0.0897031654492492	-0.00525487417843559	0.995807236320362	0.999831983216163
ENSMUSG00000021098	140.940861967953	0.177733893268366	0.121550243839563	1.45546493208094	0.145540591725147	0.999831983216163
ENSMUSG00000020990	716.916518610851	0.0184554949809881	0.0969086305437904	0.190442934274303	0.848962056559378	0.999831983216163
ENSMUSG00000021278	19.2852181436707	0.0692279196158747	0.0852877948795658	0.801485627998966	0.422850561017255	0.999831983216163
ENSMUSG00000061477	4075.63478975807	0.0690295823550564	0.0956116554453107	0.721852366936361	0.470385249429133	0.999831983216163
ENSMUSG00000037896	1608.59026123337	-0.141248494681698	0.0859176719707481	-1.64404469062397	0.100166971374022	0.999831983216163
ENSMUSG00000020601	1292.10215357449	0.0280009211896455	0.0987186235620768	0.283631310746327	0.776692939574558	0.999831983216163
ENSMUSG00000032705	3167.03326137244	0.0246789719868254	0.0840636614683591	0.293566735289824	0.769088997657989	0.999831983216163
ENSMUSG00000021188	2939.75083794222	-0.00984918458277024	0.0981070344711425	-0.100397173777983	0.920029013430034	0.999831983216163
ENSMUSG00000060073	2915.49938686821	-0.0259386242013212	0.0822567397835548	-0.315341885457526	0.752502086038442	0.999831983216163
ENSMUSG00000021222	632.905287620945	-0.0643810032969045	0.114087402695954	-0.56448216830974	0.572426032324852	0.999831983216163
ENSMUSG00000021103	521.083812030057	0.0860112455106933	0.106031677213384	0.811082998337559	0.417318008720698	0.999831983216163
ENSMUSG00000021010	672.438037710139	-0.0583670587735847	0.103744246486454	-0.562723965168688	0.57362286268537	0.999831983216163
ENSMUSG00000002996	1810.55668749733	-0.0168711666255415	0.0950417282156837	-0.177525837715783	0.859095371979044	0.999831983216163
ENSMUSG00000008822	868.196825402423	0.0429733656867194	0.0979726524580014	0.438617967219525	0.660938375961477	0.999831983216163
ENSMUSG00000054459	18737.6512090772	0.0568153752227076	0.0921505974900736	0.616467266133098	0.53758616974257	0.999831983216163
ENSMUSG00000047415	633.066811400651	-0.0964851445925553	0.105313997952698	-0.91640009934194	0.359457083249902	0.999831983216163
ENSMUSG00000020953	383.925926643965	0.0737115607982133	0.117084775398419	0.629019355230668	0.529336384847867	0.999831983216163
ENSMUSG00000072919	78.6793882067736	-0.0348522898788313	0.12005986055807	-0.290849104817164	0.771166727722194	0.999831983216163
ENSMUSG00000079055	1384.80879452065	-0.0928614949629867	0.105685269357305	-0.878928642480066	0.379439967426049	0.999831983216163
ENSMUSG00000021242	2825.35911991211	-0.0610849903465463	0.0878036869176384	-0.695740553297063	0.486591323934128	0.999831983216163
ENSMUSG00000071454	1854.9656123137	-0.0178996999715845	0.094298966539612	-0.189815240639528	0.849453912712137	0.999831983216163
ENSMUSG00000079177	73.746472896621	-0.0072775231323888	0.120077346596803	-0.0606261920898427	0.951656913615999	0.999831983216163
ENSMUSG00000073158	11.0660462635291	-0.0446517698042542	0.0751953010943689	-0.604002430795439	0.545842026067329	0.999831983216163
ENSMUSG00000042540	34.0791400741408	0.0842968402973084	0.106382055422426	0.786625231995215	0.431501284202089	0.999831983216163
ENSMUSG00000035933	1862.05696560007	-0.0674126637228558	0.0919270543902033	-0.73341563461142	0.463304966274936	0.999831983216163
ENSMUSG00000020634	5316.85156220921	-0.00516166279091363	0.0884729769736031	-0.0583415759698906	0.953476551059959	0.999831983216163
ENSMUSG00000041323	139.755697365682	0.124823741735048	0.121769499709196	1.02350189429315	0.306070604715274	0.999831983216163
ENSMUSG00000020629	1810.10148713725	0.00138881860900934	0.0900038905757837	0.0154308000266438	0.987688491481217	0.999831983216163
ENSMUSG00000042350	3205.58120012978	-0.0620490755466531	0.082121515298315	-0.75560469308569	0.44988624130132	0.999831983216163
ENSMUSG00000052609	1115.57940437451	-0.122950096711017	0.107330634889106	-1.14606467762023	0.251768391508702	0.999831983216163
ENSMUSG00000042050	735.234277776556	0.0560331441706877	0.101261079161597	0.553358900672741	0.58001767594345	0.999831983216163
ENSMUSG00000020952	1298.14500763691	0.0753097718256304	0.088498724979627	0.850933118570241	0.394806506284902	0.999831983216163
ENSMUSG00000001627	1641.27327668224	-0.120398842118698	0.0865606173751608	-1.39097090108254	0.164234250876304	0.999831983216163
ENSMUSG00000021033	994.814133227045	0.0329739437017761	0.0922828439022462	0.357309936753064	0.720859791886275	0.999831983216163
ENSMUSG00000021285	1293.84327338123	0.0282175025850022	0.0901178421275628	0.313112026021854	0.754195552723654	0.999831983216163
ENSMUSG00000021023	141.438612701213	0.185410044945073	0.12062747568866	1.53446927259872	0.124914246991004	0.999831983216163
ENSMUSG00000021192	1412.82553674934	0.00659713778713848	0.0884255078350436	0.0746069538180326	0.940527441199559	0.999831983216163
ENSMUSG00000066438	2785.66429471049	0.0347262792047633	0.0950093508533998	0.365486872631412	0.714748004192595	0.999831983216163
ENSMUSG00000036523	82.2174846569978	-0.0420270010423161	0.119109925486713	-0.353604483569773	0.723635313785641	0.999831983216163
ENSMUSG00000051721	599.00066815602	-0.119520331272836	0.107069104678586	-1.11652076041413	0.264199288793381	0.999831983216163
ENSMUSG00000066440	1557.57229278903	-0.0322998782220718	0.0897297956157034	-0.359988216902377	0.718855945233037	0.999831983216163
ENSMUSG00000020590	5558.14004273608	0.0337860393614491	0.0890324295550209	0.379464879025931	0.704342679973352	0.999831983216163
ENSMUSG00000048285	1564.9989627261	-0.13012345815113	0.10206197890211	-1.27551731759298	0.202126198585059	0.999831983216163
ENSMUSG00000034892	4081.45130745263	0.140451183173419	0.0900775758257174	1.55885389301762	0.119030965199019	0.999831983216163
ENSMUSG00000020656	123.28029358444	0.0898265386050712	0.121788590803774	0.736949033089946	0.461153344168216	0.999831983216163
ENSMUSG00000035293	1300.33549278382	-0.0579052877842854	0.0958774469869666	-0.604031701165498	0.545822565969909	0.999831983216163
ENSMUSG00000021131	794.016897273802	-0.12052585924391	0.0954794560507869	-1.26233545146206	0.206828105191681	0.999831983216163
ENSMUSG00000045679	259.317867123755	0.0720333147115667	0.116051673379406	0.620504174850702	0.534925906277203	0.999831983216163
ENSMUSG00000021067	507.413703730402	-0.114584451072263	0.105078820992734	-1.09054051851386	0.27547511496761	0.999831983216163
ENSMUSG00000020573	72.2057512790932	0.0331795975495751	0.120230266763171	0.27580810071387	0.782695461490866	0.999831983216163
ENSMUSG00000002803	1205.55536019327	0.0219369564518135	0.0935738041678915	0.234420676556107	0.814658408225101	0.999831983216163
ENSMUSG00000033530	3571.33491308897	-0.0403856438762672	0.0799930978462226	-0.504876694586152	0.613645443926329	0.999831983216163
ENSMUSG00000021109	8826.91294752767	-0.0918582471587326	0.0820059786152609	-1.12025965467528	0.262603129373978	0.999831983216163
ENSMUSG00000019256	287.4313686931	0.0200088782085644	0.111711365354564	0.17911675547386	0.857846025798522	0.999831983216163
ENSMUSG00000021279	4471.16715151764	-0.0278095655249847	0.0839550474726911	-0.331255425695251	0.740451557484918	0.999831983216163
ENSMUSG00000035472	35.874333519759	-0.0223589991863228	0.10738617529964	-0.208560527867407	0.834791327088217	0.999831983216163
ENSMUSG00000052812	2077.33126171083	-0.0299207736979871	0.0939997764315333	-0.318334397334943	0.750231295024094	0.999831983216163
ENSMUSG00000021263	87.3363826307177	-0.0692469976971438	0.121450431503661	-0.571240910798105	0.567836349850244	0.999831983216163
ENSMUSG00000020659	970.121265757513	0.0226963050168412	0.0964832651421647	0.235224622091256	0.814034396406582	0.999831983216163
ENSMUSG00000021248	4971.09872225865	0.0498366158944157	0.080132934276731	0.621904094448251	0.534004932657827	0.999831983216163
ENSMUSG00000055884	1083.6841709171	-0.00537675218304722	0.100220333425964	-0.0536539298289529	0.957210888564966	0.999831983216163
ENSMUSG00000035329	2214.38376375375	0.1013719192496	0.0920775211693558	1.10079303061889	0.270986745698962	0.999831983216163
ENSMUSG00000021241	882.310218750851	0.0561850950325541	0.0981934307162801	0.57212104848255	0.567239970231075	0.999831983216163
ENSMUSG00000021275	1454.96323496071	-0.0574376924390327	0.0939578047672438	-0.611356139504571	0.540963832690579	0.999831983216163
ENSMUSG00000034145	2948.33345130323	-0.0228826462898808	0.104892321094077	-0.218167465651921	0.827298633161393	0.999831983216163
ENSMUSG00000021094	698.213499217739	0.0722095681906163	0.0977143410427358	0.738920638234053	0.459955189414958	0.999831983216163
ENSMUSG00000021187	54.977800766123	0.0528093638122952	0.10959378822627	0.479254465486541	0.631757611390051	0.999831983216163
ENSMUSG00000021108	139.806036745917	0.017642923474492	0.121258112622697	0.145468173808315	0.884341242057998	0.999831983216163
ENSMUSG00000005656	2064.52344783619	-0.0730679866494185	0.0849682769892068	-0.859966528860744	0.389807493282631	0.999831983216163
ENSMUSG00000034501	1883.71151876658	0.0608057325863582	0.0874874565032715	0.695003145834286	0.487053330100081	0.999831983216163
ENSMUSG00000004788	873.228100495968	-0.00314936141880861	0.0934285587507027	-0.0337077838553993	0.973110171882261	0.999831983216163
ENSMUSG00000018707	14947.3844489427	0.059226726245104	0.0933173862536645	0.634590323548662	0.525695640772994	0.999831983216163
ENSMUSG00000011158	1315.65260893229	-0.0612588751225497	0.0906154859172002	-0.676061812818597	0.499001400588049	0.999831983216163
ENSMUSG00000004151	21218.6583689063	-0.16269061834306	0.0998724519103679	-1.63004237090101	0.10309254221382	0.999831983216163
ENSMUSG00000002804	115.026313639515	0.0398956228116804	0.121827830220212	0.327342811405815	0.743408615590109	0.999831983216163
ENSMUSG00000021209	2301.68117698734	0.0238776651979656	0.089395835903881	0.267101134308007	0.78939129426034	0.999831983216163
ENSMUSG00000020674	430.063178605009	0.0211660002634834	0.120348414652778	0.175819730328161	0.860435568536216	0.999831983216163
ENSMUSG00000062929	4532.39051785353	0.0461117025149306	0.0863914322988762	0.533723498959892	0.593532848640235	0.999831983216163
ENSMUSG00000021136	493.551235698967	-0.0349148665758909	0.106682732485612	-0.327251211392471	0.743477890195715	0.999831983216163
ENSMUSG00000044548	956.901614576401	0.130571744301545	0.0967885693971626	1.3487571074653	0.17741499591196	0.999831983216163
ENSMUSG00000040877	164.870736460834	-0.00883803017832916	0.119319010346464	-0.0740663959842166	0.940957553912118	0.999831983216163
ENSMUSG00000021090	155.652808131395	0.186214369144915	0.121343258194652	1.53154927082335	0.125633699066971	0.999831983216163
ENSMUSG00000021259	1170.48990960944	0.00600265756380689	0.0952836313115635	0.0629987132835594	0.949767528938509	0.999831983216163
ENSMUSG00000052392	20.36931747325	0.0735874925293386	0.0917255146042006	0.794685299393342	0.426796585766175	0.999831983216163
ENSMUSG00000085793	1253.74416930595	0.0189105279408343	0.0913547924247148	0.207002481937028	0.836007920175688	0.999831983216163
ENSMUSG00000021116	1848.80700446079	0.0108570916673979	0.0916837266225892	0.11842039636359	0.905734565525041	0.999831983216163
ENSMUSG00000020589	3594.98642978112	-0.0299387504302941	0.0954102232738534	-0.313820177570226	0.753657618521321	0.999831983216163
ENSMUSG00000049751	14.1264931360968	0.0490626856004868	0.0806051027314627	0.601766838112693	0.547329352174584	0.999831983216163
ENSMUSG00000021022	603.241331588374	0.0275934632695521	0.105355120498018	0.261882674183363	0.793411897582234	0.999831983216163
ENSMUSG00000020605	421.193118735105	-0.076211016984134	0.112186675417549	-0.67940467664562	0.496881487497237	0.999831983216163
ENSMUSG00000036257	5834.27855966361	-0.0276395404128637	0.0896901621034456	-0.308185737437791	0.757941004528097	0.999831983216163
ENSMUSG00000059060	18.3436413450284	0.0119348847083429	0.0908108994055961	0.13120432178412	0.895613677225653	0.999831983216163
ENSMUSG00000020644	5512.24356635382	0.0231436049604475	0.0803472944808956	0.288039440998442	0.773316547880088	0.999831983216163
ENSMUSG00000021032	66.4962809789908	0.0450932646404197	0.0627253655795458	0.701900585141667	0.482741163989396	0.999831983216163
ENSMUSG00000036095	1353.14009408809	0.188153260207593	0.105703405716304	1.77871333017321	0.0752867726158243	0.999831983216163
ENSMUSG00000025321	5296.94305199506	0.155096224497068	0.0932634894518428	1.66243451533352	0.0964256832000437	0.999831983216163
ENSMUSG00000043153	315.001712392663	-0.0653424131268247	0.111619961113713	-0.585555226258767	0.55817444400831	0.999831983216163
ENSMUSG00000035247	6625.82876334059	0.0524014342938395	0.0913629658943825	0.573497514632406	0.566307881429678	0.999831983216163
ENSMUSG00000021039	1926.09980486827	0.0138358303603205	0.0860307083770725	0.160825063953448	0.872231184012825	0.999831983216163
ENSMUSG00000021096	9424.43511917897	0.0578743961664208	0.0813846430496667	0.711081840584257	0.477033522295931	0.999831983216163
ENSMUSG00000058070	2513.18973990965	-0.129197174551352	0.0841651714635639	-1.53517316587378	0.124741297890482	0.999831983216163
ENSMUSG00000048483	99.5216050423091	0.188250758312663	0.121411374563981	1.54305508087054	0.12281741219133	0.999831983216163
ENSMUSG00000056458	301.000516987692	0.0348013670910216	0.114443433865057	0.304041570341839	0.761096220794372	0.999831983216163
ENSMUSG00000020628	1170.2750842846	0.0934838568927296	0.0909395686044325	1.02789686886406	0.303998342591983	0.999831983216163
ENSMUSG00000020591	3283.27060875853	0.0299456429200205	0.085616791614446	0.34975190911829	0.72652489314762	0.999831983216163
ENSMUSG00000058669	27.2715786124409	0.101265293495239	0.100148214564004	1.00039752803389	0.317118165808441	0.999831983216163
ENSMUSG00000034290	3122.38931007168	0.060201332386282	0.08311655200475	0.724268145118887	0.468901129541367	0.999831983216163
ENSMUSG00000035142	211.516859036574	0.0473905174950981	0.116699226806181	0.406033890788889	0.68471769893863	0.999831983216163
ENSMUSG00000020973	59.7255415250726	0.0719343573823763	0.117112387040631	0.611773920131946	0.540687346955161	0.999831983216163
ENSMUSG00000020621	1188.76112242718	0.0491453637496685	0.0888627518078711	0.553041859674258	0.580234746926831	0.999831983216163
ENSMUSG00000021144	1297.87001767579	0.0524833526947208	0.0950081342846472	0.552339585284205	0.580715714240287	0.999831983216163
ENSMUSG00000021123	97.8156937156539	0.108346918728684	0.121872516543755	0.887589481944285	0.374761613473946	0.999831983216163
ENSMUSG00000037169	133.285422799787	-0.0100077964221305	0.121787075946782	-0.0822034081875589	0.934484963278663	0.999831983216163
ENSMUSG00000020577	5053.03713048524	-0.0117102970135217	0.0788203973390505	-0.148570401425479	0.88189262999489	0.999831983216163
ENSMUSG00000020640	1687.46247954386	0.0873418204992714	0.0936763530711492	0.932291032616121	0.351186140779738	0.999831983216163
ENSMUSG00000037336	119.221530549153	0.0684387137116522	0.121784946486574	0.561201402687263	0.574660246842039	0.999831983216163
ENSMUSG00000021054	2859.69637568447	0.103533720163927	0.0855919967696682	1.20950547136258	0.226468710347778	0.999831983216163
ENSMUSG00000047446	2588.98312257356	-0.104990020408694	0.093465658106837	-1.12355778694617	0.261200672644645	0.999831983216163
ENSMUSG00000059970	528.874299082795	0.0720432992802821	0.107843276741597	0.667979253085369	0.504146835914812	0.999831983216163
ENSMUSG00000046314	660.352700093378	0.13692406626296	0.110145584207526	1.24220338745331	0.214161530165169	0.999831983216163
ENSMUSG00000035799	37.0681761218322	-0.0322825868841168	0.107240564766785	-0.301675965839655	0.762899091645401	0.999831983216163
ENSMUSG00000021028	1302.40516471793	-0.0230326359785599	0.0890327132091389	-0.258696614889148	0.7958693316058	0.999831983216163
ENSMUSG00000041645	5752.85206733752	0.0641086353183753	0.0776977749166338	0.825068277164335	0.409332828579606	0.999831983216163
ENSMUSG00000020978	5394.10829850836	0.0499561718510516	0.0786114754585553	0.635460243502085	0.525128288006703	0.999831983216163
ENSMUSG00000021252	626.377280595651	-0.0924100330977331	0.103246855213014	-0.895203384306764	0.370678375947455	0.999831983216163
ENSMUSG00000061603	6566.56722228797	0.0995024734068012	0.1016735010904	0.978267350457336	0.327942113461633	0.999831983216163
ENSMUSG00000091931	372.628326748695	-0.0171345040405592	0.109432970071317	-0.156584436804128	0.875572368860601	0.999831983216163
ENSMUSG00000045690	72.7436612108537	-0.0265791515618866	0.117878923187613	-0.225605391309955	0.821508347295426	0.999831983216163
ENSMUSG00000037466	33.8448639012543	0.0557482175889911	0.107219039738257	0.518115045402336	0.604378003524725	0.999831983216163
ENSMUSG00000041781	2557.21154910515	0.0289464875635037	0.0837779621742281	0.345512961863913	0.729708767431159	0.999831983216163
ENSMUSG00000021051	4621.24226631864	-0.0201147809017695	0.0811607594294004	-0.247844168172129	0.804254979559741	0.999831983216163
ENSMUSG00000035954	6177.10276648987	-0.0315397598677686	0.0895667714798345	-0.352160764014853	0.724717700264304	0.999831983216163
ENSMUSG00000021223	60.4954080083829	0.0116902425773584	0.118733619998903	0.0984148126388446	0.921602912993559	0.999831983216163
ENSMUSG00000021133	5037.61267185103	-0.0760588446334342	0.0795874127329128	-0.955717066819897	0.339215197599542	0.999831983216163
ENSMUSG00000020547	1345.3156460571	-0.121453141642393	0.0899929512458671	-1.34968895789344	0.177115775759574	0.999831983216163
ENSMUSG00000021062	4300.15980914608	-0.00924866374227263	0.0827793372845267	-0.111725911069768	0.911040733890667	0.999831983216163
ENSMUSG00000021013	1145.24382196168	0.103563553238207	0.0924082009080852	1.12063495557958	0.262443279404787	0.999831983216163
ENSMUSG00000021115	614.489614048417	0.0882779615787633	0.101987283121753	0.865412974542129	0.386812162247399	0.999831983216163
ENSMUSG00000021200	39.94210819036	0.153239888610176	0.108144371347069	1.4020482599619	0.160900835936109	0.999831983216163
ENSMUSG00000042472	1468.08605586496	-0.0714469623246816	0.0917390878866843	-0.778854200509585	0.43606560559652	0.999831983216163
ENSMUSG00000042523	2730.31971430018	-0.0668382443293227	0.089013103160038	-0.750944243934911	0.452686211772733	0.999831983216163
ENSMUSG00000020982	2477.4952774015	-0.0104151673513522	0.0873713402307373	-0.119208712968092	0.905110003924702	0.999831983216163
ENSMUSG00000020988	901.428827511727	0.0334809143017178	0.0945708610279869	0.354010473129502	0.723331034427772	0.999831983216163
ENSMUSG00000056770	6652.14082698576	-0.0506838430602745	0.0779076483370612	-0.650583705518136	0.515315251653392	0.999831983216163
ENSMUSG00000008438	43.8993297438921	0.021989871276877	0.110094641291709	0.199443392374172	0.841915920021143	0.999831983216163
ENSMUSG00000020669	289.906017765185	0.111408638355937	0.112750609938412	0.987912388220531	0.323195557789186	0.999831983216163
ENSMUSG00000020654	634.700930894242	0.134382822453121	0.10383045880843	1.2939291604984	0.195689890939527	0.999831983216163
ENSMUSG00000020576	1762.3245995787	-0.0146096739186929	0.0903809553572462	-0.161652092571168	0.871579832810057	0.999831983216163
ENSMUSG00000021009	764.266573067905	0.17657922187941	0.10373445196383	1.70139543933517	0.0888687571252264	0.999831983216163
ENSMUSG00000056899	117.98345898771	0.168175802069176	0.121883847597768	1.3759222261251	0.168845713222103	0.999831983216163
ENSMUSG00000021240	645.322685702264	0.0356738990871	0.107698579653132	0.331150289095445	0.74053096725708	0.999831983216163
ENSMUSG00000021185	417.640511114047	0.0276431901174271	0.113289804671266	0.243987262859902	0.807240684634142	0.999831983216163
ENSMUSG00000066441	2166.93476516286	-0.0137655238397826	0.0882933229344057	-0.155911132808511	0.876103069913445	0.999831983216163
ENSMUSG00000035597	3700.42539937107	0.00937081116655923	0.081500789331418	0.114978491945379	0.908462169907786	0.999831983216163
ENSMUSG00000035181	1096.35803403989	-0.0747381230038247	0.102900439107083	-0.726501363574485	0.467531471879742	0.999831983216163
ENSMUSG00000044456	97.77102157722	-0.166097117785765	0.119173985279217	-1.40347421112127	0.160475476927845	0.999831983216163
ENSMUSG00000047832	231.770442320254	-0.0688959238620683	0.115326886891189	-0.597504893538885	0.550170340818666	0.999831983216163
ENSMUSG00000021124	2996.03562926198	0.0942118296636551	0.0824064178304517	1.14318154352345	0.252963223583893	0.999831983216163
ENSMUSG00000001729	405.675804015575	0.0557000789375613	0.108159215420442	0.514981801879451	0.606565736743259	0.999831983216163
ENSMUSG00000042700	3182.38040494921	-0.0748008420135216	0.0862820274279671	-0.867003959975356	0.385939839970519	0.999831983216163
ENSMUSG00000014905	2381.4601687229	0.0157450869589333	0.0840224315766399	0.187392600811811	0.851352823544321	0.999831983216163
ENSMUSG00000021250	2098.70283920592	-0.0337675378824769	0.0574083658861018	-0.617055357335075	0.537198213164227	0.999831983216163
ENSMUSG00000021040	157.238909718339	0.030854300039239	0.120425622010953	0.256073170390882	0.797894338360927	0.999831983216163
ENSMUSG00000061911	4814.0143724614	0.046610001905952	0.097093774206236	0.479998112722327	0.631228735010259	0.999831983216163
ENSMUSG00000021047	4824.11664570907	0.104583944157338	0.0814641570467425	1.28368604662954	0.19925182858697	0.999831983216163
ENSMUSG00000020592	448.205428371854	-0.015015533351051	0.108449708275598	-0.138440631243706	0.889892187068931	0.999831983216163
ENSMUSG00000116226	43.6910426421244	0.0382495636841817	0.109253015070011	0.349512467518143	0.726704612567826	0.999831983216163
ENSMUSG00000093677	132.511470477353	-0.17133344982445	0.121154676374024	-1.41595990149666	0.156787245005159	0.999831983216163
ENSMUSG00000037085	289.533448700185	-0.0902373005060684	0.114018461347915	-0.791676503179956	0.428549326341553	0.999831983216163
ENSMUSG00000067547	99.0723641195923	0.117292059443259	0.121875262397258	0.960880251134275	0.336612381689999	0.999831983216163
ENSMUSG00000097493	22.240611883808	0.0398334503576587	0.0932994651797771	0.423625681881414	0.67183882262744	0.999831983216163
ENSMUSG00000064566	26.3641070478224	-0.0771759393476931	0.100183736718024	-0.778250545331183	0.43642132416524	0.999831983216163
ENSMUSG00000103047	60.230341926729	-0.0120563966707362	0.112221541712536	-0.107432441197802	0.914445919076478	0.999831983216163
ENSMUSG00000092495	19.6510586725809	-0.0727931673226344	0.0924739114669923	-0.797662802125464	0.42506619563506	0.999831983216163
ENSMUSG00000092454	27.3941118625056	-0.0168683505743115	0.102092198349752	-0.165549112383369	0.868511796976388	0.999831983216163
ENSMUSG00000056258	1935.45611268267	-0.105716839188167	0.11231853963851	-0.942127574990822	0.346127328228885	0.999831983216163
ENSMUSG00000084592	31.0596121706897	-0.0112169815057599	0.101435698187135	-0.110496992531169	0.912015234878417	0.999831983216163
ENSMUSG00000053469	17.2135543320313	0.0467109749276276	0.0889216725938975	0.520640070193781	0.602617530018205	0.999831983216163
ENSMUSG00000078300	16.3898805574555	0.0553100139432498	0.0874016765245402	0.626920923802199	0.530711070949009	0.999831983216163
ENSMUSG00000035757	719.358102338596	0.0245330947987967	0.103578618046091	0.236815445987784	0.812799968195992	0.999831983216163
ENSMUSG00000068397	21.439140562244	0.0514197471990483	0.0948813479274202	0.537349726309068	0.591026062940046	0.999831983216163
ENSMUSG00000104324	40.8903913073199	-0.0363572369334587	0.111540669169003	-0.326687785990923	0.743904039195385	0.999831983216163
ENSMUSG00000104116	20.9697089320251	-0.0855628771168371	0.0929376527479541	-0.936226969686597	0.34915634007033	0.999831983216163
ENSMUSG00000115868	313.07435066717	0.02465603452138	0.112289531270073	0.219596323903421	0.826185554634275	0.999831983216163
ENSMUSG00000091680	118.720465086102	0.186032319219457	0.121753397080271	1.52354280036244	0.127622961206402	0.999831983216163
ENSMUSG00000022262	95.0004021323712	0.114500166743313	0.12076667555102	0.945872147859101	0.344213800970341	0.999831983216163
ENSMUSG00000022623	7888.69856711852	-0.0962624475233199	0.0930902537259582	-1.03430557174309	0.300993332928782	0.999831983216163
ENSMUSG00000086602	184.10479244336	0.0487514776980004	0.12126050913493	0.40174830073269	0.687869273673055	0.999831983216163
ENSMUSG00000114995	340.196866120973	-0.0151733378076584	0.115379272039899	-0.131496261587658	0.895382743718088	0.999831983216163
ENSMUSG00000067870	72.0145489216533	-0.00112786596549891	0.117437696413757	-0.00960825516027814	0.992333839506367	0.999831983216163
ENSMUSG00000067869	200.53647040882	-0.0596522930181082	0.120209176063306	-0.496540967486098	0.61951279084232	0.999831983216163
ENSMUSG00000038984	1188.28293792149	0.0624401170445004	0.0956535407058984	0.65271301873734	0.513941307922541	0.999831983216163
ENSMUSG00000115276	62.5418348332752	-0.104362883605366	0.119016561209474	-0.879966325344389	0.378877552325655	0.999831983216163
ENSMUSG00000115360	22.8825761578733	0.0486548023317041	0.094939873640457	0.508305064404769	0.611239418945148	0.999831983216163
ENSMUSG00000115837	21.3020213734934	0.0995195915776923	0.0917628034321828	1.06893328332108	0.285099733117138	0.999831983216163
ENSMUSG00000115811	29.7732516113083	0.0775762560415812	0.102133736536311	0.752183089593472	0.451940961609614	0.999831983216163
ENSMUSG00000085442	22.6035809814799	0.0309050272113181	0.0964741213560972	0.319335980779873	0.749471751108181	0.999831983216163
ENSMUSG00000056332	18.5584894668042	-0.0371118964172255	0.0912684934142677	-0.409450644680827	0.682208979825766	0.999831983216163
ENSMUSG00000087397	15.0086756413042	0.143546895227402	0.081672096712979	1.72396079685638	0.0847149205966324	0.999831983216163
ENSMUSG00000115700	54.6442104668262	0.0218508160121535	0.116844056176329	0.186774704335194	0.851837280902448	0.999831983216163
ENSMUSG00000115238	16.8965500482722	0.058856052666177	0.0854190914036379	0.680696603202956	0.496063486126677	0.999831983216163
ENSMUSG00000078907	37.5186376482192	0.00894729230991875	0.107380803768411	0.0833699424965827	0.93355738770036	0.999831983216163
ENSMUSG00000097057	33.553188363427	0.0949302440908354	0.106903817218635	0.881233519838379	0.37819144010828	0.999831983216163
ENSMUSG00000046834	68.6327111724189	-0.0604306577511108	0.118476895359298	-0.510852438898696	0.609454386817681	0.999831983216163
ENSMUSG00000103520	61.1359365117666	0.00360003157634772	0.113025268513392	0.0317974653907913	0.974633567941007	0.999831983216163
ENSMUSG00000092325	64.5535519932592	0.0717970288101228	0.119250345502456	0.600846296992178	0.547942364781915	0.999831983216163
ENSMUSG00000061848	61.97039458069	0.0191838116378111	0.118644478303425	0.161514761731612	0.871687985816039	0.999831983216163
ENSMUSG00000083083	25.1802784744495	-0.0128362905127611	0.0993371302376817	-0.129445941925933	0.897004797048428	0.999831983216163
ENSMUSG00000103906	145.561911981748	-0.135370820421569	0.121724336356994	-1.11405556845413	0.265255348308748	0.999831983216163
ENSMUSG00000098176	275.572715817116	0.0780534226911502	0.113223229429588	0.689205720876975	0.490693817196894	0.999831983216163
ENSMUSG00000060794	82.8934933961009	0.150685753638778	0.119905540813035	1.25075441905558	0.211024089360971	0.999831983216163
ENSMUSG00000121082	33.8825508357175	-0.0322707760265734	0.105822932525447	-0.305723691921153	0.759815032922399	0.999831983216163
ENSMUSG00000121182	86.611058190195	0.147884366497619	0.121481214622614	1.21329268983716	0.225017936795622	0.999831983216163
ENSMUSG00000120390	120.396107323692	0.0424606287361824	0.121776684212592	0.348507223356815	0.727459289997022	0.999831983216163
ENSMUSG00000090129	188.914019430236	0.0624635491469207	0.119375703732054	0.523102501250116	0.600902925006306	0.999831983216163
ENSMUSG00000116234	54.5944160614237	-0.107315887943172	0.110236733904257	-0.983629796668515	0.325297569054079	0.999831983216163
ENSMUSG00000116145	24.3917670164711	-0.0387881653698767	0.0956290748145978	-0.407408924447276	0.683707673376527	0.999831983216163
ENSMUSG00000116506	44.8372999713527	-0.0486155815602128	0.109875977022187	-0.443559570070914	0.657361041642776	0.999831983216163
ENSMUSG00000116494	11.8038483809757	0.0181898208293276	0.074669546383792	0.241287413602287	0.809332365246325	0.999831983216163
ENSMUSG00000099267	19.042014147308	0.0840871988305094	0.0918420014128563	0.904155371270963	0.365913020954586	0.999831983216163
ENSMUSG00000116180	137.786957037082	0.148685932837269	0.121521771692337	1.22102148075865	0.222077886768788	0.999831983216163
ENSMUSG00000022286	11.7412190079676	0.024966376997234	0.0778549397116351	0.318600093951738	0.750029782190238	0.999831983216163
ENSMUSG00000116250	11.970695607363	0.00525784511874557	0.0734151841860912	0.0713916162127557	0.943086081878478	0.999831983216163
ENSMUSG00000055745	966.648574965611	-0.0427384303414413	0.0956570091396173	-0.446813072802968	0.655010031595898	0.999831983216163
ENSMUSG00000116249	11.4730598742625	-0.0782185507019025	0.0767075054625292	-1.05237752049749	0.292626378046323	0.999831983216163
ENSMUSG00000023052	80.2117365509171	0.0143707940094111	0.120001970446477	0.119660466497152	0.904752118436535	0.999831983216163
ENSMUSG00000052496	16.8303559038382	-0.00158132304046988	0.086521397941671	-0.0182505851154201	0.985438948257154	0.999831983216163
ENSMUSG00000120138	35.1032446205272	0.039330605728136	0.107668915466188	0.364284516270866	0.715645560946837	0.999831983216163
ENSMUSG00000123116	15.7754062093059	0.0483287619959115	0.0865746695593919	0.55357244767589	0.579871486478801	0.999831983216163
ENSMUSG00000120224	150.318892825616	0.0210632003396447	0.121399860246406	0.173401771560547	0.862335632695759	0.999831983216163
ENSMUSG00000124097	30.2548683789767	-0.0298744978127905	0.102186130631211	-0.293498346606372	0.769141263097238	0.999831983216163
ENSMUSG00000124737	66.8422017023769	-0.0587878627763081	0.11497447542292	-0.51290752059097	0.608016012455475	0.999831983216163
ENSMUSG00000097452	38.6912745726264	0.0339197900122075	0.0984694470270149	0.343153345610207	0.731483100797177	0.999831983216163
ENSMUSG00000121114	57.6064470665792	-0.0660615215548018	0.116140133596938	-0.570820619372211	0.568121244344716	0.999831983216163
ENSMUSG00000116493	12.1944480461328	-0.0797788570244855	0.0775161044831849	-1.06328715364386	0.28765174909749	0.999831983216163
ENSMUSG00000091050	40.4728356456316	0.0427499287525219	0.107921643361358	0.394526855681739	0.693192103752622	0.999831983216163
ENSMUSG00000100199	20.5529717225756	0.018814433284023	0.0944579670241516	0.198529824068653	0.842630552878981	0.999831983216163
ENSMUSG00000090002	12.7388316695888	-0.0300080203380961	0.0755320518522556	-0.402782748018335	0.687108053700398	0.999831983216163
ENSMUSG00000126728	50.4518622325966	0.145630185653446	0.11411254791151	1.26583268441641	0.205572990748774	0.999831983216163
ENSMUSG00000116125	15.9101330733263	0.0414740625679048	0.0849509425878641	0.483288490317393	0.62889091121488	0.999831983216163
ENSMUSG00000126785	65.7960829709254	0.107215776718703	0.116113394769347	0.918797520424856	0.358201489670514	0.999831983216163
ENSMUSG00000116305	978.505190449267	0.102190481427876	0.111085711179314	0.919178931970938	0.358001988933213	0.999831983216163
ENSMUSG00000127157	15.7108744257604	0.0150511053326326	0.0851789198146976	0.176418572279367	0.859965114922872	0.999831983216163
ENSMUSG00000127199	11.2613469503093	0.0350409730013655	0.0732762079637344	0.473709271633588	0.635707240789686	0.999831983216163
ENSMUSG00000127239	59.6156390855904	-0.00741996121164766	0.117319309707608	-0.0632499331260267	0.949567483461282	0.999831983216163
ENSMUSG00000127813	13.3605266022891	-0.0145692233999564	0.0815835881959859	-0.179105593277807	0.8578547902239	0.999831983216163
ENSMUSG00000116288	49.5524073520922	-0.0167346726642086	0.113122365949242	-0.147995808713563	0.882346075980558	0.999831983216163
ENSMUSG00000128549	12.3220275754425	0.00915958254356323	0.0753891208249337	0.120934884893823	0.903742610793009	0.999831983216163
ENSMUSG00000087331	12.1241905216303	0.0610144781618203	0.0783465936807233	0.76720856449604	0.442957521612527	0.999831983216163
ENSMUSG00000128791	20.9004221384993	-0.0847549997041842	0.0936050901282563	-0.920494104676192	0.357314612350876	0.999831983216163
ENSMUSG00000128827	79.9047021686688	0.00264288440062228	0.12113209203509	0.021815956205909	0.982594766004519	0.999831983216163
ENSMUSG00000128854	17.7502556199662	-0.0516599736525282	0.0892596951029965	-0.585814479499044	0.558000192341058	0.999831983216163
ENSMUSG00000128937	37.9349707719659	-0.0153603915619881	0.107145879299721	-0.143343419895253	0.886018965761292	0.999831983216163
ENSMUSG00000128990	424.653647967636	0.171953342135667	0.111365400043956	1.54270322398405	0.122902799299861	0.999831983216163
ENSMUSG00000097915	53.6062791487548	-0.1079144355373	0.116205024302077	-0.932875528607261	0.350884238683511	0.999831983216163
ENSMUSG00000097286	40.5907507315183	0.0694133431037079	0.104132446436551	0.660381964720619	0.509008742936341	0.999831983216163
ENSMUSG00000129542	23.3186175938797	0.0632864363723424	0.0930892657371456	0.671786238538046	0.501719790778652	0.999831983216163
ENSMUSG00000115249	61.7463946871912	-0.0549127133369249	0.118854933302737	-0.462795325549359	0.643511082142563	0.999831983216163
ENSMUSG00000121045	13.0733099477812	-0.0780782575369164	0.0802103019086944	-0.999827369036023	0.317394058352848	0.999831983216163
ENSMUSG00000115333	35.6146995097796	-0.0273229181731628	0.108564487935764	-0.252043127810886	0.801007728422326	0.999831983216163
ENSMUSG00000130429	59.2412689922855	-0.0762272447211922	0.117767534609477	-0.649601942577741	0.515949377961378	0.999831983216163
ENSMUSG00000130624	11.1216403772143	0.0590806115649628	0.0739611383099002	0.787468841432654	0.431007461399951	0.999831983216163
ENSMUSG00000100287	11.6988564365651	0.0196285931965719	0.0743848444160156	0.261378856362321	0.793800360628149	0.999831983216163
ENSMUSG00000079242	74.1413568923205	-0.000513526912478203	0.116480125506335	-0.00440626776859658	0.996484318352952	0.999831983216163
ENSMUSG00000115750	54.4142634220106	0.0660320683256875	0.11651806955847	0.565217520145963	0.571925821313465	0.999831983216163
ENSMUSG00000120785	23.508460721085	0.0291211119944835	0.0966007641069896	0.30030352707722	0.763945643108529	0.999831983216163
ENSMUSG00000131621	34.1528679745424	-0.169859307063435	0.106797491366745	-1.61899625467075	0.105448068963408	0.999831983216163
ENSMUSG00000131816	11.4793979840881	0.0610299176633383	0.0741967718063121	0.809969894160679	0.417957478917852	0.999831983216163
ENSMUSG00000131962	15.6715786695337	-0.0322184513868862	0.0758240017004624	-0.431520436253468	0.666089996397006	0.999831983216163
ENSMUSG00000115127	27.5454284573224	-0.0905199569842422	0.101538613764414	-0.90190914329979	0.367105133917675	0.999831983216163
ENSMUSG00000115834	10.4071434223652	0.0302790324562519	0.0737063504048094	0.406149679455377	0.684632625057661	0.999831983216163
ENSMUSG00000089671	39.574379755909	-0.0961704392379637	0.111124201986115	-0.871470808531274	0.383497138057661	0.999831983216163
ENSMUSG00000115810	11.9582503163871	0.102384358227159	0.0780819365022016	1.28430071109654	0.199036758126856	0.999831983216163
ENSMUSG00000133021	12.7279777365866	0.0600076008017785	0.0803060981500537	0.737138783982791	0.461037955759255	0.999831983216163
ENSMUSG00000133111	15.3677951537343	-0.0595687557968362	0.0854619765087214	-0.707477821383056	0.479269590609645	0.999831983216163
ENSMUSG00000096956	78.1428882234486	0.032554771598856	0.120867739416481	0.269012723241179	0.787919891733364	0.999831983216163
ENSMUSG00000115829	10.3904928278722	-0.0265103182268928	0.0709847056284945	-0.37825728403839	0.705239474512816	0.999831983216163
ENSMUSG00000133510	104.401275804323	-0.0808806504654891	0.121826121857657	-0.664527809053162	0.506352556366586	0.999831983216163
ENSMUSG00000133786	19.4580371797917	0.0431352680519634	0.09198866968656	0.46575212414853	0.641392937695701	0.999831983216163
ENSMUSG00000116223	173.151531742774	-0.0439420133786625	0.120557131701118	-0.36448621361257	0.715494966782648	0.999831983216163
ENSMUSG00000134039	29.3309805394757	-0.0842788560440877	0.103225838177726	-0.824450667552318	0.409683535577401	0.999831983216163
ENSMUSG00000134161	10.7903321161719	0.107546531857905	0.0751062094465417	1.40039877943689	0.16139393533022	0.999831983216163
ENSMUSG00000097827	28.6961264514874	0.065002184933663	0.10243280369373	0.630552358476737	0.528333257775871	0.999831983216163
ENSMUSG00000134617	203.636375409084	0.175834957857326	0.120987545951539	1.44909140820165	0.147312057098741	0.999831983216163
ENSMUSG00000134658	15.070705354038	0.0154680498623851	0.0829785090667845	0.185407522530077	0.852909408588325	0.999831983216163
ENSMUSG00000087543	47.9395343819762	-0.0241276402619272	0.113778715029339	-0.212388979091677	0.831803583068696	0.999831983216163
ENSMUSG00000100599	32.0727581156387	-0.00854818510930177	0.105899405720759	-0.0807251006504672	0.935660574524933	0.999831983216163
ENSMUSG00000135492	28.5080014730932	-0.0962151988992042	0.101573246951	-0.959710909472171	0.337200731113829	0.999831983216163
ENSMUSG00000135637	11.9022078778116	-0.0144416766469858	0.0772921710593017	-0.187814580720656	0.851022005407071	0.999831983216163
ENSMUSG00000115976	13.6398062700473	-0.0655273464739226	0.0805983181561941	-0.830808883710762	0.406081603269254	0.999831983216163
ENSMUSG00000075511	31.5913815919981	-0.13624473117709	0.104689292069155	-1.3204697742113	0.186678221178498	0.999831983216163
ENSMUSG00000097613	77.4457162081784	0.103784342200477	0.115537756050965	0.893138198428354	0.371783169122764	0.999831983216163
ENSMUSG00000120817	11.8411115369676	0.0531860690343079	0.0759162666844204	0.69121348076141	0.489431393391615	0.999831983216163
ENSMUSG00000115591	15.959124691571	0.0604488820004352	0.0841112095332818	0.710016805062446	0.477693715077247	0.999831983216163
ENSMUSG00000137728	39.1671847437872	0.0372455052770039	0.110299524638898	0.336527954835338	0.736472774666829	0.999831983216163
ENSMUSG00000084915	179.122334644895	0.0792924014251225	0.121409513447489	0.651961970507051	0.514425705689393	0.999831983216163
ENSMUSG00000139293	38.9364761060816	0.0493468507080692	0.109402330855871	0.449003522048869	0.653429115915066	0.999831983216163
ENSMUSG00000139549	39.4909191433077	-0.13487628588157	0.109176913079572	-1.25090175324979	0.210970324149354	0.999831983216163
ENSMUSG00000121083	16.6902562533812	0.116274640653716	0.0829218686526072	1.37277109839588	0.169823518275328	0.999831983216163
ENSMUSG00000140378	12.4237451469219	0.00863748949781326	0.0788464066841864	0.109406998688999	0.912879682922214	0.999831983216163
ENSMUSG00000115012	15.3811991119943	-0.0460203099404437	0.0832557000452305	-0.559292388479775	0.575962189157511	0.999831983216163
ENSMUSG00000097068	52.8026567059165	-0.0890962437190569	0.11339065147491	-0.790974962990875	0.428958601881034	0.999831983216163
ENSMUSG00000097093	33.1788901340097	0.0542760893861046	0.106355545429149	0.507604980734004	0.611730396953504	0.999831983216163
ENSMUSG00000141798	10.8855668985467	0.00666036130978099	0.0732268513705552	0.0906768682679925	0.927749351343871	0.999831983216163
ENSMUSG00000142203	11.0674573739214	0.0306568248816902	0.0686854761078626	0.441206368029775	0.659063603493138	0.999831983216163
ENSMUSG00000142368	11.0226437490196	0.0296387482654881	0.075854143132579	0.387796967525159	0.698166289823089	0.999831983216163
ENSMUSG00000116508	10.5992120744919	0.02818213225107	0.0744342033705894	0.375722084717091	0.707123517641988	0.999831983216163
ENSMUSG00000097805	18.147637601621	0.0282013650608941	0.0876599858194446	0.32018773158656	0.748826022824685	0.999831983216163
ENSMUSG00000096967	130.680349084538	-0.13002239100062	0.121523178506233	-1.07133845389417	0.284017275400685	0.999831983216163
ENSMUSG00000087221	37.5205019506948	0.0710511599404898	0.109107970257747	0.648644978273778	0.516567876038359	0.999831983216163
ENSMUSG00000097414	25.5593239942406	-0.0130833173466123	0.0985346448904065	-0.132786162467214	0.894362498195093	0.999831983216163
ENSMUSG00000143652	147.86427677658	0.00638104862424341	0.120223376932389	0.0530719077638929	0.957674614255037	0.999831983216163
ENSMUSG00000143678	13.1082133829342	-0.0418307998198748	0.0787225154174892	-0.539017678089597	0.589874656586537	0.999831983216163
ENSMUSG00000143810	12.1212953734567	0.00197509297461034	0.0775105487315684	0.0254225966362858	0.97971788742194	0.999831983216163
ENSMUSG00000143881	38.0913320577719	-0.0171587719924515	0.109535156646716	-0.156692876636995	0.875486901351272	0.999831983216163
ENSMUSG00000120309	13.7535308644497	0.00925218934236698	0.0781230918125811	0.118080897753548	0.906003558936804	0.999831983216163
ENSMUSG00000143934	33.7718306124631	-0.0602942685289197	0.1077558405829	-0.562281546691932	0.573924209009161	0.999831983216163
ENSMUSG00000092375	74.131826967266	0.063233282173531	0.116623700401785	0.540225053982147	0.58904183653463	0.999831983216163
ENSMUSG00000121880	143.555337462539	0.15496753909283	0.121424356898778	1.27326095942378	0.20292545539197	0.999831983216163
ENSMUSG00000134509	15.1206972288693	0.0341989937460656	0.0821296273211115	0.412878643365743	0.67969552891091	0.999831983216163
ENSMUSG00000116518	33.5361503077403	0.149035854413405	0.106378014213826	1.38486971835516	0.166092307904321	0.999831983216163
ENSMUSG00000096971	15.5143027631247	0.0287634621468287	0.0846405028381427	0.337267085623483	0.73591556948435	0.999831983216163
ENSMUSG00000097039	253.341681620302	0.0382847563135368	0.114947339581115	0.333049069921374	0.739097243013703	0.999831983216163
ENSMUSG00000097587	111.003978805492	-0.0372829947135993	0.12184661545645	-0.306181746011601	0.75946627000037	0.999831983216163
ENSMUSG00000100603	21.5062288185716	-0.0557449422260627	0.0953339089942149	-0.589927775672248	0.555239071634544	0.999831983216163
ENSMUSG00000115138	32.08327358183	0.0853292872965422	0.103028760530529	0.819570515595496	0.4124609876236	0.999831983216163
ENSMUSG00000115317	122.120781204574	0.19942405301194	0.121717399651261	1.63480161309192	0.102090642521147	0.999831983216163
ENSMUSG00000120310	197.677236763602	0.0301941370812376	0.12074507827396	0.249958302158245	0.802619595254112	0.999831983216163
ENSMUSG00000097536	244.519508821125	-0.110467126114225	0.121864603069853	-0.909272270114532	0.363206424193682	0.999831983216163
ENSMUSG00000120371	28.8940356837136	-0.0855125276231077	0.10312864482411	-0.837904006243479	0.402084618568109	0.999831983216163
ENSMUSG00000115230	16.7725810293984	-0.0200742040069088	0.0879770158021024	-0.22933407883214	0.818609268125803	0.999831983216163
ENSMUSG00000120397	11.4553368447689	-0.00578017225433379	0.0772056773002099	-0.0749595552756407	0.940246891531655	0.999831983216163
ENSMUSG00000121118	22.0317149510585	-0.0317386527059397	0.0953646422234421	-0.334663632301096	0.737878838207953	0.999831983216163
ENSMUSG00000121069	418.635712465616	-0.0759821146390235	0.111586361927702	-0.681204528583845	0.495742082944651	0.999831983216163
ENSMUSG00000060735	18.7931846494241	0.0588876581770951	0.0778146464003151	0.745795538034801	0.455790935752777	0.999831983216163
ENSMUSG00000072487	36.396229795879	-0.0283959394213405	0.106315087954113	-0.267791082733669	0.78886013507104	0.999831983216163
ENSMUSG00000082585	54.3398705569692	-0.0258448108022984	0.115648115163135	-0.223887731131367	0.822844662562535	0.999831983216163
ENSMUSG00000138531	75.8796072613093	0.03343281194518	0.120606674464264	0.277111778749371	0.781694277730232	0.999831983216163
ENSMUSG00000143648	14.0923038779098	-0.0501410807565217	0.0806139449807552	-0.632552415466008	0.527025969447892	0.999831983216163
ENSMUSG00000143691	19.8516143403715	0.0481362143460576	0.0897840647040505	0.530118224354748	0.596029964222605	0.999831983216163
ENSMUSG00000122850	18.4058776406746	0.11193683424975	0.0888856047357321	1.23696480372529	0.216100149577798	0.999831983216163
ENSMUSG00000101356	275.4528662616	0.0960108627230522	0.1180809564531	0.812406840100834	0.416558222632533	0.999831983216163
ENSMUSG00000099758	21.4566324469914	0.0128986572793063	0.0931669785786605	0.138355024948717	0.889959839986945	0.999831983216163
ENSMUSG00000101588	11.9390631444089	-0.0339433226358072	0.0706951296785877	-0.488024957549689	0.625532163318939	0.999831983216163
ENSMUSG00000115819	15.9451179947555	0.102083820515573	0.0835690232575534	1.20152459436607	0.229547772048011	0.999831983216163
ENSMUSG00000141516	19.0664437055723	-0.0977863838344894	0.0901775006527041	-1.1111743389878	0.266493314436107	0.999831983216163
ENSMUSG00000109179	396.739328801972	0.022411326330431	0.119777532041143	0.186998772303772	0.851661595526994	0.999831983216163
ENSMUSG00000120979	524.17527162832	-0.130276304360346	0.106688223004761	-1.22137511190124	0.221944025974649	0.999831983216163
ENSMUSG00000025922	68.5529408642009	0.0783656593107701	0.11982787681398	0.652379613878281	0.514156312182503	0.999831983216163
ENSMUSG00000123439	46.9361239050572	-0.0518357557177525	0.113671523963521	-0.457067317044118	0.647622660871903	0.999831983216163
ENSMUSG00000084864	66.9106340821994	-0.0195474968168818	0.119180823434158	-0.164219060358879	0.869558696804658	0.999831983216163
ENSMUSG00000115867	25.928140328117	-0.0289817764377786	0.101058401588446	-0.287741164151317	0.773544877503866	0.999831983216163
ENSMUSG00000096210	5097.08398649759	-0.144516323002842	0.0896242108102894	-1.61285606736567	0.106775781742562	0.999831983216163
ENSMUSG00000075555	33.8870426453792	-0.00236056554412044	0.103625350125006	-0.0227652546168884	0.981837523636521	0.999831983216163
ENSMUSG00000120401	54.7924664996128	0.0287132251566225	0.116633438420836	0.245742729773266	0.805881392652471	0.999831983216163
ENSMUSG00000143909	23.778192687345	-0.077312896382718	0.0953898599199944	-0.820941263659275	0.411679725545216	0.999831983216163
ENSMUSG00000120280	11.7136371124142	-0.0116231138317174	0.0773736959411152	-0.150774503044135	0.88015359992851	0.999831983216163
ENSMUSG00000056665	974.704148160705	0.116969173741104	0.0999493598433592	1.16991925113038	0.242033465909332	0.999831983216163
ENSMUSG00000022431	11.5908301688724	0.0262576827313061	0.0764068807059929	0.341174969108797	0.732971865782965	0.999831983216163
ENSMUSG00000049148	775.62669353217	-0.118191667789575	0.116124597006736	-1.01922025709287	0.308098411721762	0.999831983216163
ENSMUSG00000022263	9558.78246683999	-0.0361093715729814	0.0893245168852251	-0.404278638121788	0.686007832252548	0.999831983216163
ENSMUSG00000036698	5202.89436551838	-0.118779700992288	0.0869869905401822	-1.36571707048022	0.172027784265004	0.999831983216163
ENSMUSG00000042564	345.266777695934	0.0156612369365612	0.111654750727863	0.140234353963364	0.888474829545024	0.999831983216163
ENSMUSG00000022617	142.055172148786	0.0706091856245281	0.121632690451773	0.579692616835256	0.562121923149187	0.999831983216163
ENSMUSG00000078932	21.8957074573049	0.00855528402654925	0.089617708708007	0.0953688486620345	0.92402185843935	0.999831983216163
ENSMUSG00000047108	11.6549087603346	0.0622752720460669	0.0771478624670424	0.796086504113256	0.425981757878032	0.999831983216163
ENSMUSG00000036800	4066.23690235369	0.068914799665011	0.110469377812168	0.623518460324683	0.532943875057602	0.999831983216163
ENSMUSG00000033762	93.3439049599666	-0.0281274249800548	0.120662184902925	-0.233143790056842	0.815649752115988	0.999831983216163
ENSMUSG00000042428	8326.52881506053	-0.0701193540746227	0.0761369301084278	-0.921005108648283	0.357047759845895	0.999831983216163
ENSMUSG00000022439	49.7954026368924	-0.0187964853943792	0.114462186975875	-0.164371100084375	0.869439012910908	0.999831983216163
ENSMUSG00000022350	1621.96858680803	-0.123742032622944	0.086985309961591	-1.42261781507342	0.154846976733289	0.999831983216163
ENSMUSG00000071757	852.645510068196	-0.0820336042019514	0.101139564011633	-0.8111392608011	0.417285701666401	0.999831983216163
ENSMUSG00000102018	36.311127563244	0.069714540540182	0.108601360057211	0.638113819439387	0.523399591341491	0.999831983216163
ENSMUSG00000033728	205.887282414975	-0.0257535415261803	0.117692709785274	-0.218792271360198	0.826811867587191	0.999831983216163
ENSMUSG00000063354	26.2722505578389	0.0122274109436699	0.0981289919412286	0.124143361830286	0.90120176591106	0.999831983216163
ENSMUSG00000042961	137.291838764327	-0.124761715183201	0.12175501403974	-1.02614252297313	0.30482440909399	0.999831983216163
ENSMUSG00000022375	31.5759059015792	0.128383849783282	0.0978432993296826	1.2911049615029	0.196667283873787	0.999831983216163
ENSMUSG00000050014	16.1914512484492	0.148244238679164	0.0848143058443345	1.70707269727291	0.0878085411009338	0.999831983216163
ENSMUSG00000010830	36.6039130071565	-0.131115889123148	0.109605778915785	-1.20894020593563	0.226685818172839	0.999831983216163
ENSMUSG00000022621	924.857147573233	-0.00374504557689274	0.100125503287989	-0.0374007412932238	0.970165481619192	0.999831983216163
ENSMUSG00000023026	3938.47714717721	-0.168407532107823	0.0935010530509788	-1.80177389266252	0.071580986861549	0.999831983216163
ENSMUSG00000015002	9164.99383572227	0.105979032222865	0.0881919475674326	1.20147762486468	0.229565980842182	0.999831983216163
ENSMUSG00000046761	66.710140856564	-0.0359341627409074	0.118335076360001	-0.303951872051318	0.76116455793155	0.999831983216163
ENSMUSG00000025370	77.0044020795689	-0.0135328229476723	0.0713973087108138	-0.191151662941651	0.84840677262399	0.999831983216163
ENSMUSG00000048154	5289.36945762513	-0.057159460779581	0.0879411808720207	-0.650023084224348	0.515677310590782	0.999831983216163
ENSMUSG00000003354	80.1956237291394	0.184289987246203	0.121239771099448	1.51448146618548	0.129903771014708	0.999831983216163
ENSMUSG00000022468	71.1125929769122	-0.0704416642917085	0.118173734253464	-0.597880584167637	0.549919615912337	0.999831983216163
ENSMUSG00000022443	4658.78503885596	-0.0343916244273568	0.0893266064268066	-0.385031801541365	0.700213854248244	0.999831983216163
ENSMUSG00000023009	549.039096636539	-0.0934426834947522	0.101316366580708	-0.922308112075917	0.356367883871672	0.999831983216163
ENSMUSG00000063727	310.88812427381	0.192911345675081	0.11192178196735	1.72254163441245	0.0849714475101013	0.999831983216163
ENSMUSG00000018169	65.3922711517497	0.138585543879099	0.119000341729262	1.15903100126504	0.246443548687762	0.999831983216163
ENSMUSG00000016552	1819.59549568056	0.0397572858355029	0.0892102683767136	0.445634571384328	0.655861233774004	0.999831983216163
ENSMUSG00000043091	302.429412769317	0.18418298508142	0.112377820966239	1.63772761826727	0.101478526617405	0.999831983216163
ENSMUSG00000022635	2262.12601140444	0.00940200861447849	0.0868815457611215	0.108214519731978	0.913825527512476	0.999831983216163
ENSMUSG00000041653	1352.42389111081	-0.0276352859253961	0.0898778744668944	-0.307473787425142	0.758482771923153	0.999831983216163
ENSMUSG00000059895	515.805755962756	0.00168661638743401	0.102213876491448	0.0165007073920975	0.986834937748152	0.999831983216163
ENSMUSG00000018008	138.567203347769	0.0598303050012709	0.121311219879698	0.492716579411294	0.622212861249259	0.999831983216163
ENSMUSG00000022272	1895.85774623104	0.0965993306665557	0.0953729264307915	1.01268679766206	0.311209785934602	0.999831983216163
ENSMUSG00000035944	289.027032325539	0.0236925898004691	0.117332844977504	0.201830809537878	0.840048994646131	0.999831983216163
ENSMUSG00000022432	14.2446287713706	0.0736564870194315	0.0787423632278772	0.922248447957975	0.356398997341369	0.999831983216163
ENSMUSG00000022244	321.897960962302	-0.036904562732108	0.110554346452388	-0.333869269079745	0.73847821018867	0.999831983216163
ENSMUSG00000022433	2692.15592109996	-0.0486084094122897	0.0883989803665741	-0.549893879069466	0.582392162742791	0.999831983216163
ENSMUSG00000036529	5680.43883357242	-0.149111731602045	0.0837732773004723	-1.78021975466852	0.0750400036587407	0.999831983216163
ENSMUSG00000022594	12042.4565217607	-0.00871057269017621	0.0755831280859394	-0.115245168780942	0.908250797646744	0.999831983216163
ENSMUSG00000036046	5589.92576704027	-0.00556526471273333	0.0873557520264552	-0.0637078622387256	0.949202844305678	0.999831983216163
ENSMUSG00000018865	6480.08751812784	0.125420144666647	0.0860505204056583	1.45726173272551	0.145044145751635	0.999831983216163
ENSMUSG00000044986	1009.83171451678	-0.167257057435141	0.0975057049912354	-1.71559880864514	0.0862354967160497	0.999831983216163
ENSMUSG00000033819	1130.19880792582	-0.0182522028589119	0.104404531886162	-0.174817927505156	0.861222701150098	0.999831983216163
ENSMUSG00000036061	560.909159710732	0.143556560860573	0.100630080636085	1.42635609198394	0.153765581064924	0.999831983216163
ENSMUSG00000022200	4091.13909609247	0.0278410123065131	0.0854574658619872	0.325780916995483	0.744590117791768	0.999831983216163
ENSMUSG00000022358	414.762667240245	-0.0382164697552482	0.115372802973429	-0.331400236035366	0.740342186627617	0.999831983216163
ENSMUSG00000022420	797.8622205073	0.0814397952861557	0.0960915248039339	0.847483764153632	0.396725532942999	0.999831983216163
ENSMUSG00000061360	826.731627786731	-0.0021646352527913	0.095676771348984	-0.0226243686237173	0.981949905450108	0.999831983216163
ENSMUSG00000022297	397.111349215201	-0.0186985601930168	0.10740188228482	-0.174102041207473	0.86178526904892	0.999831983216163
ENSMUSG00000036944	23.6590317105437	-0.0726184080724716	0.0960653245376957	-0.765478361969613	0.443986746428472	0.999831983216163
ENSMUSG00000037003	653.138212997053	-0.0798883615918963	0.104801282162244	-0.762319933643264	0.445869079605596	0.999831983216163
ENSMUSG00000072501	7267.5828855479	-0.0757457785308086	0.0808076870934424	-0.937430740369944	0.348537034604605	0.999831983216163
ENSMUSG00000071713	18.5447070327618	0.0283717808053026	0.0884582284981278	0.319495882286486	0.749350513367157	0.999831983216163
ENSMUSG00000037570	1246.88105464723	-0.0558543409946716	0.0947648960229214	-0.589411311347664	0.555585390445422	0.999831983216163
ENSMUSG00000036218	77.2890321638011	0.165009369595855	0.120128469292642	1.36766384694697	0.171417321336127	0.999831983216163
ENSMUSG00000023010	12497.7839038727	-0.106253394425095	0.0782639257931294	-1.35775314670838	0.174542026516774	0.999831983216163
ENSMUSG00000039828	1048.38317798037	-0.0175455053104192	0.0906093617222799	-0.193637077390685	0.846460064063777	0.999831983216163
ENSMUSG00000068206	730.014752160978	-0.0298026094989255	0.100196883757961	-0.297427491944763	0.76614015729048	0.999831983216163
ENSMUSG00000023030	1781.30972128543	-0.00140935754699034	0.0882083017003187	-0.0159767289082804	0.987252956967177	0.999831983216163
ENSMUSG00000022376	1288.42538026477	0.0734421760374605	0.0918160623092491	0.799822357576412	0.423813727499047	0.999831983216163
ENSMUSG00000054263	1573.40151539077	-0.0112827475155202	0.090383008510508	-0.124833153369229	0.900655640085375	0.999831983216163
ENSMUSG00000022559	529.770975993354	-0.00367818194074487	0.108334151961133	-0.033949707461748	0.97291725518931	0.999831983216163
ENSMUSG00000022442	694.351415509422	0.0766072902702742	0.1000076879439	0.765965817577506	0.443696641491418	0.999831983216163
ENSMUSG00000042632	387.169885441565	0.0338581869890606	0.106811820239485	0.316991992020917	0.751249678601796	0.999831983216163
ENSMUSG00000015363	1463.23546411659	0.00211309689514696	0.0926337258216048	0.0228111604282017	0.981800905607576	0.999831983216163
ENSMUSG00000052560	369.43366805088	-0.0241105002745498	0.108795896799896	-0.221630442168248	0.824601582358044	0.999831983216163
ENSMUSG00000047003	471.44409250179	-0.18981802601687	0.105728665736593	-1.7954291225826	0.0725853559469103	0.999831983216163
ENSMUSG00000022255	5270.11058079065	-0.0405735089904215	0.0869258745662999	-0.466787683871235	0.640651788347067	0.999831983216163
ENSMUSG00000046434	8944.17264814679	-0.0544794708049233	0.0780017968109439	-0.698471057763711	0.484882651671937	0.999831983216163
ENSMUSG00000000532	3911.84860659508	-0.0440902292589655	0.0802977935177277	-0.549099050038833	0.582937477128261	0.999831983216163
ENSMUSG00000035805	7111.29094783671	-0.0869860157703237	0.0799034328025127	-1.08872083073092	0.276277012943103	0.999831983216163
ENSMUSG00000039065	678.463576468252	-0.141886788559056	0.10491234856663	-1.35274775844928	0.176136227420979	0.999831983216163
ENSMUSG00000023031	33.579874358175	0.126967944084677	0.107586787610399	1.16940285323815	0.242241360825281	0.999831983216163
ENSMUSG00000016554	1453.60495651275	-0.104443415437955	0.0934725188562555	-1.11745264412491	0.26380083679196	0.999831983216163
ENSMUSG00000022568	2028.24006630906	-0.0416232740131243	0.0903391007209872	-0.46075201760325	0.644976530270972	0.999831983216163
ENSMUSG00000051920	50.9721057702166	0.105002714103298	0.114285440422205	0.914277340106177	0.360571134225734	0.999831983216163
ENSMUSG00000051786	3185.40680670786	0.0380410455598853	0.0833009377633067	0.456654641600137	0.647919297851008	0.999831983216163
ENSMUSG00000016664	1502.79424345385	0.116521867147932	0.0983840556160685	1.18407701275925	0.23638257868984	0.999831983216163
ENSMUSG00000022477	13424.2467050299	-0.0540439406067894	0.0763736258654839	-0.707655668415482	0.479159113636669	0.999831983216163
ENSMUSG00000009739	2652.49589379296	0.0921227878582636	0.089087393600736	1.03391842980545	0.301174298395675	0.999831983216163
ENSMUSG00000063704	44.6131611131985	0.0686075682536426	0.113202555016762	0.604252960420702	0.545675475214123	0.999831983216163
ENSMUSG00000041815	2877.90439675115	0.0109145749696567	0.0828145596203039	0.131793403513795	0.895147704272596	0.999831983216163
ENSMUSG00000067594	11.0298042188488	-0.0634767604564439	0.06871278004697	-0.962888688906842	0.335603386514142	0.999831983216163
ENSMUSG00000022619	11017.9664831145	-0.025663543300275	0.0921887372985205	-0.278394773599147	0.780709331064491	0.999831983216163
ENSMUSG00000047888	4885.73798426531	-0.0728786510421572	0.0990810974181155	-0.735733707656277	0.461892771846228	0.999831983216163
ENSMUSG00000022428	578.200163794769	-0.0940863445903235	0.102306373140166	-0.919643793242167	0.357758933621234	0.999831983216163
ENSMUSG00000023044	1038.35588738327	0.0955052968473624	0.0926521752270067	1.03071861792828	0.302672791382615	0.999831983216163
ENSMUSG00000022992	2993.96754447658	-0.0792010840552926	0.0811422315767565	-0.976123659250409	0.329003188220155	0.999831983216163
ENSMUSG00000048546	2860.85493836549	0.0339293988018907	0.097678768464118	0.347312162672466	0.728356814357656	0.999831983216163
ENSMUSG00000058099	52.1981379467873	0.134084137900664	0.115954158343568	1.148988175781	0.250560856366125	0.999831983216163
ENSMUSG00000022999	620.837170264211	-0.104944296864159	0.105115799847122	-0.998511085335452	0.318031591799856	0.999831983216163
ENSMUSG00000034730	4677.25724575978	0.0142005635221376	0.0786964830089471	0.18044642520332	0.856802110396493	0.999831983216163
ENSMUSG00000022551	4724.01368951807	-0.0240525824915155	0.0844333667850942	-0.284875481483295	0.775739540946553	0.999831983216163
ENSMUSG00000003355	21.4142822617325	-0.0194518161244648	0.0941691340013476	-0.20727169774432	0.835797676110084	0.999831983216163
ENSMUSG00000047394	141.601774063887	0.130555495675398	0.12097618096993	1.07762139247514	0.281202751418665	0.999831983216163
ENSMUSG00000068101	15.0590516080862	0.106945720937946	0.0848274241937321	1.2371104355558	0.216046086074663	0.999831983216163
ENSMUSG00000022419	883.608119362716	0.0801514658223529	0.102574066817559	0.781261753137533	0.434648560120095	0.999831983216163
ENSMUSG00000037185	45.6140932399865	-0.15096017342713	0.107407290762844	-1.42833361858384	0.153195855773802	0.999831983216163
ENSMUSG00000022386	862.756251009065	0.0423302342283858	0.096938803293977	0.436638049055029	0.662373864004901	0.999831983216163
ENSMUSG00000023020	2313.85028989463	0.0436537932160461	0.0822495113504064	0.530734973846675	0.595602446655974	0.999831983216163
ENSMUSG00000022560	358.386499290845	0.0588849303513839	0.112893355985984	0.521430335513383	0.602067023650202	0.999831983216163
ENSMUSG00000022488	185.803502160972	0.0190978634919125	0.118481351371511	0.16116220108654	0.871965651062786	0.999831983216163
ENSMUSG00000037075	149.258865110793	-0.10744883114355	0.12031949294701	-0.893704478652884	0.371480028483865	0.999831983216163
ENSMUSG00000053559	49.7618310412914	-0.0129442394757459	0.114827722293409	-0.112731181769807	0.910243679341188	0.999831983216163
ENSMUSG00000022434	705.577749498973	0.0646078760909831	0.100722613080154	0.641369250898849	0.521282805998333	0.999831983216163
ENSMUSG00000018040	1475.34831507274	0.0697303314062477	0.0947787193011309	0.735635419888018	0.461952600957024	0.999831983216163
ENSMUSG00000022474	2818.22985438098	0.065220611291393	0.0837006578408462	0.779169649986387	0.435879785796293	0.999831983216163
ENSMUSG00000033075	1146.10186843286	-0.0688762582968658	0.0935545436406552	-0.736238850679933	0.461585352628776	0.999831983216163
ENSMUSG00000022620	899.663997139816	0.0689732059602073	0.0933249846863842	0.739022992757384	0.459893035644637	0.999831983216163
ENSMUSG00000059586	861.050904013132	-0.0981156821050831	0.0967702698956078	-1.01398722593104	0.310588847693428	0.999831983216163
ENSMUSG00000022321	788.626313305323	0.0678061660588116	0.0980961704669836	0.691178122402833	0.48945361061121	0.999831983216163
ENSMUSG00000115987	2206.80612372001	0.0964749217554761	0.0890413845566926	1.08335226939626	0.278652092972698	0.999831983216163
ENSMUSG00000054619	1388.84011986504	0.0412526338604473	0.0976017359278472	0.422628915494525	0.672566026366353	0.999831983216163
ENSMUSG00000022359	702.177627977696	0.0224588467573532	0.0974043408577105	0.230572160329099	0.817647197706553	0.999831983216163
ENSMUSG00000022234	6085.61582335116	0.0457770849029223	0.0894008597425415	0.512001766097189	0.608649773532037	0.999831983216163
ENSMUSG00000044217	29.612152883385	-0.0753265497656128	0.103048325739746	-0.738366714190263	0.460291635856676	0.999831983216163
ENSMUSG00000062760	472.977557525185	0.06843749862888	0.105952069454325	0.64590908134533	0.518338237986548	0.999831983216163
ENSMUSG00000045763	1336.29894435949	0.0963552719450593	0.101339623112945	0.937197153255326	0.348657153856972	0.999831983216163
ENSMUSG00000054136	10.3021563451478	0.0180748890286685	0.0708254816261324	0.253180235726266	0.800128938680363	0.999831983216163
ENSMUSG00000036661	244.528576425616	-0.0270097866964785	0.116268611003916	-0.232279470697428	0.816320956439042	0.999831983216163
ENSMUSG00000039458	1291.25113744307	0.104930717045656	0.0999762933079543	1.04927507952109	0.29405153214337	0.999831983216163
ENSMUSG00000022476	1146.6020755914	0.0263116006663212	0.09257146398614	0.284237332874612	0.77622850728155	0.999831983216163
ENSMUSG00000016763	165.196700712075	0.0671070699898053	0.120352901256677	0.55717724992134	0.577406331751604	0.999831983216163
ENSMUSG00000022353	3901.05009314201	-0.0973949976956105	0.0995575455213724	-0.978621573453815	0.327766995727721	0.999831983216163
ENSMUSG00000022441	13.3602330135152	0.107206476926803	0.0786949032443379	1.33337612610648	0.182408402960345	0.999831983216163
ENSMUSG00000033697	1424.61658200299	-0.104614049138985	0.0896916571658533	-1.1664566647596	0.243429859760393	0.999831983216163
ENSMUSG00000045996	557.143893980559	0.0861523860475911	0.102561825173043	0.839937934899552	0.400943186561573	0.999831983216163
ENSMUSG00000042406	5625.18441207165	-0.0319169873390031	0.0854633684203679	-0.373475741794135	0.708794396616485	0.999831983216163
ENSMUSG00000037487	9614.69549107313	-0.00252723102852227	0.0852009890746805	-0.029661647237431	0.976336899523961	0.999831983216163
ENSMUSG00000022377	2088.56641607819	0.144834800500465	0.0915653541624863	1.58148356421998	0.113767514032487	0.999831983216163
ENSMUSG00000036167	1822.80235992311	-0.0723554536333938	0.0946142485779424	-0.764833331524902	0.444370797069683	0.999831983216163
ENSMUSG00000022305	1869.09136126344	0.0964232791328155	0.0862030844174796	1.11850692414344	0.263350550931696	0.999831983216163
ENSMUSG00000016619	1903.48551817753	0.0363824379627401	0.0899033661671062	0.404680290796043	0.685712531438945	0.999831983216163
ENSMUSG00000046897	3673.67072148964	0.0409187527909655	0.0899296553571901	0.454973953997789	0.64912797707603	0.999831983216163
ENSMUSG00000011960	2884.44645700289	-0.0732627738123693	0.0871268264311058	-0.840953492159362	0.400373989387595	0.999831983216163
ENSMUSG00000036158	835.22284196764	-0.121205608886101	0.0993549771173804	-1.22015334338861	0.222406749952745	0.999831983216163
ENSMUSG00000022415	16686.9695137187	-0.0134950063123314	0.07637180716373	-0.176702630448476	0.859741974592189	0.999831983216163
ENSMUSG00000002524	4350.84077815859	0.031217010997303	0.0836491092727216	0.373174838910759	0.709018321426067	0.999831983216163
ENSMUSG00000022553	2244.61490969734	0.0617127820818266	0.0860327649679042	0.717266528203029	0.473209656184168	0.999831983216163
ENSMUSG00000023027	642.096814779266	-0.0195685885852809	0.105501996902237	-0.185470955894745	0.852859658871527	0.999831983216163
ENSMUSG00000022205	4106.47874742532	0.0172267569092495	0.0949713079054074	0.181385688420862	0.856064851541259	0.999831983216163
ENSMUSG00000050310	4854.83000709946	-0.0057642336395132	0.0891318634095281	-0.064671616895373	0.948435461935467	0.999831983216163
ENSMUSG00000044224	860.60326488594	0.132473652557631	0.0966216875976942	1.37093680186988	0.170394657761117	0.999831983216163
ENSMUSG00000023007	1947.07298203654	0.056647213330098	0.0954935583283952	0.593116593183171	0.553103126389507	0.999831983216163
ENSMUSG00000022339	995.079631801456	0.0755224985300015	0.0920554994159648	0.820389920228968	0.411993859824901	0.999831983216163
ENSMUSG00000022257	3577.60713155056	0.0767045566145776	0.0837220654576767	0.916119726052555	0.35960410263135	0.999831983216163
ENSMUSG00000035845	377.69965151139	-0.054012424502256	0.111258816169383	-0.485468023505462	0.627344389942946	0.999831983216163
ENSMUSG00000046034	775.819950228311	0.0208269169892284	0.0992177471472159	0.209918108528571	0.833731588547761	0.999831983216163
ENSMUSG00000054196	413.962137368522	0.104160399709301	0.106011192544571	0.982484484891344	0.325861222805974	0.999831983216163
ENSMUSG00000035900	1953.78734131103	-0.00472326804276372	0.0858112087978718	-0.0550413589138029	0.95610551406729	0.999831983216163
ENSMUSG00000022427	1828.33865268882	-0.0476849530561391	0.0892994281030689	-0.534009889312796	0.593334692051193	0.999831983216163
ENSMUSG00000013846	295.415992847857	0.171686421230486	0.115661307704719	1.48258364590748	0.138185064851024	0.999831983216163
ENSMUSG00000071715	14.5596841880963	0.136573180826784	0.0818053753188913	1.6326366062951	0.102545447490591	0.999831983216163
ENSMUSG00000003352	1576.72388667726	-0.115049309803538	0.0914890694335262	-1.25763735202829	0.20852293846568	0.999831983216163
ENSMUSG00000044216	29.7989820170537	-0.112490188775051	0.0955926310833102	-1.20541400845716	0.228043516268462	0.999831983216163
ENSMUSG00000063296	536.941982537134	-0.147679808013981	0.102391939136594	-1.44244657449683	0.149176432946856	0.999831983216163
ENSMUSG00000033088	1166.17482418126	-0.0431536234066424	0.103182447270399	-0.418266051418492	0.675752607799599	0.999831983216163
ENSMUSG00000000530	457.946526094248	-0.0104566188630574	0.105674293947739	-0.0989482308297873	0.921179374108088	0.999831983216163
ENSMUSG00000022231	1650.05953109368	0.00853063379642994	0.111386056394796	0.0765868486344047	0.938952221491909	0.999831983216163
ENSMUSG00000062906	481.240600873584	0.111463659290348	0.11057594428474	1.00739288832992	0.313746007512704	0.999831983216163
ENSMUSG00000044250	79.5246927998742	0.0524858020379113	0.120901124025698	0.433334154343411	0.664772028887116	0.999831983216163
ENSMUSG00000055762	3477.48331833529	0.0157123291641148	0.0811513798480943	0.193614444792388	0.846477786908137	0.999831983216163
ENSMUSG00000016942	16.2096023850852	0.119192080576559	0.0850792038673606	1.37493706299215	0.169150957563288	0.999831983216163
ENSMUSG00000022570	826.050320328603	-0.0569171466003671	0.104836356489651	-0.542982566320711	0.587141805867644	0.999831983216163
ENSMUSG00000022634	2379.35142491702	0.0341559156676495	0.0884285589851133	0.386244110857993	0.699315887872238	0.999831983216163
ENSMUSG00000055782	3055.30174259103	-0.155909751959971	0.0916071734245877	-1.70240185390058	0.0886800627612394	0.999831983216163
ENSMUSG00000037353	1578.76160168653	0.0211897195925558	0.0859461385677422	0.246544178196703	0.805261010326874	0.999831983216163
ENSMUSG00000022336	3082.90140565353	0.0784885727505573	0.0841607066328045	0.932536933728565	0.351059108629971	0.999831983216163
ENSMUSG00000001289	2903.34521680621	0.12249040477899	0.0947176332552948	1.29287384209517	0.196054695865448	0.999831983216163
ENSMUSG00000099083	2561.39438239705	-0.0943026746104977	0.0890597602505475	-1.05896193341822	0.289617116410175	0.999831983216163
ENSMUSG00000022371	39.6903250080396	0.00998501406177394	0.111127244988806	0.0897455216687948	0.928489440808216	0.999831983216163
ENSMUSG00000022387	2666.72015479318	-0.0600693621408462	0.0864098901282027	-0.695216038704374	0.486919922506454	0.999831983216163
ENSMUSG00000063236	473.305388032558	-0.0623109196402497	0.106189401993068	-0.586834138189425	0.557315106768183	0.999831983216163
ENSMUSG00000023015	566.190364639039	0.0412253739283682	0.101442051185171	0.406362292483726	0.684476421435283	0.999831983216163
ENSMUSG00000042303	1278.48200001215	0.10079303593733	0.0958883855011853	1.05094735547308	0.293282769167735	0.999831983216163
ENSMUSG00000022236	11.2678964136575	-0.0112303477333055	0.075921092122039	-0.148768168601255	0.881736568859111	0.999831983216163
ENSMUSG00000023046	388.966199066177	-0.0772280730119423	0.10713881545861	-0.72083510542768	0.471010973651166	0.999831983216163
ENSMUSG00000022270	1541.35089601377	0.118977422887532	0.0876891392956859	1.35672503524922	0.174868594639656	0.999831983216163
ENSMUSG00000022307	12407.6292026115	0.0252123454810903	0.0809643222033116	0.311394053577231	0.755501073913391	0.999831983216163
ENSMUSG00000022241	1726.64496469171	0.0269054755735802	0.0856323469165324	0.314195302590382	0.753372710165753	0.999831983216163
ENSMUSG00000038622	470.428487910819	0.0391438516414815	0.112628236177689	0.347470685399745	0.72823773784875	0.999831983216163
ENSMUSG00000036197	1229.7723707156	0.0117195781207106	0.101708044028146	0.115230755997328	0.908262221280171	0.999831983216163
ENSMUSG00000045608	287.847838163766	0.14218330858296	0.114814121984073	1.23755532501502	0.215880988251069	0.999831983216163
ENSMUSG00000045665	898.595215387372	-0.00983071735553428	0.093999506603613	-0.104580830823923	0.916708426068703	0.999831983216163
ENSMUSG00000022580	169.229378731874	0.0808072681204461	0.121407141501195	0.664589148229477	0.506313311980988	0.999831983216163
ENSMUSG00000121584	177.643828098691	0.0541762059919317	0.120330285470186	0.44980279771087	0.652852640368884	0.999831983216163
ENSMUSG00000022351	1224.14997781807	-0.137938182613794	0.106005185865719	-1.30204387963725	0.192901385930265	0.999831983216163
ENSMUSG00000044361	21.3610315749778	0.125476927894596	0.0893135167239687	1.38341267720423	0.166538365619586	0.999831983216163
ENSMUSG00000022456	22890.6971528904	-0.15332194134799	0.0914455649132512	-1.67724500682957	0.0934945814018456	0.999831983216163
ENSMUSG00000036106	437.422802958241	-0.0404006900213107	0.111256869181164	-0.364826404661733	0.715240993544364	0.999831983216163
ENSMUSG00000037458	9313.36758055771	-0.103825418118743	0.0810137967118546	-1.28172085436997	0.199940586632517	0.999831983216163
ENSMUSG00000022554	368.575674833813	-0.108186281184733	0.113135740817783	-0.956458400206024	0.338840691830976	0.999831983216163
ENSMUSG00000068522	194.565354970386	0.0215947094443662	0.11787852718722	0.183151097107536	0.854679464084882	0.999831983216163
ENSMUSG00000022325	303.045767731138	-0.0163719929607404	0.112676710029854	-0.145284706684073	0.884486088908859	0.999831983216163
ENSMUSG00000005268	762.419969571497	0.125202910592996	0.116287193888087	1.07509228041763	0.282333415277202	0.999831983216163
ENSMUSG00000039942	32.0574867766218	0.0796956857774194	0.106437301114313	0.744141028963231	0.456791159834098	0.999831983216163
ENSMUSG00000022994	1109.568498513	-0.0525924458152994	0.101576199340396	-0.517789085914039	0.604605433997516	0.999831983216163
ENSMUSG00000022240	4639.71479395389	-0.0447033438637831	0.0816612760990477	-0.547448987012681	0.58407030817784	0.999831983216163
ENSMUSG00000036298	3202.42938129877	0.101296950859002	0.108796140596337	0.930436005618311	0.352145383514273	0.999831983216163
ENSMUSG00000033669	692.617771395642	-0.0606430304360819	0.103719808734465	-0.58469333307796	0.558753937689302	0.999831983216163
ENSMUSG00000022361	3807.12779861825	0.0194804349641519	0.0887881773613364	0.219401979484636	0.826336928187853	0.999831983216163
ENSMUSG00000022299	1008.3032252825	0.0154409132764241	0.101388356785852	0.152292611821628	0.878956151864696	0.999831983216163
ENSMUSG00000022574	173.469538080181	0.0542970950562309	0.120829434649569	0.44906328645199	0.653386003829457	0.999831983216163
ENSMUSG00000054863	2534.37635572534	0.00813668809115693	0.0880299475824435	0.0924282557736325	0.926357790649515	0.999831983216163
ENSMUSG00000022237	624.792801519768	-0.0440883677282264	0.103457589616507	-0.42621436829132	0.66995164862346	0.999831983216163
ENSMUSG00000022436	159.427284298839	0.2064471353315	0.120804867916845	1.70479087389592	0.0882334341815791	0.999831983216163
ENSMUSG00000048307	6060.38772761871	0.0772821287890489	0.0788637094023754	0.979884182740027	0.327143291497646	0.999831983216163
ENSMUSG00000038879	900.610559557749	-0.042585058880882	0.093296797776602	-0.456457716766068	0.648060869929593	0.999831983216163
ENSMUSG00000033055	742.170594225577	0.0419728694118179	0.0979497619137006	0.428517279300479	0.668274556068874	0.999831983216163
ENSMUSG00000041935	6356.18814735923	-0.0236910127939251	0.0811106375590468	-0.292090131984062	0.770217711402197	0.999831983216163
ENSMUSG00000022587	2391.01953017961	0.0490557442300899	0.0878379430053764	0.558439349370616	0.576544409220972	0.999831983216163
ENSMUSG00000022394	923.747663774893	0.0505518852627069	0.0975239208368805	0.518297116196169	0.604250984679404	0.999831983216163
ENSMUSG00000023021	1697.45593340282	-0.031625421854484	0.0912477387095367	-0.34658863185794	0.728900387609329	0.999831983216163
ENSMUSG00000054277	712.231052955565	0.0454547988111826	0.099905378935395	0.454945528368569	0.649148427541423	0.999831983216163
ENSMUSG00000000531	133.565068344859	-0.0514894308577575	0.121884089349217	-0.422594549136303	0.672591104252715	0.999831983216163
ENSMUSG00000040420	1978.63186171345	-0.110647751157907	0.0888430803575749	-1.24557688700073	0.212919772041571	0.999831983216163
ENSMUSG00000050891	441.339795502348	0.0191937441486578	0.106265501430724	0.180634967294319	0.85665410741026	0.999831983216163
ENSMUSG00000044636	398.568948816883	-0.0271535930045563	0.108008145619058	-0.251438245480988	0.801475301610864	0.999831983216163
ENSMUSG00000033707	221.704931096186	0.0104471496834992	0.119202378685033	0.0876377587570524	0.930164590473715	0.999831983216163
ENSMUSG00000022247	975.629343700025	0.0295111796651487	0.0989393386164047	0.298276594518172	0.765492066564423	0.999831983216163
ENSMUSG00000051518	384.147712399844	-0.0501403505464474	0.109075817936211	-0.459701007975443	0.645730845925976	0.999831983216163
ENSMUSG00000022369	209.167782857425	0.0399493817526135	0.1169272833611	0.341584330444379	0.73266373114132	0.999831983216163
ENSMUSG00000053929	1290.72009506267	0.0217946356638362	0.0963540929113479	0.226182100507505	0.821059791628831	0.999831983216163
ENSMUSG00000022378	6312.29262511001	0.04069993379632	0.0767087992476848	0.530563940298157	0.595720989441033	0.999831983216163
ENSMUSG00000023032	3023.45447861491	0.049945885931704	0.0909814896519372	0.548935600492159	0.583049645716822	0.999831983216163
ENSMUSG00000009585	120.038341883342	0.124701897693116	0.121881223858383	1.02037424311901	0.307551004619072	0.999831983216163
ENSMUSG00000023008	360.903164845711	0.0300575401706855	0.108669210353658	0.276564354235551	0.782114638600035	0.999831983216163
ENSMUSG00000033287	3613.92718004122	-0.0218172163607942	0.0842190091236298	-0.259056620240406	0.795591554507693	0.999831983216163
ENSMUSG00000022269	260.427953145693	-0.134955445214036	0.11690574073157	-1.15533338014945	0.24795393159618	0.999831983216163
ENSMUSG00000046380	233.373527408065	0.156219338645529	0.118403180858304	1.31739789665734	0.18770528560611	0.999831983216163
ENSMUSG00000019146	5159.31976265297	-0.0880798797250114	0.105110388575673	-0.838366215156943	0.401825057917761	0.999831983216163
ENSMUSG00000022148	69.904303853204	0.0213577637131648	0.119600933551175	0.178425814366112	0.858388577636382	0.999831983216163
ENSMUSG00000022324	206.289679652315	0.0182813495618097	0.117051419931555	0.156155384821127	0.875910542993682	0.999831983216163
ENSMUSG00000037617	1807.88908372979	0.0343890667293998	0.0901964572648571	0.38124716926249	0.703019851312593	0.999831983216163
ENSMUSG00000036966	3443.60387335176	0.134709907270576	0.0807883701244234	1.66729044237222	0.0954566661967311	0.999831983216163
ENSMUSG00000022404	1649.33285574606	-0.0112872137050897	0.0918915261716113	-0.122829301470463	0.902242270726033	0.999831983216163
ENSMUSG00000033128	1907.34496691036	0.00428912719506564	0.0957685865016629	0.044784648739122	0.964278961347103	0.999831983216163
ENSMUSG00000022370	949.687678298438	0.0784633071100038	0.102257952429622	0.767158787353595	0.442987112875343	0.999831983216163
ENSMUSG00000022479	11.4585980825814	0.00498083362166934	0.0749247014248467	0.0663057685895914	0.947134390663638	0.999831983216163
ENSMUSG00000022614	747.245261064927	-0.104908618178704	0.0982502365846201	-1.06777072604313	0.285623946101246	0.999831983216163
ENSMUSG00000048424	460.086917216617	-0.178055748062809	0.1046227438909	-1.70183211591797	0.0887868442017441	0.999831983216163
ENSMUSG00000033065	17787.2168513231	0.0240951261739951	0.0753490493039683	0.319774936265	0.74913894874763	0.999831983216163
ENSMUSG00000022571	474.754556084483	0.0278388428863984	0.112321665433285	0.24782699267846	0.80426826914933	0.999831983216163
ENSMUSG00000022296	2836.76701995776	-0.136643568754257	0.0855800216770015	-1.59685600262635	0.11029780909096	0.999831983216163
ENSMUSG00000037119	3979.45187203695	0.0185167081910131	0.0912653170596479	0.202886927072556	0.839223412468895	0.999831983216163
ENSMUSG00000022555	298.135848086138	-0.00243374382072866	0.114058118686759	-0.0213334457401037	0.982979664062642	0.999831983216163
ENSMUSG00000048385	6159.94035195182	0.00443054879335499	0.0840259093381805	0.0527283678282284	0.957948336201197	0.999831983216163
ENSMUSG00000016541	7704.54286216729	0.0444885463945685	0.0765436344061953	0.581200939662407	0.561105034444311	0.999831983216163
ENSMUSG00000022462	13344.1331382659	-0.0649159742003914	0.0867838013364091	-0.748101817001435	0.454398746131598	0.999831983216163
ENSMUSG00000022471	930.286557468238	-0.0328575180434354	0.0929821225500117	-0.353384137108214	0.723800476422231	0.999831983216163
ENSMUSG00000033020	637.71598243385	-0.0415769189982373	0.0994220971416822	-0.41818157904618	0.675814362963214	0.999831983216163
ENSMUSG00000023047	43.1639435696558	-0.0771510855595733	0.112792229676694	-0.687020319240818	0.492069924069066	0.999831983216163
ENSMUSG00000022558	3592.05691690181	0.0848974550528281	0.080510672320435	1.05442179728454	0.291689847065969	0.999831983216163
ENSMUSG00000050963	433.866765031119	0.0497320897843082	0.107935756984848	0.460732155265122	0.644990782201803	0.999831983216163
ENSMUSG00000022562	1386.89283853298	0.0693819026612698	0.0900943674418701	0.770038861465685	0.441276840816414	0.999831983216163
ENSMUSG00000042109	8212.99774212146	-0.111265672424505	0.0945267143123745	-1.1774257097804	0.239025633194066	0.999831983216163
ENSMUSG00000022382	292.156351271574	0.082436404763628	0.115745624763379	0.711869174166375	0.476545792302844	0.999831983216163
ENSMUSG00000009575	8619.49741642305	-0.0471896628672555	0.091348035487706	-0.516648671850579	0.605401432744999	0.999831983216163
ENSMUSG00000022354	2577.78017603256	-0.00609838498834427	0.0882053830639449	-0.0691384748553591	0.944879395780057	0.999831983216163
ENSMUSG00000050846	701.965327787103	-0.0830485183229844	0.099402901938668	-0.835535551978419	0.403416238395373	0.999831983216163
ENSMUSG00000023017	2498.86787674458	-0.0217337464745933	0.0962581573239102	-0.22578876427912	0.821365716245998	0.999831983216163
ENSMUSG00000022306	2649.34709943962	-0.0912769469580378	0.092239232319526	-0.989724665817736	0.322308715398165	0.999831983216163
ENSMUSG00000022280	1877.81916962189	-0.0633675617208228	0.0927863289550802	-0.683024863458049	0.494591131636097	0.999831983216163
ENSMUSG00000101892	577.214712151361	-0.0412476475671103	0.101441589033723	-0.406610960546638	0.684293745838809	0.999831983216163
ENSMUSG00000023051	872.110891432527	0.0526159842993126	0.110387695326681	0.476454647421112	0.633750510355403	0.999831983216163
ENSMUSG00000022453	825.35033906039	-0.00777386023887616	0.0979737157206978	-0.0793407300027244	0.936761610535828	0.999831983216163
ENSMUSG00000022987	425.101522829037	0.12825576705808	0.112282895526819	1.14160420582816	0.253618575023493	0.999831983216163
ENSMUSG00000022464	15.5315726005348	-0.0364256486710183	0.0848476316384161	-0.433809200982398	0.664426999557624	0.999831983216163
ENSMUSG00000033006	1065.96609987238	-0.0356970871893684	0.0946011960418335	-0.377369769955647	0.705898829112773	0.999831983216163
ENSMUSG00000022403	7578.92286836256	-0.00372332644308037	0.0793164025065315	-0.0469424897452117	0.962559063482752	0.999831983216163
ENSMUSG00000033237	2944.1853173379	-0.0972770497244536	0.0906084917330961	-1.07378488582854	0.282919105544883	0.999831983216163
ENSMUSG00000022283	4719.23279152968	-0.134454702212049	0.0800392704834741	-1.68001579125453	0.0929542433500415	0.999831983216163
ENSMUSG00000022191	4051.78940235422	-0.0620523662178461	0.0828144096577834	-0.749336175358839	0.453654609161689	0.999831983216163
ENSMUSG00000023272	607.273108851654	-0.0706938888770147	0.104569188732524	-0.676067780295764	0.498997611970856	0.999831983216163
ENSMUSG00000033099	446.573765130633	-0.0219122798496779	0.104042726114252	-0.210613036093738	0.833189239149477	0.999831983216163
ENSMUSG00000042622	60.0386803345133	0.0601647423943951	0.11642897852289	0.515311557227669	0.606335324145806	0.999831983216163
ENSMUSG00000022429	35.5601734870088	-0.00655953880258406	0.105123595165649	-0.0624393629580564	0.950212948989932	0.999831983216163
ENSMUSG00000036678	595.564816911432	0.0689986889584872	0.101875444836393	0.677182612463817	0.498290098307334	0.999831983216163
ENSMUSG00000059323	177.611750061059	0.110733481765793	0.119339743175276	0.927244245009969	0.353799735328844	0.999831983216163
ENSMUSG00000033356	66.1607366855782	-0.0997881958784505	0.117877226507288	-0.850633803649291	0.394972805499588	0.999831983216163
ENSMUSG00000022483	101.582186748101	-0.111311029097051	0.120552657864506	-0.926910443779295	0.353973034279831	0.999831983216163
ENSMUSG00000062683	1611.24410530505	-0.0352759455458929	0.0883675955209579	-0.399200753914453	0.689745287762361	0.999831983216163
ENSMUSG00000044933	456.832303300769	-0.0217653290444115	0.107302447502798	-0.202829599001496	0.839268222109568	0.999831983216163
ENSMUSG00000022151	1860.63915364678	0.13369191027122	0.0953708647246388	1.40148613595989	0.161068750531793	0.999831983216163
ENSMUSG00000015377	3543.39725970737	0.0381737607463565	0.0911491934065777	0.418770655685047	0.675383752537313	0.999831983216163
ENSMUSG00000022416	2998.25548545398	-0.0261384077847496	0.0887812006889281	-0.294417916161127	0.768438578169461	0.999831983216163
ENSMUSG00000023011	15444.4861858138	0.0316996219400347	0.0936506711780943	0.338459104314836	0.735017240469357	0.999831983216163
ENSMUSG00000058600	2708.32169916823	0.160138373549871	0.0939418537873267	1.70411558414764	0.0883594957132164	0.999831983216163
ENSMUSG00000022364	618.529773483481	-0.0364391876772128	0.0986094944660101	-0.369536696392037	0.711727725937241	0.999831983216163
ENSMUSG00000063260	1201.50563623993	0.0985586827161898	0.108594858303975	0.907204533872765	0.364298646599132	0.999831983216163
ENSMUSG00000041849	65.6879539592719	0.0191718245312783	0.119446450400331	0.160457668572649	0.872520565087676	0.999831983216163
ENSMUSG00000022546	469.901752575119	0.0927096320153057	0.110132987883106	0.841405291337248	0.400120922193011	0.999831983216163
ENSMUSG00000060992	2407.74571043354	-0.0529778942753552	0.0929866131158504	-0.569773124582757	0.568831585981538	0.999831983216163
ENSMUSG00000095440	104.750061331246	0.197016327400454	0.121520791689022	1.61349831186177	0.106636289719319	0.999831983216163
ENSMUSG00000005125	3583.72342902321	-0.131887887830059	0.091220949020933	-1.44611497561984	0.14814495602129	0.999831983216163
ENSMUSG00000051864	749.50487003269	0.0399304982671319	0.0981055859839046	0.406982228649442	0.684021040638722	0.999831983216163
ENSMUSG00000022564	12159.4657931729	0.0369079508685663	0.0761632509402455	0.484576029109848	0.627977120890619	0.999831983216163
ENSMUSG00000022391	3083.52523664366	0.0105120774912207	0.086160622302355	0.122003194982209	0.90289648794542	0.999831983216163
ENSMUSG00000041708	254.518975477925	0.200034928128646	0.121142670015312	1.64626065542142	0.0997101061193583	0.999831983216163
ENSMUSG00000044726	46.1105925979811	-0.139400686298539	0.113670645088076	-1.23752728641522	0.215891390650884	0.999831983216163
ENSMUSG00000078937	63.3773850362448	0.00437052610540805	0.115180618935568	0.037899445189751	0.969767855407202	0.999831983216163
ENSMUSG00000075600	522.275277539246	-0.142349314784398	0.104793750384896	-1.35842284042742	0.174329550815237	0.999831983216163
ENSMUSG00000051225	13.4380659798706	-0.0738779437083351	0.0771513628557338	-0.991340623082581	0.321519283177416	0.999831983216163
ENSMUSG00000023033	10408.0569179528	-0.0163108639222775	0.0863389651677787	-0.188921491898782	0.850154348791254	0.999831983216163
ENSMUSG00000041852	1622.53200117471	0.0301558595537833	0.0917971484035095	0.328507161796561	0.742528230156346	0.999831983216163
ENSMUSG00000034429	297.489212012187	-0.0284693250589796	0.115201852195059	-0.247091178072472	0.804837660975552	0.999831983216163
ENSMUSG00000022360	738.546803517154	0.068053806455829	0.102193429425315	0.665883221134839	0.505485746005872	0.999831983216163
ENSMUSG00000047878	75.8970377555082	0.0226894187309945	0.115317488891975	0.196180692068882	0.844468739907983	0.999831983216163
ENSMUSG00000022385	20.2496447681026	-0.0494855423646037	0.0912581351171181	-0.547641828575777	0.58393786223354	0.999831983216163
ENSMUSG00000022451	2308.48788064473	-0.0373178337685644	0.0841477960395277	-0.44349132244678	0.657410394411035	0.999831983216163
ENSMUSG00000022309	849.633143229052	-0.0165774357312667	0.0945107162769451	-0.175407423766545	0.8607595076995	0.999831983216163
ENSMUSG00000022610	1772.42965707958	0.122932874788442	0.0990698302387801	1.24040421259806	0.214825923657811	0.999831983216163
ENSMUSG00000075470	2832.89638652826	-0.0914320108254586	0.0897784875506445	-1.01855623213664	0.308413691917587	0.999831983216163
ENSMUSG00000022338	2730.58880953461	0.0142739148822163	0.082049626257308	0.17396549437155	0.861892580186904	0.999831983216163
ENSMUSG00000037525	314.840994672792	0.0640184209841483	0.114963254614701	0.55651304248911	0.577860180901953	0.999831983216163
ENSMUSG00000022312	4099.87881310351	0.0570911390131972	0.0822134110422738	0.694389179197395	0.487438177868535	0.999831983216163
ENSMUSG00000062373	5831.93622607865	-0.0071155682116814	0.0857438426424523	-0.0829866175620755	0.933862180545812	0.999831983216163
ENSMUSG00000023034	1642.02722003349	-0.0865290325459419	0.0886557377001853	-1.01128036118943	0.31188226281127	0.999831983216163
ENSMUSG00000022561	925.332207093513	0.0394599434971636	0.102519861563172	0.384840708675615	0.700355436410961	0.999831983216163
ENSMUSG00000049521	1670.82134474413	-0.112234747971912	0.0937413345302549	-1.19749866628851	0.231112247088969	0.999831983216163
ENSMUSG00000048175	1420.77695901725	0.0845051773160913	0.0885763223083908	0.95396407094977	0.340101829505992	0.999831983216163
ENSMUSG00000004187	4770.49067396144	-0.000555320032949695	0.0948211574023149	-0.0058557249961247	0.99532783413435	0.999831983216163
ENSMUSG00000022454	7635.72869503448	-0.11248132353082	0.0980428243304714	-1.14769453294417	0.251094688887109	0.999831983216163
ENSMUSG00000022475	988.503587041032	0.0694340905304141	0.10254016784887	0.676980028096644	0.498418626145088	0.999831983216163
ENSMUSG00000037204	457.821617143962	0.0315482232943153	0.106229223646323	0.296970247156345	0.766489224312845	0.999831983216163
ENSMUSG00000023018	2472.60811445002	-0.074116350360385	0.0931724549184751	-0.795556178354132	0.426290045842906	0.999831983216163
ENSMUSG00000016637	737.065766737141	0.0381627664089889	0.0961392638365877	0.396948722138564	0.691405274380956	0.999831983216163
ENSMUSG00000022261	2240.89459186792	0.0964918585920046	0.0869032252746906	1.11024841473595	0.266891995278956	0.999831983216163
ENSMUSG00000022556	1284.53756894012	0.0399537945833395	0.100218038037652	0.398608053853455	0.690182026317924	0.999831983216163
ENSMUSG00000116165	1865.15024659908	0.043950420445862	0.0944104971146477	0.465486763080435	0.641582913996479	0.999831983216163
ENSMUSG00000033047	2135.53192718102	0.00124238862916155	0.0874832129347622	0.0142018998177737	0.988668904304867	0.999831983216163
ENSMUSG00000022469	937.4644228596	-0.0121264824278924	0.0938161299520498	-0.129254589841	0.897156201994283	0.999831983216163
ENSMUSG00000022463	4346.21394099999	-0.0832807499888592	0.080088714924726	-1.03991555264256	0.298379136121208	0.999831983216163
ENSMUSG00000016757	549.393635780199	-0.108216553463132	0.10072421288242	-1.0743872143043	0.282649170551299	0.999831983216163
ENSMUSG00000049382	55.3970497002621	0.144495156714824	0.117158310231069	1.22579091689503	0.22027736617474	0.999831983216163
ENSMUSG00000022248	360.253716566526	-0.041685800716249	0.110653824499915	-0.376709083800228	0.706389811468343	0.999831983216163
ENSMUSG00000035891	9939.03987805614	-0.126680044547756	0.080424177024312	-1.57534327961814	0.115177229119739	0.999831983216163
ENSMUSG00000064284	172.412429625276	0.045781226674446	0.118696320896391	0.385627317068053	0.699772699083103	0.999831983216163
ENSMUSG00000022550	399.705504357803	0.0862956564079279	0.112987405743892	0.763311676722607	0.445277539943229	0.999831983216163
ENSMUSG00000079022	22.1732955610155	-0.00292974454086856	0.0951745620507996	-0.0307998272969327	0.975429178152961	0.999831983216163
ENSMUSG00000022144	40.0387166274574	-0.107138740147751	0.104787248825472	-1.0348629345952	0.300732926700624	0.999831983216163
ENSMUSG00000022323	2611.27550584621	0.0673982734894403	0.0914602696211846	0.736855771560923	0.46121006285665	0.999831983216163
ENSMUSG00000053508	13.0900592818871	-0.0264430830051276	0.0759719727227248	-0.352165603734804	0.724714070905295	0.999831983216163
ENSMUSG00000058290	46.3010926477688	-0.00501736318882137	0.114253494774842	-0.0439332901175825	0.964957579233537	0.999831983216163
ENSMUSG00000023004	2853.79943068616	0.0780468553919099	0.106015125247189	0.735870369686546	0.46180959098629	0.999831983216163
ENSMUSG00000006378	66.2781402535719	-0.0296111106515391	0.119454220457298	-0.248062086634017	0.804086369411735	0.999831983216163
ENSMUSG00000022292	1500.61658936104	0.057392279833636	0.0917411392043039	0.625567049759861	0.531598956861889	0.999831983216163
ENSMUSG00000022197	546.198483348859	-0.0131850606278808	0.103103046404943	-0.127879832514555	0.898244071315123	0.999831983216163
ENSMUSG00000064210	996.091223659085	0.0421175623105964	0.095942338202921	0.438995518071254	0.660664783883642	0.999831983216163
ENSMUSG00000005716	18229.6408293049	0.00208501271127448	0.0777400531038642	0.0268209297546931	0.978602559691653	0.999831983216163
ENSMUSG00000001285	733.03494391842	0.0464469215987406	0.100297066028046	0.463030775072305	0.643342308073677	0.999831983216163
ENSMUSG00000022437	2777.548687678	0.00713035471585374	0.0813528213493757	0.087647283776522	0.93015701973985	0.999831983216163
ENSMUSG00000009035	2763.05302889268	0.0440714320665538	0.0823593226634292	0.53509927953854	0.592581208111974	0.999831983216163
ENSMUSG00000022602	676.96050345112	0.18708072570615	0.106559938036231	1.75475098778701	0.0793019104140382	0.999831983216163
ENSMUSG00000053137	972.866201799473	0.177079046574001	0.10694085781885	1.65444456982476	0.0980372169818774	0.999831983216163
ENSMUSG00000043144	825.564343763938	0.176205223587074	0.104942610160239	1.67797626970792	0.0933517317101017	0.999831983216163
ENSMUSG00000022342	20.6586116060297	0.0424985889653101	0.0724021251255709	0.578140979685826	0.563168941909578	0.999831983216163
ENSMUSG00000022337	2944.58079852929	0.018519187503194	0.0943458614400072	0.196289033218798	0.844383944649226	0.999831983216163
ENSMUSG00000022452	1536.89493413261	-0.031830018966663	0.0880928868811243	-0.361320694005474	0.717859725610976	0.999831983216163
ENSMUSG00000005360	54018.24553912	-0.106951080614366	0.0821984383305953	-1.30131940520605	0.193149147676298	0.999831983216163
ENSMUSG00000023169	18129.9789147207	-0.0154735211721152	0.0886016923030081	-0.174646159556282	0.861357675860981	0.999831983216163
ENSMUSG00000016028	57.191032479125	-0.00311657123164287	0.115242683642016	-0.0270422312631801	0.978426050658604	0.999831983216163
ENSMUSG00000096883	682.715551380043	-0.0106504635764803	0.102744162662117	-0.103655779335208	0.917442520520164	0.999831983216163
ENSMUSG00000068220	264.461797844818	0.184678360430174	0.113637244937269	1.62403160537315	0.104369063410448	0.999831983216163
ENSMUSG00000035828	1304.67100361127	0.155397586826445	0.0973294328183238	1.59603907282746	0.110480070047226	0.999831983216163
ENSMUSG00000033029	56.3833534478859	0.044627015455827	0.117321423332083	0.379616321082068	0.704230243745538	0.999831983216163
ENSMUSG00000036606	4931.59154706092	-0.0725760051687484	0.081577563853219	-0.889705266143544	0.37362416559055	0.999831983216163
ENSMUSG00000038736	932.715397180012	0.00963445202944882	0.0929739061866775	0.103628504755245	0.917464165919542	0.999831983216163
ENSMUSG00000014313	6971.60449056706	0.0497996670012244	0.0891713154546931	0.558427008110516	0.576552834469445	0.999831983216163
ENSMUSG00000005124	62.5947625022289	0.0575469883980705	0.118981016013143	0.482918630726392	0.629153512686982	0.999831983216163
ENSMUSG00000033220	39.9827352630316	0.053837512166899	0.109061666479889	0.490951011176931	0.623461096672007	0.999831983216163
ENSMUSG00000033565	12651.4628250247	-0.00878116717506539	0.0784569942082477	-0.111923467077293	0.910884089471325	0.999831983216163
ENSMUSG00000000489	321.81121349217	-0.0944920680023991	0.111018975608232	-0.851243480841573	0.394634113892152	0.999831983216163
ENSMUSG00000054967	156.978852010397	0.0546291926101932	0.120281601907809	0.453945805596989	0.649867833773653	0.999831983216163
ENSMUSG00000022311	899.604390082664	-0.0378521500986995	0.113116590444568	-0.334772191859376	0.737796938980894	0.999831983216163
ENSMUSG00000022206	284.7395440442	0.0458653219503048	0.117538201528971	0.389976316929195	0.696554059582753	0.999831983216163
ENSMUSG00000034022	1819.33335583636	0.0461505588225023	0.0979112896969113	0.471275769069946	0.637443816980934	0.999831983216163
ENSMUSG00000023048	1726.30936362925	0.00555367167544252	0.0897155427729791	0.0619016193079062	0.950641177951837	0.999831983216163
ENSMUSG00000040452	329.74729536202	0.0576252555943738	0.120525666364697	0.477891812783737	0.632727208911127	0.999831983216163
ENSMUSG00000034259	431.179674445522	0.0347610028386248	0.108512830581752	0.320299436701493	0.748741350130496	0.999831983216163
ENSMUSG00000042292	772.830844486252	-0.0238096920822414	0.0998840834457114	-0.238363527271478	0.81159915324311	0.999831983216163
ENSMUSG00000001281	136.462694190984	-0.00917920487067236	0.121258044333635	-0.0756788982220436	0.939674564618922	0.999831983216163
ENSMUSG00000022246	294.589999307798	-0.0741346597897461	0.112937876962576	-0.65660111112107	0.511437434257628	0.999831983216163
ENSMUSG00000039100	9593.87969265973	0.0555303562675727	0.0886845575869091	0.626098988636354	0.531250015550742	0.999831983216163
ENSMUSG00000055065	23164.341621076	-0.0319988535878686	0.0773899988389983	-0.413487067500387	0.679249795594821	0.999831983216163
ENSMUSG00000022388	77.6019769752567	0.138719560655297	0.121040588635649	1.14256561285534	0.253218989605838	0.999831983216163
ENSMUSG00000063480	2648.58014083613	0.0732839350422012	0.0862845279907583	0.849264962778037	0.395733872373216	0.999831983216163
ENSMUSG00000022285	17540.6320088975	-0.073134922056829	0.079786169053382	-0.916705333239386	0.359297070649372	0.999831983216163
ENSMUSG00000039168	678.751611752315	-0.126276768862761	0.103065397032131	-1.22544838462138	0.220406326237904	0.999831983216163
ENSMUSG00000058441	3149.90936618799	0.11180847556259	0.0899675883392002	1.24251995506703	0.214044782577179	0.999831983216163
ENSMUSG00000052253	1055.43286967695	0.0673920393367144	0.0920251215576198	0.732304777301422	0.463982564097827	0.999831983216163
ENSMUSG00000022607	2748.25028657212	-0.0154075499402166	0.0810546748536407	-0.190089952832108	0.849238643019369	0.999831983216163
ENSMUSG00000033228	4565.73930397109	0.01515341144253	0.0951500257040437	0.159254618347523	0.873468273677491	0.999831983216163
ENSMUSG00000022329	710.714603333227	0.0294749675875939	0.0996152951101439	0.295877465308407	0.76732366104819	0.999831983216163
ENSMUSG00000054855	795.595654739952	0.126834787526574	0.0970636668271314	1.3065952392028	0.191350214371144	0.999831983216163
ENSMUSG00000022201	10135.1147502007	-0.019247491371991	0.081200677196628	-0.237041291824994	0.812624756707554	0.999831983216163
ENSMUSG00000039007	654.23775507989	0.071249171193422	0.106307705570223	0.670043262175715	0.502830212066133	0.999831983216163
ENSMUSG00000023755	452.128661492745	0.0191623340469219	0.107994691916393	0.177444054391038	0.859159605908218	0.999831983216163
ENSMUSG00000022265	7439.80380281617	0.00475158468866093	0.0768164687759547	0.0618565531703424	0.950677066751907	0.999831983216163
ENSMUSG00000063268	72.9793887371217	0.0588206014334739	0.118931762288521	0.493166743623538	0.621894774121336	0.999831983216163
ENSMUSG00000018042	1587.61331131287	0.00401653294284033	0.113441734028818	0.0354041339267425	0.971757488383209	0.999831983216163
ENSMUSG00000064373	9660.14085858847	-0.0437001482488366	0.0785517384675199	-0.556345851867524	0.577974447739075	0.999831983216163
ENSMUSG00000116138	151.130070622504	0.120398477075342	0.120380839783286	0.999042510924597	0.31777409834868	0.999831983216163
ENSMUSG00000022141	4728.93534975767	-0.0590893105176012	0.102778899515244	-0.575078642712902	0.565238111350438	0.999831983216163
ENSMUSG00000023013	15.9369929505124	-0.0322368345492794	0.0840721509887124	-0.387255505706516	0.698567061907849	0.999831983216163
ENSMUSG00000051853	8605.39060122307	-0.0696002203889967	0.0949879476209152	-0.732864209523206	0.463641254150449	0.999831983216163
ENSMUSG00000048218	748.118352344495	0.0778590632722782	0.0956969497079175	0.813578432733521	0.415886497356697	0.999831983216163
ENSMUSG00000067713	495.38938102725	0.094043507502108	0.109340036445909	0.859691258808695	0.389959254508983	0.999831983216163
ENSMUSG00000043556	80.0007117910499	-0.0335732991120085	0.119977320499377	-0.279870095372446	0.779577171165729	0.999831983216163
ENSMUSG00000039801	2921.64037499855	-0.034956289516372	0.0863714735919992	-0.404741840352691	0.685667283560972	0.999831983216163
ENSMUSG00000022383	44.4123490052675	-0.134746452641312	0.110533429655801	-1.23481820536231	0.216898170291836	0.999831983216163
ENSMUSG00000016624	920.66447107959	-0.0715412609846774	0.0941683301463128	-0.759722742100984	0.447420331805826	0.999831983216163
ENSMUSG00000022526	1297.07113570202	-0.00519841417609576	0.0928631468854998	-0.0559809191129809	0.955357007663013	0.999831983216163
ENSMUSG00000022184	328.545799346421	0.03840458956019	0.110983038980225	0.345967313771629	0.729367279429812	0.999831983216163
ENSMUSG00000022466	911.702423157458	0.104384439946761	0.0947923332428338	1.1010907927874	0.270857143833571	0.999831983216163
ENSMUSG00000047921	2764.45179771262	0.0433852772086133	0.082247666890147	0.527477045287073	0.597862352897755	0.999831983216163
ENSMUSG00000054115	665.369238152072	-0.09430018407028	0.0976475430024105	-0.965753242486851	0.334167670512703	0.999831983216163
ENSMUSG00000038760	48.171361846744	0.143305750592106	0.102050611362888	1.38426457820021	0.166277455932897	0.999831983216163
ENSMUSG00000022996	11.5125811590671	-0.0538169595023439	0.0750450050721597	-0.732161528496095	0.46406998277589	0.999831983216163
ENSMUSG00000022412	1174.5172507404	-0.0487018662602965	0.0920888447168523	-0.528885611850587	0.596884803647518	0.999831983216163
ENSMUSG00000009733	1040.19728639859	-0.0668569915345281	0.0986866954520513	-0.677494997873464	0.498091942737294	0.999831983216163
ENSMUSG00000039676	37.639928062086	0.0383883935873947	0.109444758767022	0.349543187862518	0.726681553734641	0.999831983216163
ENSMUSG00000055041	83.780242653139	0.158673171268448	0.120874914960669	1.30662721015896	0.191339350745933	0.999831983216163
ENSMUSG00000022235	120.755575591916	-0.0220193978077817	0.121809392219949	-0.180806599993442	0.856519382450036	0.999831983216163
ENSMUSG00000022300	1033.28037539735	0.0291392331656912	0.0929080241349872	0.313624716281451	0.75380608513474	0.999831983216163
ENSMUSG00000058656	2514.59806914518	-0.067458548311981	0.102389264143373	-0.659018066809352	0.509884167109893	0.999831983216163
ENSMUSG00000042524	2277.12071481764	0.0586321469512482	0.0941553189477396	0.622641147485381	0.533520365090612	0.999831983216163
ENSMUSG00000005354	2814.60690605098	-0.0822834719310216	0.0809933096987343	-1.01596271350627	0.309647142678324	0.999831983216163
ENSMUSG00000071714	12.8579566732557	0.0665576307042252	0.0758264190402638	0.859318572775272	0.390164780114543	0.999831983216163
ENSMUSG00000022407	984.832407995647	0.007141295029951	0.108852090307269	0.0655979595979136	0.947697913621339	0.999831983216163
ENSMUSG00000059883	112.648922506615	-0.0962673117800684	0.12182781918672	-0.791000704726506	0.428943580247466	0.999831983216163
ENSMUSG00000023025	3453.75436883331	-0.00288973320835315	0.0949182182588706	-0.0304448541353201	0.97571227299256	0.999831983216163
ENSMUSG00000022629	7903.69064250932	0.0824357287299799	0.0933261903188679	0.883144728482246	0.377158080109278	0.999831983216163
ENSMUSG00000055024	4471.26801269151	-0.0497921893052546	0.0955744700532435	-0.52105495847878	0.602328486613319	0.999831983216163
ENSMUSG00000036760	7238.116109623	-0.0982842659990614	0.0895825071620952	-1.09732182012062	0.272500735652832	0.999831983216163
ENSMUSG00000058914	20.0058537080623	-0.00806105868708141	0.0860422886424781	-0.0940678191688673	0.9250552835803	0.999831983216163
ENSMUSG00000058586	121.795162614771	0.000739780471822252	0.121779226039045	0.00607677793215982	0.99515146254903	0.999831983216163
ENSMUSG00000022575	59.5481248570479	0.0870149857143878	0.115844312643195	0.74727087144321	0.454900071575661	0.999831983216163
ENSMUSG00000037343	2016.45738258483	-0.0212935972611947	0.0832399863516474	-0.255811541687301	0.798096361398163	0.999831983216163
ENSMUSG00000022389	14657.3419081722	-0.112316867906919	0.0837681402478367	-1.34101268816893	0.17991633310807	0.999831983216163
ENSMUSG00000022438	808.047227789439	0.0113659061067039	0.111942176846274	0.101510390592397	0.919145309666554	0.999831983216163
ENSMUSG00000000552	3560.32066177244	0.0219803125740814	0.0841501643056502	0.261196021537443	0.793941346013096	0.999831983216163
ENSMUSG00000024479	324.723543735877	0.0554454213602565	0.106282622722371	0.517959912334834	0.60448623914073	0.999831983216163
ENSMUSG00000000934	315.418886804792	-0.0478234576558986	0.110527160152083	-0.432685030803234	0.665243606186749	0.999831983216163
ENSMUSG00000001280	2412.67297597971	0.000835663752868943	0.088486568956652	0.00944478664258929	0.992464262594281	0.999831983216163
ENSMUSG00000056851	8393.01540952636	0.0279219113042617	0.0798940860071098	0.349476615968315	0.726731523220731	0.999831983216163
ENSMUSG00000023055	2295.00893790793	0.0562236872873652	0.0835777544198227	0.672690814731791	0.501144012386894	0.999831983216163
ENSMUSG00000063765	405.116482648315	-0.0720428883753102	0.108145145024258	-0.666145779396079	0.505317925667376	0.999831983216163
ENSMUSG00000022295	7345.1553824363	0.0550323156756692	0.0781958042991531	0.703747972612261	0.481589739278226	0.999831983216163
ENSMUSG00000052369	920.055328169738	0.171373069725953	0.0953793255406445	1.79634539072807	0.0724396031138358	0.999831983216163
ENSMUSG00000072235	11509.67260896	-0.0963251369291184	0.0929405560956696	-1.0366603962176	0.299894155233439	0.999831983216163
ENSMUSG00000022450	760.924715325149	0.0474571966055946	0.0973643666366034	0.48741196031048	0.625966419404951	0.999831983216163
ENSMUSG00000048755	351.144879218301	0.0818969820561852	0.112022963878918	0.730717111947847	0.464951961217879	0.999831983216163
ENSMUSG00000051934	987.738408393274	0.0189905570632258	0.0917052227656605	0.207080043740252	0.835947347088758	0.999831983216163
ENSMUSG00000022357	17.438636394917	0.00797314002759505	0.0877216184926005	0.0907036184404858	0.927728095386374	0.999831983216163
ENSMUSG00000032988	65.8863227251602	0.117979531630814	0.117731512868645	0.996283653327548	0.319112343962967	0.999831983216163
ENSMUSG00000000346	5760.50607244704	0.0214082471351225	0.0778314927603338	0.275054961786076	0.783274012704569	0.999831983216163
ENSMUSG00000022253	3195.26043101163	0.0716505509421805	0.0847392816501785	0.84549369023854	0.397835254128184	0.999831983216163
ENSMUSG00000037646	2927.51757494328	-0.000122696705115503	0.0957207373907848	-0.00128122279149948	0.998977732395395	0.999831983216163
ENSMUSG00000039385	300.459709574046	-0.0273210701409712	0.118631565176947	-0.230405996011181	0.817776302342175	0.999831983216163
ENSMUSG00000023019	2195.99096831742	0.0105439606881	0.0955288530713439	0.110375346601239	0.912111704213283	0.999831983216163
ENSMUSG00000022142	1594.13581983644	-0.0258274425671127	0.0885917801694247	-0.291543968706117	0.770635321415896	0.999831983216163
ENSMUSG00000022414	941.005599675407	0.0737827014947426	0.100152491615117	0.736542179628381	0.461400808058934	0.999831983216163
ENSMUSG00000038679	1245.05341609927	-0.00297896993998675	0.0981655674071357	-0.0303476842636099	0.975789767524787	0.999831983216163
ENSMUSG00000034333	290.713708683025	-0.0531377116731103	0.114651414010327	-0.463647762153488	0.64290012893922	0.999831983216163
ENSMUSG00000015365	15.0765850821361	-0.0331696432491984	0.0794055613906745	-0.423678254720778	0.671800475954205	0.999831983216163
ENSMUSG00000050164	25.5070024491598	0.100217951922287	0.0937736821450683	1.05514625196981	0.291358441402588	0.999831983216163
ENSMUSG00000037627	56.4569042755703	0.0443131960504025	0.115146645664665	0.384377023228359	0.700699027775257	0.999831983216163
ENSMUSG00000037386	7551.0015718221	-0.0281132801971522	0.10209298473803	-0.275405326185099	0.783004852548141	0.999831983216163
ENSMUSG00000098112	43.90712734508	-0.00414059281524594	0.110592271246253	-0.0374150861129934	0.970154044114318	0.999831983216163
ENSMUSG00000001288	344.573646733928	0.147191186938129	0.109233726270711	1.34699923384922	0.177980479433766	0.999831983216163
ENSMUSG00000022622	20.1067030015643	0.146482013928833	0.0935116110776764	1.53959481523617	0.123659150083626	0.999831983216163
ENSMUSG00000008690	1538.30330864101	0.0293954179188914	0.0901830043724429	0.325945408896708	0.744465658762173	0.999831983216163
ENSMUSG00000042535	2750.86814805073	-0.0256368742891143	0.0836387870884948	-0.306521214742174	0.759207829662341	0.999831983216163
ENSMUSG00000000555	110.259409753592	-0.133164882772786	0.121873527944715	-1.09431696490231	0.273815987332854	0.999831983216163
ENSMUSG00000022401	537.924237624562	0.00917236353200375	0.113326829396588	0.0809308826359273	0.935496919722078	0.999831983216163
ENSMUSG00000022552	992.852349808589	0.0109344277899012	0.101073264759681	0.108171698160173	0.913859494794321	0.999831983216163
ENSMUSG00000055737	298.161182766944	0.158811917746779	0.111748967741134	1.42058955909351	0.155436115575019	0.999831983216163
ENSMUSG00000036561	5902.56304668358	0.0179629717600161	0.0837327132892815	0.214522883403198	0.830139323932954	0.999831983216163
ENSMUSG00000068099	2792.66382600655	-0.0769500786536636	0.106231864046821	-0.724645238705301	0.468669698189862	0.999831983216163
ENSMUSG00000022335	243.70578298522	0.0930238297476264	0.114811424324501	0.809937266798883	0.417976231800866	0.999831983216163
ENSMUSG00000018893	15.6792030252609	0.0587859043682673	0.0830474854787168	0.700139976308362	0.483839892423237	0.999831983216163
ENSMUSG00000079018	1354.05187994662	0.145519118397669	0.0969784945178604	1.500052286892	0.13360085892377	0.999831983216163
ENSMUSG00000060036	12343.4880395211	0.137664245627368	0.0911389494001791	1.51004046891221	0.131033098206887	0.999831983216163
ENSMUSG00000058655	4294.36281821307	0.0901012719835889	0.0825639920913039	1.09120931617788	0.275180789503088	0.999831983216163
ENSMUSG00000086361	24.8895900580901	0.0292544696433773	0.0890864637301305	0.326253876592373	0.744232281737147	0.999831983216163
ENSMUSG00000068391	367.562258905687	0.154339844508971	0.107448904598335	1.4361233843618	0.150967235110317	0.999831983216163
ENSMUSG00000022314	8558.56186860675	-0.0432705670162944	0.0950983396968281	-0.455061723976601	0.649064833725589	0.999831983216163
ENSMUSG00000036273	2132.92507233346	0.100910820469346	0.0919093449211383	1.09780055435385	0.272291589359291	0.999831983216163
ENSMUSG00000022390	6804.97765674504	-0.110823797979885	0.0836067678360494	-1.32570119907036	0.184938690100831	0.999831983216163
ENSMUSG00000051359	6410.68034893389	0.0373533680862467	0.0848135449801164	0.44039438667875	0.659651489763867	0.999831983216163
ENSMUSG00000003360	2847.45593366985	0.0672299248609993	0.0819677086628134	0.820166082577934	0.412121434472392	0.999831983216163
ENSMUSG00000022400	3940.91094082837	-0.0167150702755697	0.0789544084357072	-0.211706840935988	0.832335750777843	0.999831983216163
ENSMUSG00000022565	4252.45353241402	0.110061223185757	0.0840107976552385	1.30994896875043	0.190213099708663	0.999831983216163
ENSMUSG00000022346	64.336978856114	0.00852624324083769	0.116878834065058	0.0728282557594069	0.941942785810241	0.999831983216163
ENSMUSG00000061731	1371.17475509014	-0.0443630708831174	0.0915398748883083	-0.484646475937223	0.627927139896388	0.999831983216163
ENSMUSG00000056069	229.487084949361	0.0578574573651108	0.11538046148325	0.501304372686725	0.616156928354718	0.999831983216163
ENSMUSG00000019080	126.552724648549	0.0342212633655526	0.121829373886902	0.280768805326008	0.778887731306739	0.999831983216163
ENSMUSG00000062397	9146.94322277902	-0.0881965260330208	0.0763466260721672	-1.15528130012595	0.247975251105233	0.999831983216163
ENSMUSG00000079020	1898.30163570537	0.0252360495997184	0.0859395300412471	0.293646502684974	0.769028037465887	0.999831983216163
ENSMUSG00000022150	781.002209535714	-0.0263030275408756	0.104872107704657	-0.25079661680527	0.801971357400149	0.999831983216163
ENSMUSG00000071711	597.31005706428	-0.195104605341061	0.115616408754592	-1.69010768379868	0.0910073551432408	0.999831983216163
ENSMUSG00000072663	158.203677445924	0.0573179198919093	0.120115267227734	0.477112331127904	0.633282134298988	0.999831983216163
ENSMUSG00000022340	4503.70441142656	-0.0652188787194121	0.0802030650554883	-0.813207541897995	0.416099076072047	0.999831983216163
ENSMUSG00000022365	3768.73267724664	0.0555735821593745	0.0830963718604629	0.668745140252545	0.503658067162523	0.999831983216163
ENSMUSG00000003970	7151.50918943834	0.119656671767137	0.0879406729491539	1.36037919309836	0.173709959335725	0.999831983216163
ENSMUSG00000022426	2535.35236353348	-0.0764332471788001	0.0947922114376316	-0.806451747042346	0.419982419924104	0.999831983216163
ENSMUSG00000075590	5722.86221020503	-0.0683443670614473	0.0861873308180911	-0.793040136274402	0.427754438857633	0.999831983216163
ENSMUSG00000022557	1172.96141962804	-0.0655351132088959	0.0903261038963861	-0.725545848235095	0.468117228458423	0.999831983216163
ENSMUSG00000022195	1511.3053803385	-0.0682352056324423	0.092524877800495	-0.737511791353385	0.460811175271677	0.999831983216163
ENSMUSG00000033039	1494.56890508278	-0.161648697858432	0.108976323477272	-1.48474199085469	0.137612183757206	0.999831983216163
ENSMUSG00000023050	4632.6381332561	-0.090581294171228	0.0832234545954719	-1.08849754703449	0.276375518878965	0.999831983216163
ENSMUSG00000022577	591.388443327101	0.107807907689015	0.119453927032907	0.901114734275019	0.367527319602079	0.999831983216163
ENSMUSG00000060284	41.6279462924883	0.0209468011084607	0.111214077453051	0.18798397697559	0.850889211779485	0.999831983216163
ENSMUSG00000039704	3847.84870619972	-0.102493634474279	0.0998160838365123	-1.02719658289551	0.304327906829573	0.999831983216163
ENSMUSG00000055022	18127.1320725707	0.0585773408648121	0.0886007855596816	0.661068364344131	0.508568472236589	0.999831983216163
ENSMUSG00000081824	16.0750528042352	0.030168033397695	0.0865022567952945	0.347199237646948	0.728441643529714	0.999831983216163
ENSMUSG00000071637	186.636349218133	-0.15693464853513	0.121451199767893	-1.29867013516734	0.194057157385797	0.999831983216163
ENSMUSG00000083692	29.4251633150508	0.104152732205919	0.104472759236794	0.988220357616178	0.323044740140588	0.999831983216163
ENSMUSG00000090777	41.8959130085395	-0.113946648197484	0.109900238675664	-1.04581878908009	0.295644704614319	0.999831983216163
ENSMUSG00000022753	34.2284804917503	-0.0296995871108061	0.107245691748529	-0.277571863098116	0.781341033659716	0.999831983216163
ENSMUSG00000116589	12.1913658804024	-0.0103672968896193	0.0782374771052225	-0.133022497343516	0.894175588304685	0.999831983216163
ENSMUSG00000055540	141.370113855068	-0.00869849410217686	0.120465391755529	-0.072296550310001	0.942365909968344	0.999831983216163
ENSMUSG00000085783	618.390768988408	-0.0536751185678933	0.104944916643641	-0.511505604446815	0.608997065038738	0.999831983216163
ENSMUSG00000022876	21.3908436521925	0.00941252121913606	0.0922643399316426	0.101635889588494	0.919045691170109	0.999831983216163
ENSMUSG00000039738	1523.08148048067	-0.0279237309156867	0.0933857196437443	-0.299032018023044	0.764915615787204	0.999831983216163
ENSMUSG00000005980	55.7965870352796	0.0294634734114155	0.117601529864599	0.25018688483937	0.802442827193332	0.999831983216163
ENSMUSG00000099764	609.289056034677	0.0498082714819846	0.103990432054156	0.478910868515694	0.63200203868849	0.999831983216163
ENSMUSG00000116738	12.8229570382492	0.0424872325758737	0.0741816336127464	0.567072098479717	0.570665198450758	0.999831983216163
ENSMUSG00000090021	78.5765545899339	-0.0630177631325937	0.119238506610258	-0.530209924592603	0.595966390727029	0.999831983216163
ENSMUSG00000039179	118.273052962409	0.101910653093579	0.119024726386485	0.852425124060443	0.393978180597304	0.999831983216163
ENSMUSG00000033383	21.769893927179	0.00494506307802108	0.0958450105503933	0.0515971181100169	0.958849715698154	0.999831983216163
ENSMUSG00000089818	57.5458977902384	-0.0205893316698216	0.115349520846542	-0.178765940038174	0.85812149033617	0.999831983216163
ENSMUSG00000046546	607.230881214462	-0.165914594846722	0.114691302935573	-1.44819746596504	0.14756183309274	0.999831983216163
ENSMUSG00000022780	31.0279649941583	-0.0155879089860795	0.104656153886024	-0.149311239947935	0.881308046497085	0.999831983216163
ENSMUSG00000083853	13.7286781801064	-0.0584220841519356	0.0823786562252708	-0.720973154107742	0.470926032078321	0.999831983216163
ENSMUSG00000116624	17.8143544291761	-0.0414951979758347	0.0882459823711907	-0.474371881292924	0.635234740922052	0.999831983216163
ENSMUSG00000052192	128.262719136699	0.0180725150079563	0.121804130234794	0.148269114298882	0.882130389136315	0.999831983216163
ENSMUSG00000034379	190.151765046574	-0.0595589251897486	0.120015754457458	-0.496360167701791	0.619640322842928	0.999831983216163
ENSMUSG00000116908	36.8828740011999	-0.0317616191343249	0.105721859432387	-0.301911704629999	0.762719372872341	0.999831983216163
ENSMUSG00000034243	4354.93293708383	0.082011238932245	0.0991587810115966	0.826865791761618	0.40831313439327	0.999831983216163
ENSMUSG00000102854	26.6053605653315	0.119855489049237	0.0956609795373045	1.23608808837799	0.21642582205416	0.999831983216163
ENSMUSG00000023341	42.1322267473092	0.0812571598169089	0.10971591541676	0.736768675658299	0.461263035327534	0.999831983216163
ENSMUSG00000118559	43.0891907542509	0.0479102732908445	0.111496205646192	0.428384644644318	0.668371102296426	0.999831983216163
ENSMUSG00000110358	138.641540644704	-0.1113836626621	0.121393104740801	-0.918979818182767	0.3581061284658	0.999831983216163
ENSMUSG00000046516	1354.2589428558	0.042999612154167	0.088849397315953	0.483951658018771	0.628420177606502	0.999831983216163
ENSMUSG00000022508	3025.50674426337	-0.0599798774244287	0.111363073130451	-0.538829164201221	0.590004738076759	0.999831983216163
ENSMUSG00000116439	17.3142017978163	-0.0405446330423871	0.0874793411387229	-0.468710641437952	0.639276479547259	0.999831983216163
ENSMUSG00000041378	929.508075539713	0.113879444806958	0.0998734613913822	1.13992882685941	0.254315954167793	0.999831983216163
ENSMUSG00000086331	22.0043342481172	-0.0444517369012566	0.0959247030449107	-0.466608232664058	0.640780195808298	0.999831983216163
ENSMUSG00000116878	10.7761909009879	-0.014748633777922	0.0734482484658793	-0.201585072013666	0.840241116454569	0.999831983216163
ENSMUSG00000005251	30.2409247612936	0.117821513645211	0.103519686044388	1.12520090697475	0.26050390890274	0.999831983216163
ENSMUSG00000116863	14.5148396516322	-0.0479179197561806	0.081874112220852	-0.594370681174923	0.552264213613532	0.999831983216163
ENSMUSG00000045975	867.41103778597	-0.143390070827914	0.0948986456064493	-1.51099206849436	0.130790471679669	0.999831983216163
ENSMUSG00000116645	19.6339734114234	0.0783876581553295	0.0905633363669605	0.855789834385857	0.392114039141779	0.999831983216163
ENSMUSG00000071636	25.8824449774653	0.09533173722336	0.0999849233663492	0.944151155060705	0.345092411516744	0.999831983216163
ENSMUSG00000086837	16.981449185513	-0.0481824215353121	0.086954681244018	-0.559793694384202	0.575620165148979	0.999831983216163
ENSMUSG00000116604	34.6209194864399	-0.0196615264692226	0.106013637951117	-0.185619796430631	0.852742928050751	0.999831983216163
ENSMUSG00000121810	55.8565945191424	-0.0786310071328239	0.116341802181915	-0.679005810057975	0.4971341806093	0.999831983216163
ENSMUSG00000086965	39.916844652211	0.051857359510971	0.110592130211749	0.467089111067987	0.640436124393058	0.999831983216163
ENSMUSG00000068196	366.67788058178	0.15700956007828	0.120073550669975	1.30416633117949	0.192176876768058	0.999831983216163
ENSMUSG00000121926	11.6061781269724	-0.0318945240390075	0.0764394760176988	-0.422430000077835	0.672711184360969	0.999831983216163
ENSMUSG00000097768	85.6212121062015	0.0593915845075736	0.121435010986141	0.488463070472473	0.625221877389817	0.999831983216163
ENSMUSG00000116946	63.4307847309498	-0.0242376536637899	0.118920127745642	-0.203980068380327	0.838369074580176	0.999831983216163
ENSMUSG00000116617	22.4124339520768	0.0210360028347414	0.091026058465809	0.230425990284839	0.817760767136258	0.999831983216163
ENSMUSG00000120489	11.2359255977627	-0.0576176879437356	0.0748253766637175	-0.789384376040125	0.42988738479204	0.999831983216163
ENSMUSG00000086645	15.5074684859607	-0.049902520417177	0.0834080438398615	-0.605593596302347	0.544784655708004	0.999831983216163
ENSMUSG00000123137	52.4090117977946	-0.0206476900707034	0.116422594713028	-0.177584759432366	0.859049094499931	0.999831983216163
ENSMUSG00000084790	123.606908544097	-0.0708225890002416	0.1217601918818	-0.581931701217457	0.560612686260656	0.999831983216163
ENSMUSG00000116733	20.7825249410541	0.0450331289588369	0.0936062267000459	0.478130496913283	0.632557327203467	0.999831983216163
ENSMUSG00000084792	38.5177938253659	0.0140026998946863	0.110561458144618	0.126530462234738	0.89931203744046	0.999831983216163
ENSMUSG00000116840	18.6180519126388	0.0183706039097952	0.0905959948924891	0.202344979900551	0.839647038282871	0.999831983216163
ENSMUSG00000125833	27.0843690036248	-0.089837344173023	0.0956478422759914	-0.95567553202319	0.339236187942856	0.999831983216163
ENSMUSG00000125877	27.6548574869735	0.0390828388753042	0.0998381925397264	0.389806318198353	0.696679771384321	0.999831983216163
ENSMUSG00000119959	146.515184501317	0.114030036910538	0.121649632981151	0.935199852407532	0.349685314581294	0.999831983216163
ENSMUSG00000087354	145.869559045519	0.00514030964447603	0.121880043828367	0.0421392074664998	0.966387724876838	0.999831983216163
ENSMUSG00000086464	12.3049218860841	-0.0139767334221109	0.077582331846154	-0.180664219951738	0.856631144922191	0.999831983216163
ENSMUSG00000127506	24.1384651776981	-0.120121085277036	0.0983591069192494	-1.24403566445688	0.213486437217015	0.999831983216163
ENSMUSG00000128222	22.0822081828723	0.112026030590057	0.0948022570372131	1.16533816946075	0.243882134510918	0.999831983216163
ENSMUSG00000090257	19.3801941565989	0.0551245573821312	0.0920809475156305	0.593284380826267	0.552990849910905	0.999831983216163
ENSMUSG00000116927	24.7530616580727	0.0626634475703468	0.0965318864035827	0.644615213222241	0.519176573624577	0.999831983216163
ENSMUSG00000115518	104.178594939581	-0.108721212511842	0.12174655874985	-0.895156083753401	0.370703657052074	0.999831983216163
ENSMUSG00000097290	596.585480942672	-0.117041093119652	0.116258765033495	-1.00774669465622	0.313576082053157	0.999831983216163
ENSMUSG00000086324	73.4945575413128	-0.0395247485773252	0.112037834637168	-0.354100020819074	0.723263926484549	0.999831983216163
ENSMUSG00000120193	32.1064238963134	0.00984988084334279	0.105965677273085	0.0928515217666874	0.926021519316752	0.999831983216163
ENSMUSG00000102101	65.179294528949	0.0785939639353337	0.119343263170148	0.657155014777765	0.511081247564591	0.999831983216163
ENSMUSG00000129695	19.7980444469978	-0.0169644842713036	0.0908460987562285	-0.187551600864719	0.851228169745299	0.999831983216163
ENSMUSG00000129742	24.4457574999094	-0.0915369226835856	0.0918174033607949	-1.02079888275928	0.30734973385521	0.999831983216163
ENSMUSG00000097184	39.3676809338336	0.0704312396274458	0.10876290186771	0.644304111307282	0.519378250154361	0.999831983216163
ENSMUSG00000085826	14.9000789164962	-0.0396457781753211	0.0786491260293809	-0.512829465220802	0.608070616614391	0.999831983216163
ENSMUSG00000116557	54.0360549758005	-0.123489899521126	0.114562122974147	-1.08510835301608	0.277873668182041	0.999831983216163
ENSMUSG00000116772	20.9175731305465	-0.110992188115732	0.0905606072115485	-1.25687734457628	0.208798053379799	0.999831983216163
ENSMUSG00000087556	43.8507520577344	-0.0792632195566083	0.11346390133778	-0.701915580439884	0.482731811824382	0.999831983216163
ENSMUSG00000131778	18.0754627425506	-0.0375128241773469	0.0905985792967209	-0.417294057199976	0.676463334795733	0.999831983216163
ENSMUSG00000131820	11.1106246254666	0.0268996890412659	0.0741949083034283	0.359466452742642	0.719246169822693	0.999831983216163
ENSMUSG00000132149	10.4711495129624	-0.0185951466708978	0.0742728583601621	-0.252008730794233	0.801034315357818	0.999831983216163
ENSMUSG00000132209	207.219117817151	0.0960228882871447	0.121636264654572	0.787803001609966	0.430811945066312	0.999831983216163
ENSMUSG00000116753	21.2247015053621	0.00546961130882747	0.0914639648226123	0.0597556051005464	0.952350284351658	0.999831983216163
ENSMUSG00000132676	13.8298359882852	-0.0473254805401093	0.0766532874423203	-0.631668305100527	0.527603642916992	0.999831983216163
ENSMUSG00000133370	20.2765049677397	0.0678722886676017	0.0936303210213108	0.717978408003918	0.472770600296412	0.999831983216163
ENSMUSG00000120961	30.3446043349249	0.0426558314089025	0.103325098865371	0.410969198904821	0.681095120125507	0.999831983216163
ENSMUSG00000116793	38.0279500772851	-0.0871453753169953	0.109007568932887	-0.805181218849413	0.420715112724224	0.999831983216163
ENSMUSG00000116597	57.8892162644829	-0.1222497197165	0.114862103574198	-1.0713677048127	0.284004128041539	0.999831983216163
ENSMUSG00000133785	11.6873994425563	-0.0263414341640828	0.0649884316434546	-0.411784301843638	0.680497528500378	0.999831983216163
ENSMUSG00000134179	44.9120037769601	0.0800160150709427	0.112868639043959	0.706434666899212	0.479917868610519	0.999831983216163
ENSMUSG00000134181	34.3161320006678	-0.0682396141401262	0.107245357157301	-0.640313338601069	0.521968910703091	0.999831983216163
ENSMUSG00000097876	128.87783450228	-0.0104534813988736	0.121823956647824	-0.0858061838724667	0.931620490592812	0.999831983216163
ENSMUSG00000121849	13.6503965664098	-0.0768817471387192	0.0802335297782572	-0.984095470006349	0.325068574046358	0.999831983216163
ENSMUSG00000085169	52.1342518770523	0.0329038915299494	0.11432210916577	0.287403138103008	0.773803658655586	0.999831983216163
ENSMUSG00000134438	47.8124958961694	-0.0411368228279357	0.114476008864448	-0.360006607970421	0.718842191989455	0.999831983216163
ENSMUSG00000116903	228.511370096298	-0.139737488015149	0.120059337381406	-1.16593500564717	0.243640724444804	0.999831983216163
ENSMUSG00000096960	11.7640130791962	-0.0586163948050243	0.075486533000306	-0.794161496028021	0.427101420792385	0.999831983216163
ENSMUSG00000121787	144.119910946067	0.0642815590191476	0.12188548635591	0.526413335078304	0.598601052443206	0.999831983216163
ENSMUSG00000134802	12.531998329145	0.0181329499613912	0.0799082986038514	0.225928804309904	0.821256794372617	0.999831983216163
ENSMUSG00000116898	11.0562452967547	-0.03168482706236	0.0759050467932081	-0.422288483720198	0.672814462971615	0.999831983216163
ENSMUSG00000135067	17.1329032631094	0.0439460761607958	0.0863562301232759	0.503022343455021	0.614948563187287	0.999831983216163
ENSMUSG00000135269	43.3036508602367	-0.113218209366484	0.10729350964118	-1.0690463708019	0.285048775170948	0.999831983216163
ENSMUSG00000135280	10.6593938752415	-0.0458254145011254	0.0722052612034913	-0.646895331980106	0.517699687186945	0.999831983216163
ENSMUSG00000120905	14.7100421156292	-0.0437372081163609	0.0843387736923272	-0.524838336983024	0.599695578424483	0.999831983216163
ENSMUSG00000116831	20.284282777704	-0.112413815947036	0.0914724291483267	-1.25998570455022	0.207674519262855	0.999831983216163
ENSMUSG00000135960	18.7494026997039	0.00516289489860792	0.0897785786458736	0.0575595204566164	0.954099494180797	0.999831983216163
ENSMUSG00000120258	38.0715581347701	-0.0656774836155344	0.107050749772412	-0.617072750349652	0.537186741347722	0.999831983216163
ENSMUSG00000120777	68.8402056577364	-0.183720766241871	0.114368395096426	-1.62811943127758	0.103499564100266	0.999831983216163
ENSMUSG00000089685	17.0255840897534	-0.00297682064844883	0.0883563604753703	-0.0337120885186653	0.973106739208832	0.999831983216163
ENSMUSG00000138579	15.2405917709007	-0.0114837704949302	0.0824713848336622	-0.139411118032397	0.889125287234271	0.999831983216163
ENSMUSG00000116290	126.493539685706	-0.0663144514299977	0.121863404930206	-0.544657007852893	0.585989438645468	0.999831983216163
ENSMUSG00000087526	14.3824524027008	-0.0246780297436304	0.0820492194946961	-0.303005329705894	0.761885799906717	0.999831983216163
ENSMUSG00000109857	18.8635308548297	-0.0340331157025451	0.0915760478699198	-0.373649772561071	0.708664898519679	0.999831983216163
ENSMUSG00000138842	48.3455028599584	-0.124410964384257	0.111411847007353	-1.12973633664684	0.25858734114902	0.999831983216163
ENSMUSG00000084834	20.8142419685658	-0.054040272134341	0.0909491913932866	-0.602493805836453	0.546845485089665	0.999831983216163
ENSMUSG00000140097	33.3307498757677	0.0404672214324662	0.104289853278171	0.386587267605544	0.699061785447315	0.999831983216163
ENSMUSG00000140435	297.716798311106	0.0728822670002125	0.0735388834947748	0.966242154606487	0.333923023690432	0.999831983216163
ENSMUSG00000140917	37.1919309268456	-0.146345503774258	0.108958004236742	-1.36110855575109	0.173479386271267	0.999831983216163
ENSMUSG00000141095	48.1006133186758	-0.00500607449410784	0.113819196971894	-0.0439619901069413	0.964934702058236	0.999831983216163
ENSMUSG00000141304	14.3548364367952	0.022976024584123	0.0827639004109544	0.276310015795781	0.782309963769675	0.999831983216163
ENSMUSG00000096959	11.3751236173758	0.00726251102808909	0.0764834643529552	0.0945850715889583	0.924644407815845	0.999831983216163
ENSMUSG00000141517	15.6701155984752	-0.0207769687329867	0.0826882880766791	-0.252022398095138	0.801023751284765	0.999831983216163
ENSMUSG00000142272	11.522584704406	0.00630372453766406	0.0767385286658686	0.0820278622046897	0.934624557274068	0.999831983216163
ENSMUSG00000142582	18.5230603387028	-0.147374796490571	0.0903285959196978	-1.69255952474152	0.090539340839243	0.999831983216163
ENSMUSG00000085337	18.7373860543923	-0.0486302244139383	0.0877820803429008	-0.559564109574167	0.57577679116702	0.999831983216163
ENSMUSG00000116581	16.4431516724112	0.0601747748880866	0.085498256817651	0.69502645670654	0.487038721568214	0.999831983216163
ENSMUSG00000143886	21.5228039477885	-0.0942371909106235	0.0939199483134889	-1.02281072171248	0.306397347666705	0.999831983216163
ENSMUSG00000089663	12.0119346144547	-0.0246031062291884	0.0748510919458553	-0.333010592830763	0.739126287167828	0.999831983216163
ENSMUSG00000055972	23.8288500672105	-0.018375459313369	0.0960827517527211	-0.191745854131159	0.847941285956498	0.999831983216163
ENSMUSG00000144085	49.5171131688835	-0.111025276432739	0.11388755730755	-0.981981331182311	0.326109045516138	0.999831983216163
ENSMUSG00000085637	63.1850986654522	0.106825872367329	0.119150403482592	0.893279919027786	0.371707288986142	0.999831983216163
ENSMUSG00000132127	134.175102419361	-0.126441696390182	0.121131962025734	-1.04512087721883	0.295967106185737	0.999831983216163
ENSMUSG00000084866	74.3856175682972	-0.0214633731639566	0.119723991975158	-0.179309622826584	0.857694591384072	0.999831983216163
ENSMUSG00000128869	35.9278225638337	0.0316767571143744	0.107555103036993	0.293436467718697	0.769188554387375	0.999831983216163
ENSMUSG00000051297	88.8591234892422	0.0595127667100072	0.121673143733655	0.488714154920896	0.62504408108153	0.999831983216163
ENSMUSG00000090386	379.29737386355	0.0381928720289213	0.118372823658075	0.322623498508828	0.74698039536588	0.999831983216163
ENSMUSG00000097537	134.866406408795	-0.0406163718058259	0.121782309054175	-0.333861501051088	0.738484072195573	0.999831983216163
ENSMUSG00000109841	15.2107697488464	-0.0525063276634588	0.0832274971760584	-0.640593474418467	0.521786840396911	0.999831983216163
ENSMUSG00000116038	18.7507274566267	0.0594652314150988	0.0911778734653351	0.646531400612767	0.517935268198795	0.999831983216163
ENSMUSG00000121816	16.7089458956333	-0.0320965946363681	0.0879210184797524	-0.367284998526775	0.713406442795821	0.999831983216163
ENSMUSG00000135677	30.3859518377081	-0.094044987058206	0.100708437473021	-0.946112376899628	0.344091271598589	0.999831983216163
ENSMUSG00000075265	18.682996242319	-0.10871488227284	0.0911281470780182	-1.22082673538319	0.222151628859711	0.999831983216163
ENSMUSG00000144242	11.5302277799308	0.0401765355308396	0.0735442184537014	0.540854419982783	0.588607929633951	0.999831983216163
ENSMUSG00000093606	103.368584527816	-0.0163692562288364	0.121708533615661	-0.134527330948907	0.892985600544219	0.999831983216163
ENSMUSG00000117289	47.8644276526227	-0.0506200786423426	0.114773004756553	-0.442089097855176	0.658424733205199	0.999831983216163
ENSMUSG00000125857	15.5972036929338	0.0112752088658345	0.0808601274150866	0.138818464164949	0.889593602962603	0.999831983216163
ENSMUSG00000116652	45.984851132399	-0.0752851070705342	0.112799241369591	-0.670813000751715	0.502339664308462	0.999831983216163
ENSMUSG00000090236	285.758223859124	-0.0829266620255187	0.114251426956444	-0.725921274700366	0.467887033484165	0.999831983216163
ENSMUSG00000092470	115.325066975599	-0.0531285664980955	0.121751637742864	-0.436958109610202	0.662141728197841	0.999831983216163
ENSMUSG00000041566	15.7409454828749	0.0141573327457635	0.0837090288435192	0.16888034555627	0.865890759106851	0.999831983216163
ENSMUSG00000092009	34.8510162881808	0.0556739278323299	0.107808893592742	0.514670925163584	0.606782993958153	0.999831983216163
ENSMUSG00000087066	12.9193718982678	0.0517314495046628	0.0786428024197362	0.647831489209499	0.517093946263285	0.999831983216163
ENSMUSG00000048087	68.4970283894547	0.133974380815355	0.119664925048296	1.11469999884257	0.264979001525766	0.999831983216163
ENSMUSG00000022543	88.4383233262484	0.135194069357337	0.121669952749038	1.10857624514287	0.267613030535147	0.999831983216163
ENSMUSG00000087168	12.4629732694768	-0.0279752779683112	0.0790667533735189	-0.357008401620273	0.72108551607363	0.999831983216163
ENSMUSG00000022494	1600.00842065569	0.0271171430193144	0.0912025976423654	0.297331196690241	0.766213666481723	0.999831983216163
ENSMUSG00000107002	861.441992232627	-0.0788008892210476	0.0978773734877795	-0.805137019617036	0.420740615198186	0.999831983216163
ENSMUSG00000022672	1507.18488835779	-0.146031990703616	0.0908256991369359	-1.60805477966059	0.107823181840389	0.999831983216163
ENSMUSG00000022894	194.203084636564	0.125565020575346	0.120038528383526	1.0450034623609	0.296021369296468	0.999831983216163
ENSMUSG00000022848	2804.43144912564	-0.0410021241741327	0.0844170933778	-0.485729076208641	0.627159265551708	0.999831983216163
ENSMUSG00000038055	1905.04438537807	-0.0172157930022963	0.0865522276260308	-0.198909515087924	0.842333526277273	0.999831983216163
ENSMUSG00000051065	1500.22492529435	0.00736333426407226	0.0901009895379629	0.081721956899533	0.93486781767707	0.999831983216163
ENSMUSG00000022940	960.992544098719	0.137404576637281	0.0947270256366695	1.45032997419189	0.14696652425382	0.999831983216163
ENSMUSG00000091243	49.7106923061202	0.10170351988446	0.114680637307493	0.882361168144459	0.377581527942858	0.999831983216163
ENSMUSG00000022538	792.043121539169	0.0298957053580316	0.0946058022595542	0.315994796155178	0.752006457989762	0.999831983216163
ENSMUSG00000022799	2918.9534972994	-0.124454323580428	0.0965366889223274	-1.28962162466223	0.197182063781287	0.999831983216163
ENSMUSG00000005262	2475.06155564828	0.042749806315161	0.0852033929029495	0.50171874363627	0.615865377833168	0.999831983216163
ENSMUSG00000022747	822.057804635038	0.0196329654433965	0.0970357957803583	0.202314437415442	0.839670913922113	0.999831983216163
ENSMUSG00000116673	422.972773162952	-0.156055667093977	0.118288966293044	-1.32185038996921	0.186217974959341	0.999831983216163
ENSMUSG00000022540	2133.69534934877	0.107238270233427	0.0877533750141997	1.22189057629139	0.221749009610702	0.999831983216163
ENSMUSG00000004462	670.455825461538	-0.0154145168412692	0.0986307904349111	-0.156279137054203	0.875813000494043	0.999831983216163
ENSMUSG00000005982	2942.08228236654	0.0073207140413848	0.0831412935800119	0.0880506030733027	0.929836456853573	0.999831983216163
ENSMUSG00000022788	3939.48243339407	-0.117202631410372	0.0926050499318194	-1.26594427516881	0.205533033503723	0.999831983216163
ENSMUSG00000041079	256.549360207991	-0.0180205463667046	0.114208691017079	-0.157816625001957	0.874601297970826	0.999831983216163
ENSMUSG00000022528	145.54931285903	0.0321927777135133	0.121708277940389	0.264375541299913	0.791490556460369	0.999831983216163
ENSMUSG00000018830	250.190909154987	0.0380426012851088	0.11439657473471	0.332501837158681	0.739510352692119	0.999831983216163
ENSMUSG00000022827	337.788638760904	0.038512991164177	0.111404034743815	0.34562836447211	0.729622026483778	0.999831983216163
ENSMUSG00000009097	63.7025730948885	-0.00402970053775615	0.119151087711412	-0.0338346590430829	0.973008997839645	0.999831983216163
ENSMUSG00000012017	99.2257874980407	-0.0914598629249395	0.121659922226286	-0.752932714495822	0.451490348153388	0.999831983216163
ENSMUSG00000064115	7518.62287607262	-0.0413462846092885	0.100791221262044	-0.410290738434635	0.681592685205852	0.999831983216163
ENSMUSG00000022503	199.778598487398	-0.15943977886283	0.120603132591752	-1.32387522390749	0.185544487926096	0.999831983216163
ENSMUSG00000002845	665.452220869558	-0.0154636963486218	0.105829631301426	-0.146121012189539	0.88382585911912	0.999831983216163
ENSMUSG00000048490	2671.34034725638	-0.0300973379593967	0.091166409305725	-0.330155736351083	0.741282290545343	0.999831983216163
ENSMUSG00000022914	5465.03255403538	-0.11661645752218	0.0913223135067638	-1.2772931469367	0.201498772168147	0.999831983216163
ENSMUSG00000053182	10.722914918839	-0.0122101624582647	0.0750506312916702	-0.163411798549722	0.870194213849786	0.999831983216163
ENSMUSG00000022696	1882.29724642241	-0.098468395486584	0.101025996387837	-0.974954042280265	0.329583057221437	0.999831983216163
ENSMUSG00000004069	2466.4668760731	0.0376310507788203	0.0822802367888671	0.457345771798084	0.647422535242668	0.999831983216163
ENSMUSG00000051146	1896.7794162881	-0.0181814813252763	0.0891313261353431	-0.203984997689578	0.838365222539409	0.999831983216163
ENSMUSG00000008393	1796.4496547342	-0.138230806194245	0.0856386171116122	-1.61420285262618	0.106483433456334	0.999831983216163
ENSMUSG00000022973	10293.9177333177	0.06939124788421	0.0842434252805633	0.82362699961365	0.410151529869883	0.999831983216163
ENSMUSG00000022961	20425.0299610243	-0.0366108632101464	0.0817901090439009	-0.447640499014058	0.654412669976347	0.999831983216163
ENSMUSG00000022545	1333.71307734625	-0.0044838926517479	0.0968931287209497	-0.0462753317583095	0.963090800646079	0.999831983216163
ENSMUSG00000022686	1290.29908431786	-0.048351181403305	0.100671151783022	-0.480383343579671	0.630954835891484	0.999831983216163
ENSMUSG00000090223	3347.30116252277	-0.0592021029107274	0.0986465172683646	-0.600260912985616	0.548332363860043	0.999831983216163
ENSMUSG00000004460	2480.95350930017	-0.0766849974448378	0.0917296155144553	-0.836066244801998	0.403117636736638	0.999831983216163
ENSMUSG00000038037	37.7761382149127	-0.000317814657707655	0.110370203447225	-0.00287775666071742	0.997703885559872	0.999831983216163
ENSMUSG00000039830	639.819414714306	-0.125869337792203	0.114004708428428	-1.10486431508819	0.269218387049017	0.999831983216163
ENSMUSG00000022601	1841.04694522053	0.0949420189817692	0.1011165029555	0.938707215504379	0.347881087801698	0.999831983216163
ENSMUSG00000022898	1373.06965415718	0.0913497370757672	0.0967905757266005	0.943625653017457	0.345360978422127	0.999831983216163
ENSMUSG00000022518	95.0922125744363	-0.110873166699708	0.120483204724064	-0.923493351757959	0.355750163393385	0.999831983216163
ENSMUSG00000038965	4913.10733445895	-0.0589211376752479	0.0802681739216738	-0.73408427973344	0.462897373898367	0.999831983216163
ENSMUSG00000044626	30.0626635161525	0.0387991841429742	0.104340188775421	0.370293403054951	0.71116388863784	0.999831983216163
ENSMUSG00000022507	4771.05712938493	-0.152843969515394	0.0956678017837522	-1.59833243840375	0.109969011825849	0.999831983216163
ENSMUSG00000003527	928.238600217682	0.0169991730247159	0.0960617156466917	0.17694912297537	0.859548352820474	0.999831983216163
ENSMUSG00000022768	32.0219386911597	0.0135010090781599	0.105294035378509	0.128169671551078	0.898014700678035	0.999831983216163
ENSMUSG00000026181	1946.6091960181	0.00324453286954273	0.0869238166599057	0.0373257551031574	0.970225270195142	0.999831983216163
ENSMUSG00000022805	61.3684049939659	0.164330171756908	0.118408162853837	1.37986565693429	0.167628012434035	0.999831983216163
ENSMUSG00000022510	62.3055629103356	0.121918418686346	0.118557981743835	1.02427595551099	0.305704951514044	0.999831983216163
ENSMUSG00000034362	50.7056364116472	-0.111180392184681	0.113671395054287	-0.985998792889456	0.324133705206924	0.999831983216163
ENSMUSG00000033581	21.1294414275932	-0.0651644810250269	0.0926019511825541	-0.712495281527445	0.476158132275948	0.999831983216163
ENSMUSG00000052384	249.498041658148	-0.0247074844331994	0.0983900866722845	-0.252385123002568	0.800743398153958	0.999831983216163
ENSMUSG00000003234	2895.81300921709	0.0940690374194569	0.08830195558796	1.06518621949563	0.286791668423298	0.999831983216163
ENSMUSG00000003955	1084.78442626813	0.0101513849266161	0.0939429107168757	0.108058120048219	0.913949588926901	0.999831983216163
ENSMUSG00000022770	7989.89759603132	0.0228945562759753	0.0801904158729859	0.285497584289212	0.775262954886654	0.999831983216163
ENSMUSG00000041134	240.528910647353	0.083220561614136	0.117216950512523	0.709559277578695	0.477977479974262	0.999831983216163
ENSMUSG00000063358	11317.653162088	-0.0294746183816593	0.0776318093446381	-0.379680958451621	0.704182256520907	0.999831983216163
ENSMUSG00000003166	4557.2908660552	-0.00994269884395781	0.0806448843757904	-0.123290102991248	0.901877377710249	0.999831983216163
ENSMUSG00000052133	209.250441964088	-0.165215576881956	0.118018918207257	-1.40065251805968	0.161318007954819	0.999831983216163
ENSMUSG00000022636	2587.30236409057	0.000177467408885539	0.0920615671976811	0.0019283413176748	0.998461407188212	0.999831983216163
ENSMUSG00000035356	338.983293652601	-0.00869552108670741	0.110169173278903	-0.0789376057956674	0.937082251452468	0.999831983216163
ENSMUSG00000052299	4107.8741958421	-0.0392041583934096	0.0803768738732254	-0.487770264052319	0.625712576100635	0.999831983216163
ENSMUSG00000051989	405.211652974414	0.0767439819593716	0.107107831566027	0.716479300796626	0.473695444229089	0.999831983216163
ENSMUSG00000022678	1241.09310502769	-0.0369609351914843	0.0919923261901856	-0.401789245507728	0.687839137573249	0.999831983216163
ENSMUSG00000022841	9137.83390876338	-0.0281467292852397	0.081938964906866	-0.343517665329468	0.731209053464203	0.999831983216163
ENSMUSG00000022974	8839.94132389542	-0.100532634941603	0.085200358003432	-1.18012915212565	0.23794885163535	0.999831983216163
ENSMUSG00000022783	103.00018119247	0.155765924531672	0.121799172677337	1.27484288468974	0.20236485828996	0.999831983216163
ENSMUSG00000025612	824.676554660269	-0.0670617067694597	0.107388210133629	-0.624636948086796	0.532209364062785	0.999831983216163
ENSMUSG00000022604	1664.91405079738	-0.0191870246227839	0.093543928714019	-0.205123842417028	0.837475368925205	0.999831983216163
ENSMUSG00000013539	1689.04045079392	0.147069757925944	0.0915237891437456	1.60656380044881	0.108150088795439	0.999831983216163
ENSMUSG00000039903	108.431884769175	0.187333628942483	0.121691663566781	1.5325297265746	0.125391767790482	0.999831983216163
ENSMUSG00000035629	2977.79701780648	-0.000906102512513435	0.0810599652385419	-0.0111776648352135	0.991081699511569	0.999831983216163
ENSMUSG00000062901	4536.34476058768	-0.0953226331684111	0.0895792417051744	-1.06429633943517	0.287194475748256	0.999831983216163
ENSMUSG00000022900	24.5796022018585	0.0249902124152231	0.0952221794150068	0.261512858838298	0.793697034533389	0.999831983216163
ENSMUSG00000002847	52.0164232566328	0.011310415158576	0.116306600728657	0.0972430295946682	0.922533397270862	0.999831983216163
ENSMUSG00000051980	13.6723616215298	-0.0875635513196562	0.0800174251512189	-1.13007487337392	0.258444676338491	0.999831983216163
ENSMUSG00000087141	7718.78273549213	-0.143810496561428	0.0932723307893921	-1.54238865534413	0.122979176709594	0.999831983216163
ENSMUSG00000043065	719.78104184826	0.0759411812379732	0.0962336966238068	0.789090873234898	0.430058895864847	0.999831983216163
ENSMUSG00000022867	1537.81036040669	0.118321058377086	0.0903446522049329	1.30955415564771	0.190346705895667	0.999831983216163
ENSMUSG00000022812	7214.07986792958	-0.0406089848454814	0.0944026629980387	-0.430215840615775	0.667038640143055	0.999831983216163
ENSMUSG00000022790	666.785418632371	-0.0625883196887974	0.118343418219783	-0.529288420348557	0.596605387185279	0.999831983216163
ENSMUSG00000052516	1372.02427788817	0.0956161514647473	0.109740728669378	0.870876016502938	0.383821853390225	0.999831983216163
ENSMUSG00000022840	1770.57975323257	-0.0621625416842876	0.0978909084561311	-0.635122981512635	0.525348209574583	0.999831983216163
ENSMUSG00000035270	126.191686730124	-0.0632449265214853	0.121795121063288	-0.520012810427627	0.603054646447445	0.999831983216163
ENSMUSG00000022779	1406.83368539079	0.04406516753834	0.0993731806831859	0.443355496993174	0.657508620035081	0.999831983216163
ENSMUSG00000039427	307.023465852202	0.0831959386288611	0.111510786311881	0.745928324589595	0.455710713846382	0.999831983216163
ENSMUSG00000041774	127.80932615301	0.0276835480491396	0.121861226305538	0.227138930734001	0.820315712719281	0.999831983216163
ENSMUSG00000035790	1326.41053551567	0.0455424365271575	0.0894723843544989	0.508999248072253	0.610752751171576	0.999831983216163
ENSMUSG00000022983	1922.66085315063	-0.0453579285118058	0.0902861355546774	-0.502396240302445	0.615388823185347	0.999831983216163
ENSMUSG00000022972	227.872348862066	0.0355553810118389	0.117079930399113	0.303622636265723	0.761415403996259	0.999831983216163
ENSMUSG00000046962	1052.88934692683	-0.0635177188967794	0.0975764499228156	-0.651033332757089	0.515024970003029	0.999831983216163
ENSMUSG00000045625	304.121015767891	-0.0731392169392429	0.111217673139457	-0.65765577128875	0.510759348609267	0.999831983216163
ENSMUSG00000045275	82.2491160564505	0.0645219547162874	0.120128369060368	0.53604785762065	0.591925475432822	0.999831983216163
ENSMUSG00000022674	2356.29889798142	-0.064059138955871	0.0847133175620391	-0.756221904900737	0.449516161579784	0.999831983216163
ENSMUSG00000003528	812.117684756064	-0.113789077811994	0.0970262943841918	-1.17279532794945	0.240877892157338	0.999831983216163
ENSMUSG00000118669	1087.97825778777	0.0205576128616671	0.0907905008120632	0.22642880637529	0.820867925405792	0.999831983216163
ENSMUSG00000022761	2384.72386165706	0.00722761204540959	0.0876182935443098	0.0824887557680418	0.934258059459582	0.999831983216163
ENSMUSG00000062203	5566.60865533149	-0.0438585720355642	0.0877150146946208	-0.500051486846743	0.617038824451585	0.999831983216163
ENSMUSG00000054939	189.329319927523	0.0384435222578157	0.118863437182882	0.323426482124309	0.746372276503185	0.999831983216163
ENSMUSG00000033918	1051.97937984123	0.11940418094848	0.0912603242853184	1.30829150048973	0.190774456900048	0.999831983216163
ENSMUSG00000022887	494.696541134632	-0.151294761156236	0.10371460502174	-1.45876559543832	0.144629634943197	0.999831983216163
ENSMUSG00000040785	31440.2930122514	0.0472300517587619	0.0895566888269843	0.52732698711809	0.597966536548615	0.999831983216163
ENSMUSG00000040732	168.427156119528	-0.0902886476654818	0.12170027325787	-0.743223920811524	0.457346123267637	0.999831983216163
ENSMUSG00000063445	523.644045303061	-0.0424390874161738	0.104036299557369	-0.407903498189372	0.683344524415861	0.999831983216163
ENSMUSG00000039763	570.820160702481	0.134965694321848	0.108295200584771	1.24590010445964	0.212801071745724	0.999831983216163
ENSMUSG00000022947	87.0399934778339	0.0803544555990503	0.12130593949455	0.661064293095607	0.508571083029616	0.999831983216163
ENSMUSG00000022515	1725.42129805696	0.0337700332039267	0.0947413899105927	0.356412714068723	0.72153150927603	0.999831983216163
ENSMUSG00000071533	4982.79775078652	-0.0151504137902886	0.0804659264309098	-0.188285780571932	0.850652631466526	0.999831983216163
ENSMUSG00000068284	3540.79332273425	-0.0530246741650197	0.0880448420493713	-0.602298646211625	0.546975361830381	0.999831983216163
ENSMUSG00000022890	4598.26335098545	-0.0035648590648699	0.0844138806296427	-0.0422304050019892	0.966315024487376	0.999831983216163
ENSMUSG00000005981	2872.57417481956	0.0536090699807424	0.0825006727732971	0.649772154673943	0.515839407994491	0.999831983216163
ENSMUSG00000038084	6969.43791710573	0.0300410261961213	0.0858404569969048	0.349952858628794	0.726374076629587	0.999831983216163
ENSMUSG00000022500	701.345916128049	0.0814911650711766	0.109356761487521	0.744838500020186	0.456369357352646	0.999831983216163
ENSMUSG00000022897	3555.52321354379	-0.0423649856287574	0.0830898803091176	-0.509888208878668	0.610129783071341	0.999831983216163
ENSMUSG00000033031	161.89958483673	0.0593707325418559	0.120702535461518	0.491800103590427	0.622860663297354	0.999831983216163
ENSMUSG00000006958	1082.95375108763	0.0739658293473909	0.104468608992869	0.707786809973221	0.479077658589141	0.999831983216163
ENSMUSG00000047141	2042.57639149337	0.0770806929151752	0.0963679741053654	0.799759554793469	0.423850120455336	0.999831983216163
ENSMUSG00000022548	7221.12301189449	0.136281584557569	0.0921625217649546	1.47824784954092	0.139341450692315	0.999831983216163
ENSMUSG00000022536	4073.35398840611	0.0536090944457303	0.080178359749225	0.668600090942698	0.503750614555143	0.999831983216163
ENSMUSG00000014074	1699.67400676585	-0.0250769826747395	0.0897631906969525	-0.279374321328358	0.779957575458261	0.999831983216163
ENSMUSG00000064061	5549.22568593501	0.0141646241364593	0.0815345483026828	0.173725263704273	0.862081381859458	0.999831983216163
ENSMUSG00000004366	319.849706963922	-0.0102170870805566	0.0757416204532832	-0.135615368828718	0.892125355135977	0.999831983216163
ENSMUSG00000040681	2142.86390746181	-0.0541012615429978	0.0850359920398471	-0.636233960913689	0.524623940983398	0.999831983216163
ENSMUSG00000022957	7322.5046545918	-0.0673409839976642	0.0893526599033144	-0.753749542245435	0.450999627296117	0.999831983216163
ENSMUSG00000022967	1740.50467414725	-0.127337488635257	0.0991698323639023	-1.28444248712352	0.198987174930996	0.999831983216163
ENSMUSG00000098274	85.7825254763818	0.0703008052120583	0.121434070920364	0.577957643533453	0.563292716180281	0.999831983216163
ENSMUSG00000022883	983.422768508901	0.081807058063759	0.104408079098949	0.78339068067454	0.433397727071238	0.999831983216163
ENSMUSG00000050240	316.724294531559	-0.0126032022925975	0.110908204866153	-0.113640281977623	0.909522953774476	0.999831983216163
ENSMUSG00000091712	1010.38851591102	-0.096132130084535	0.0992886914715103	-0.968291358721341	0.332898879192499	0.999831983216163
ENSMUSG00000022687	3482.15669168329	-0.0318867763538483	0.0802461298341694	-0.397366964107245	0.691096873159432	0.999831983216163
ENSMUSG00000022529	1311.70348202396	0.0661444645925298	0.0932807059225305	0.709010316747781	0.47831807469632	0.999831983216163
ENSMUSG00000068617	175.972463667354	0.160660017063717	0.121424159025085	1.31954316256884	0.186987590158092	0.999831983216163
ENSMUSG00000043336	150.579726751592	-0.115005081841307	0.121734878878325	-0.946271866363001	0.34400993901313	0.999831983216163
ENSMUSG00000014075	299.928188112627	0.0394521400423685	0.11320921234472	0.348418108803642	0.727526204664548	0.999831983216163
ENSMUSG00000022856	494.718016999981	0.0619680862373713	0.105256549368153	0.588708457924529	0.55605686315868	0.999831983216163
ENSMUSG00000040820	854.566238360279	0.0521442565745433	0.105947561122601	0.492083222000305	0.622660512600994	0.999831983216163
ENSMUSG00000115219	22.3812102394903	0.0426314428856381	0.0888536905814619	0.474234291775703	0.635332842325955	0.999831983216163
ENSMUSG00000022756	683.023247697651	-0.0321810096226254	0.0997784232404254	-0.322528218646454	0.747052563568023	0.999831983216163
ENSMUSG00000022913	500.360176638491	-0.0250824347490616	0.105845908446275	-0.237003568670445	0.812654021726672	0.999831983216163
ENSMUSG00000022704	905.053447627548	0.0163946134561324	0.0941759087139328	0.174085533571802	0.861798242140914	0.999831983216163
ENSMUSG00000044442	558.453493473562	-0.116167704940569	0.113865058643001	-1.02087770512101	0.307312383218029	0.999831983216163
ENSMUSG00000022760	579.281420450585	0.0617188289612432	0.10439151369742	0.591083594256899	0.554464411627632	0.999831983216163
ENSMUSG00000022978	139.745857887886	0.100833115976118	0.121305200120158	0.830624787688632	0.406185627191808	0.999831983216163
ENSMUSG00000047261	4466.65521402896	0.0856175402279706	0.0893216528890594	0.958400775120835	0.337860704530544	0.999831983216163
ENSMUSG00000005718	209.444969883245	0.197975017677159	0.119908488639486	1.64786832518248	0.0993796945126214	0.999831983216163
ENSMUSG00000044763	751.15467144248	0.00921383429349682	0.109396884277546	0.0842317232817551	0.932872196272735	0.999831983216163
ENSMUSG00000075254	2057.78314668793	0.031821118018177	0.0927858057940701	0.342939447335987	0.73164401459084	0.999831983216163
ENSMUSG00000022960	1018.74321546369	0.0165491041573258	0.0973596143088825	0.169986305681537	0.865020906395283	0.999831983216163
ENSMUSG00000033809	285.647915907117	-0.0357978045990502	0.117291023009016	-0.305231328962773	0.760189973123041	0.999831983216163
ENSMUSG00000022837	1478.55040912712	0.0336079479352478	0.0890664830081847	0.377336201594294	0.705923772157287	0.999831983216163
ENSMUSG00000022817	2272.91928403679	0.111710793310291	0.0859836649938997	1.29906750091218	0.193920765033333	0.999831983216163
ENSMUSG00000075122	59.5992313931597	-0.0255504311285879	0.117723393164018	-0.217423570011435	0.827878264302967	0.999831983216163
ENSMUSG00000043140	835.570737247709	0.0509154314509423	0.0939966085460491	0.541666126587865	0.588048528819163	0.999831983216163
ENSMUSG00000051669	84.358257060851	0.0361722551746393	0.119323401282955	0.302671648602287	0.762140106048828	0.999831983216163
ENSMUSG00000005615	2312.85050515182	-0.049635062279456	0.0940199318593235	-0.527985103588104	0.597509675129255	0.999831983216163
ENSMUSG00000022710	8431.11607284413	0.0557528188601191	0.0766984906204354	0.726881795386954	0.467298370078154	0.999831983216163
ENSMUSG00000052013	13.6091847574944	0.0876633922865351	0.0775852971429319	1.11100036541457	0.266568192015505	0.999831983216163
ENSMUSG00000050783	22.5242295845399	0.107333064447954	0.0931307138549264	1.13601105384488	0.255951938117208	0.999831983216163
ENSMUSG00000022820	1625.44891571895	0.118244078406328	0.0891455808960829	1.3262894433609	0.184743842214496	0.999831983216163
ENSMUSG00000005958	111.432207433243	0.0270034901330883	0.121752040284324	0.221503255433534	0.824700602082885	0.999831983216163
ENSMUSG00000055692	365.185718976808	0.18852756305278	0.115426074912724	1.63150643949283	0.102783502200642	0.999831983216163
ENSMUSG00000022811	5213.6752403242	-0.0186076212135135	0.0842484767199014	-0.220871822092804	0.825192238300091	0.999831983216163
ENSMUSG00000035506	174.849518132829	-0.0241253202232189	0.119389699143358	-0.202157743357957	0.839793406955005	0.999831983216163
ENSMUSG00000012114	1987.80704760688	-0.00145836684385308	0.0984011664349329	-0.0148193044786275	0.988176338525484	0.999831983216163
ENSMUSG00000025616	2164.21183434273	-0.0745387536805908	0.0858039878559266	-0.868768308814255	0.384973870320321	0.999831983216163
ENSMUSG00000025613	6754.34010628174	0.0373041842087211	0.0826893598854031	0.451120809914767	0.651902480127284	0.999831983216163
ENSMUSG00000006998	7466.66214156214	0.00687723334288089	0.079566818296421	0.0864337274445518	0.931121636619701	0.999831983216163
ENSMUSG00000034473	625.607053195058	0.0361180938898586	0.101699707395562	0.355135459110001	0.722488113243002	0.999831983216163
ENSMUSG00000033187	22.6721252243644	0.105308749449303	0.0956303878081557	1.08549640384849	0.277701855579184	0.999831983216163
ENSMUSG00000003235	2207.78488906066	-0.0436760162534158	0.0878635897165084	-0.497113419066224	0.619109072217241	0.999831983216163
ENSMUSG00000022773	42.0657256685295	-0.0211951228160959	0.112378367070344	-0.188801356062097	0.850248508973929	0.999831983216163
ENSMUSG00000013089	3197.83310493963	-0.0260156774966843	0.0994853137147954	-0.261528018053219	0.793685345854347	0.999831983216163
ENSMUSG00000022836	271.827024116725	-0.130376624727941	0.115392613342375	-1.13019143683531	0.258395567254335	0.999831983216163
ENSMUSG00000040666	595.623299029331	0.0794358120078234	0.104237053772169	0.761922991874126	0.446105966710091	0.999831983216163
ENSMUSG00000043811	1371.69339039956	-0.12675057805911	0.0952172215580292	-1.33134922567386	0.183074127948582	0.999831983216163
ENSMUSG00000005846	2274.27272932366	0.0289200459937035	0.0847778104215984	0.341120612553419	0.733012784310649	0.999831983216163
ENSMUSG00000022901	41.1239031235614	-0.0305108101095101	0.111464047498881	-0.274362525279806	0.783806038900265	0.999831983216163
ENSMUSG00000022964	4373.60681113664	0.120199990546635	0.0797055759738583	1.50791624820445	0.1315759635664	0.999831983216163
ENSMUSG00000022905	6065.21469504954	0.0112674723034352	0.0822875573544972	0.136927831637309	0.891087839565011	0.999831983216163
ENSMUSG00000035764	3279.1672303896	-0.139763022851506	0.0814508352041452	-1.71605921102557	0.0861512057313513	0.999831983216163
ENSMUSG00000022853	156.496093169074	0.207784297151178	0.119713507838138	1.73289921809126	0.0831135832910724	0.999831983216163
ENSMUSG00000000385	19.7586300558613	0.155889605430737	0.0929350471966208	1.64775019003761	0.0994039441154311	0.999831983216163
ENSMUSG00000022682	2802.19522787883	-0.0409341548626237	0.0830761950171763	-0.492737434356545	0.622198123535088	0.999831983216163
ENSMUSG00000039473	2811.76644792069	-0.142381858450162	0.0829983545509087	-1.7156392919953	0.0862280823085496	0.999831983216163
ENSMUSG00000059003	2741.24801765076	-0.0223972558002416	0.0954910706964997	-0.234559847055935	0.814550377508023	0.999831983216163
ENSMUSG00000072419	13.1857007998495	-0.0103775180991793	0.080136940589012	-0.129764207999934	0.896752981303513	0.999831983216163
ENSMUSG00000048939	537.964167773587	-0.110310322758957	0.103261261308221	-1.06836106839362	0.285357671292071	0.999831983216163
ENSMUSG00000046961	22.4146939836716	-0.0166992001012727	0.0931543553217788	-0.179878083402931	0.857248281453499	0.999831983216163
ENSMUSG00000043391	2661.60495696017	-0.0928308782731204	0.0836763118181082	-1.10945908977366	0.267232183508169	0.999831983216163
ENSMUSG00000022769	336.835047451218	-0.16889579601917	0.116924969790885	-1.44583732210785	0.148222835237461	0.999831983216163
ENSMUSG00000002846	738.893459277606	-0.113557329786046	0.0973721606158378	-1.16620266313293	0.243532516097539	0.999831983216163
ENSMUSG00000022766	261.791103447513	-0.10157232757281	0.115422710571852	-0.880233372325144	0.378732898225622	0.999831983216163
ENSMUSG00000049871	93.4685354480376	-0.0955740201836243	0.121789253897063	-0.78591845494823	0.43191526193985	0.999831983216163
ENSMUSG00000022863	171.088745069771	-0.090020227160556	0.120795465869679	-0.746121611677309	0.455593955240615	0.999831983216163
ENSMUSG00000022787	285.868317847137	-0.01418159757672	0.113702582825307	-0.124707097890415	0.900755437968575	0.999831983216163
ENSMUSG00000022750	2633.44702811472	0.0482988326414708	0.0834633844108195	0.57865700684414	0.562820631055899	0.999831983216163
ENSMUSG00000058240	2586.98948716238	0.0787106438111504	0.0860913056027183	0.914200858538937	0.360611313120126	0.999831983216163
ENSMUSG00000035578	135.801172000435	-0.0443494662426504	0.121612752980871	-0.36506918262468	0.715059764350968	0.999831983216163
ENSMUSG00000059920	1467.90419511334	-0.0690699609030216	0.0867990100245179	-0.795763717834857	0.426169383889729	0.999831983216163
ENSMUSG00000039637	1568.97704380517	-0.0321849556716977	0.0913496306244759	-0.352324930397982	0.724594593549473	0.999831983216163
ENSMUSG00000022498	1695.33649858622	-0.0762333622515078	0.089104689692209	-0.855610385184608	0.392213323642604	0.999831983216163
ENSMUSG00000008976	2194.64977509491	-0.0475213525488157	0.0844938593263537	-0.562441441914843	0.573815290261995	0.999831983216163
ENSMUSG00000022718	2230.04168248182	0.0340008623410336	0.0845437798235373	0.40215495177951	0.687569993093805	0.999831983216163
ENSMUSG00000032940	118.163232514363	0.0678079568052606	0.121628643151292	0.556950983022941	0.577560919780407	0.999831983216163
ENSMUSG00000022679	2088.72656894404	-0.0603577394732791	0.093699196391183	-0.644217613265175	0.519434331004214	0.999831983216163
ENSMUSG00000022831	73.5522347965848	0.0107682738358513	0.1199723689956	0.0896950301923155	0.928529565356463	0.999831983216163
ENSMUSG00000050908	490.662465977851	-0.00962794730459533	0.104006719767813	-0.0925782768381338	0.926238602190031	0.999831983216163
ENSMUSG00000022684	1802.15946857774	-0.0566602498351967	0.0868052082511543	-0.652759705936	0.51391120427707	0.999831983216163
ENSMUSG00000023088	1119.73656309317	-0.0288216392065622	0.0922960612498758	-0.31226802218777	0.75483684038912	0.999831983216163
ENSMUSG00000022698	4760.59973086505	-0.0528484117200396	0.0869041812874425	-0.608172131544075	0.543073315913934	0.999831983216163
ENSMUSG00000022676	10.5411280502705	-0.0634189365565079	0.0722452291635799	-0.907926014973944	0.363917311900368	0.999831983216163
ENSMUSG00000022701	288.377319568561	-0.021838534097656	0.113103652082634	-0.193119153971288	0.846865652313244	0.999831983216163
ENSMUSG00000075704	338.105705085731	-0.0164694043369981	0.109857782294282	-0.149910287353643	0.880835395305076	0.999831983216163
ENSMUSG00000022504	82.5610174589731	-0.132438941666711	0.120799953269294	-1.09953223796559	0.271535980282363	0.999831983216163
ENSMUSG00000025610	16.1466123281533	-0.0189081493559992	0.0806925385516533	-0.234949773906742	0.814247716652376	0.999831983216163
ENSMUSG00000039851	95.7483541648921	0.148641961200819	0.121831869656774	1.21670555079849	0.223716266375208	0.999831983216163
ENSMUSG00000022951	1091.65479533687	-0.0325694678438851	0.0927090965369715	-0.351305553799115	0.725359128827079	0.999831983216163
ENSMUSG00000022982	3095.1895916994	0.133294201461107	0.0877638211656472	1.51850686168912	0.128886671037659	0.999831983216163
ENSMUSG00000047953	15.7495869122042	0.0818407271177262	0.0865001271082837	0.933101556961586	0.350767535328301	0.999831983216163
ENSMUSG00000047714	4630.66863192653	0.0724929012552077	0.0810759215867281	0.894084496369949	0.371276683727811	0.999831983216163
ENSMUSG00000022661	1821.24183984097	-0.0617820099273473	0.088761756889101	-0.696060090244871	0.486391198783104	0.999831983216163
ENSMUSG00000005580	1648.3815202921	0.0602315307938414	0.0925556542137946	0.650725477512267	0.515223713758339	0.999831983216163
ENSMUSG00000022865	1240.29535026719	-0.0494656534000903	0.0934437563846728	-0.529402496712899	0.596526266572951	0.999831983216163
ENSMUSG00000022637	1366.10228771648	-0.0761016905783091	0.094483645946065	-0.805510573987128	0.420525106989617	0.999831983216163
ENSMUSG00000022758	21.3182360292397	0.121687926021909	0.0952264833317396	1.25992760913087	0.207695477884139	0.999831983216163
ENSMUSG00000022724	176.640635521274	-0.0360060943698794	0.119017053788284	-0.302613238431205	0.762184624443178	0.999831983216163
ENSMUSG00000022797	5937.00578247878	-0.0169393829240167	0.0929488046916857	-0.182253781341655	0.855383568279399	0.999831983216163
ENSMUSG00000022807	937.874187961877	0.0648341703761481	0.0973163764016207	0.666205735864993	0.505279607184628	0.999831983216163
ENSMUSG00000022512	317.950251290435	0.0726999120566757	0.0950287737814328	0.754065309175331	0.450810006774541	0.999831983216163
ENSMUSG00000039929	490.696474605317	0.0167907936471324	0.105059886037325	0.15981814501926	0.873024330147094	0.999831983216163
ENSMUSG00000014301	29.1202461781033	-0.0992863358979332	0.103072740605601	-0.974967226579671	0.329576517064179	0.999831983216163
ENSMUSG00000022749	1890.22366529763	0.0609080110924777	0.0840557997706009	0.724598333600152	0.468698481531434	0.999831983216163
ENSMUSG00000005732	781.802713075297	0.0331452582116686	0.0954352002312971	0.347301694876389	0.72836467761625	0.999831983216163
ENSMUSG00000053062	3813.90793586707	-0.0958641509476198	0.0846570365207432	-1.13250645511758	0.257421572074412	0.999831983216163
ENSMUSG00000039568	2352.58625915166	0.00109480591520081	0.0836595759579774	0.0130869419212849	0.989558429144978	0.999831983216163
ENSMUSG00000022757	4296.11916856427	0.00893033791699574	0.0794521930125894	0.112399095157416	0.910506972742105	0.999831983216163
ENSMUSG00000055447	8352.94074983504	-0.0864843099335422	0.0997361021074229	-0.867407735600395	0.385718644897713	0.999831983216163
ENSMUSG00000022793	870.616081941758	-0.105578737694248	0.0947299261189973	-1.11453537665429	0.265049576487581	0.999831983216163
ENSMUSG00000071550	183.314802685788	0.0222276864998399	0.118940176156554	0.186901425385995	0.851737921596215	0.999831983216163
ENSMUSG00000065979	1166.74515847305	-0.0668050599682539	0.0899097750406021	-0.743035698143665	0.457460067980436	0.999831983216163
ENSMUSG00000022711	1027.62708704021	-0.0694082324067179	0.0918196603434344	-0.755913692607575	0.449700943846737	0.999831983216163
ENSMUSG00000022884	25659.3204615593	0.0678777412305816	0.0833602528568273	0.814195606542964	0.415532901969032	0.999831983216163
ENSMUSG00000022751	267.944814358497	-0.0903597259857149	0.113911255902779	-0.793328300241938	0.427586572580355	0.999831983216163
ENSMUSG00000022800	4542.35566628283	-0.0514117163783772	0.0808565294262348	-0.635865515779426	0.524864080679314	0.999831983216163
ENSMUSG00000041720	7726.59004674885	-0.00431112670834053	0.0832451036450786	-0.0517883123815422	0.958697368423438	0.999831983216163
ENSMUSG00000033653	1399.95796283978	-0.00377212066877467	0.0917554734469026	-0.0411112904232972	0.967207173758049	0.999831983216163
ENSMUSG00000022673	718.713432866835	-0.0056271093342577	0.0967566300332768	-0.0581587830270112	0.953622151499829	0.999831983216163
ENSMUSG00000022843	1330.70511966453	-0.00692540198142405	0.0960372017286908	-0.0721106116295486	0.942513881353531	0.999831983216163
ENSMUSG00000022641	1680.50788683462	-0.0252890430580874	0.103004458588465	-0.245545682343445	0.806033941150923	0.999831983216163
ENSMUSG00000037965	2238.5721033404	0.0590487648931256	0.0844112552332017	0.699508995881565	0.484233993070248	0.999831983216163
ENSMUSG00000022946	3695.89239165568	-0.00989366817723001	0.0811664645829141	-0.121894101238006	0.902982887322119	0.999831983216163
ENSMUSG00000022658	8856.47301242868	0.0161217949862821	0.0821430342990699	0.196260966843678	0.844405911157767	0.999831983216163
ENSMUSG00000022681	649.25235898302	0.0683149116898586	0.100339715896964	0.680766137511255	0.496019479891902	0.999831983216163
ENSMUSG00000022912	502.525906579704	-0.0612968312276155	0.103595450285923	-0.591750243487775	0.55401784631514	0.999831983216163
ENSMUSG00000022935	932.454686221587	-0.0257210945272315	0.106902591280749	-0.240658545724654	0.809819770454396	0.999831983216163
ENSMUSG00000068663	3497.0432860251	-0.11602018581351	0.0902809767850811	-1.28533137858615	0.198676509486354	0.999831983216163
ENSMUSG00000022665	118.915431787592	-0.0322107761630191	0.121093565401985	-0.266230386754777	0.79006178199074	0.999831983216163
ENSMUSG00000023791	355.975257618309	0.0326569338850094	0.111647483912157	0.292446411486769	0.769945327135653	0.999831983216163
ENSMUSG00000022721	961.823384522592	-0.0177612307586955	0.0988510121350498	-0.179676988560031	0.857406159885081	0.999831983216163
ENSMUSG00000009569	1919.64349694564	0.0841853332931142	0.0871155829258333	0.966311853492518	0.333888156462568	0.999831983216163
ENSMUSG00000052459	19644.7192358437	0.0571637680913944	0.0797630194512426	0.716628594073502	0.473603296177528	0.999831983216163
ENSMUSG00000041205	1906.39097041512	-0.154117686030852	0.0866742032334311	-1.77828584880747	0.0753569193301375	0.999831983216163
ENSMUSG00000057880	16466.6729725722	0.0814445699738911	0.0885165470022175	0.919970371432743	0.357588242517264	0.999831983216163
ENSMUSG00000039680	607.142799964093	0.0712257914688434	0.104492408205872	0.681513840307043	0.495546412261636	0.999831983216163
ENSMUSG00000041974	99.5801974016347	-0.102965632275292	0.121646208446986	-0.848382421086786	0.396225029376118	0.999831983216163
ENSMUSG00000074892	2254.52425716013	0.0145568284943752	0.0930407413836568	0.156457139868555	0.875672700561004	0.999831983216163
ENSMUSG00000022748	187.439671310147	-0.0217357530765135	0.119147275097839	-0.182449846204662	0.855229710588209	0.999831983216163
ENSMUSG00000061751	2027.56106954682	0.0103299063190384	0.0973647019861466	0.106097912904617	0.915504667061117	0.999831983216163
ENSMUSG00000004843	2015.16032371409	-0.0590002178099914	0.0864160084110863	-0.682778507941396	0.494746812313883	0.999831983216163
ENSMUSG00000037991	34.2053603398543	0.180913908144956	0.10678960992263	1.6709944557962	0.0947227729110957	0.999831983216163
ENSMUSG00000022838	48.13428313706	0.0416338812402953	0.114350891261703	0.363407898257672	0.716300202556462	0.999831983216163
ENSMUSG00000052917	3101.54644783871	-0.115121935751282	0.0893552940748645	-1.28858246502455	0.197543282722887	0.999831983216163
ENSMUSG00000022763	9355.39122611178	0.00886252010288465	0.0963572786187313	0.0919730695710052	0.926719436250497	0.999831983216163
ENSMUSG00000022707	557.972627572683	0.0959652835592767	0.103364176187814	0.928372809847596	0.353214217661435	0.999831983216163
ENSMUSG00000022833	178.486756324976	0.0376622879464066	0.118860576000047	0.316768248272722	0.751419458614467	0.999831983216163
ENSMUSG00000051483	1301.82163848719	0.0683024853009235	0.0929383471491672	0.734868925986683	0.462419324687464	0.999831983216163
ENSMUSG00000002844	1783.37153773448	-0.00230340766800497	0.0848975036111976	-0.0271309243970597	0.978355309731913	0.999831983216163
ENSMUSG00000003531	1049.91412330143	-0.032432188404618	0.0947376836098417	-0.342334898047558	0.732098875519282	0.999831983216163
ENSMUSG00000022858	4054.1216597955	0.0248357381189517	0.0913349148053214	0.271907312083901	0.785693288766212	0.999831983216163
ENSMUSG00000022723	242.629440038562	-0.211993326698946	0.11796092230119	-1.79969174583568	0.0719093251611271	0.999831983216163
ENSMUSG00000022516	1171.66172820902	-0.0229124461621729	0.0954702994853168	-0.239999853518457	0.81033037016177	0.999831983216163
ENSMUSG00000034158	4765.34751729693	-0.0440349976303493	0.0848594461292517	-0.518948376397719	0.603796741307688	0.999831983216163
ENSMUSG00000000884	83.8685185043122	0.115490939966294	0.120728492947783	0.953136157883448	0.340521088096604	0.999831983216163
ENSMUSG00000075229	860.315810231172	-0.102364766195505	0.106095259955084	-0.965223166976417	0.334433045634434	0.999831983216163
ENSMUSG00000033157	1760.53833345437	0.0944308099359157	0.0853923316723689	1.10578147201031	0.26882111635836	0.999831983216163
ENSMUSG00000022822	8467.63178712581	-0.0142565305818292	0.081467804485428	-0.174997489988689	0.861081605851621	0.999831983216163
ENSMUSG00000022533	4153.20765570499	-0.0413732996742053	0.0963909182696208	-0.429275863616951	0.667722479665825	0.999831983216163
ENSMUSG00000033177	76.8774044007279	-0.075171658532768	0.120658398662102	-0.623982035968756	0.532639382687583	0.999831983216163
ENSMUSG00000022544	52.6779999476083	-0.00211939616541391	0.116646527308643	-0.0181668359465136	0.98550575934922	0.999831983216163
ENSMUSG00000039345	446.981951105681	0.0469433579697407	0.104763183749219	0.448054214385309	0.65411407046682	0.999831983216163
ENSMUSG00000022715	19.056599763543	-0.0358339131720331	0.090602984214875	-0.398389458102309	0.690343127423901	0.999831983216163
ENSMUSG00000045983	10111.0381168164	-0.040119465829644	0.0846038011603222	-0.474230949977635	0.635335225109507	0.999831983216163
ENSMUSG00000004071	1054.45986010893	-0.116396518187272	0.100972111173442	-1.15298904370333	0.248914881566195	0.999831983216163
ENSMUSG00000014039	926.000157330799	0.0390576461277119	0.0974834346292803	0.400632762055206	0.688690521044123	0.999831983216163
ENSMUSG00000022677	1308.38762394728	-0.003766493698259	0.093092551894695	-0.0404576258935815	0.967728289000447	0.999831983216163
ENSMUSG00000039646	322.818318717887	-0.0694135634681865	0.114666282845842	-0.605430155925651	0.544893219135338	0.999831983216163
ENSMUSG00000034064	1321.5365350504	0.0154704517836822	0.0897906775684636	0.172294570395413	0.863205952721671	0.999831983216163
ENSMUSG00000022808	1629.91547651736	-0.0203451225038434	0.0902360926780964	-0.225471222279952	0.821612710305778	0.999831983216163
ENSMUSG00000043008	50.422172617548	-0.0355928645602918	0.114975260083827	-0.310426214619048	0.756236861715112	0.999831983216163
ENSMUSG00000022892	43894.7304438742	0.0261397984014004	0.0793882702514564	0.329256705873471	0.741961665001111	0.999831983216163
ENSMUSG00000047109	49.1077125271371	-0.198387934902918	0.114951378023387	-1.74508071158249	0.0809708205732664	0.999831983216163
ENSMUSG00000039457	60.4611978954708	-0.0562922069129198	0.115973506083741	-0.486616799693314	0.626529915978338	0.999831983216163
ENSMUSG00000071669	769.865548847214	-0.0770500650505082	0.105669778051493	-0.729329873588424	0.465799902777572	0.999831983216163
ENSMUSG00000068428	154.94306861616	0.0843589159143699	0.121867091603009	0.690765200678733	0.489713107774238	0.999831983216163
ENSMUSG00000022885	672.567866860926	0.00599205151251595	0.0987051632891089	0.0607077684719719	0.951591944748655	0.999831983216163
ENSMUSG00000005983	85.1000660135436	-0.116324094560683	0.12099595985421	-0.96489376529519	0.334598024544368	0.999831983216163
ENSMUSG00000023143	250.549251529594	0.0494413085172505	0.114460137964491	0.431828845813593	0.665865812701145	0.999831983216163
ENSMUSG00000022537	405.075779544519	-0.0166256267848776	0.11401937132806	-0.145808121376149	0.884072864496375	0.999831983216163
ENSMUSG00000022521	3527.85266478687	-0.0359429708392652	0.0871134242220412	-0.412622535766909	0.679883187591619	0.999831983216163
ENSMUSG00000060166	1826.18812256103	0.0049360081726648	0.0947056809006208	0.0521178201711323	0.958434813819187	0.999831983216163
ENSMUSG00000022774	2005.36596163238	0.0228472145548759	0.0884423900635023	0.258327074030725	0.796154493128789	0.999831983216163
ENSMUSG00000049502	228.961613516909	0.105150852938202	0.115988223088022	0.906336819673	0.364757602674515	0.999831983216163
ENSMUSG00000000326	1845.27484970666	-0.0764282138339822	0.103466585141771	-0.738858679682205	0.459992815415911	0.999831983216163
ENSMUSG00000000159	16.2750835280525	0.0913587754518099	0.0829601659593834	1.07920520635929	0.280496259255	0.999831983216163
ENSMUSG00000061080	9910.10800877685	0.00850529131544364	0.0924773632334992	0.0919708876265446	0.926721169842674	0.999831983216163
ENSMUSG00000022948	344.424504627126	0.0540433414153338	0.116325248304527	0.464328529704367	0.642412386711054	0.999831983216163
ENSMUSG00000038168	40.5179322954373	0.0154918062588961	0.110829860514936	0.139651941671675	0.888934999179951	0.999831983216163
ENSMUSG00000032932	2175.8004333478	0.00949326089513422	0.0953421862109629	0.0995722614834088	0.920683916485973	0.999831983216163
ENSMUSG00000035107	682.768201622296	-0.0955648201656987	0.101057647093364	-0.945815485462194	0.344242705813991	0.999831983216163
ENSMUSG00000008658	11306.7336646426	0.00777242852792123	0.0826332807582497	0.0940590508016488	0.92506224884279	0.999831983216163
ENSMUSG00000022849	220.36838972556	-0.0683948440383004	0.117131040540249	-0.584058144530534	0.559181193539308	0.999831983216163
ENSMUSG00000052276	12.3838252805848	0.0845508755843709	0.0775525216937865	1.06703700048353	0.285955128146061	0.999831983216163
ENSMUSG00000054604	4274.9023226377	-0.0324999696936907	0.0856775751964405	-0.379346402270653	0.704430646037913	0.999831983216163
ENSMUSG00000022965	1143.32639395775	-0.134895094886888	0.0989592835794064	-1.36339160425713	0.172759125674923	0.999831983216163
ENSMUSG00000022702	472.965652273252	0.0815601736269938	0.107444910467217	0.758888428100609	0.447919301808989	0.999831983216163
ENSMUSG00000022759	47.9847247903314	0.093433852987316	0.112037618466397	0.829497503479303	0.406822948886062	0.999831983216163
ENSMUSG00000002489	9576.35626291206	-0.0598465673404962	0.0918617620179294	-0.651571530131166	0.514677618733858	0.999831983216163
ENSMUSG00000005899	2159.23876152265	-0.0876202621010437	0.0927716477895078	-0.944579983418618	0.344873350080098	0.999831983216163
ENSMUSG00000032965	1625.80150493497	0.00833061201174121	0.0888601781486065	0.0937525527668154	0.925305723007561	0.999831983216163
ENSMUSG00000022706	852.668883702759	0.0286076932377477	0.0961746506664762	0.297433495921118	0.766135574087137	0.999831983216163
ENSMUSG00000071632	444.742159122735	-0.0800386930264992	0.112158831875547	-0.713716592650557	0.475402444096694	0.999831983216163
ENSMUSG00000041957	101.537019596796	0.0548665152319859	0.121871860545307	0.449831929063785	0.652831633366457	0.999831983216163
ENSMUSG00000035376	1179.25890954687	0.00327988495371207	0.0896684273240273	0.0365790732431031	0.97082062949462	0.999831983216163
ENSMUSG00000021018	429.046628983859	0.0593670834481387	0.107032817118242	0.554618647538972	0.579155531434373	0.999831983216163
ENSMUSG00000022523	7658.70233827652	0.0878016468303723	0.0858367403169693	1.02276991118056	0.306416647545482	0.999831983216163
ENSMUSG00000022517	6422.66245932883	-0.0307082529796188	0.0776321856628527	-0.395568402738283	0.69242345067312	0.999831983216163
ENSMUSG00000022816	1069.07794802262	0.0964323302397964	0.101541731757422	0.94940239055543	0.342415994995651	0.999831983216163
ENSMUSG00000022680	2339.63525940752	-0.0467677347104782	0.0841993954720779	-0.555463292917602	0.57857781089464	0.999831983216163
ENSMUSG00000022864	380.392471116882	-0.106337863621509	0.108842059653125	-0.977158881208154	0.328490501131941	0.999831983216163
ENSMUSG00000033149	770.419613195778	0.123207951666012	0.102941513823464	1.19654859831935	0.2314825455767	0.999831983216163
ENSMUSG00000004070	53.0767848856002	-0.0342744235437903	0.114270464849747	-0.300904578030088	0.763487259252568	0.999831983216163
ENSMUSG00000022668	980.42227455263	0.0489348346091475	0.10541392664563	0.464125753747199	0.64255765131537	0.999831983216163
ENSMUSG00000000028	99.8226333260938	-0.0377840616400637	0.121873527933715	-0.310274428271525	0.756352275512589	0.999831983216163
ENSMUSG00000041617	2063.31445514543	0.114644001932894	0.0941295094659022	1.21764516123379	0.223358844752738	0.999831983216163
ENSMUSG00000022829	11888.5401565605	-0.0821907823844948	0.102722847918379	-0.800435389918649	0.423458583538641	0.999831983216163
ENSMUSG00000022771	2195.20085020351	0.0409912413442999	0.0890260813048697	0.460418205489205	0.645216069601599	0.999831983216163
ENSMUSG00000060657	6022.23958043906	0.0185914512784569	0.0811198217039854	0.229181365165644	0.818727955603671	0.999831983216163
ENSMUSG00000022828	748.235119368654	-0.031585142942796	0.10314453890123	-0.306252229257098	0.759412608314911	0.999831983216163
ENSMUSG00000006134	3996.67209574492	0.0453867700227274	0.0867601667432658	0.523106370539057	0.600900232532839	0.999831983216163
ENSMUSG00000022792	760.322686574352	0.00300368118588892	0.0959313607593867	0.0313115079762168	0.975021112871	0.999831983216163
ENSMUSG00000036304	193.388510963347	-0.0475857751311259	0.118117678309714	-0.402922038743671	0.687005577875171	0.999831983216163
ENSMUSG00000022781	3430.77039026472	0.00010880224658825	0.0802229798413894	0.00135679123999896	0.998917437549517	0.999831983216163
ENSMUSG00000022722	1133.5148957567	-0.0503019588780914	0.0924278484854893	-0.544254106647875	0.58626662335316	0.999831983216163
ENSMUSG00000022861	6641.23981846354	0.0604067536743504	0.116155960217084	0.517600168506734	0.604737264193961	0.999831983216163
ENSMUSG00000072214	2034.71433182234	-0.085173949234868	0.0874531260300646	-0.97398123659527	0.330065855734962	0.999831983216163
ENSMUSG00000022971	276.2424326138	0.0190009687101228	0.112144734318319	0.169425361466502	0.865462076295178	0.999831983216163
ENSMUSG00000047434	930.340786345461	-0.0889585151666449	0.0975243401629118	-0.912213416975127	0.361656382365836	0.999831983216163
ENSMUSG00000039456	1691.21128456867	0.0590972930181011	0.0862936000498146	0.684829927327105	0.493451247970257	0.999831983216163
ENSMUSG00000022519	651.112107158035	0.0226463619986973	0.108248972053992	0.209197411094115	0.83429413336244	0.999831983216163
ENSMUSG00000022855	4357.23004796181	-0.0316226329018634	0.0787468169013178	-0.401580889802575	0.68799249632189	0.999831983216163
ENSMUSG00000022663	1976.21257151553	0.0164172703300294	0.0867961513033176	0.189149860457402	0.849975363754133	0.999831983216163
ENSMUSG00000022664	2273.5236019178	0.0355897739877203	0.0901984129721958	0.394560706359096	0.693167117263105	0.999831983216163
ENSMUSG00000022802	648.75199478451	-0.0571521596861506	0.111441070532179	-0.512986834960837	0.607960529794077	0.999831983216163
ENSMUSG00000052504	796.266810606645	-0.0490813094509357	0.106122638532456	-0.462604143031825	0.643648138428135	0.999831983216163
ENSMUSG00000053414	916.397436657729	0.0941321514574332	0.0966032655342144	0.974303370333114	0.329905931714927	0.999831983216163
ENSMUSG00000022911	585.907262207045	-0.047035060434469	0.104526270048948	-0.450023198625773	0.652693713202987	0.999831983216163
ENSMUSG00000050312	483.838432726361	0.0317639570163356	0.112241483961049	0.282956209334154	0.777210405600429	0.999831983216163
ENSMUSG00000014232	749.902303009965	0.0812865202573125	0.0955819098896035	0.850399262515112	0.395103146024087	0.999831983216163
ENSMUSG00000089774	1929.3255282838	0.0617742614343868	0.093364220176698	0.661601375710345	0.508226725651046	0.999831983216163
ENSMUSG00000022671	392.063540789662	-0.0403200997028027	0.106460974788368	-0.378745864135088	0.704876591559118	0.999831983216163
ENSMUSG00000022956	3153.86200482952	0.0136618149916836	0.0901133081512357	0.151602981196391	0.879500081934302	0.999831983216163
ENSMUSG00000050272	887.233139583456	0.011112525395177	0.101008630304789	0.110024379176572	0.912390040500626	0.999831983216163
ENSMUSG00000022762	2568.21894822207	-0.0622982271602599	0.109700053849161	-0.568174446059586	0.569916521283963	0.999831983216163
ENSMUSG00000039789	1562.32009523464	-0.0665701131839104	0.0941907637161364	-0.706839157906704	0.479666437186099	0.999831983216163
ENSMUSG00000022754	37.9934315796408	0.162921697029447	0.105773788271904	1.51719512214007	0.129217427505989	0.999831983216163
ENSMUSG00000023147	2136.10894316656	-0.000892942779932067	0.0860455743253331	-0.0103769664067981	0.991720527307225	0.999831983216163
ENSMUSG00000049436	10.8597524686381	0.0260447605576087	0.0707974168391348	0.363739632980282	0.716052444838959	0.999831983216163
ENSMUSG00000022952	46.3639830056595	-0.0588576910743798	0.113018403086633	-0.522604242830851	0.601249687355313	0.999831983216163
ENSMUSG00000022814	775.114634812078	-0.0201749793067981	0.100270007076432	-0.201212402343604	0.840532494147759	0.999831983216163
ENSMUSG00000022744	2823.88635490292	-0.11108596424492	0.0815130079059895	-1.36286901030949	0.172923796965997	0.999831983216163
ENSMUSG00000022708	6301.91478009629	-0.111354343446544	0.110858513169856	-1.00540822333216	0.314700321764952	0.999831983216163
ENSMUSG00000022844	43.5832879546735	-0.0132846058947027	0.113169704603526	-0.117413996052029	0.906531993541176	0.999831983216163
ENSMUSG00000022667	11.2387017885756	0.0361574918984058	0.0751817635613602	0.476515891398093	0.633706888641537	0.999831983216163
ENSMUSG00000014303	503.704141994345	0.00859801886233616	0.101916771954456	0.0843632814717401	0.9327676003182	0.999831983216163
ENSMUSG00000022789	4974.88670126034	-0.101951797018519	0.0910839461289979	-1.11955314565033	0.262904231487948	0.999831983216163
ENSMUSG00000022889	1128.57535213702	0.00918373540102937	0.0931304500677367	0.098608513711157	0.921449110006551	0.999831983216163
ENSMUSG00000036292	111.325909339709	-0.0286124460055264	0.121837430603858	-0.234999735755743	0.814208938315074	0.999831983216163
ENSMUSG00000036208	110.502817368456	-0.0179305897060525	0.121819294644816	-0.147246086811698	0.882937784999856	0.999831983216163
ENSMUSG00000022752	7124.65058031941	0.0283979265613397	0.0831873125134971	0.341365100639548	0.732828744539499	0.999831983216163
ENSMUSG00000022685	892.958129778348	0.038011215463969	0.0933064301061004	0.407378637510123	0.683729914440382	0.999831983216163
ENSMUSG00000080717	1018.65331362355	-0.0463603651121507	0.092691560321362	-0.500184323380354	0.616945295690985	0.999831983216163
ENSMUSG00000053774	3677.72684441928	-0.108927592659368	0.0969467749130601	-1.1239446889899	0.261036491268209	0.999831983216163
ENSMUSG00000022847	283.192406727325	0.173695618215112	0.120140280075038	1.44202937368816	0.149294087301694	0.999831983216163
ENSMUSG00000003233	3162.49769572396	-0.111093653382864	0.108328430140432	-1.02623141013205	0.304782519120999	0.999831983216163
ENSMUSG00000022962	1013.33269525538	0.0402143975478771	0.0918981134597001	0.437600611072908	0.661675828156618	0.999831983216163
ENSMUSG00000117628	16.0038692163401	0.00578866424188493	0.0830684510733906	0.0694573899499482	0.944625548596197	0.999831983216163
ENSMUSG00000117653	35.5062500021376	-0.0625834756716762	0.108280063925712	-0.580806991445038	0.5613705425345	0.999831983216163
ENSMUSG00000117499	395.991247320579	5.88384667257872e-05	0.109229736733314	0.000539420235968537	0.999569604942808	0.999831983216163
ENSMUSG00000079547	27.6130650502353	0.0388091283432902	0.100668697614006	0.384117884788976	0.70089107629093	0.999831983216163
ENSMUSG00000032855	6112.46931548693	-0.00546218201392838	0.0799289130732833	-0.068337903399966	0.945516652088929	0.999831983216163
ENSMUSG00000046952	23.5771130350093	-0.0386344508962871	0.0958549207878529	-0.406133926068785	0.68464419937278	0.999831983216163
ENSMUSG00000117321	24.5664854987184	-0.0598410025668901	0.0964704868572849	-0.626225409075365	0.531167103346563	0.999831983216163
ENSMUSG00000117246	124.421955668014	0.0308781323274614	0.121406762913987	0.25401932241584	0.799480630466504	0.999831983216163
ENSMUSG00000093686	25.6312677085647	0.0667835401141092	0.0969542338365937	0.682963814130207	0.49462970840311	0.999831983216163
ENSMUSG00000117093	19.3892806239564	-0.084938570959604	0.0915332597716885	-0.945811093970354	0.344244946083676	0.999831983216163
ENSMUSG00000097282	10.5821090368906	-0.00578082232579417	0.0718117600111338	-0.0808201961382284	0.935584946413551	0.999831983216163
ENSMUSG00000117113	331.53824475721	0.0492759088802501	0.120138861185133	0.409740742074181	0.681996139756711	0.999831983216163
ENSMUSG00000117061	10.3121095101516	-0.0564929700649304	0.0702678148840763	-0.830573491408803	0.406214615118247	0.999831983216163
ENSMUSG00000089769	121.871088495902	-0.136860322663606	0.121872867789181	-1.12512206367547	0.260537312940796	0.999831983216163
ENSMUSG00000089817	178.56116114733	-0.200585583849215	0.121480474876643	-1.65599693615943	0.0977224392852323	0.999831983216163
ENSMUSG00000117441	12.6972363072446	0.0198886370507626	0.075787068035958	0.260533191878284	0.794452515642862	0.999831983216163
ENSMUSG00000067189	81.096547837265	0.0788441756395117	0.119769259022503	0.657247892975161	0.51102153510506	0.999831983216163
ENSMUSG00000119584	15169.0493411965	0.088668800706127	0.0906685846187043	0.959501949647774	0.337305937962867	0.999831983216163
ENSMUSG00000061062	70.4792267539617	-0.0858861096032148	0.119317580157842	-0.721771898469027	0.470434729385581	0.999831983216163
ENSMUSG00000116757	35.6082222248454	-0.0883958421914215	0.107416671471118	-0.829947405269019	0.406568520785652	0.999831983216163
ENSMUSG00000095990	41.096634932329	-0.0281218235591679	0.105032418396015	-0.269054549727386	0.787887705176435	0.999831983216163
ENSMUSG00000043801	18.7422030818761	-0.00821321627877496	0.0903597664795494	-0.0909843231367079	0.927505047709955	0.999831983216163
ENSMUSG00000096140	15.7354359626338	-0.0106912581257488	0.0840574352781621	-0.127374473795703	0.898644018621048	0.999831983216163
ENSMUSG00000061242	25.304038469107	0.0372098977350894	0.0991027304206021	0.374295430137409	0.708184531625503	0.999831983216163
ENSMUSG00000117438	56.1444412223799	0.0181032645581617	0.116415180203548	0.155435431604609	0.876478053211701	0.999831983216163
ENSMUSG00000117263	12.8893222127081	-0.0232624341775385	0.076288643646422	-0.308007211922639	0.758076844628315	0.999831983216163
ENSMUSG00000067389	10.5345453460536	0.0121142582403558	0.0696234341278565	0.172986540281305	0.862662007424842	0.999831983216163
ENSMUSG00000036430	359.591978589709	0.0249021134792587	0.108930352933833	0.228583977176502	0.819192279237151	0.999831983216163
ENSMUSG00000086534	25.7316725849414	-0.00718693370723975	0.0907161466009929	-0.0791897985685742	0.936881658673615	0.999831983216163
ENSMUSG00000118081	26.2177091845135	0.0425457935218437	0.0971417191381248	0.435723600647685	0.663037280382219	0.999831983216163
ENSMUSG00000118071	101.144322349489	0.0411212170904521	0.121873707346189	0.337240614151843	0.735935523016523	0.999831983216163
ENSMUSG00000118239	538.889461567874	0.104628369925027	0.104564028209352	1.00048731612911	0.317074732851737	0.999831983216163
ENSMUSG00000048602	142.830358073787	-0.0904056492772553	0.120722827922725	-0.749460112938718	0.453579930984609	0.999831983216163
ENSMUSG00000094891	15.1955930312244	0.0652950388445379	0.0810589383417881	0.795643664598978	0.426239179543557	0.999831983216163
ENSMUSG00000023984	28.7077133127425	-0.0733985223756532	0.102291197224161	-0.723093750786202	0.469622288364604	0.999831983216163
ENSMUSG00000084880	68.759985444297	0.0590164076928454	0.118465075751069	0.496762972992212	0.619356208935409	0.999831983216163
ENSMUSG00000102863	47.411826437954	-0.0412881327118811	0.112236632246929	-0.36855394769021	0.712460227028801	0.999831983216163
ENSMUSG00000049124	43.6573301945008	-0.044327734597661	0.110928144338106	-0.400804326433517	0.688564193315574	0.999831983216163
ENSMUSG00000084893	17.9601833984136	0.00577231521994315	0.0845692660430476	0.0681564683812362	0.945661079548682	0.999831983216163
ENSMUSG00000117603	14.957040125382	0.0319604766679109	0.0849342419068387	0.373990113433336	0.708411671689463	0.999831983216163
ENSMUSG00000117003	81.046704121081	0.119359085987378	0.1197559065165	0.992242708712283	0.321079143228862	0.999831983216163
ENSMUSG00000097217	78.0390416414278	-0.104179851128729	0.120954452312242	-0.863290039290926	0.387978019341533	0.999831983216163
ENSMUSG00000121204	12.1003735501782	-0.0385431996600112	0.0754995437457991	-0.519119303619885	0.603677547780926	0.999831983216163
ENSMUSG00000116802	286.805149588789	0.0921692189489336	0.113048078871468	0.81517846771289	0.414970161226771	0.999831983216163
ENSMUSG00000115842	25.2466241801356	-0.0362233158752425	0.0988913781661104	-0.367899904491913	0.712947871451921	0.999831983216163
ENSMUSG00000066720	13.6567354252105	0.074953537213453	0.0787921018839323	0.931845693913907	0.351416276230192	0.999831983216163
ENSMUSG00000073406	38.1184330245438	0.0487789833214625	0.109990624190203	0.442183410992468	0.658356489383388	0.999831983216163
ENSMUSG00000079491	29.291606471837	0.0358875465701438	0.103360252623315	0.346092395502659	0.729273278216618	0.999831983216163
ENSMUSG00000086472	54.8887990123822	-0.00296367196069967	0.117263376630263	-0.0252819230861776	0.97983009261058	0.999831983216163
ENSMUSG00000084390	29.7598465011138	-0.0422417610751835	0.0935488525579801	-0.45627292259514	0.648193732675519	0.999831983216163
ENSMUSG00000117440	39.3660235206468	-0.0206253241130797	0.108392035101541	-0.190522898791281	0.848899401165387	0.999831983216163
ENSMUSG00000090877	260.057174534552	0.0450620211600608	0.121829867113582	0.369510319252916	0.711747382917968	0.999831983216163
ENSMUSG00000091971	185.609872478638	0.0193813012586652	0.0968358517253571	0.199407565687291	0.841943942764571	0.999831983216163
ENSMUSG00000121067	33.06013683615	-0.0653043241872989	0.106687484971585	-0.615583780776866	0.538169258618919	0.999831983216163
ENSMUSG00000071202	86.5090862974284	-0.174494894039434	0.121198771753632	-1.44487379062677	0.148493339405907	0.999831983216163
ENSMUSG00000121151	20.7858090483716	0.0228200448679295	0.0937507673668019	0.242199544375949	0.808625548076941	0.999831983216163
ENSMUSG00000023083	10.3821710316861	-0.0247312128730816	0.072041425400796	-0.347609911939584	0.728133161343988	0.999831983216163
ENSMUSG00000032739	28.964024277859	0.0334698274376561	0.103290587447992	0.323167842008304	0.7465681336791	0.999831983216163
ENSMUSG00000071052	50.9671507431235	0.00491017540550104	0.111408753521476	0.0440586695061079	0.964857637727777	0.999831983216163
ENSMUSG00000079311	11.1616848170804	-0.0448526724954125	0.0754168326995699	-0.605924045732369	0.544565191225849	0.999831983216163
ENSMUSG00000117171	42.1893285977644	0.08061531043821	0.112160798082165	0.715060434750946	0.474571700528025	0.999831983216163
ENSMUSG00000117027	33.8032335091297	-0.0229772574324588	0.105138165538347	-0.218824132334217	0.826787047531872	0.999831983216163
ENSMUSG00000084755	10.8123465921987	-0.0051524049526743	0.0695072862290372	-0.074029958541008	0.940986547189437	0.999831983216163
ENSMUSG00000117172	25.9906499947893	-0.020316875587515	0.0996316835217891	-0.20442112254035	0.838024425280362	0.999831983216163
ENSMUSG00000043683	1583.57094275246	-0.096518306500976	0.0868119226648027	-1.11183198763157	0.266210395666499	0.999831983216163
ENSMUSG00000047123	201.582981807184	0.0269690568553201	0.116996726526539	0.23046410765691	0.81773115079362	0.999831983216163
ENSMUSG00000117458	32.9707590243661	-0.00733178175436103	0.106238818258797	-0.0690141833524789	0.94497832973577	0.999831983216163
ENSMUSG00000033327	155.524994804922	-0.179530042701595	0.121700081116073	-1.47941581014982	0.139029217174651	0.999831983216163
ENSMUSG00000015451	14.962647231429	0.0876587589023181	0.0794596278660527	1.08249801945359	0.279031294971809	0.999831983216163
ENSMUSG00000062619	77.7071306418298	-0.0429632323977107	0.120829039512529	-0.355841535865915	0.721959241186049	0.999831983216163
ENSMUSG00000096780	103.680443165537	-0.0618438605757619	0.121877901797789	-0.507723798282275	0.611647056323161	0.999831983216163
ENSMUSG00000068141	28.6156200618445	0.0292836936358862	0.103097283907935	0.283218482403061	0.77700936123027	0.999831983216163
ENSMUSG00000116817	10.478543553427	0.0649449248110399	0.0743286636000616	0.857738047735884	0.391037125617536	0.999831983216163
ENSMUSG00000116779	13.7880185786038	-0.024157828865845	0.080115578906936	-0.303421203960462	0.761568888443153	0.999831983216163
ENSMUSG00000116838	13.9585724032829	-0.0350514570972465	0.0798643033803887	-0.444805521702727	0.656460303659967	0.999831983216163
ENSMUSG00000117042	133.27800850634	0.105413817120902	0.121866821063818	0.86300242005916	0.38813613636805	0.999831983216163
ENSMUSG00000090211	10.6475610572074	-0.0346305712907804	0.0732288118457106	-0.479381095444626	0.631667539782182	0.999831983216163
ENSMUSG00000122372	12.1718607836845	0.038712493183334	0.0784691124713725	0.488778770343496	0.624998329552294	0.999831983216163
ENSMUSG00000122396	22.9807573316022	-0.0295139111127576	0.0952505993578478	-0.311221521826724	0.755632222857773	0.999831983216163
ENSMUSG00000121395	1412.46414982543	-0.0450482347453413	0.0946402384082779	-0.476008675887106	0.634068196989021	0.999831983216163
ENSMUSG00000120277	63.8181439089462	0.156216555016261	0.118313817005408	1.31389686014696	0.18888091549426	0.999831983216163
ENSMUSG00000122616	211.814468081694	0.129291759747825	0.116423376533676	1.10978739597279	0.26709065184151	0.999831983216163
ENSMUSG00000116644	15.995524550649	0.0415581827034775	0.0853302033538048	0.483323174922035	0.628866287443278	0.999831983216163
ENSMUSG00000123070	720.960170277254	-0.0505230512914038	0.100650567986764	-0.501958578018905	0.615696658558422	0.999831983216163
ENSMUSG00000086930	11.0481441619533	-0.0564419855959243	0.0759619650902876	-0.759575105595639	0.447508604304958	0.999831983216163
ENSMUSG00000097350	181.04767563385	0.180127866216527	0.118669483778838	1.5160041629843	0.129518299757473	0.999831983216163
ENSMUSG00000120274	56.6884240390704	-0.00271340497892987	0.117247204418185	-0.0231332398301209	0.98154399122517	0.999831983216163
ENSMUSG00000117725	268.832713483688	-0.00923629697441501	0.113665725779198	-0.0812579540623241	0.935236811166072	0.999831983216163
ENSMUSG00000117393	18.5199781729725	-0.0782835481620496	0.0897841306504039	-0.888064608457867	0.374505998749755	0.999831983216163
ENSMUSG00000124977	29.8560385648202	-0.0965231757205134	0.104692091108438	-0.931299734340194	0.351698539359078	0.999831983216163
ENSMUSG00000125064	54.714041995549	0.157747035736345	0.115157413224839	1.35836466660239	0.174348000132489	0.999831983216163
ENSMUSG00000120263	26.2064948919109	-0.00806672592262899	0.0951766741584504	-0.0849315891571937	0.932315777995292	0.999831983216163
ENSMUSG00000125128	37.8160726828293	-0.0932184314050486	0.109946013868357	-0.854328683887228	0.392922898351791	0.999831983216163
ENSMUSG00000121503	170.359348151771	0.143632980804075	0.119976901585723	1.19587811536917	0.231744126509942	0.999831983216163
ENSMUSG00000118084	87.2082477769039	0.0937039333926535	0.121392469434488	0.770142453421073	0.441215395444842	0.999831983216163
ENSMUSG00000092564	18.9625226158312	0.0082266598777391	0.091770973886313	0.0894552928074053	0.92872008225272	0.999831983216163
ENSMUSG00000125383	14.887778416797	-0.002995073390108	0.0843052263143335	-0.0354988745843469	0.971681943762759	0.999831983216163
ENSMUSG00000090307	176.751102062525	0.131579541277039	0.120300280525048	1.09257676135252	0.274579670514004	0.999831983216163
ENSMUSG00000121789	623.336082444547	0.0184714142873533	0.115435134919814	0.159750120547492	0.873077917371122	0.999831983216163
ENSMUSG00000125711	13.4578331328971	0.0303068497978983	0.0813169250103688	0.369782665773017	0.711544431910698	0.999831983216163
ENSMUSG00000089941	27.4124396453347	-0.157510379393687	0.100268378912402	-1.60730537029589	0.107987396825673	0.999831983216163
ENSMUSG00000114492	15.0333322260966	-0.0291525054682803	0.0844000375655455	-0.347454142626342	0.728250163872176	0.999831983216163
ENSMUSG00000089633	19.2987238059547	0.0976880945980629	0.0906067680958837	1.06263185042231	0.287948937194136	0.999831983216163
ENSMUSG00000089907	31.0855350745976	-0.054180302285456	0.101412080530147	-0.537705907540479	0.590780100154818	0.999831983216163
ENSMUSG00000117072	18.5394716325219	-0.0660547850959581	0.0872669371551828	-0.768884387130886	0.441961946717911	0.999831983216163
ENSMUSG00000117004	17.9036566618137	-0.00189885387232777	0.0899820110370652	-0.0210877320077856	0.983175671159857	0.999831983216163
ENSMUSG00000121378	257.721381386797	0.147157668670039	0.115829709633273	1.26961832319446	0.20422061931136	0.999831983216163
ENSMUSG00000097049	16.7680160013859	-0.0772149605024248	0.0826505563509371	-0.958060816969407	0.338032092196625	0.999831983216163
ENSMUSG00000126645	15.8662666729188	-0.0925203760249962	0.0854234039408784	-1.11055696039207	0.266759097346254	0.999831983216163
ENSMUSG00000101133	48.4152563836457	-0.0483512539738475	0.112482763768976	-0.431195175756276	0.666326461409073	0.999831983216163
ENSMUSG00000127348	14.1512587179956	0.0722693296716975	0.0819330798480671	0.870996621805121	0.383755997632617	0.999831983216163
ENSMUSG00000127643	19.227941015028	-0.0169962536280187	0.0914047701337618	-0.186573827299886	0.851994789171876	0.999831983216163
ENSMUSG00000127732	113.935703227664	-0.0311526223014549	0.121881537687981	-0.255656442693221	0.798216131285173	0.999831983216163
ENSMUSG00000090952	31.1416178366708	-0.000810107821326036	0.104235578829208	-0.00777052415613785	0.993800081139465	0.999831983216163
ENSMUSG00000127817	12.7132497703788	0.013741599051629	0.0802543130643625	0.170648343332393	0.86450028293117	0.999831983216163
ENSMUSG00000117358	16.0451063206497	0.00552020351769739	0.0857163119733635	0.0642260997379208	0.948790195707579	0.999831983216163
ENSMUSG00000117648	21.0816517816542	0.143450415074485	0.0917558178914173	1.53197200388545	0.125529343471598	0.999831983216163
ENSMUSG00000128465	53.49946291084	-0.0615594127272363	0.113425800003061	-0.544178056439973	0.586318950580139	0.999831983216163
ENSMUSG00000121743	66.3290532280198	-0.18121196296069	0.11931259807354	-1.52790936394985	0.126535042966241	0.999831983216163
ENSMUSG00000117361	12.03213960901	0.0993284580248542	0.0780834829322456	1.24776521619366	0.212117050397771	0.999831983216163
ENSMUSG00000116858	370.598444284945	-0.0155281587514575	0.109579745223278	-0.141696159039016	0.887320008972353	0.999831983216163
ENSMUSG00000121093	27.0720261656479	0.00635869100614474	0.09922494726901	0.0639791412455704	0.948986835648857	0.999831983216163
ENSMUSG00000116874	34.6816673036356	-0.0444668989165318	0.102388316070915	-0.43607419743331	0.6627828972507	0.999831983216163
ENSMUSG00000097781	74.0553922256169	-0.0711588594992737	0.119688746051688	-0.595556372711196	0.551471628999469	0.999831983216163
ENSMUSG00000128892	14.3740532384565	-0.0896353630287648	0.0816035029794226	-1.13422351264005	0.256700803612514	0.999831983216163
ENSMUSG00000128894	24.2546373443591	0.0141327719292142	0.0978391641008415	0.144172345151804	0.885364378144275	0.999831983216163
ENSMUSG00000128947	22.2797857182629	0.107161384994662	0.095036737221206	1.11256684234389	0.265894507675243	0.999831983216163
ENSMUSG00000066170	10.9979025030867	-0.055725814914674	0.0753026965906564	-0.756097982927567	0.449590451244175	0.999831983216163
ENSMUSG00000120154	20.9553563633185	-0.023085485208514	0.0926243655243543	-0.250108752223892	0.802503247742373	0.999831983216163
ENSMUSG00000129057	12.5028452933657	-0.0410409729350473	0.0785401944618743	-0.52983712650617	0.596224861629389	0.999831983216163
ENSMUSG00000129100	139.005988807018	0.130347011413176	0.121183667257508	1.07393705681957	0.282850893252815	0.999831983216163
ENSMUSG00000093460	30.7556584877109	-0.0082189893102566	0.0434813018474345	-0.192423701926177	0.84741032785164	0.999831983216163
ENSMUSG00000129282	25.4877073200121	-0.051588629743427	0.100484843351186	-0.516666232691627	0.60538917187772	0.999831983216163
ENSMUSG00000118049	43.0050911075088	-0.0175573901494069	0.109252060585882	-0.160992000628013	0.872099701032688	0.999831983216163
ENSMUSG00000130020	21.3871837208498	0.0995985708793554	0.0956093518897454	1.02993432354784	0.303040836954049	0.999831983216163
ENSMUSG00000121111	26.0312843605433	0.0288257184611558	0.099781512243664	0.287861805045182	0.773452525065195	0.999831983216163
ENSMUSG00000130586	14.1809634750181	-0.0825065858268934	0.0783640252732691	-1.08721462406524	0.276941969296119	0.999831983216163
ENSMUSG00000060149	419.049732995793	0.0982117407450064	0.107224957190937	0.915806048525131	0.359768630524117	0.999831983216163
ENSMUSG00000121493	20.9255197396847	-0.0306509635117049	0.0943838489811435	-0.326652735956386	0.743930552018749	0.999831983216163
ENSMUSG00000131804	15.6219408206486	0.113247766339641	0.0819888470077485	1.34816707078226	0.177604653137344	0.999831983216163
ENSMUSG00000132159	51.9038102433571	0.0864834824894528	0.113055234923934	0.760601790714719	0.446894949867317	0.999831983216163
ENSMUSG00000132304	20.1267612054777	-0.0587502594478417	0.0912832476354421	-0.650509014690494	0.515363480661078	0.999831983216163
ENSMUSG00000090069	35.2924128307629	0.146836503039309	0.107616151037466	1.3516383969045	0.176491020794683	0.999831983216163
ENSMUSG00000132562	12.3175065626217	0.0463120833333112	0.0792684136941076	0.577607904816529	0.563528868856625	0.999831983216163
ENSMUSG00000132627	22.0970905627454	0.092405230868077	0.0948459757596427	0.964073124055881	0.335009265998519	0.999831983216163
ENSMUSG00000117399	15.4292545059359	0.0171846251391166	0.0843018670578072	0.202590889685786	0.839454811323378	0.999831983216163
ENSMUSG00000120681	176.167704931027	-0.0968919258672749	0.120225646961028	-0.806465409045705	0.419974545347407	0.999831983216163
ENSMUSG00000132934	40.8655678261356	-0.146569702246907	0.111354152937048	-1.32993594565653	0.183539376788171	0.999831983216163
ENSMUSG00000132973	349.357121187818	-0.114053115381874	0.10940726402432	-1.0426855325775	0.297093960549418	0.999831983216163
ENSMUSG00000120221	62.7690114805375	0.0250614597253496	0.113265549075699	0.220713305474533	0.825315670671136	0.999831983216163
ENSMUSG00000095193	62.5426984526402	0.0716285152507677	0.118717873360637	0.601851986344582	0.54727266686964	0.999831983216163
ENSMUSG00000099384	155.497884949322	-0.0366146330028562	0.120966262116534	-0.302754946753422	0.762076620180795	0.999831983216163
ENSMUSG00000134453	11.1057798612846	0.0276018365452112	0.0758298793291105	0.361002094799889	0.718097881098978	0.999831983216163
ENSMUSG00000134742	10.7598648068312	-0.0139042890068461	0.0737951952453352	-0.189099772757474	0.850014619586034	0.999831983216163
ENSMUSG00000135047	11.7005797750204	-0.0207819762480047	0.076402303425806	-0.274203894193737	0.783927935641102	0.999831983216163
ENSMUSG00000135388	10.5408692808239	0.00368959366973999	0.073814245538202	0.0499214206669244	0.96018500736028	0.999831983216163
ENSMUSG00000097727	16.3476709332576	0.00974189311865454	0.0826613274967919	0.117334395765498	0.906595069392323	0.999831983216163
ENSMUSG00000120162	358.253414426253	0.113166130293495	0.111911085770229	1.01072717131028	0.312147028606725	0.999831983216163
ENSMUSG00000072761	275.065993343643	0.134706019582741	0.114978811385503	1.17095306870587	0.241617642000284	0.999831983216163
ENSMUSG00000116590	18.9231276934674	0.125054280737281	0.0882714179166836	1.38795763558663	0.165149945725388	0.999831983216163
ENSMUSG00000116551	14.659960060072	0.0823030979385183	0.0837031551616426	0.96729784481726	0.333395160791769	0.999831983216163
ENSMUSG00000136673	40.6037093311716	-0.0583753491319147	0.11094104400955	-0.52852712078235	0.597133528475797	0.999831983216163
ENSMUSG00000097047	54.4821042858169	0.0520515925829276	0.116884372562744	0.444575207459768	0.656626767571031	0.999831983216163
ENSMUSG00000073437	150.506073124893	-0.0942409865126939	0.121119540635254	-0.778495935870583	0.436276701625321	0.999831983216163
ENSMUSG00000117375	44.6306374350656	0.0328106917009119	0.105103822426379	0.310509184796455	0.756173775973081	0.999831983216163
ENSMUSG00000137470	14.6277165101284	0.141346874173722	0.0776062699565603	1.77839199440583	0.075339496599548	0.999831983216163
ENSMUSG00000118026	15.4229686792275	-0.0129550778488917	0.0853808370673392	-0.152194870799187	0.879033239347804	0.999831983216163
ENSMUSG00000116718	183.52238176528	-0.0246589512792195	0.119002514859294	-0.207192183270024	0.835859771713018	0.999831983216163
ENSMUSG00000139232	12.1958501711138	0.0470532553694807	0.0773709961981898	0.599739963126239	0.548679550386313	0.999831983216163
ENSMUSG00000120361	32.6661405538389	-0.1387489428069	0.104635860035718	-1.34920895778877	0.177269858345711	0.999831983216163
ENSMUSG00000139575	11.339440587021	-0.0465183682228421	0.0718714757387409	-0.661058744665048	0.508574641115001	0.999831983216163
ENSMUSG00000139613	44.1379605563146	-0.0317797336839501	0.109026134639121	-0.29185742924138	0.77039563356332	0.999831983216163
ENSMUSG00000139681	30.8775463149268	0.0207152170913643	0.103236797131279	0.199990246180111	0.841488209449246	0.999831983216163
ENSMUSG00000117437	11.3036762808431	0.0710731341687962	0.0760813351639008	0.920104484531594	0.357518161099433	0.999831983216163
ENSMUSG00000112121	24.3359955076178	-0.0351470968403545	0.0963567912608865	-0.367260801097653	0.713424490353172	0.999831983216163
ENSMUSG00000120134	33.1936805442451	0.00876524045397801	0.106893044406045	0.0819425991560007	0.934692359093257	0.999831983216163
ENSMUSG00000141875	145.880812924314	-0.00797937561198555	0.120454298532173	-0.0662487701187498	0.947179769087609	0.999831983216163
ENSMUSG00000097119	309.916618737749	-0.0729781638872226	0.111540312582122	-0.654386546759918	0.512862799595613	0.999831983216163
ENSMUSG00000090160	12.5289109737705	-0.100707238088118	0.0750729802799621	-1.41366366550498	0.157460678477555	0.999831983216163
ENSMUSG00000116852	15.0856748363556	0.0397033239669118	0.0854394560053655	0.460902058738321	0.644868874658648	0.999831983216163
ENSMUSG00000143699	12.4010080155505	-0.026599028387495	0.0786323670876238	-0.341453493901899	0.732762209797858	0.999831983216163
ENSMUSG00000073374	165.403484421159	0.00531168487933176	0.12060770328057	0.0440321889942607	0.96487874563474	0.999831983216163
ENSMUSG00000143839	16.7212741320306	-0.121504177364135	0.087578116496875	-1.43429677530549	0.151487590156822	0.999831983216163
ENSMUSG00000143741	238.776166683076	0.166074278096165	0.114966563154017	1.44385066242795	0.148780987445679	0.999831983216163
ENSMUSG00000117183	218.34564841849	-0.024550304285776	0.118699252626891	-0.206937106608119	0.836058976802826	0.999831983216163
ENSMUSG00000117333	124.243110034517	-0.134420347495136	0.121761025009036	-1.10618354956659	0.268647081609067	0.999831983216163
ENSMUSG00000120597	464.319383974441	-0.122675933702512	0.107524237940057	-1.14130542093483	0.253742847058974	0.999831983216163
ENSMUSG00000066057	744.696413414874	-0.119747074622085	0.0995421258340747	-1.20317330245536	0.228909263869089	0.999831983216163
ENSMUSG00000101932	14.0383477891472	-0.0611591867838021	0.08162479097501	-0.764962731362008	0.444293737306115	0.999831983216163
ENSMUSG00000093880	116.337108913443	0.0487480481757042	0.121879158179278	0.399527170811603	0.689504807444836	0.999831983216163
ENSMUSG00000125311	12.447976050461	-0.00352208704637866	0.0783143907610133	-0.0450848747237537	0.964039657385345	0.999831983216163
ENSMUSG00000084998	45.231422392109	0.143447204431222	0.114108542211925	1.24873931845444	0.211760434924126	0.999831983216163
ENSMUSG00000085287	27.5478135855533	0.0523610192310843	0.0980079689818265	0.529941507838325	0.596152486107159	0.999831983216163
ENSMUSG00000087478	360.987083180936	-0.161161039822625	0.107959245684953	-1.49286834708021	0.135471652148403	0.999831983216163
ENSMUSG00000093565	67.9956137676506	0.164170330636144	0.119388851045831	1.36885282035914	0.171045286014694	0.999831983216163
ENSMUSG00000116760	41.375792353992	-0.0628139489626551	0.11164663567504	-0.565166269462923	0.571960677012487	0.999831983216163
ENSMUSG00000117879	10.5114380068253	0.058882715176262	0.0723020576371394	0.797278908729915	0.425289066753635	0.999831983216163
ENSMUSG00000120995	146.659650414936	0.0865091669371839	0.120846273194441	0.715531040585781	0.47428096746947	0.999831983216163
ENSMUSG00000121491	47.7675817210506	-0.0885243973361978	0.112239254014745	-0.794683157027571	0.4267978322889	0.999831983216163
ENSMUSG00000121628	31.7221067710027	-0.065894231381799	0.10239676376183	-0.648744615020349	0.51650346163804	0.999831983216163
ENSMUSG00000122453	17.277916777881	-0.0215069430764848	0.088986611799816	-0.242517174887997	0.808379450367088	0.999831983216163
ENSMUSG00000117231	32.0091741935647	-0.110937085332515	0.10194313646181	-1.10662518614098	0.268456013367385	0.999831983216163
ENSMUSG00000096988	81.6770095734207	-0.0452779156818938	0.120692730218154	-0.375711648103421	0.707131277369617	0.999831983216163
ENSMUSG00000117069	60.0783193108739	0.0949267950323588	0.118296610821319	0.799834885314556	0.423806468144113	0.999831983216163
ENSMUSG00000117351	144.949014334939	-0.0313728591826331	0.121684430436676	-0.257853288060252	0.796520136714162	0.999831983216163
ENSMUSG00000121208	95.9180747252998	0.0398689102547806	0.120835114614442	0.329417083858224	0.741840456685118	0.999831983216163
ENSMUSG00000090936	30.2661859874238	-0.109101913099579	0.102956637491266	-1.0736530085646	0.282978229970385	0.999831983216163
ENSMUSG00000117322	51.2718089825521	-0.132780221771876	0.114925653021584	-1.1646669171208	0.244153845326552	0.999831983216163
ENSMUSG00000118572	27.2092379610135	0.00846854211369877	0.101543844134073	0.0833919064650572	0.933539923802474	0.999831983216163
ENSMUSG00000043747	20.2248473312876	0.00350489262917103	0.0926309209870934	0.0377767099320076	0.969865713896296	0.999831983216163
ENSMUSG00000097006	65.1548500466543	0.0930956387016149	0.119314324901713	0.778200502689343	0.436450820518665	0.999831983216163
ENSMUSG00000115692	154.172822813382	-0.0929910893299819	0.120862385037783	-0.76996656155933	0.44131972827289	0.999831983216163
ENSMUSG00000086719	19.6980113569368	-0.036587689467073	0.0910070334864922	-0.405503490546097	0.685107453191249	0.999831983216163
ENSMUSG00000140073	11.3547469558184	-0.00351948827626333	0.0754395903043997	-0.0466405128070861	0.962799742597425	0.999831983216163
ENSMUSG00000140115	20.7952120705909	0.124608418805203	0.0928359718509124	1.31969337090185	0.186937414215514	0.999831983216163
ENSMUSG00000092981	285.693611543113	0.0874070132751643	0.12188336266061	0.715105523265285	0.474543841297267	0.999831983216163
ENSMUSG00000117557	11.8827271170596	-0.0276363893385243	0.078440843720416	-0.355434912075977	0.722263798038441	0.999831983216163
ENSMUSG00000117145	13.4111384690127	-0.0894440150796644	0.0779935634655421	-1.19109768239847	0.23361523960378	0.999831983216163
ENSMUSG00000117255	14.4010200093108	0.0319077657260787	0.0823064942650704	0.38510555696226	0.700159211079895	0.999831983216163
ENSMUSG00000085912	34.2103514756443	-0.0496983363060602	0.107442604310878	-0.464195353068457	0.642507790224687	0.999831983216163
ENSMUSG00000144193	37.3590270744229	-0.0185425657529181	0.106649013876436	-0.174265031827652	0.861657179278652	0.999831983216163
ENSMUSG00000080316	1895.9907624703	0.116189416218509	0.105284964462708	1.10298493870676	0.270033705828625	0.999831983216163
ENSMUSG00000003665	39.7440297343082	0.0572188901299625	0.110016135619227	0.518628072719651	0.604020128727578	0.999831983216163
ENSMUSG00000132423	22.7562148142692	0.0253973587722885	0.09738599990936	0.259822218678074	0.795000911363641	0.999831983216163
ENSMUSG00000092203	252.973229449718	0.127264220571237	0.114026362207841	1.11551654425945	0.264629132819134	0.999831983216163
ENSMUSG00000073415	66.3049347223193	-0.0274586426345656	0.119221586463211	-0.230593121373823	0.817630911961768	0.999831983216163
ENSMUSG00000120175	162.260852309772	0.151510301410022	0.120837798865713	1.25130404424821	0.210823570529833	0.999831983216163
ENSMUSG00000139219	53.5296112240149	-0.0153676746886955	0.117036205025852	-0.131382618065538	0.895472638242656	0.999831983216163
ENSMUSG00000091475	607.55773734111	-0.133312278905246	0.106330855448686	-1.25401316026889	0.209837222066229	0.999831983216163
ENSMUSG00000120308	131.022131890936	-0.00314750790767139	0.121684892069333	-0.0258573947347105	0.979371082749931	0.999831983216163
ENSMUSG00000097405	23.7273792014851	0.125217702257686	0.0946520261584182	1.29941950703748	0.193800000772649	0.999831983216163
ENSMUSG00000097523	46.8613521377093	0.0429855784290788	0.113984957566803	0.376213529498775	0.706758157948671	0.999831983216163
ENSMUSG00000110218	318.952065390758	0.0152675440476239	0.116245959329258	0.131294947355531	0.895541988618989	0.999831983216163
ENSMUSG00000091390	19.3894596960386	-0.00995186179762904	0.0921161621791367	-0.108310002302104	0.913749788604262	0.999831983216163
ENSMUSG00000119983	14.5717602145692	-0.135717772029338	0.0832787941480769	-1.7039436318519	0.0883916185526266	0.999831983216163
ENSMUSG00000079414	140.299372320088	0.0187590180643312	0.12171661369365	0.154004490115043	0.87760619522434	0.999831983216163
ENSMUSG00000019489	36.1250441704959	-0.100928530797577	0.108078365909959	-0.941782286170753	0.346304116061468	0.999831983216163
ENSMUSG00000023845	10347.9481995332	-0.0792852438978329	0.100382388892141	-0.790086690965284	0.429477141881927	0.999831983216163
ENSMUSG00000085705	29.4169945465776	0.00266646209687174	0.103208702899774	0.0258285938998135	0.979394054819085	0.999831983216163
ENSMUSG00000038347	136.294146269779	0.0889478591708676	0.121728655903321	0.729391025844104	0.465762505718624	0.999831983216163
ENSMUSG00000097090	160.635278551894	0.0321270216882415	0.119714268435986	0.268290002993521	0.788476100700765	0.999831983216163
ENSMUSG00000116682	160.874963700422	-0.206601259391918	0.120395864357649	-1.71814597686238	0.0857699924386899	0.999831983216163
ENSMUSG00000120402	21.8156471771162	-0.0169328157155439	0.0954392644465173	-0.177941469278744	0.858768942734458	0.999831983216163
ENSMUSG00000078838	11.258592766156	0.083230980539775	0.0695481720966343	1.16318870364908	0.244752948741777	0.999831983216163
ENSMUSG00000118007	21.4205508351042	0.0476675204918342	0.0929777904754424	0.508058927287895	0.611412018282831	0.999831983216163
ENSMUSG00000085492	169.622372181945	-0.10318756129323	0.119340444839395	-0.865021356924664	0.387027066839479	0.999831983216163
ENSMUSG00000041565	22.6779609372707	-0.0371783407060774	0.0960320999960715	-0.388909527838745	0.697343073751124	0.999831983216163
ENSMUSG00000067424	1052.4946187389	-0.0547756275763312	0.100870453655912	-0.543131091348912	0.587039547076196	0.999831983216163
ENSMUSG00000024327	207.718266286031	0.123905255178511	0.118613688931323	1.04365064040781	0.296647054380882	0.999831983216163
ENSMUSG00000062101	190.697672911821	0.208337404732294	0.118916340117392	1.74930520259948	0.0802382771483831	0.999831983216163
ENSMUSG00000054723	437.520763857887	-0.0786600321062118	0.11294358887111	-0.696558644908108	0.486079044203313	0.999831983216163
ENSMUSG00000023931	22.7189964224441	0.108669233238039	0.0965289259960871	1.11045023826283	0.266805059947943	0.999831983216163
ENSMUSG00000024085	711.033549603259	-0.111081991306595	0.101064481086333	-1.09926624767432	0.271651950000853	0.999831983216163
ENSMUSG00000024459	15.0423146601238	0.0268435009317927	0.0834142007003645	0.319165738982252	0.74960083568915	0.999831983216163
ENSMUSG00000007050	291.798236752319	-0.168044494796871	0.114772542811989	-1.46466162368715	0.143013260082331	0.999831983216163
ENSMUSG00000045316	616.167839670184	0.133714519661971	0.100826104564321	1.32600992732953	0.184836409130951	0.999831983216163
ENSMUSG00000024457	999.375531626906	0.0410913974097821	0.0936560399551265	0.43874250015437	0.660848128209239	0.999831983216163
ENSMUSG00000024335	7622.90308827964	0.0100418290698201	0.0789020678877502	0.127268937956954	0.898727544276662	0.999831983216163
ENSMUSG00000014767	1636.88681181633	-0.029164162926898	0.088280176757608	-0.330365079113046	0.741124124469285	0.999831983216163
ENSMUSG00000037196	275.85956397217	0.184355274804984	0.112571458728101	1.6366727471461	0.101698866303785	0.999831983216163
ENSMUSG00000069743	41.085867142343	-0.112834481904368	0.111712029738124	-1.01821165453528	0.308577382023555	0.999831983216163
ENSMUSG00000041538	13.4846305660556	0.0518983568367045	0.0809676947599336	0.633081475932389	0.526680438323064	0.999831983216163
ENSMUSG00000073413	37.5898262153052	0.0133897467333531	0.109203511431794	0.122472398680066	0.902524904076287	0.999831983216163
ENSMUSG00000023994	1087.62565613067	-0.0615445968960493	0.0916700619955333	-0.671367341284528	0.501986544708523	0.999831983216163
ENSMUSG00000059142	602.074873353417	-0.0479362942581928	0.111467569457671	-0.430240198990043	0.667020922936738	0.999831983216163
ENSMUSG00000042256	457.420111020083	-0.156740266795839	0.113578643511332	-1.38146697574883	0.167135425070171	0.999831983216163
ENSMUSG00000050410	94.6296202166467	0.0982308469424745	0.121626212431289	0.805694760620921	0.420418871272067	0.999831983216163
ENSMUSG00000024212	1937.2672189113	-0.0183523488053037	0.0842328968703883	-0.217877357133344	0.827524669734266	0.999831983216163
ENSMUSG00000040356	2438.76252405642	0.0398020295203051	0.0907024698745549	0.438785607805504	0.660816889681338	0.999831983216163
ENSMUSG00000001524	426.998683922761	0.0193550429002231	0.106152096221289	0.182341720169974	0.855314559491862	0.999831983216163
ENSMUSG00000058392	731.292803778352	-0.0683633738162774	0.10126040573169	-0.675170728810417	0.499567301312871	0.999831983216163
ENSMUSG00000068036	6224.15708997256	-0.065990151419287	0.0819256997818544	-0.805544567165858	0.420505499116155	0.999831983216163
ENSMUSG00000040490	57.3466476525404	0.121296838007923	0.110883928266355	1.08436630774236	0.278202416139541	0.999831983216163
ENSMUSG00000052712	2050.63874753299	0.0562323804089238	0.0841796527848658	0.667986532625054	0.504142189129244	0.999831983216163
ENSMUSG00000024163	12785.6613050888	0.0532904840430375	0.0766990228143241	0.694772074313035	0.487198151539212	0.999831983216163
ENSMUSG00000039512	1705.51695870884	0.0613398472094253	0.0917663703716674	0.668407053604777	0.503873794193499	0.999831983216163
ENSMUSG00000090083	407.19245928432	-0.0244476747065281	0.107970019794715	-0.226412797698357	0.820880375227985	0.999831983216163
ENSMUSG00000034345	1934.40002601278	-0.0432451536596899	0.0895008536723034	-0.483188510304704	0.628961892710348	0.999831983216163
ENSMUSG00000041354	1660.28915796102	-0.0228630126121776	0.102861282515259	-0.222277158228008	0.824098132446017	0.999831983216163
ENSMUSG00000071256	223.778479394687	0.0811720398394003	0.115895659989396	0.700105111582282	0.483861663851132	0.999831983216163
ENSMUSG00000023980	837.797956261113	0.019535821771088	0.0964687870803824	0.202503409611516	0.839523193144616	0.999831983216163
ENSMUSG00000024130	2715.34514190619	0.0325174285630317	0.0831162083606734	0.391222856141495	0.695632515204761	0.999831983216163
ENSMUSG00000024170	1132.7015206501	0.0486984751499899	0.0924955330741255	0.526460725618141	0.5985681330053	0.999831983216163
ENSMUSG00000024122	5426.36222408115	-0.0628892025896578	0.0872828427269054	-0.72059175402279	0.471160728741954	0.999831983216163
ENSMUSG00000025736	447.709052873647	-0.0942251394865852	0.106769884946998	-0.882521616165439	0.377494795563785	0.999831983216163
ENSMUSG00000024048	572.327372678031	-0.0645288146026621	0.102748627780727	-0.628005775298104	0.530000156657182	0.999831983216163
ENSMUSG00000014769	3683.86727816798	0.0536233518312391	0.0910819345050923	0.588681544404355	0.556074920575675	0.999831983216163
ENSMUSG00000062012	523.931389184728	-0.0712299962951663	0.102275069454442	-0.696439862928487	0.486153406031668	0.999831983216163
ENSMUSG00000004730	97.5237004691577	0.0218904027078007	0.121497357527352	0.17998190128062	0.857166776855664	0.999831983216163
ENSMUSG00000037089	1062.23252565408	-0.124861838670566	0.0920271139903423	-1.35681714112051	0.174839319653251	0.999831983216163
ENSMUSG00000069135	1461.38101235904	0.0751426929664782	0.0909734558441522	0.825949791527027	0.408832573889312	0.999831983216163
ENSMUSG00000024403	9113.92531588787	-0.0240401759757949	0.0767519688676311	-0.313224693061486	0.754109959308594	0.999831983216163
ENSMUSG00000024228	310.581575583046	0.128565157138259	0.117929963121934	1.0888974618319	0.276199105667012	0.999831983216163
ENSMUSG00000063011	48.7361622268552	-0.124629717928812	0.107809659088244	-1.17034343438898	0.241862789307935	0.999831983216163
ENSMUSG00000055202	451.153427898857	0.101289191556033	0.11430503716412	0.885556411526126	0.375856608682125	0.999831983216163
ENSMUSG00000023923	1134.99489593576	0.0101028399320176	0.0912039797861701	0.110770034618657	0.911798707996193	0.999831983216163
ENSMUSG00000094724	26.3145676160994	-0.115902358764974	0.0996977380566291	-1.18249420398451	0.23700966395905	0.999831983216163
ENSMUSG00000023904	114.918618085665	-0.0018423188251427	0.121880374366402	-0.0151161295016881	0.987939532950758	0.999831983216163
ENSMUSG00000024072	2170.9429491189	0.0790083903153174	0.085925999618035	0.919443523839449	0.357863632860379	0.999831983216163
ENSMUSG00000060475	2370.40096862862	0.0738040649231684	0.0882891403343033	0.83587893452115	0.40322301433342	0.999831983216163
ENSMUSG00000024137	1046.46870847059	-0.0458891497320089	0.110667941864584	-0.414719969362607	0.678346911995949	0.999831983216163
ENSMUSG00000095253	1267.34460315809	-0.14580456596459	0.0883535201015748	-1.65026247784455	0.0988892631373692	0.999831983216163
ENSMUSG00000015127	829.269121929433	-0.01031913679736	0.0947904148652238	-0.108864811942564	0.913309716719979	0.999831983216163
ENSMUSG00000024095	3793.07758051859	-0.049768172386134	0.0812486348198648	-0.612567377946517	0.540162433944968	0.999831983216163
ENSMUSG00000034509	206.56109952429	-0.123742172838213	0.118990563075873	-1.04079505314328	0.297970676441811	0.999831983216163
ENSMUSG00000117284	888.601979588907	0.109638493693318	0.101655665436952	1.07837102236666	0.280868213461892	0.999831983216163
ENSMUSG00000036552	471.803983324868	0.0476650653483767	0.103467944164587	0.460643096452429	0.645054686656405	0.999831983216163
ENSMUSG00000038762	2941.63791442269	-0.0622936539179757	0.0842575146640294	-0.739367384540714	0.459683941668813	0.999831983216163
ENSMUSG00000024242	4031.70467861554	0.0177130310356794	0.0807095525625318	0.219465412379984	0.826287520024792	0.999831983216163
ENSMUSG00000039316	357.896611965766	-0.0326607652837933	0.111609839258585	-0.292663872920687	0.769779086573416	0.999831983216163
ENSMUSG00000024073	7233.78443637872	-0.0490158780869862	0.0927369020771773	-0.528613331301324	0.5970737104168	0.999831983216163
ENSMUSG00000043557	584.276642546213	0.0299487222527941	0.099600153405004	0.300693553384598	0.763648185076296	0.999831983216163
ENSMUSG00000052752	1808.33215728926	0.0156330608653807	0.0907370897692528	0.17228130108956	0.863216384123029	0.999831983216163
ENSMUSG00000052031	727.254325785179	0.00133581836288333	0.102453352879753	0.0130385810587636	0.98959701223856	0.999831983216163
ENSMUSG00000023935	214.186204251897	-0.0109532871107034	0.118282200667278	-0.0926248116662023	0.92620163162164	0.999831983216163
ENSMUSG00000023883	2452.64280186058	-0.0997540516205283	0.0900259181073075	-1.10822964530386	0.267762650874837	0.999831983216163
ENSMUSG00000003279	10203.3895897763	-0.00695016731801166	0.0945561058293101	-0.0735042018411765	0.941404900536242	0.999831983216163
ENSMUSG00000036983	126.711231649914	0.119422830903265	0.121765967265676	0.979425510209689	0.327369777547234	0.999831983216163
ENSMUSG00000059409	202.949049580236	0.0137072863571223	0.117108115758318	0.117049699234407	0.906820669831381	0.999831983216163
ENSMUSG00000003541	288.439617785788	0.147932267532186	0.115865678777871	1.27606706967379	0.201931811159028	0.999831983216163
ENSMUSG00000025730	1430.33481318158	-0.101057881196623	0.0945096235085479	-1.06939163478153	0.284893235115011	0.999831983216163
ENSMUSG00000063383	57.5276423076182	0.111031799155059	0.115396255501151	0.9572833799448	0.338424241782911	0.999831983216163
ENSMUSG00000024107	29.0510618375766	-0.0687291090533059	0.103030780646323	-0.672011160712959	0.50157659122064	0.999831983216163
ENSMUSG00000091636	1392.97099345994	0.00217250132824298	0.0932626087520543	0.0232957933304767	0.981414327240636	0.999831983216163
ENSMUSG00000051341	410.651895157852	0.0488819887436752	0.109546697199828	0.446208315963521	0.655446776461937	0.999831983216163
ENSMUSG00000015452	26.4826389353223	0.0515363885823978	0.0998611302776869	0.513564705811938	0.607556360824691	0.999831983216163
ENSMUSG00000073436	129.26799572857	0.0109216625154872	0.121741401719255	0.0896885820828837	0.928534689550819	0.999831983216163
ENSMUSG00000069729	2917.27629146774	-0.019563931535755	0.097086206466531	-0.201523480715841	0.840289271078986	0.999831983216163
ENSMUSG00000024253	472.695848714004	0.0311429768135199	0.106453864061364	0.292552418833564	0.769864287440837	0.999831983216163
ENSMUSG00000044533	1895.72934077571	0.0331154940071808	0.100547685181714	0.32930693867281	0.741923700043176	0.999831983216163
ENSMUSG00000071172	8788.73716141439	0.0163979035950234	0.0857336970024705	0.191262223253297	0.84832015617167	0.999831983216163
ENSMUSG00000079553	57.375748485711	0.0670759546715783	0.117796718902062	0.567794252774477	0.570174682769256	0.999831983216163
ENSMUSG00000025728	3692.61464911287	-0.0871684033369946	0.0840883249477253	-1.03671532106174	0.299868549569623	0.999831983216163
ENSMUSG00000034165	984.343341317193	0.00101297460793808	0.0921643325969373	0.0109912250619056	0.991230447789742	0.999831983216163
ENSMUSG00000067722	984.181822343348	0.00718313410686481	0.095942629188165	0.0748649672151774	0.940322150417493	0.999831983216163
ENSMUSG00000043807	28.8860572196591	-0.0837267242795293	0.0968885225022507	-0.876100504147743	0.38097539872734	0.999831983216163
ENSMUSG00000007041	988.222453669261	0.0115460754156469	0.0964126293918658	0.119748108898796	0.904682689133894	0.999831983216163
ENSMUSG00000002249	114.470976474321	0.00195986364156073	0.121816397897134	0.016083451822074	0.987167815341877	0.999831983216163
ENSMUSG00000035473	165.778820932843	0.110708935645279	0.120731285458237	0.915466926444974	0.359946557589091	0.999831983216163
ENSMUSG00000034647	6016.42998479337	-0.099776093447664	0.107801275234346	-0.926175994403668	0.354354525770446	0.999831983216163
ENSMUSG00000001227	1648.08712218349	0.0414229809588675	0.0869510821586015	0.476382342504012	0.6338020119872	0.999831983216163
ENSMUSG00000024312	289.240266856814	0.0281445347236675	0.115096913031161	0.244459244569001	0.806875162669295	0.999831983216163
ENSMUSG00000067288	1021.9882458626	0.0147601592619446	0.0977492304579132	0.150989182080619	0.879984249511882	0.999831983216163
ENSMUSG00000000127	1527.82190848875	-0.0673633211831569	0.101857172388682	-0.661527276665844	0.508274227926105	0.999831983216163
ENSMUSG00000024101	1050.51245144257	-0.0662631225683413	0.0955410764993763	-0.693559895730978	0.487958251467297	0.999831983216163
ENSMUSG00000024175	32.8928122823695	0.0232840045939372	0.101341865154526	0.229352989726615	0.818594571063916	0.999831983216163
ENSMUSG00000038048	271.837391823483	0.0144531796984841	0.116567493542273	0.124014861194846	0.90130350836747	0.999831983216163
ENSMUSG00000023944	40281.9476142543	-0.00747916533163644	0.082868042864913	-0.090254219481684	0.928085199175192	0.999831983216163
ENSMUSG00000023961	1030.24032876166	0.0153759270214926	0.0957346502285813	0.16061374355802	0.872397629645512	0.999831983216163
ENSMUSG00000023921	2237.0535298673	0.0209363564091182	0.0931008800855416	0.224879115738209	0.82207331643437	0.999831983216163
ENSMUSG00000063952	1151.8965754573	-0.0164549662666766	0.0915657260554726	-0.179701815225397	0.857386668300769	0.999831983216163
ENSMUSG00000001870	136.321455987093	-0.182107410575999	0.121812944977602	-1.49859337987261	0.133979151193113	0.999831983216163
ENSMUSG00000024049	92.5076544389128	0.0592613985355824	0.120883849878636	0.48947032692724	0.624508757231412	0.999831983216163
ENSMUSG00000024190	2144.18987322809	-0.0962240700586048	0.0989435576802208	-0.99699541030917	0.318766737753414	0.999831983216163
ENSMUSG00000024084	174.377766840179	0.0823186987821711	0.121678858093111	0.675082595296001	0.49962329077609	0.999831983216163
ENSMUSG00000024096	3354.27217840109	-0.0393571441243976	0.0860132611075222	-0.457594541402461	0.647243765905135	0.999831983216163
ENSMUSG00000002289	75.9250098507983	0.0876757280843124	0.114214413821958	0.762449615238976	0.445791703690534	0.999831983216163
ENSMUSG00000047786	482.745671989098	-0.154020671090597	0.10837988359265	-1.42157339836352	0.15515013183844	0.999831983216163
ENSMUSG00000057863	2147.61173313603	0.113167532504104	0.0962258482130467	1.17574932611094	0.239695061299052	0.999831983216163
ENSMUSG00000095687	63.993203071568	0.140154905073097	0.119266930541418	1.17006212589391	0.241975968608243	0.999831983216163
ENSMUSG00000036368	498.095674227124	-0.0789354799687042	0.105906601082253	-0.745468218755959	0.455988716934897	0.999831983216163
ENSMUSG00000024140	4641.22483155926	-0.0741268611796053	0.107506163199811	-0.689829898852897	0.490301163996985	0.999831983216163
ENSMUSG00000035678	101.911189472332	-0.003918300207488	0.120924736137728	-0.0323812693099561	0.974167999579967	0.999831983216163
ENSMUSG00000033966	90.9773721048144	0.137313439404724	0.121647855061	1.12559190582689	0.260338295737745	0.999831983216163
ENSMUSG00000038805	57.4368918549344	-0.020572659223109	0.039830068437967	-0.555575519628325	0.578501070458368	0.999831983216163
ENSMUSG00000037577	13.8470538650291	-0.0205386661005529	0.0789022657164443	-0.262230985722981	0.793143365858235	0.999831983216163
ENSMUSG00000023971	452.960749319702	-0.043429536394408	0.108321321553673	-0.400908910899082	0.688487189062085	0.999831983216163
ENSMUSG00000007035	129.797208643735	0.0673437166181003	0.121832440768672	0.551958606104188	0.580976713888433	0.999831983216163
ENSMUSG00000040852	379.354486702284	-0.0510852004082651	0.10876798166122	-0.469729573558486	0.63854823618862	0.999831983216163
ENSMUSG00000048731	46.5893877799697	-0.179115175881088	0.113008867586098	-1.60448210490821	0.108607825876664	0.999831983216163
ENSMUSG00000055839	2628.60938119129	0.0229956943919219	0.0934990217470738	0.245935081561903	0.80573248651015	0.999831983216163
ENSMUSG00000024182	1201.93730616487	-0.0553016339180675	0.0914326471590723	-0.604858897629776	0.54527275540102	0.999831983216163
ENSMUSG00000024206	118.449401069836	0.124741960888302	0.121800537349228	1.02189631337674	0.306829977519951	0.999831983216163
ENSMUSG00000025733	1054.83771122655	0.14101984259911	0.0918040717094318	1.53590250207095	0.1245622944083	0.999831983216163
ENSMUSG00000079507	60.9497629401651	-0.179137833391011	0.118016285896671	-1.52964410591185	0.126104845804777	0.999831983216163
ENSMUSG00000002280	882.011258580115	0.00701789291889513	0.09688781895839	0.0724301733461494	0.942259572990168	0.999831983216163
ENSMUSG00000024034	41.1038857599754	0.0336058944396026	0.104571339847916	0.320708577384532	0.748431246573339	0.999831983216163
ENSMUSG00000067942	1552.99306321849	-0.0916495245554965	0.0878569968325632	-1.04321824687609	0.296847224390906	0.999831983216163
ENSMUSG00000037104	3948.5768950528	0.0954700674047316	0.0861976530516413	1.10745028219621	0.268099296566744	0.999831983216163
ENSMUSG00000024436	250.229658804267	0.171388414810702	0.116695361357652	1.4667785242971	0.142436313597112	0.999831983216163
ENSMUSG00000039218	25138.2042179682	-0.00584455961053396	0.0887472884833003	-0.0658560591054625	0.947492424350314	0.999831983216163
ENSMUSG00000042419	112.163907743765	0.0334229374406971	0.120993164868484	0.275738341510152	0.782749044529648	0.999831983216163
ENSMUSG00000116564	956.588844739842	0.0542893934006084	0.0930975210124202	0.583133526904457	0.559803415481269	0.999831983216163
ENSMUSG00000015478	626.453154501135	0.0969534270409589	0.0990438938320968	0.978820967077924	0.327668447912266	0.999831983216163
ENSMUSG00000040048	3518.57367554725	0.0544155264961458	0.0830947253154262	0.654828950675289	0.512577888755157	0.999831983216163
ENSMUSG00000002835	137.325516603076	0.0381888104465157	0.12111126217154	0.315293028401401	0.752539177800972	0.999831983216163
ENSMUSG00000034595	255.722182606195	-0.0192651793057342	0.113769916309036	-0.169344944045677	0.86552532621195	0.999831983216163
ENSMUSG00000015126	825.830492258117	0.0196888426133273	0.0986401211229311	0.199590023338538	0.84180123101486	0.999831983216163
ENSMUSG00000062202	1409.18445481024	-0.00472733425108418	0.0879160000587433	-0.0537715338613424	0.957117189384588	0.999831983216163
ENSMUSG00000014426	2130.20993129479	0.00231020943491872	0.0838986041088971	0.0275364837384419	0.978031841056522	0.999831983216163
ENSMUSG00000024014	247.041015789537	0.187450048337825	0.115706548996246	1.61840816992338	0.105574662481735	0.999831983216163
ENSMUSG00000040680	10.6667733141265	0.0629465571492113	0.0707738645280908	0.868430900725007	0.385158484688758	0.999831983216163
ENSMUSG00000024392	6106.7228175703	-0.0094609059629976	0.0889148183831922	-0.106404005416386	0.91526181525823	0.999831983216163
ENSMUSG00000043592	10.899841672671	0.0524621800792681	0.0733669563010867	0.705435873245116	0.480539026020843	0.999831983216163
ENSMUSG00000023977	3757.36414415412	-0.0459861367167686	0.0815972918038319	-0.563594321242852	0.573030252439856	0.999831983216163
ENSMUSG00000039414	2249.69014923053	0.0153111282608762	0.0950407961428237	0.161100455828028	0.872014281235793	0.999831983216163
ENSMUSG00000015476	4583.88307168587	-0.0223203199027358	0.0944743707632832	-0.236265459471218	0.813226687617669	0.999831983216163
ENSMUSG00000002372	2407.90376832085	0.0216642183916949	0.0907680277103168	0.238664155008357	0.811366013748817	0.999831983216163
ENSMUSG00000035929	112.112413425881	-0.0119050651548833	0.12188511715044	-0.0976384496884252	0.922219391922022	0.999831983216163
ENSMUSG00000035051	1232.15564361095	0.00506606616543328	0.0907575279184384	0.055821650294197	0.95548388739281	0.999831983216163
ENSMUSG00000038954	266.78884641844	0.0571716388160265	0.114630987144774	0.498595905945025	0.618064089917616	0.999831983216163
ENSMUSG00000024201	2904.18597957391	-0.12008057905342	0.084158054251209	-1.42695496758816	0.153592875265307	0.999831983216163
ENSMUSG00000041057	1588.88866356441	0.0730802853886192	0.0885329644160651	0.825431282531809	0.409126780885533	0.999831983216163
ENSMUSG00000016206	50.9689289830914	0.141705100007245	0.115798142489931	1.21687225859888	0.223652821995609	0.999831983216163
ENSMUSG00000063576	4828.97187742734	-0.024964740865364	0.0809570212906741	-0.308374224937123	0.757797592462975	0.999831983216163
ENSMUSG00000023832	681.294225047674	0.0877828672966927	0.0990798187961612	0.885956114160777	0.375641176227541	0.999831983216163
ENSMUSG00000045257	234.741855654651	-0.0395531698564007	0.118193395824716	-0.334616265467418	0.737914573507102	0.999831983216163
ENSMUSG00000024098	2683.14510731973	0.0632170346692598	0.0817571932138519	0.773197088547638	0.439405748943626	0.999831983216163
ENSMUSG00000057409	259.294562645039	-0.0259730074524976	0.113526974532935	-0.228772447728873	0.81904578244123	0.999831983216163
ENSMUSG00000054469	971.391083018594	-0.0710407345684465	0.0935224419742361	-0.759622745014848	0.447480119410242	0.999831983216163
ENSMUSG00000041130	2348.57269867748	-0.00429154967243215	0.0989454846987958	-0.0433707781248957	0.965405971452582	0.999831983216163
ENSMUSG00000067148	659.984002468867	0.0360885416341476	0.104496256163714	0.345336934775224	0.729841082682767	0.999831983216163
ENSMUSG00000036026	2837.03610326621	-0.00954109092020471	0.0860668595504524	-0.110855823922455	0.911730677013533	0.999831983216163
ENSMUSG00000073471	161.633596630938	-0.0855132083381644	0.120010420797651	-0.712768657604602	0.475988923230979	0.999831983216163
ENSMUSG00000023972	295.643029346381	0.0119068648295017	0.112352527920087	0.105963325607764	0.915611450242479	0.999831983216163
ENSMUSG00000071267	1064.87666836961	0.0756338850264431	0.094988752213425	0.796214586459166	0.425907320799414	0.999831983216163
ENSMUSG00000063888	1722.45867598319	-0.116697830141801	0.0881164724343732	-1.32442094862455	0.185363281066947	0.999831983216163
ENSMUSG00000002767	641.33152223768	0.141268873923586	0.0999229491618732	1.41356433548524	0.157489859080782	0.999831983216163
ENSMUSG00000023979	37.6042304301517	0.0207569069826016	0.109303467348375	0.189474895775636	0.849720628979915	0.999831983216163
ENSMUSG00000034265	2158.3638370467	0.0430712397147262	0.0932191002614954	0.462008827686061	0.644074989959298	0.999831983216163
ENSMUSG00000024208	538.067146013196	0.0368966334879562	0.11074602786763	0.333103202463643	0.739056382085054	0.999831983216163
ENSMUSG00000038146	536.556398762767	-0.0883647466820149	0.101325178982775	-0.872133596998089	0.383135499596284	0.999831983216163
ENSMUSG00000048249	4193.93583157397	0.17672666249334	0.101198698822675	1.74521546139763	0.0809473708764712	0.999831983216163
ENSMUSG00000038141	2131.62153524245	-0.0725090589561539	0.086156496344581	-0.841621699043776	0.399999739371818	0.999831983216163
ENSMUSG00000024135	463.912909462917	-0.0988599060281594	0.105897642667113	-0.933605046588543	0.350507661155501	0.999831983216163
ENSMUSG00000024007	413.557814021657	0.0876772952764956	0.107085389843239	0.818689445580202	0.412963619863588	0.999831983216163
ENSMUSG00000036185	57.9539946417847	0.0106168805872744	0.117809261361825	0.0900766453761129	0.928226308051021	0.999831983216163
ENSMUSG00000023991	1898.4858704875	0.117302539891005	0.0892624113926291	1.3139658091623	0.188857710484465	0.999831983216163
ENSMUSG00000037321	90.1246765240934	0.187378569550335	0.121565985166591	1.53496544431619	0.124792316388926	0.999831983216163
ENSMUSG00000007038	1916.12782792383	-0.0279561613310075	0.0856448198303229	-0.326420617316892	0.74410614068969	0.999831983216163
ENSMUSG00000002763	1715.16512921398	0.00756782472198135	0.0881952837015234	0.0858061636980423	0.931620506630525	0.999831983216163
ENSMUSG00000051390	546.460731060567	-0.00166372043463179	0.101552231584119	-0.0163813242155165	0.986930178868468	0.999831983216163
ENSMUSG00000052525	39.8939448392487	0.0742861864166912	0.109803169652119	0.672842600995711	0.501047432114767	0.999831983216163
ENSMUSG00000024172	220.170552479241	-0.0245802089323975	0.119864899152061	-0.205148877845218	0.837455809444146	0.999831983216163
ENSMUSG00000001228	27.1762165081971	-0.157029235282583	0.101577938283861	-1.57977235308559	0.114159009180823	0.999831983216163
ENSMUSG00000023967	231.312108693109	0.0638311585217189	0.117183165218697	0.544569148734632	0.586049878065849	0.999831983216163
ENSMUSG00000003198	381.289258190267	-0.104128756984452	0.108314094344008	-0.961496234791386	0.336302717745502	0.999831983216163
ENSMUSG00000002307	838.714983908366	-0.0686774289038179	0.0978714326348084	-0.701731306354103	0.482846745453044	0.999831983216163
ENSMUSG00000073468	867.241670847336	-0.00107821544802567	0.0944047052531643	-0.0114203888703058	0.990888046113974	0.999831983216163
ENSMUSG00000090115	289.049415649567	0.0691989511047229	0.112756986912096	0.613605156742235	0.539476275089596	0.999831983216163
ENSMUSG00000024037	734.865309613146	-0.0582741185869117	0.0972403080249549	-0.599288137910518	0.548980756715122	0.999831983216163
ENSMUSG00000073422	16.708468367584	0.0260672491982902	0.0849939128451626	0.305092470837434	0.76029572541435	0.999831983216163
ENSMUSG00000033278	2934.74581223566	0.062067913644763	0.0955122477060286	0.649765655735344	0.515843606580077	0.999831983216163
ENSMUSG00000023932	2892.94097631137	-0.0032089572686634	0.0826056590797641	-0.0388466167550338	0.969012678067118	0.999831983216163
ENSMUSG00000024079	373.042678163754	0.0940236326923175	0.11726834769907	0.801194106832065	0.423019282356094	0.999831983216163
ENSMUSG00000024168	263.765473516	-0.0866328200545029	0.118369616094037	-0.732454276724452	0.463891340711374	0.999831983216163
ENSMUSG00000024309	1225.39972468108	0.0325977480578761	0.0931209246359476	0.350053600034401	0.72629847223509	0.999831983216163
ENSMUSG00000073460	63.2381547351913	0.121992288092437	0.116480206262656	1.04035486510607	0.29817506288233	0.999831983216163
ENSMUSG00000002496	4053.45884191018	-0.0420657621386512	0.0800519404591077	-0.525493147957501	0.599240415372262	0.999831983216163
ENSMUSG00000007029	1646.23389866113	0.025103425040035	0.0878522064726699	0.285734470363713	0.775081501333598	0.999831983216163
ENSMUSG00000041119	1993.91813982844	0.0828986465092124	0.0875841933623668	0.946419052906781	0.343934891263675	0.999831983216163
ENSMUSG00000024054	2760.53036936701	-0.000660371271667416	0.0877475193200056	-0.00752538084902532	0.993995671478667	0.999831983216163
ENSMUSG00000002661	581.090822788443	0.0418110756228572	0.102943278950903	0.406139941592402	0.684639779643522	0.999831983216163
ENSMUSG00000024114	16.2742438181293	-0.0336876269787946	0.087143134229548	-0.389137531872495	0.69717441080652	0.999831983216163
ENSMUSG00000056692	8080.76144829799	-0.0710003348246492	0.0806359899886206	-0.880561400803648	0.37855525817835	0.999831983216163
ENSMUSG00000024109	13227.4573889965	-0.0740009021714039	0.107429933559752	-0.689163383958736	0.490720456307266	0.999831983216163
ENSMUSG00000012296	936.852993345387	-0.129067437914524	0.107438760239797	-1.20192330519385	0.229393244121163	0.999831983216163
ENSMUSG00000024120	2963.49717729561	0.0144676178748108	0.0823432303435003	0.175699099806166	0.86053034255399	0.999831983216163
ENSMUSG00000023885	491.410910808242	0.0406753085844334	0.108865506704576	0.373525355932811	0.708757477363934	0.999831983216163
ENSMUSG00000024030	4099.9887180074	-0.0257783498950607	0.0851115746378984	-0.302883741917845	0.76197846181629	0.999831983216163
ENSMUSG00000092558	1211.32178828398	-0.0306333105982001	0.0973974924491681	-0.314534112408462	0.753115412151989	0.999831983216163
ENSMUSG00000058159	14.2624396522837	0.0809513036283387	0.0828419703386256	0.961162844010457	0.336470295378352	0.999831983216163
ENSMUSG00000036918	227.071373134084	0.181867221567029	0.116222205977677	1.56320321743357	0.118004803607369	0.999831983216163
ENSMUSG00000024241	3577.66898658589	-0.0432309124974892	0.0880604116896793	-0.490961404231712	0.623453745737699	0.999831983216163
ENSMUSG00000015467	68.2567780948157	-0.120433106355122	0.116167016461838	-1.04482091498674	0.296105746530833	0.999831983216163
ENSMUSG00000024300	60.3593256039495	0.177515334385943	0.117858267448864	1.49572353788114	0.134725713888994	0.999831983216163
ENSMUSG00000024097	6176.99431893885	0.0926214576772675	0.0912267489340288	1.01510243542842	0.310057000829355	0.999831983216163
ENSMUSG00000024127	13265.7927519413	0.115378585906496	0.0858814065932158	1.34323084114204	0.179197238069546	0.999831983216163
ENSMUSG00000039656	1861.50214022565	0.0445811333378391	0.088984872571532	0.500966569218116	0.616394650975768	0.999831983216163
ENSMUSG00000019432	7890.13585973869	-0.0868742436910561	0.0898287361543897	-0.967258926959271	0.333414610812365	0.999831983216163
ENSMUSG00000049823	177.136902250115	-0.106780938904026	0.118670425234134	-0.900264020832006	0.367979763288907	0.999831983216163
ENSMUSG00000024132	795.815440345319	-0.0451358321996134	0.107023087383811	-0.421769148525942	0.673193526570597	0.999831983216163
ENSMUSG00000013766	42.8963500258727	0.0168364751821955	0.113033144166502	0.148752132505036	0.881749223019569	0.999831983216163
ENSMUSG00000044857	1595.44835175562	-0.0243742836126315	0.091593312013329	-0.266116903937883	0.790149176798628	0.999831983216163
ENSMUSG00000023911	345.145977406713	0.033815976168136	0.109413100594022	0.30902971060051	0.757298926424358	0.999831983216163
ENSMUSG00000024197	824.530086529896	0.0202819422689164	0.0987140565179044	0.205440957436616	0.837227623239942	0.999831983216163
ENSMUSG00000041168	2666.40997121377	0.0499241254498977	0.0852220450037786	0.585792508963948	0.558014958352599	0.999831983216163
ENSMUSG00000015659	1394.94418608534	-0.105733224164581	0.087266811866022	-1.21164104821876	0.225649814417462	0.999831983216163
ENSMUSG00000024006	2759.20248008759	-0.0609423826232759	0.0885729208851178	-0.68808590675516	0.491398684864233	0.999831983216163
ENSMUSG00000023952	2640.14662662772	0.0184512789426797	0.0923700681858046	0.199744403744123	0.841680484325961	0.999831983216163
ENSMUSG00000034868	351.080923615858	-0.0509610930669378	0.108524384261652	-0.469633973610199	0.638616547846744	0.999831983216163
ENSMUSG00000024013	57.5975284704567	0.10626782348219	0.114676725789809	0.920537375495051	0.357292010935944	0.999831983216163
ENSMUSG00000024136	370.480361215808	-0.155136650105634	0.120180342132393	-1.29372689206206	0.195759772993361	0.999831983216163
ENSMUSG00000023999	57.3183966407673	-0.0587569126568455	0.117270185630538	-0.50204199509076	0.61563798087407	0.999831983216163
ENSMUSG00000039628	13.5895575285515	-0.046388362143241	0.0775036409413701	-0.60968573414144	0.542070006449712	0.999831983216163
ENSMUSG00000024142	975.851213486345	0.0229573668498457	0.0936079191811813	0.245246787833284	0.806265350841073	0.999831983216163
ENSMUSG00000003200	167.781319768221	-0.184431498212256	0.11962877798926	-1.54311921611478	0.122801853121791	0.999831983216163
ENSMUSG00000023968	31.2908415221526	0.0568239133609562	0.105501652167577	0.536200931326461	0.591819689927828	0.999831983216163
ENSMUSG00000039183	715.406697253418	-0.00063671253242955	0.104011150236746	-0.00612118814057062	0.995116028988428	0.999831983216163
ENSMUSG00000002617	762.303094615379	-0.0428342449127867	0.0984287912400676	-0.435217707100176	0.663404410951819	0.999831983216163
ENSMUSG00000023886	108.848851157368	-0.117350334965367	0.121472051824822	-0.968450529211988	0.332819414452544	0.999831983216163
ENSMUSG00000044279	65.2735235505668	0.00543072841864059	0.118953916436471	0.0456193930517104	0.963613611843098	0.999831983216163
ENSMUSG00000023942	944.237247745849	0.107692515429954	0.100142902975347	1.07507347708271	0.282341833016437	0.999831983216163
ENSMUSG00000024387	2737.09852266836	-0.0844860340704562	0.0860407590728703	-0.98199024326166	0.326104654906044	0.999831983216163
ENSMUSG00000025732	284.202398056328	0.00523815509941258	0.113921762597344	0.0459711904095447	0.963333212346547	0.999831983216163
ENSMUSG00000053347	1244.23371582235	0.12832370360181	0.0940167130591675	1.36471897347949	0.172341393904487	0.999831983216163
ENSMUSG00000055240	870.326818398524	0.0113651730490965	0.0968539115507418	0.117349502707821	0.906583098495067	0.999831983216163
ENSMUSG00000024213	6156.80601973344	-0.056024443561915	0.0799226979908294	-0.701010515193594	0.483296453011717	0.999831983216163
ENSMUSG00000090273	22.4242667701109	0.0117041181687879	0.0934363205600593	0.125043573674813	0.900489054228431	0.999831983216163
ENSMUSG00000024371	41.7629924672008	-0.0824091802201328	0.109843422941541	-0.755039273332467	0.450225418056716	0.999831983216163
ENSMUSG00000067370	98.8859463936661	-0.12406883242941	0.121595589294369	-1.02245100941784	0.306567488450513	0.999831983216163
ENSMUSG00000024227	45.7036366606652	0.123282080082718	0.110681232912932	1.10675943901583	0.268397949134719	0.999831983216163
ENSMUSG00000015575	1724.59041655094	-0.0496580923231905	0.0985433251371413	-0.50395632061363	0.61429207161983	0.999831983216163
ENSMUSG00000024248	3232.75303099693	0.130874719013206	0.0889366784349422	1.47126212481751	0.141220241987154	0.999831983216163
ENSMUSG00000039220	1839.54596994057	-0.0284139094919966	0.0915952155299129	-0.310222593598113	0.756391690292642	0.999831983216163
ENSMUSG00000024002	3687.11947158004	0.00350571719103518	0.0924339429275884	0.0379268200315164	0.969746029135844	0.999831983216163
ENSMUSG00000052146	163.281678771714	0.0381146134779095	0.121230895803696	0.314420048450372	0.753202031226976	0.999831983216163
ENSMUSG00000006818	6160.87893410465	-0.0185929166515569	0.0778748199897747	-0.238756144991743	0.811294678036642	0.999831983216163
ENSMUSG00000015605	1006.03907413185	0.0108254523799145	0.0983823119462044	0.110034947449316	0.912381659127494	0.999831983216163
ENSMUSG00000024215	19.91355937655	0.0728934443655347	0.0917704761299198	0.784679392754295	0.432641568002717	0.999831983216163
ENSMUSG00000002308	446.655895291507	-0.0458605566258004	0.107736485044837	-0.425761114412242	0.670281924491971	0.999831983216163
ENSMUSG00000013787	3003.94019701423	-0.0215126386264777	0.0939494360367024	-0.22898701158444	0.818879011198523	0.999831983216163
ENSMUSG00000045761	50.0922754668979	0.0504527657836663	0.114230459215951	0.440876383305651	0.659302491836224	0.999831983216163
ENSMUSG00000024319	2159.80531760967	-0.0250783615671672	0.0846871023216917	-0.296129736021422	0.767131005793211	0.999831983216163
ENSMUSG00000033450	25.9708462316512	-0.0386523854899946	0.0966283391134353	-0.401726212632637	0.687885531122644	0.999831983216163
ENSMUSG00000002660	1162.43878681159	-0.0238841494784888	0.0928163164579478	-0.257325463203082	0.796927537328635	0.999831983216163
ENSMUSG00000067150	2462.63855238307	0.0304581825736909	0.0822184870738825	0.370448525672201	0.71104832316843	0.999831983216163
ENSMUSG00000043311	427.107261160849	0.0109654376289813	0.105628912545882	0.103804618304806	0.917324401395067	0.999831983216163
ENSMUSG00000096255	77.8692471942027	-0.0665300900154574	0.121029299673707	-0.550457052563956	0.582005926249822	0.999831983216163
ENSMUSG00000024081	1502.052517786	-0.0940906244561298	0.0923739577484773	-1.0187115508084	0.308339927232282	0.999831983216163
ENSMUSG00000059791	14.0392388227594	-0.0501534448577009	0.0813219794488695	-0.627111242355687	0.530586318255236	0.999831983216163
ENSMUSG00000019487	242.891615008313	0.193944307782088	0.115693959281937	1.67458120251902	0.0940164299388917	0.999831983216163
ENSMUSG00000024078	489.114056240127	0.132368694986599	0.10618939247552	1.24634013335517	0.212639549743049	0.999831983216163
ENSMUSG00000039601	6225.39500847381	0.169191572817001	0.102750193878331	1.64541101986095	0.0998850785463866	0.999831983216163
ENSMUSG00000034673	1415.65996209355	0.0539381635682277	0.0876290008990605	0.615506126204041	0.538220524799681	0.999831983216163
ENSMUSG00000033597	3992.8799372773	-0.0312846368334546	0.0806997851764209	-0.387677071729436	0.698255025465996	0.999831983216163
ENSMUSG00000061950	1848.200188021	-0.01316538931879	0.0965990962477986	-0.136285848457464	0.891595310795114	0.999831983216163
ENSMUSG00000036398	1795.0815847762	0.131541499983874	0.0923426069238532	1.42423129529994	0.154379528419957	0.999831983216163
ENSMUSG00000024026	4256.26966913637	-0.0143849827837966	0.0786966532680971	-0.182791019800558	0.854961995059155	0.999831983216163
ENSMUSG00000037649	93.8592499523373	-0.149378115904548	0.121736683821496	-1.23031812190269	0.218578000782065	0.999831983216163
ENSMUSG00000003929	1559.6122352205	-0.0455575350727361	0.0930641656402325	-0.489566261497073	0.624440855538835	0.999831983216163
ENSMUSG00000057789	333.562482340955	-0.0615811750539523	0.112109594982348	-0.549408369756449	0.582725231494776	0.999831983216163
ENSMUSG00000049672	841.976600319948	0.0440402311713566	0.0961055739889521	0.45824776453754	0.646774447462283	0.999831983216163
ENSMUSG00000023460	3206.99726661383	0.00865004103526008	0.0851434635308219	0.101592596944097	0.919080055828547	0.999831983216163
ENSMUSG00000045817	826.776750060451	0.15382063852238	0.103337977660664	1.48800072502907	0.136750702426997	0.999831983216163
ENSMUSG00000019320	49.5839426557644	-0.150078605293362	0.114741058377443	-1.31946112839539	0.187014997244321	0.999831983216163
ENSMUSG00000044501	698.760127545799	0.0306865142164915	0.109345654316513	0.280634143745126	0.778991025050511	0.999831983216163
ENSMUSG00000045036	25.7149725695415	0.0268966605070358	0.100220998820076	0.267629855851985	0.788984247367781	0.999831983216163
ENSMUSG00000046991	47.2412998114512	0.071089915970633	0.114655635310294	0.617556837915484	0.536867503740651	0.999831983216163
ENSMUSG00000057899	76.0544122090238	0.0279210820668382	0.120134755085881	0.232271810199968	0.816326905953336	0.999831983216163
ENSMUSG00000024011	33.2472934128738	0.0260578706137067	0.106175675901281	0.244642144694506	0.806733528654978	0.999831983216163
ENSMUSG00000000579	445.734946135666	0.0112439877930501	0.110981463829209	0.101304587173457	0.919308674892193	0.999831983216163
ENSMUSG00000034786	50.86479517744	0.089824088214457	0.114121120522113	0.783087057041973	0.433575991137028	0.999831983216163
ENSMUSG00000024052	2756.99981323252	-0.00699836919817613	0.084883603250248	-0.0824475539004155	0.934290822194373	0.999831983216163
ENSMUSG00000045394	14.170699581774	-0.0533204602490283	0.0819876624786886	-0.660992729351135	0.508616976272139	0.999831983216163
ENSMUSG00000040688	694.890492211021	0.0988738780177691	0.101579376027185	0.973162969853886	0.330472311741841	0.999831983216163
ENSMUSG00000073434	553.52249907457	0.0280292113796404	0.107939585672814	0.259619193320843	0.795157529737554	0.999831983216163
ENSMUSG00000071984	42.5517051177913	-0.0449320294657507	0.112193681050149	-0.401840058293493	0.687801739127306	0.999831983216163
ENSMUSG00000062480	39.718763544402	-0.0508125882416257	0.110975055760193	-0.459685943199606	0.64574166065382	0.999831983216163
ENSMUSG00000024039	1345.29349456909	0.0534824384043804	0.0898499471343727	0.595205021761963	0.551706433941607	0.999831983216163
ENSMUSG00000052142	38.9918978037897	0.201524822051683	0.110559587538962	1.80167495132859	0.0715965612887904	0.999831983216163
ENSMUSG00000116895	30.8779227759293	-0.0134032209869638	0.104987584319557	-0.127891491538078	0.898234844520523	0.999831983216163
ENSMUSG00000024251	604.299800894714	-0.0218155933659842	0.106634959322385	-0.2045783924747	0.83790153864987	0.999831983216163
ENSMUSG00000096847	5662.99089083683	-0.111814003954528	0.0787703373879169	-1.41960040023926	0.155724048845329	0.999831983216163
ENSMUSG00000024393	11509.4897209455	-0.0185461887818796	0.0797617972049906	-0.232522686486846	0.816132068752762	0.999831983216163
ENSMUSG00000007570	376.250748095607	0.138499539328578	0.11436869032436	1.2097009300503	0.226393672866611	0.999831983216163
ENSMUSG00000024069	465.316003354287	0.00297842851291291	0.103313109500541	0.0288288905888353	0.977001059093751	0.999831983216163
ENSMUSG00000040694	66.8021448861644	0.128426908910245	0.119346888213472	1.07114289971107	0.284105181381739	0.999831983216163
ENSMUSG00000067931	643.963399021416	0.0698635786100575	0.102323187599772	0.682741735207546	0.494770052538524	0.999831983216163
ENSMUSG00000034116	52.9310347508818	-0.0393043069719093	0.114146320113576	-0.345593688795505	0.729648089664948	0.999831983216163
ENSMUSG00000036196	102.245955184608	-0.00110630633906357	0.121885389612614	-0.00907459518943948	0.992759619975084	0.999831983216163
ENSMUSG00000024131	151.858312642512	0.054319444584806	0.121550537987759	0.446362326398609	0.655335541614046	0.999831983216163
ENSMUSG00000092417	485.780457434692	0.083417959213321	0.104891055072154	0.795129941615639	0.426537919276904	0.999831983216163
ENSMUSG00000061665	1859.56095769107	0.00249647585205714	0.10512925669184	0.0237475063280901	0.981054012106196	0.999831983216163
ENSMUSG00000053835	581.753777149741	-0.0516224042039467	0.107382149580817	-0.480815284866229	0.630647785934947	0.999831983216163
ENSMUSG00000034254	2420.53539116733	-0.0460768736355666	0.0843734805212206	-0.546116466199064	0.584985881724934	0.999831983216163
ENSMUSG00000004945	1297.64022175271	-0.0613084358008471	0.0948775997200433	-0.646206677135003	0.518145515856885	0.999831983216163
ENSMUSG00000023959	368.129893265112	-0.143713620903917	0.111059502770344	-1.29437173096913	0.195537050320548	0.999831983216163
ENSMUSG00000023852	2033.95060668446	0.0321248566386915	0.0981067326802997	0.327436598254296	0.743337689292523	0.999831983216163
ENSMUSG00000004864	68.1360952612605	0.116771175659499	0.118781695425935	0.97835834888071	0.327897120646549	0.999831983216163
ENSMUSG00000061232	687.790919687402	0.149571698447149	0.0995215037340955	1.50255619098025	0.132953527639968	0.999831983216163
ENSMUSG00000023800	294.104308081009	0.0662521216497343	0.113138952737023	0.585408186805502	0.558273285272642	0.999831983216163
ENSMUSG00000034681	3347.71547114322	-0.00306938836211319	0.0830670601757019	-0.036950322011222	0.970524615955947	0.999831983216163
ENSMUSG00000024143	1943.12265689693	0.0471952798864066	0.0879696330341601	0.536483334901596	0.591624550490065	0.999831983216163
ENSMUSG00000071054	5200.47195532779	0.0179365645222753	0.0822309240011883	0.218123076732289	0.827333217635221	0.999831983216163
ENSMUSG00000071042	643.466699930767	0.0493867666696866	0.103337487921832	0.477845302430052	0.632760314576129	0.999831983216163
ENSMUSG00000023918	114.408412832203	0.0629444226873157	0.121861940873451	0.515825771478837	0.605976101232181	0.999831983216163
ENSMUSG00000062691	599.070234657175	0.0279584299181778	0.104074648840761	0.268625312236029	0.788218031671604	0.999831983216163
ENSMUSG00000040260	5098.97507261233	0.0412792296466037	0.0863838449820134	0.477830027249711	0.632771187477073	0.999831983216163
ENSMUSG00000023809	1016.70721276834	0.0403753148846936	0.102571128282337	0.393592354977999	0.693882026416727	0.999831983216163
ENSMUSG00000067629	2284.47007605893	-0.012756355575644	0.0950192165468303	-0.134248647972775	0.893205958529083	0.999831983216163
ENSMUSG00000023951	3360.89201860768	-0.00487993669598158	0.0983914278088982	-0.0495958875510896	0.9604444238597	0.999831983216163
ENSMUSG00000037326	2938.04035763767	-0.00542401272392133	0.0849057217141194	-0.0638822854075022	0.949063957661416	0.999831983216163
ENSMUSG00000040888	525.216199459268	0.054937808493198	0.102671365070882	0.535061841663804	0.59260709498299	0.999831983216163
ENSMUSG00000023806	76.7288067442129	0.0831014406911472	0.120450608695485	0.688754897762511	0.490977522707238	0.999831983216163
ENSMUSG00000033972	1228.56445581242	0.0463330740817019	0.0991904863047843	0.467091834342989	0.64043417609326	0.999831983216163
ENSMUSG00000014763	2608.5819789709	0.0243617518290403	0.0886471552276839	0.27481355015071	0.783459487264532	0.999831983216163
ENSMUSG00000023913	12771.8337536298	-0.0326345000298988	0.0785738377811655	-0.415348248782824	0.677886985363513	0.999831983216163
ENSMUSG00000024299	5038.58792045315	-0.0367646744701775	0.100971114413394	-0.364158352621087	0.715739764687645	0.999831983216163
ENSMUSG00000053390	837.245102727855	-0.0113632590666148	0.0990391305251282	-0.114742273337034	0.908649405911696	0.999831983216163
ENSMUSG00000033855	478.996045435224	-0.0492411761980475	0.106309453771706	-0.466772030005484	0.640662989142866	0.999831983216163
ENSMUSG00000050747	34.8151347169712	-0.016734550449501	0.106862590277172	-0.157003200163033	0.875242326017384	0.999831983216163
ENSMUSG00000061207	554.742435408273	-0.0147339857628559	0.109144645237912	-0.1349875263374	0.892621736601765	0.999831983216163
ENSMUSG00000024180	773.921392114754	0.102839751646895	0.104319812491881	0.985468807802051	0.324393845728764	0.999831983216163
ENSMUSG00000023266	435.801300656927	0.0811080615662551	0.107496420779716	0.75436597372765	0.450629497307027	0.999831983216163
ENSMUSG00000006705	1008.37740754835	-0.0968201506164838	0.0993873356775896	-0.974327986215705	0.329893713168513	0.999831983216163
ENSMUSG00000001576	4032.17642161886	-0.0602942655531294	0.0804309258570774	-0.749666729812104	0.453455450094583	0.999831983216163
ENSMUSG00000023960	9364.17613823054	0.017763143009576	0.0895130824536024	0.198434711891671	0.842704961220071	0.999831983216163
ENSMUSG00000024187	880.851205334808	-0.0930836282483403	0.0984049780137231	-0.9459717874571	0.344162976185879	0.999831983216163
ENSMUSG00000044477	2622.68310273376	-0.134723915708218	0.082754596448144	-1.62808912788882	0.103505988520696	0.999831983216163
ENSMUSG00000057246	90.3390612830782	0.171326822600537	0.121255231572767	1.40675384947571	0.159500391775949	0.999831983216163
ENSMUSG00000073448	485.217380286656	0.0569114649829556	0.109345264586533	0.520395155690143	0.602788185796919	0.999831983216163
ENSMUSG00000094441	632.102555708431	-0.0883077195439634	0.108215944236588	-0.816358608251021	0.414295062943823	0.999831983216163
ENSMUSG00000095407	221.461459097405	0.145163883101954	0.116856772787985	1.24152057143999	0.214413503561788	0.999831983216163
ENSMUSG00000034709	2664.96657443346	0.0829027067850968	0.0850131693296216	0.975087844783947	0.329516687524108	0.999831983216163
ENSMUSG00000024217	877.110864096165	-0.106626081268539	0.0931838043146057	-1.14424430480251	0.252522333846467	0.999831983216163
ENSMUSG00000048440	346.504890017195	-0.0436455862262358	0.112286421733764	-0.388667948051454	0.697521795497098	0.999831983216163
ENSMUSG00000068037	90.4485744346884	0.000870700357107669	0.120295300715042	0.00723717380067964	0.994225621167771	0.999831983216163
ENSMUSG00000064043	199.281476837822	0.00560083030686756	0.120415219816655	0.046504099315866	0.962908466841572	0.999831983216163
ENSMUSG00000036568	3114.06311086074	0.0439459089759994	0.0817856088711872	0.537313607748394	0.591051007427809	0.999831983216163
ENSMUSG00000023873	24.2229610766664	0.0689838951159325	0.0983897505948783	0.695489107509213	0.486748835054434	0.999831983216163
ENSMUSG00000036315	434.520964746205	-0.0320786527135001	0.109800914585073	-0.2921606434811	0.770163801412348	0.999831983216163
ENSMUSG00000005371	5567.6665804329	0.00635294914184096	0.0856409948024304	0.074181804380493	0.940865723955873	0.999831983216163
ENSMUSG00000024151	1641.1707620423	0.142835498809767	0.0873831141244497	1.63442476935114	0.10216969082728	0.999831983216163
ENSMUSG00000024038	2253.56701609604	0.00918481971942295	0.0898403599076068	0.102231769438993	0.918572711487367	0.999831983216163
ENSMUSG00000061046	1870.94353988407	0.0579734978528795	0.0895920817994672	0.647053234821314	0.517597490352837	0.999831983216163
ENSMUSG00000024044	10111.3362190903	0.121058060268488	0.0807662098973737	1.49868611116672	0.133955081485491	0.999831983216163
ENSMUSG00000024012	5480.6726280909	0.0903053666218361	0.0868258343186627	1.03992977072863	0.298372529952289	0.999831983216163
ENSMUSG00000002768	923.005581728351	0.0796095581025866	0.100574354363451	0.791390219716711	0.428716315445613	0.999831983216163
ENSMUSG00000096910	1772.7016317973	-0.0135357399871989	0.0910295292345747	-0.148701003633987	0.881789569258534	0.999831983216163
ENSMUSG00000032842	539.165605910155	0.0893726244810725	0.109288778463263	0.817360760953787	0.413722292835399	0.999831983216163
ENSMUSG00000047428	45.9046901076146	0.0448804847817588	0.0981279178397645	0.454370358417677	0.649562283206338	0.999831983216163
ENSMUSG00000053436	3996.79157408418	-0.128061438590926	0.0790380385652701	-1.62036039673276	0.105154881908533	0.999831983216163
ENSMUSG00000037098	3444.16842431974	-0.031277437618927	0.0822798349800196	-0.380141839863227	0.703840129158496	0.999831983216163
ENSMUSG00000045038	8193.43567179874	-0.0783857024205269	0.0947289656280124	-0.82764452540776	0.407871844435315	0.999831983216163
ENSMUSG00000038500	587.480104979299	-0.0840171076394568	0.102957687545438	-0.816057779755442	0.414467089877956	0.999831983216163
ENSMUSG00000116953	53.1426007782474	0.0491418728618097	0.111945395033295	0.43676193484809	0.662284007381846	0.999831983216163
ENSMUSG00000041319	237.569695322307	0.070899686540893	0.12013512046424	0.589434852604175	0.555569602395171	0.999831983216163
ENSMUSG00000002017	2180.54033211849	-0.0154169281930921	0.0865623803584443	-0.178105874467711	0.858639828638587	0.999831983216163
ENSMUSG00000024019	242.410319986589	-0.0371568891952037	0.117470427268404	-0.316430938337613	0.751675437045793	0.999831983216163
ENSMUSG00000053600	300.300685635531	0.0451429372076299	0.112059868309695	0.402763928255072	0.687121899792325	0.999831983216163
ENSMUSG00000024055	532.577893815622	-0.0121448489427508	0.102816615077972	-0.118120459476493	0.905972212618532	0.999831983216163
ENSMUSG00000007564	12838.2459071897	-0.0249938987960681	0.075167539663475	-0.33251430726416	0.739500938088535	0.999831983216163
ENSMUSG00000007036	5550.08861037882	0.0479667150325163	0.0858436788753927	0.558728024853479	0.576347350070921	0.999831983216163
ENSMUSG00000023965	1708.49706157194	-0.00444929661745862	0.0960416443403665	-0.0463288902728816	0.963048112917542	0.999831983216163
ENSMUSG00000072082	125.056388975304	-0.0313098489597854	0.121341379528037	-0.258120016610742	0.796314283870037	0.999831983216163
ENSMUSG00000033826	14.2958246568522	0.0136762781334172	0.0790293476861548	0.17274671095831	0.862850525657289	0.999831983216163
ENSMUSG00000055817	2966.32499388653	0.11208748507249	0.0880999004867396	1.27209358641504	0.203339869681873	0.999831983216163
ENSMUSG00000062591	33175.3327214078	-0.0887668098221782	0.0810907915459079	-1.09477575604524	0.273614890235728	0.999831983216163
ENSMUSG00000024112	176.445632492466	-0.0584046645399435	0.121857639699603	-0.479829700623077	0.631348491917489	0.999831983216163
ENSMUSG00000024220	1505.26591687422	0.0720337138146488	0.0944322107640015	0.762697587281417	0.445643769812287	0.999831983216163
ENSMUSG00000024158	2900.83086383062	0.00831819368089037	0.083765726145449	0.0993023806686589	0.920898188261554	0.999831983216163
ENSMUSG00000048915	362.323683337934	0.153600942226254	0.111490349103716	1.37714603359023	0.168467102806651	0.999831983216163
ENSMUSG00000023912	3878.63720438898	-0.0641395686217974	0.0976773545196547	-0.65676151493848	0.511334273557504	0.999831983216163
ENSMUSG00000023973	1177.52352055083	0.0292981861256746	0.0914012076446013	0.320535603578768	0.748562345152784	0.999831983216163
ENSMUSG00000036533	483.53205953818	-0.00767020303094005	0.111216762964965	-0.0689674472838214	0.945015531083713	0.999831983216163
ENSMUSG00000024186	176.786162681376	0.214417065507968	0.12125002865758	1.76317543524213	0.0778709054924697	0.999831983216163
ENSMUSG00000096169	37.0918341269521	-0.0326967499077882	0.109655166870039	-0.299078267644936	0.764880327717198	0.999831983216163
ENSMUSG00000037805	1669.8845720768	0.0955402613845157	0.0965298920481166	0.989531198173563	0.322403313481048	0.999831983216163
ENSMUSG00000024045	6469.08500777624	0.0779232380346247	0.0815569837916924	0.955368366899683	0.339391445129984	0.999831983216163
ENSMUSG00000056121	1732.15307329569	0.0195257246922944	0.0877239795139142	0.222584050386434	0.823859251004765	0.999831983216163
ENSMUSG00000023990	535.867194916708	-0.0692982166384867	0.105571439044451	-0.656405923847871	0.511562979938743	0.999831983216163
ENSMUSG00000007670	3211.18239276587	-0.0697524888421224	0.083377774055573	-0.836619699523334	0.402806368883844	0.999831983216163
ENSMUSG00000056515	3391.14985169119	-0.130960479512444	0.0815341994155106	-1.6063412343445	0.108198955093653	0.999831983216163
ENSMUSG00000024082	1090.25066287147	0.0242637286172969	0.0924111408223302	0.262553769531739	0.79289453670241	0.999831983216163
ENSMUSG00000045409	2885.55594457632	0.042513479470081	0.0928356977691227	0.457895436016412	0.647027565994749	0.999831983216163
ENSMUSG00000044469	47.9731644153845	-0.072117381662644	0.109506814131811	-0.662440332682912	0.507689062502486	0.999831983216163
ENSMUSG00000024099	5154.42603477995	0.0590524089500294	0.0868356973688859	0.679993032761776	0.496508872474007	0.999831983216163
ENSMUSG00000024087	233.304122940271	-0.0294191828661388	0.116664787010607	-0.252142200119346	0.800931152456659	0.999831983216163
ENSMUSG00000050705	1645.46621279132	0.0078847558564098	0.0917948601715444	0.0858927349550398	0.93155168683438	0.999831983216163
ENSMUSG00000096433	418.572264432223	0.066814708816365	0.107561540659648	0.62117878701496	0.534481995088158	0.999831983216163
ENSMUSG00000061130	6962.55440507297	0.00467379293360005	0.086933301510152	0.0537636034163221	0.957123507824475	0.999831983216163
ENSMUSG00000005370	1177.03376995019	0.0793020387877369	0.099127697221568	0.799897119239092	0.42377040699449	0.999831983216163
ENSMUSG00000071192	34.2687469789536	-0.0918155207654544	0.106380899148393	-0.871487784295025	0.383487872933781	0.999831983216163
ENSMUSG00000075705	470.770272234344	0.0707475276990276	0.104495882621927	0.676933123863712	0.498448386628997	0.999831983216163
ENSMUSG00000073421	56.3904081759815	-0.0600499888259033	0.116246857476052	-0.51761005412769	0.604730365498056	0.999831983216163
ENSMUSG00000023892	346.413471791519	0.0287409390641924	0.108794697714087	0.264169988185086	0.791648935804153	0.999831983216163
ENSMUSG00000007021	2271.27953638412	0.0797986713309585	0.0999859224398908	0.797920932932727	0.424916374945555	0.999831983216163
ENSMUSG00000024292	563.156190807304	-0.110602174940555	0.109269585092306	-1.01260659198373	0.311248109933291	0.999831983216163
ENSMUSG00000024053	301.434937250608	-0.192002371204186	0.116989251781001	-1.64341788186247	0.100296502847887	0.999831983216163
ENSMUSG00000023826	285.81099593704	0.0827000534446674	0.116934196959798	0.7066340200629	0.479793941794127	0.999831983216163
ENSMUSG00000096696	40.8925715295525	0.0443167488868253	0.109782805939099	0.402763384772136	0.687122299645603	0.999831983216163
ENSMUSG00000055760	180.93227734964	-0.0188519187022245	0.118477100929953	-0.159123997218915	0.873571182050887	0.999831983216163
ENSMUSG00000015468	301.477016309894	-0.0975240776807367	0.115124205568272	-0.847373453049001	0.39678699657324	0.999831983216163
ENSMUSG00000024067	659.174219464898	0.0913573938558564	0.0999247007632394	0.914176425977752	0.360624149135591	0.999831983216163
ENSMUSG00000071037	767.991309509094	0.126904342005482	0.096002634786624	1.32175546200577	0.186249593557107	0.999831983216163
ENSMUSG00000035521	1905.43103309177	-0.0183767394363879	0.0959224367356967	-0.19157839056515	0.848072470790181	0.999831983216163
ENSMUSG00000003199	2220.50244439492	0.0762111070508394	0.0835917514222018	0.91166501882459	0.361945083972519	0.999831983216163
ENSMUSG00000059714	1501.03071152243	0.0164148305953679	0.0915496337894893	0.179298536988484	0.857703295553172	0.999831983216163
ENSMUSG00000073411	2980.37013080127	0.0135657814917643	0.0964717647856343	0.140613021649374	0.888175660662634	0.999831983216163
ENSMUSG00000025737	588.416773079706	-0.0115504352536696	0.102134445173714	-0.113081321560243	0.909966083233436	0.999831983216163
ENSMUSG00000052397	1276.26213040975	0.133651818580995	0.10438784123585	1.27958382758372	0.200691540596064	0.999831983216163
ENSMUSG00000040097	7339.11121519706	0.143510084297464	0.0808637068951227	1.77446491192053	0.0759862810372593	0.999831983216163
ENSMUSG00000024050	2756.34268728821	-0.147182875988596	0.0859158292569791	-1.71331027198731	0.0866554736385797	0.999831983216163
ENSMUSG00000025731	658.272780402479	0.0100586194699322	0.0996670885125173	0.100919487366589	0.919614373403319	0.999831983216163
ENSMUSG00000024160	175.813512771971	0.0942810766923724	0.121099716920455	0.777244018202415	0.437014816567163	0.999831983216163
ENSMUSG00000036214	121.950293957556	-0.0545737106731586	0.1215827958598	-0.449068595258213	0.653382174286243	0.999831983216163
ENSMUSG00000043445	2586.81577964023	-0.011177855569251	0.086816916189931	-0.128750508139429	0.897555068252932	0.999831983216163
ENSMUSG00000060586	65.077021424385	0.0494487438585556	0.116544318638844	0.423033679786893	0.672270688387328	0.999831983216163
ENSMUSG00000024065	2642.27746307794	-0.00498915981452315	0.109349404420489	-0.0456262103869739	0.963608178054542	0.999831983216163
ENSMUSG00000002769	132.969974384335	0.0656209623147846	0.121746129700354	0.53831857672658	0.590357128495997	0.999831983216163
ENSMUSG00000040482	545.570368623806	0.0315204884266897	0.108449480045492	0.290586683705675	0.771367445675834	0.999831983216163
ENSMUSG00000024301	137.700853733791	0.0450783838111557	0.121748684204986	0.369790848797034	0.711538334286065	0.999831983216163
ENSMUSG00000032624	1389.15329559511	-0.0175613895462599	0.0883893920574146	-0.198682833664475	0.842510853066415	0.999831983216163
ENSMUSG00000046711	1151.01070076518	0.0555360167591366	0.0915386566988934	0.60665778218466	0.544078045064363	0.999831983216163
ENSMUSG00000041062	37.9982950636204	0.12799294640373	0.109577232247515	1.15749280160613	0.247071078590569	0.999831983216163
ENSMUSG00000061607	1487.64513936576	0.00708349316158589	0.0875606980288579	0.0808977607489182	0.935523260793877	0.999831983216163
ENSMUSG00000023966	273.03194693981	0.127899663955071	0.114912369915325	1.11231570686578	0.266002432875851	0.999831983216163
ENSMUSG00000040327	1941.99006979116	-0.0678310464525028	0.0892067726971975	-0.760416732467909	0.447005524654755	0.999831983216163
ENSMUSG00000024008	122.895672473537	0.00537993770811969	0.0655478278981879	0.0817669933113798	0.934832003676928	0.999831983216163
ENSMUSG00000004865	1856.58769092712	-0.042888985844829	0.0921843641949213	-0.465264756195743	0.641741870363043	0.999831983216163
ENSMUSG00000057835	237.860169336062	0.0923560916936244	0.118688430910193	0.777722723199027	0.43673249323504	0.999831983216163
ENSMUSG00000034729	1086.41190341768	0.104519626016	0.0933039774358356	1.12005720534145	0.262689385479801	0.999831983216163
ENSMUSG00000057388	1100.23092806816	-0.00788108435334364	0.0947700640885777	-0.0831624274433912	0.933722387770557	0.999831983216163
ENSMUSG00000024325	1107.53155521304	0.0828846220622634	0.0984741653097832	0.84150835128854	0.400063208484579	0.999831983216163
ENSMUSG00000046201	2817.59292471786	0.0542878247947246	0.0881964524068724	0.615494554163591	0.538228164666689	0.999831983216163
ENSMUSG00000024146	1785.29921934486	0.00601812259456474	0.0866537624096194	0.0694498968634257	0.944631512811768	0.999831983216163
ENSMUSG00000002668	17.9527380342601	0.0551426221031624	0.0905846362309908	0.603688401184267	0.546050826992333	0.999831983216163
ENSMUSG00000024308	784.033379731092	0.0805181555105525	0.0986631030552569	0.815960940185539	0.414522475980196	0.999831983216163
ENSMUSG00000023909	1801.48202134094	0.040919040142985	0.0955266631633693	0.428318678230524	0.668419122018587	0.999831983216163
ENSMUSG00000024018	577.175641335755	-0.0799431311819672	0.104310317339668	-0.766460054186734	0.443402611468714	0.999831983216163
ENSMUSG00000024076	121.32771243819	0.157243432501156	0.121825496459078	1.28790377040158	0.197779462852744	0.999831983216163
ENSMUSG00000062753	567.227614182392	0.184399219302334	0.105218883066922	1.75182944103359	0.0798031401556593	0.999831983216163
ENSMUSG00000055660	1213.57989583917	-0.0305831636391553	0.0929935800792603	-0.328885681526391	0.742242097318463	0.999831983216163
ENSMUSG00000024091	4774.29405216388	0.0231569833330339	0.0861577613883757	0.268769027080892	0.788107429397061	0.999831983216163
ENSMUSG00000023953	379.29920741711	-0.132435559470933	0.109325141391133	-1.21147917393884	0.225711811645847	0.999831983216163
ENSMUSG00000051977	176.461871741779	0.0112577230051262	0.119604054332053	0.0941044951570772	0.925026149611284	0.999831983216163
ENSMUSG00000013236	8573.84848709115	-0.0326612371647536	0.0789884420283536	-0.413504364250204	0.679237125583272	0.999831983216163
ENSMUSG00000039153	23.3231815819554	-0.00809919472702481	0.0966427119589331	-0.0838047582470778	0.933211664797214	0.999831983216163
ENSMUSG00000024422	1287.7756892539	-0.0309389486154212	0.0946760275172736	-0.326781482196169	0.743833166263922	0.999831983216163
ENSMUSG00000091586	167.531210026276	0.119393556026889	0.120653240697681	0.988147824410899	0.323080256705658	0.999831983216163
ENSMUSG00000024169	939.526846029627	-0.0301750560750061	0.0950117393331125	-0.317602067341736	0.750786805768995	0.999831983216163
ENSMUSG00000040140	53.3315486416247	0.046168840267945	0.116283330043025	0.39633360185729	0.691858941792717	0.999831983216163
ENSMUSG00000039615	129.825620418242	-0.0287934666971051	0.121680397570626	-0.236615345441477	0.812955214284896	0.999831983216163
ENSMUSG00000023949	26.5325940880442	0.136348120300098	0.0968680850334348	1.38908515769325	0.164806856501945	0.999831983216163
ENSMUSG00000033475	129.229509698643	0.0356703187975771	0.121836588407152	0.29275827801512	0.769706920950306	0.999831983216163
ENSMUSG00000024068	3007.79393863068	-0.109553383202007	0.0843896968299391	-1.29831162048392	0.194180274861707	0.999831983216163
ENSMUSG00000024222	892.712623116274	-0.0938752149211069	0.0951937033852271	-1.01487115838078	0.31016724811354	0.999831983216163
ENSMUSG00000023902	39.6297640945303	0.101262147960921	0.109183635803701	0.919783998626633	0.357685646843903	0.999831983216163
ENSMUSG00000038880	199.133917416011	-0.0161903639701209	0.118835107493518	-0.136253840223929	0.891620613646181	0.999831983216163
ENSMUSG00000024218	1051.67664605291	-0.0322440383091512	0.0931716426328699	-0.346068811203289	0.72929100193856	0.999831983216163
ENSMUSG00000056492	1652.22477801113	-0.115963358883072	0.101392358050531	-1.14410537699972	0.252579938019186	0.999831983216163
ENSMUSG00000024066	419.360867207464	0.11216096414544	0.111735168383756	0.993647110574288	0.320394700057247	0.999831983216163
ENSMUSG00000002250	836.061792761853	-0.108505336529515	0.110079798701271	-0.98616532649465	0.32405199108359	0.999831983216163
ENSMUSG00000062743	161.556832932868	-0.10287140236263	0.120108843642527	-0.857173661476543	0.391348916354095	0.999831983216163
ENSMUSG00000023947	360.143019594044	-0.00590046139883494	0.111359335392879	-0.0529814485761978	0.9577466888423	0.999831983216163
ENSMUSG00000024245	4760.23620795517	-0.0776064190418389	0.0897644294417364	-0.86466289711647	0.387223839535722	0.999831983216163
ENSMUSG00000005823	924.587347320909	0.0350627331896167	0.0996484962471901	0.351825423070511	0.724969191171068	0.999831983216163
ENSMUSG00000023938	963.587940553039	0.022898206321746	0.100095176417699	0.228744480747706	0.819067520574245	0.999831983216163
ENSMUSG00000041881	1533.80218772404	-0.0147649115919851	0.0950628061007772	-0.155320304629613	0.876568809081817	0.999831983216163
ENSMUSG00000023927	1674.3820474213	-0.0852276492689651	0.0885925585269084	-0.962095806034333	0.336001480646657	0.999831983216163
ENSMUSG00000050088	849.748199312016	0.0930429893356034	0.0988993925019927	0.940643802516566	0.346887426874835	0.999831983216163
ENSMUSG00000059811	10859.9638894386	-0.0468680501015581	0.0836250440681396	-0.560491460214383	0.575144262963887	0.999831983216163
ENSMUSG00000024210	11.1446516285869	0.0146111096878065	0.0759229106144213	0.191656852587147	0.848011005987173	0.999831983216163
ENSMUSG00000019214	76.3379446984238	0.0456053613532126	0.119908165072176	0.379565992965364	0.704267608498472	0.999831983216163
ENSMUSG00000034382	12.4809950773884	-0.0282409507775335	0.0761439573478593	-0.37375708346023	0.708585051564525	0.999831983216163
ENSMUSG00000038838	685.467361890362	0.11721961057202	0.101332901252852	1.15654915833844	0.247456604378758	0.999831983216163
ENSMUSG00000016946	1387.85816962854	-0.0681156795379882	0.0953383060218801	-0.714522456228438	0.474904175263794	0.999831983216163
ENSMUSG00000024338	50.4289208636935	0.12954057495188	0.110003122543645	1.1665887428878	0.243376491581568	0.999831983216163
ENSMUSG00000015120	4476.76022373161	-0.0426040480519151	0.0781767956914327	-0.54498200268239	0.585765895649653	0.999831983216163
ENSMUSG00000117406	130.897816461649	0.051796566899872	0.121524477483058	0.426013717186467	0.670097850686799	0.999831983216163
ENSMUSG00000023882	86.1462085503637	0.00266558991187949	0.121217839690434	0.0219854858086119	0.982459533387568	0.999831983216163
ENSMUSG00000023861	2169.59827604452	-0.0759323563622991	0.090068411891782	-0.84314867683362	0.399145297925014	0.999831983216163
ENSMUSG00000024330	520.111771480061	-0.00464777946464699	0.108277085629335	-0.0429230643446594	0.96576286300306	0.999831983216163
ENSMUSG00000067928	1466.69175412744	-0.0321970920628032	0.0865327058423074	-0.372083498495702	0.709830682013054	0.999831983216163
ENSMUSG00000002833	2039.71261265034	0.0682200818069349	0.0858063511932204	0.795009107374843	0.426608204428972	0.999831983216163
ENSMUSG00000036820	291.20960338614	0.0406076436469861	0.113737402614302	0.356947279514508	0.721131274028572	0.999831983216163
ENSMUSG00000040966	12.7760459431959	-0.0914886170276763	0.0785912110391731	-1.2073771202996	0.227286942713196	0.999831983216163
ENSMUSG00000091705	23.2193466531774	0.136493790400516	0.0846989823653575	1.58033110899872	0.114031059168478	0.999831983216163
ENSMUSG00000059408	34.5799044294675	0.00106919729454555	0.107300828385382	0.00995968866011964	0.992053449564777	0.999831983216163
ENSMUSG00000023908	56.5435308676119	0.0566929767807263	0.117383443805763	0.481714365789061	0.630008869449509	0.999831983216163
ENSMUSG00000025738	8268.16996678645	-0.12603239091637	0.102745498361987	-1.22734860567294	0.219691594278787	0.999831983216163
ENSMUSG00000024083	20706.1900468741	0.106267433856135	0.0844924888375182	1.25752424800593	0.208563864314361	0.999831983216163
ENSMUSG00000024188	4484.28164149955	0.0139084609980325	0.0779338660743241	0.178463979645851	0.858358607136769	0.999831983216163
ENSMUSG00000039770	2878.87925806395	0.124305439889505	0.0850148864901657	1.46201347996111	0.143737515978985	0.999831983216163
ENSMUSG00000017831	4533.28821376407	-0.0224823606417349	0.0831540657530424	-0.270377262872316	0.786870030511312	0.999831983216163
ENSMUSG00000024191	377.247696340474	-0.198275698367413	0.111557601669404	-1.77795515039382	0.0754112212305487	0.999831983216163
ENSMUSG00000023963	129.15824547003	0.208677554074821	0.121466584698969	1.71399457038177	0.0865297230554071	0.999831983216163
ENSMUSG00000008668	838.949359231179	0.12754930454141	0.0979776073189917	1.30158791622676	0.193057292809875	0.999831983216163
ENSMUSG00000040828	21.6612507458753	-0.0678477739605494	0.0910813695019888	-0.757780140668709	0.448582613121254	0.999831983216163
ENSMUSG00000120992	72.6007688652222	0.0331179644766565	0.116124560636836	0.284359069339693	0.776135222731556	0.999831983216163
ENSMUSG00000024177	31.1946775981039	0.163441416096433	0.105562881336169	1.52908176838561	0.126244174439102	0.999831983216163
ENSMUSG00000038910	1949.16264377385	-0.120971146679155	0.0861624453982967	-1.40406930473426	0.160298212986936	0.999831983216163
ENSMUSG00000024070	1336.41991559836	-0.071511393791974	0.094019115440871	-0.760703881608656	0.446833955848201	0.999831983216163
ENSMUSG00000024462	20175.6053086682	-0.0833731647490344	0.0887042966775762	-0.940049912932201	0.3471919588092	0.999831983216163
ENSMUSG00000024033	120.53306596578	0.0814630192131101	0.121486991001146	0.669967665172787	0.502878403034495	0.999831983216163
ENSMUSG00000011589	988.433985762062	-0.0190403494065142	0.0991134601555148	-0.192101075331001	0.847663032607028	0.999831983216163
ENSMUSG00000077450	4394.05880447344	-0.0641217004691526	0.0858214315020129	-0.74720053819145	0.454942519275792	0.999831983216163
ENSMUSG00000002365	839.580059795063	0.0393311747941008	0.0970655121051241	0.405166107535831	0.685355416133281	0.999831983216163
ENSMUSG00000034923	22.0978369170786	0.144268686441423	0.0959807958493646	1.47937591416694	0.139039873761966	0.999831983216163
ENSMUSG00000010592	14.200046291215	0.0470776447341125	0.083162725868127	0.559706307736429	0.575679779188859	0.999831983216163
ENSMUSG00000023919	308.49093336979	-0.0545797346895649	0.112130986545783	-0.486873280008265	0.626348135427452	0.999831983216163
ENSMUSG00000038545	1258.46598746442	-0.0855623398411351	0.0916925320046257	-0.933179325601161	0.35072738737891	0.999831983216163
ENSMUSG00000002279	616.679161746505	-0.125959471409996	0.0998548494494868	-1.26141139049636	0.207160666574422	0.999831983216163
ENSMUSG00000040658	57.6463836458586	0.112570647175827	0.116883665373366	0.95879651698819	0.337661264196662	0.999831983216163
ENSMUSG00000002625	3857.21742995152	0.122831258243979	0.0961012706034999	1.27770848139458	0.2013522336077	0.999831983216163
ENSMUSG00000014773	107.177811194878	0.031276060945005	0.121867468503259	0.256500824967219	0.797564143511593	0.999831983216163
ENSMUSG00000064120	504.285117304043	-0.0809602278001113	0.112812362046561	-0.717891793093192	0.472824008546119	0.999831983216163
ENSMUSG00000078546	218.103540015722	0.0308861255837249	0.117572653109477	0.262685754375998	0.792792797654959	0.999831983216163
ENSMUSG00000079605	24.8447268018283	-0.0671022951189923	0.0960276736763321	-0.705931654189585	0.480230641317629	0.999831983216163
ENSMUSG00000071074	1689.63335103391	-0.00554082741381542	0.0882782002230977	-0.0627654113014318	0.949953309322199	0.999831983216163
ENSMUSG00000023939	332.131295783901	0.0769973000063126	0.109267627438862	0.704595156799215	0.481062213377496	0.999831983216163
ENSMUSG00000079657	155.877648507357	0.163752745888922	0.121767861781586	1.34142336346393	0.179783036254557	0.999831983216163
ENSMUSG00000024145	437.877222661901	-0.0790481363550288	0.107021705345473	-0.738769166727962	0.460047177612443	0.999831983216163
ENSMUSG00000042625	3750.66787771255	-0.0161325654299761	0.0822968170235747	-0.196029408131965	0.844587148169833	0.999831983216163
ENSMUSG00000095325	478.996398357458	0.114257992596419	0.103557715136206	1.10321972701612	0.269931756535197	0.999831983216163
ENSMUSG00000067430	1030.45454277693	-0.0423984309560683	0.0946103322565728	-0.448173249098591	0.654028167286878	0.999831983216163
ENSMUSG00000035580	12.0388622373104	-0.0138299986656872	0.0691122288979872	-0.201058206176501	0.840653061259916	0.999831983216163
ENSMUSG00000001229	2436.24718938159	-0.0494069407235623	0.0851491184188608	-0.580249867089649	0.56174612966557	0.999831983216163
ENSMUSG00000024369	447.402508616704	0.0863365097000571	0.108563228636455	0.795092152279298	0.426559899317904	0.999831983216163
ENSMUSG00000015597	2114.82455578629	0.0646154491807395	0.0898641157030869	0.718998325551901	0.472141951387464	0.999831983216163
ENSMUSG00000024121	9683.11138142866	0.0515189533148974	0.0781868675547826	0.658892126487077	0.509965042202615	0.999831983216163
ENSMUSG00000042099	303.865484516252	-0.0153708573252294	0.118260185290981	-0.129967684884066	0.896591993522048	0.999831983216163
ENSMUSG00000039481	30.0290481158129	0.12316026175733	0.100425540089879	1.20862178712218	0.226808182201108	0.999831983216163
ENSMUSG00000002257	56.3853371342464	-0.0530101815643151	0.117567942484984	-0.451655689969971	0.651517044001405	0.999831983216163
ENSMUSG00000061613	2167.78161321432	-0.00277571622692625	0.0877527165665563	-0.0316307544288268	0.974766517167554	0.999831983216163
ENSMUSG00000024446	299.839168861735	0.00636072021500279	0.113338206997686	0.0561141775515412	0.955250849681883	0.999831983216163
ENSMUSG00000090113	20.8322434448593	0.150582129183121	0.0919479723766059	1.60876567273065	0.107667589563259	0.999831983216163
ENSMUSG00000036636	1982.0056423924	0.0670363856666652	0.0849699107346151	0.788902333459762	0.430169091779075	0.999831983216163
ENSMUSG00000048027	2207.91053158733	0.0846876464479826	0.0838371689660191	1.01009951320418	0.312447615443875	0.999831983216163
ENSMUSG00000035842	196.307450658507	-0.0715657913612817	0.120821914610628	-0.592611600905883	0.553441113533198	0.999831983216163
ENSMUSG00000024181	1246.82484667297	0.00841305817782136	0.0968649143593541	0.0868498424947033	0.930790868685078	0.999831983216163
ENSMUSG00000024219	2374.43852623194	-0.157571146714822	0.095198926218048	-1.65565604697329	0.0977914930518722	0.999831983216163
ENSMUSG00000032796	198.302722357737	-0.127408706721549	0.119019423986044	-1.07104317367136	0.284150017558221	0.999831983216163
ENSMUSG00000001525	1998.05941440319	-0.00622086122289467	0.0953382618939952	-0.06525092327846	0.947974216570345	0.999831983216163
ENSMUSG00000023830	2280.44660157195	0.0673618025640845	0.0866099196324392	0.777727523825079	0.436729662527201	0.999831983216163
ENSMUSG00000071073	427.736535496349	-0.0443240604410974	0.112268973612687	-0.394800162606635	0.692990374909934	0.999831983216163
ENSMUSG00000023805	1290.0987373616	0.015333848500456	0.0913639734188028	0.167828852791045	0.866717923188947	0.999831983216163
ENSMUSG00000047507	458.472415297992	0.0503777389882418	0.0673265031290177	0.730664069530199	0.464984367302563	0.999831983216163
ENSMUSG00000007030	731.350645771524	0.00773817578498289	0.0993622884805376	0.0778753894176768	0.9379271763443	0.999831983216163
ENSMUSG00000036594	85.9176242566625	0.162581769226367	0.121200720711255	1.33596451673396	0.181560871453959	0.999831983216163
ENSMUSG00000035868	895.775061739424	-0.00746543232555617	0.0964226691483873	-0.0774247930336335	0.93828561799019	0.999831983216163
ENSMUSG00000079557	3621.80578622255	-0.053765101641539	0.0799283176416506	-0.672688257587222	0.501145639560092	0.999831983216163
ENSMUSG00000019578	548.508514204465	-0.0186550934787165	0.106449901545269	-0.175228800200903	0.860899855135229	0.999831983216163
ENSMUSG00000024298	6621.02385877599	-0.160803801830213	0.09680567447749	-1.66191732183238	0.0965293530527155	0.999831983216163
ENSMUSG00000062859	11.0069817739447	0.025365477727117	0.0738856552471993	0.339792126983703	0.734013077290114	0.999831983216163
ENSMUSG00000050138	2841.71191741915	-0.0459099252127723	0.08754518281341	-0.524434081213844	0.599976657162386	0.999831983216163
ENSMUSG00000040276	11821.3654968965	0.0675510041062429	0.0818511049467447	0.82522596937583	0.409243312357258	0.999831983216163
ENSMUSG00000024397	34.3793748060461	0.0551264946271644	0.107615304332536	0.510155386518575	0.609942604837836	0.999831983216163
ENSMUSG00000019579	744.894362802091	-0.0315198872067523	0.0981872570572268	-0.321007060573052	0.748205040279978	0.999831983216163
ENSMUSG00000000708	5235.6170544397	0.0354099299151054	0.0820676741845518	0.431458010692962	0.666135377327663	0.999831983216163
ENSMUSG00000033739	276.341894729916	-0.00818776606372723	0.114462314681175	-0.0715310388491493	0.94297512239117	0.999831983216163
ENSMUSG00000036438	45930.4618549514	0.0746081295736551	0.0794089571981065	0.939467677121707	0.347490680066168	0.999831983216163
ENSMUSG00000002500	11.9021035220304	-0.0141752249922781	0.0752976192830543	-0.189285195757398	0.849869297661738	0.999831983216163
ENSMUSG00000024194	1213.35596204075	-0.0343905320280105	0.0904842947958452	-0.380077326711148	0.70388801577741	0.999831983216163
ENSMUSG00000058704	841.921678744472	-0.069557862729488	0.0983412004488652	-0.707389103948972	0.479324706276808	0.999831983216163
ENSMUSG00000003208	304.054450334152	-0.095387323264345	0.116674373693614	-0.817788089819656	0.413478200013937	0.999831983216163
ENSMUSG00000059208	7582.50135211334	0.0927447391914332	0.0790070519528756	1.17378752226048	0.240480143120836	0.999831983216163
ENSMUSG00000024118	482.641458523866	0.034473972108564	0.109294042024799	0.31533130162674	0.752510121122838	0.999831983216163
ENSMUSG00000047407	72.3546568293821	0.0600206388496079	0.120449287687637	0.497486515181669	0.618846009865499	0.999831983216163
ENSMUSG00000024074	1865.41806450437	0.12452701701616	0.0979385680325481	1.27114829598104	0.20367589650218	0.999831983216163
ENSMUSG00000011305	14.1073679816223	-0.00497655020298592	0.0819522886094189	-0.0609307507559503	0.951414359373799	0.999831983216163
ENSMUSG00000095677	116.277951840809	-0.0925080625135656	0.121881460985119	-0.759799858925787	0.447374227262094	0.999831983216163
ENSMUSG00000073423	422.086335275953	0.0286182177397678	0.112512955195356	0.254277699603073	0.799281026867412	0.999831983216163
ENSMUSG00000002658	2239.72059816585	0.0869106868017593	0.0850733157989843	1.02154434844563	0.306996608884296	0.999831983216163
ENSMUSG00000036473	2300.81486822824	0.0024884916727324	0.0897316030628552	0.0277329128245477	0.977875173154901	0.999831983216163
ENSMUSG00000023988	525.722670398773	-0.123130759697435	0.102822339178556	-1.19750775048231	0.231108708466074	0.999831983216163
ENSMUSG00000002831	240.876921579974	0.0798016862524106	0.0822761464095225	0.949288892286582	0.342473701370971	0.999831983216163
ENSMUSG00000023992	131.787263792467	0.0526759603116169	0.121444639446614	0.433515725545372	0.6646401442036	0.999831983216163
ENSMUSG00000024247	165.480077242712	0.0655652272869675	0.120639530922299	0.543082332536652	0.58707311638236	0.999831983216163
ENSMUSG00000042203	1459.44078297848	-0.135399658103649	0.0954691929174369	-1.41847891518701	0.156050990245647	0.999831983216163
ENSMUSG00000024063	1125.76008038436	0.00894937045822253	0.103612966029741	0.0863636336861919	0.931177354997338	0.999831983216163
ENSMUSG00000061544	446.426433486197	-0.0656632218929489	0.105156865641761	-0.624499682679091	0.532299478662529	0.999831983216163
ENSMUSG00000039154	1068.13699296537	0.063706331562027	0.094842626651411	0.671648617313582	0.50180741974914	0.999831983216163
ENSMUSG00000041429	125.212738834395	0.09058690756623	0.121625094571933	0.744198603086134	0.456756333023789	0.999831983216163
ENSMUSG00000024043	28.7227706464797	0.00379268332188594	0.0974830148140936	0.0388025809555163	0.969047787080922	0.999831983216163
ENSMUSG00000038781	808.831447966289	-0.00960681795487247	0.11333971796106	-0.0847549434965516	0.932456214472206	0.999831983216163
ENSMUSG00000024042	422.803377211775	-0.00792047457440771	0.118270419223105	-0.0669853435533811	0.946593371141965	0.999831983216163
ENSMUSG00000052105	10896.0505239213	0.0119203646592566	0.0767316580900764	0.155350297925008	0.876545164878329	0.999831983216163
ENSMUSG00000015474	685.677878227246	-0.0697310933486069	0.108726358696429	-0.641424982709234	0.521246605799822	0.999831983216163
ENSMUSG00000049760	918.679792830971	0.109501342168032	0.097356760339377	1.12459727062886	0.260759730831502	0.999831983216163
ENSMUSG00000024036	114.452252439266	0.0248908329294969	0.121780386881592	0.204288154140268	0.838128326407273	0.999831983216163
ENSMUSG00000050668	1533.6604221839	-0.00124643824973768	0.0910111013880561	-0.0136952820813804	0.989073087449149	0.999831983216163
ENSMUSG00000068039	4843.1164182319	0.0632782262925424	0.0823872898542062	0.768015037276805	0.442478251261684	0.999831983216163
ENSMUSG00000002379	1294.1159240466	0.10593969429466	0.09551464092772	1.10895367490108	0.267450166899288	0.999831983216163
ENSMUSG00000071266	1401.36580302587	0.0918781312716609	0.0904239884016718	1.01603215660108	0.309614073856792	0.999831983216163
ENSMUSG00000023067	1301.27824967698	-0.0420619122646412	0.111076086979568	-0.380615156683621	0.703488832968692	0.999831983216163
ENSMUSG00000023940	30.6592462460878	0.032840629437504	0.102157336124168	0.319718909735973	0.749181423715498	0.999831983216163
ENSMUSG00000024429	3419.84760511631	-0.0869147544766411	0.0800041716083172	-1.08642343783336	0.277291696777882	0.999831983216163
ENSMUSG00000007603	2340.93800637575	0.131754993228495	0.0953197388943959	1.38181026850417	0.167029965294391	0.999831983216163
ENSMUSG00000048905	27.8591479162781	-0.0257129219021333	0.0854431930124315	-0.303209873451054	0.761729925062892	0.999831983216163
ENSMUSG00000003534	2658.88606239472	-0.121425689695396	0.082370327183793	-1.47422446408983	0.140421165077115	0.999831983216163
ENSMUSG00000036775	716.698214615416	-0.0597170342577175	0.106525386535094	-0.560621352418526	0.575055692201093	0.999831983216163
ENSMUSG00000025735	69.0143237468088	-0.0200909775118842	0.119679526619304	-0.168035555728432	0.866555307332502	0.999831983216163
ENSMUSG00000095366	20.3165044175709	0.0528696728025752	0.0910772676818704	0.576208589793615	0.564474199881041	0.999831983216163
ENSMUSG00000129048	760.698392359004	0.0813264958331053	0.0625569705358422	1.26489813863613	0.205907844700462	0.999831983216163
ENSMUSG00000133777	33.5775974780754	0.015012377874653	0.0414081275911084	0.354567818064844	0.722913389106574	0.999831983216163
ENSMUSG00000096768	231.118512921029	0.0683404034796075	0.0585684656298649	1.13496268494733	0.256390953410771	0.999831983216163
ENSMUSG00000058064	30.4651857535453	-0.0240571800981008	0.104038289734538	-0.231947837637651	0.816578528462784	0.999831983216163
ENSMUSG00000085595	11.3839415809003	-0.0530738040282228	0.0769414864154732	-0.702830239353748	0.482161549769001	0.999831983216163
ENSMUSG00000091449	18.5781320463017	0.089341944533039	0.0895487695553539	0.982754123847611	0.325728465570422	0.999831983216163
ENSMUSG00000058152	38.8012571124325	0.114402788311571	0.105785197986443	1.07095347981584	0.284190347420974	0.999831983216163
ENSMUSG00000114088	31.2097261408086	0.0322295129807681	0.102535664324656	0.312968874235584	0.754304309827946	0.999831983216163
ENSMUSG00000091363	15.7585065797527	0.0325259292503354	0.0843916929606909	0.382713496746644	0.701932206051864	0.999831983216163
ENSMUSG00000046636	31.3509534737944	-0.0806683258203971	0.104312746118829	-0.780065269455515	0.435352457891318	0.999831983216163
ENSMUSG00000117416	21.048413785671	-0.0227489952582944	0.0946563468599789	-0.241312665651541	0.809312795142167	0.999831983216163
ENSMUSG00000118292	26.9736991607055	-0.00853807956054026	0.100024681706014	-0.0854925426976682	0.931869823832474	0.999831983216163
ENSMUSG00000117875	35.6113185656312	-0.0255504795828999	0.108970306511117	-0.235004612038189	0.814205153569095	0.999831983216163
ENSMUSG00000045991	216.041566508506	-0.115617032241672	0.118442287426969	-0.976931662907875	0.328602985149571	0.999831983216163
ENSMUSG00000060096	97.0223464789048	0.0660372790752892	0.121843505211769	0.541338414302189	0.588274347489903	0.999831983216163
ENSMUSG00000103442	36.3508832815294	0.0788632448415851	0.108132731652406	0.724529449833132	0.468740753863293	0.999831983216163
ENSMUSG00000103092	85.0203058643636	0.00872070322874221	0.121013437962395	0.0720511956170773	0.942561165476812	0.999831983216163
ENSMUSG00000103770	103.401558171546	0.0404838867050424	0.121850338921046	0.332041399633531	0.739857998304047	0.999831983216163
ENSMUSG00000117775	104.571768360473	-0.115192918783834	0.121753970932425	-0.947710221049602	0.343276996127202	0.999831983216163
ENSMUSG00000109901	871.871830718015	0.0519377379109448	0.0943645284599025	0.550394988649679	0.582048485148793	0.999831983216163
ENSMUSG00000051401	48.5998579874102	0.0179119086250463	0.111754077009184	0.160172057158604	0.872745540341066	0.999831983216163
ENSMUSG00000118202	158.357997080991	-0.0658050776066135	0.121718457513594	-0.541253455116167	0.588332897366326	0.999831983216163
ENSMUSG00000042816	13.7884993953876	-0.0628984028314144	0.0794157452951742	-0.812407045602398	0.416558104753404	0.999831983216163
ENSMUSG00000043424	15.5290883061669	-0.0132840135604785	0.0839971586199197	-0.158845359977889	0.873790710384043	0.999831983216163
ENSMUSG00000118018	1100.15753734602	-0.0456559202689231	0.107069716550285	-0.426503436756678	0.669741044274034	0.999831983216163
ENSMUSG00000107325	13.3169117748288	0.00671523709637512	0.0777439379546049	0.0860061316031886	0.931461542975395	0.999831983216163
ENSMUSG00000071855	296.953666300751	0.0433692903509716	0.114536134616807	0.378576988870327	0.705002012646181	0.999831983216163
ENSMUSG00000118282	15.2399466940675	0.121641799004004	0.0839497767859798	1.42178483151154	0.155088724351806	0.999831983216163
ENSMUSG00000117621	83.230089163409	0.0620397252502706	0.120772203411681	0.513193313091682	0.607816103047211	0.999831983216163
ENSMUSG00000117515	14.7191270026555	0.0410179851127089	0.0800657539134672	0.505215816812231	0.613407262334198	0.999831983216163
ENSMUSG00000059040	61.8048731747269	-0.0344154028798496	0.117216476759202	-0.29404460675351	0.768723817964119	0.999831983216163
ENSMUSG00000086600	43.5210823601365	-0.107638995695099	0.109436855680209	-0.992179166024263	0.321110133685526	0.999831983216163
ENSMUSG00000118088	81.8779155773361	-0.0567935308053628	0.119005525473189	-0.47863741753415	0.632196594424837	0.999831983216163
ENSMUSG00000069379	59.9142384443303	-0.0977328997500769	0.116641736537519	-0.841827058094618	0.399884763925334	0.999831983216163
ENSMUSG00000035394	56.3378687017816	-0.00153802975837166	0.117497339128197	-0.0130937413367301	0.989553004461171	0.999831983216163
ENSMUSG00000064647	13.5051324381192	0.0623976833553974	0.0785233465886613	0.784220123315329	0.432910959306461	0.999831983216163
ENSMUSG00000032818	32.6633678603412	0.135204756287303	0.103679829954194	1.28969536438545	0.197156449737908	0.999831983216163
ENSMUSG00000090451	13.5039419891118	-0.0396340030872835	0.0816947236757032	-0.491084031006763	0.623367015517335	0.999831983216163
ENSMUSG00000061684	172.911209038235	0.14012246318928	0.120329409865377	1.16312695679953	0.244777996480004	0.999831983216163
ENSMUSG00000118012	310.300391254063	0.0658573181468526	0.114190934686151	0.576469934584086	0.564297586025075	0.999831983216163
ENSMUSG00000118075	38.0050740932561	0.0930222380236506	0.108815356417613	0.849198537105791	0.395770827152243	0.999831983216163
ENSMUSG00000118283	15.3708671585542	0.0695822027753641	0.0807690423602673	0.848258853252007	0.396293827396444	0.999831983216163
ENSMUSG00000091697	21.8627439037738	-0.0517796400796374	0.0959225941828067	-0.544414096888152	0.586156547285109	0.999831983216163
ENSMUSG00000117634	63.1391264464591	-0.0219870340636942	0.118939642531618	-0.184913784486169	0.853296658985449	0.999831983216163
ENSMUSG00002075789	12.3646081564726	-0.00380692116315286	0.0758830276529742	-0.0502306820641478	0.959938561655924	0.999831983216163
ENSMUSG00000053740	120.216031213057	0.146557381639317	0.121791463493053	1.20102274134743	0.22974237994017	0.999831983216163
ENSMUSG00000071867	21.1437356704903	-0.0702891131592742	0.0945271265337357	-0.752518330556202	0.451739410616922	0.999831983216163
ENSMUSG00000097746	99.6390370565622	0.0138564418534391	0.120871122524485	0.114634256071139	0.908735026265382	0.999831983216163
ENSMUSG00000073647	304.263680047058	-0.141029925317888	0.112555687914796	-1.2534138622791	0.210055129166179	0.999831983216163
ENSMUSG00000117548	37.3979040313694	0.123429297836587	0.109311817815065	1.1198675204604	0.262770220878723	0.999831983216163
ENSMUSG00000101320	16.1030684230993	0.0942225824291084	0.0812850753677211	1.13670234296637	0.255662739552682	0.999831983216163
ENSMUSG00000117505	29.3600708087763	-0.122063325428566	0.10210954291044	-1.21481787137969	0.224435563113416	0.999831983216163
ENSMUSG00000036904	161.602409666557	0.042404536121061	0.121727905790559	0.348117280296764	0.727752107236396	0.999831983216163
ENSMUSG00000120636	37.0323018437048	0.0526095392525201	0.108986840270631	0.481300995569175	0.630302589594499	0.999831983216163
ENSMUSG00000007480	107.406805269087	-0.0853980491098314	0.121884945752862	-0.70130891197576	0.483110253217785	0.999831983216163
ENSMUSG00000117579	45.6661892429469	-0.0847556089378504	0.110004412092886	-0.777300507368029	0.436981495780619	0.999831983216163
ENSMUSG00000117994	29.7930535855346	-0.050974089319364	0.103817355478769	-0.493960743714762	0.621333903858019	0.999831983216163
ENSMUSG00000091519	401.256544551727	0.109739568807364	0.117751593962547	0.931092345813961	0.35180579762077	0.999831983216163
ENSMUSG00000073532	144.906335859854	0.146797077319281	0.121828618304579	1.20118610255981	0.229679019068326	0.999831983216163
ENSMUSG00000102496	238.512483780077	-0.00223861208860602	0.121797481932306	-0.0183915079803807	0.985326526948325	0.999831983216163
ENSMUSG00000073600	209.360518152318	-0.126419924659	0.117771265470268	-1.0741481788703	0.282756273970912	0.999831983216163
ENSMUSG00000102959	31.8779161251124	-0.0617215987478923	0.105047500338129	-0.591306400174385	0.55431514204494	0.999831983216163
ENSMUSG00000045215	195.221227850301	0.0120452500214289	0.120022514234679	0.100378804110349	0.92004359663584	0.999831983216163
ENSMUSG00000117929	14.8282704695156	0.0426317123845829	0.0837143951610129	0.504081016088588	0.614204446667402	0.999831983216163
ENSMUSG00000085172	156.624094253494	0.0344306411871061	0.120280915534244	0.286172220971648	0.774746218873172	0.999831983216163
ENSMUSG00000117942	116.214728520277	0.0477325615744586	0.12186422546732	0.391199704208947	0.695649626927534	0.999831983216163
ENSMUSG00000051439	56.9167371932558	0.190929864590049	0.115310014663586	1.63992772648691	0.101020195105979	0.999831983216163
ENSMUSG00000024474	5934.31171949193	0.0705384669333187	0.0814004846321126	0.8665098635533	0.386210619665675	0.999831983216163
ENSMUSG00000051599	65.7540581488482	0.0156625731424594	0.11895938726145	0.131569802390802	0.895324572041781	0.999831983216163
ENSMUSG00000045498	169.096368721018	0.0198875184083243	0.119388063271596	0.166538449667659	0.8677332271753	0.999831983216163
ENSMUSG00000045689	164.086522052015	0.0542092099822481	0.119982339875545	0.451764248298387	0.651438827916441	0.999831983216163
ENSMUSG00000063687	116.479271004271	-0.0243685840834574	0.121680464804085	-0.200283099768522	0.841259179200401	0.999831983216163
ENSMUSG00000051678	141.476125529243	0.1847123790883	0.121444874448435	1.51818772606107	0.128967080799054	0.999831983216163
ENSMUSG00000045062	241.613605561713	-0.204833598260583	0.116096104499483	-1.76577673629443	0.0774333129022594	0.999831983216163
ENSMUSG00000045876	217.914882590478	0.111234483717322	0.118979523716219	0.934210952610025	0.350195087085991	0.999831983216163
ENSMUSG00000045657	176.882908571636	0.0632355821201027	0.120475069106241	0.524781213199318	0.599735292932193	0.999831983216163
ENSMUSG00000051486	299.649631721342	-0.0860410379926493	0.118292907959191	-0.72815181174234	0.466520660374022	0.999831983216163
ENSMUSG00000103985	13.5601560946893	-0.0341771173548485	0.0778059633864639	-0.446070586776091	0.655546258567945	0.999831983216163
ENSMUSG00000043458	116.606025118861	0.0755238666656628	0.121777477717316	0.619540186998144	0.535560556212924	0.999831983216163
ENSMUSG00000047307	178.911771317292	-0.119195197932206	0.118975610963797	-1.00258027972491	0.316063414555336	0.999831983216163
ENSMUSG00000044043	632.744603161119	-0.0302329392241057	0.104343722776562	-0.289773786715362	0.771989303032317	0.999831983216163
ENSMUSG00000047033	168.702886818811	0.0356682750156437	0.120037456333371	0.297122991421499	0.766372611943391	0.999831983216163
ENSMUSG00000047910	549.038096990833	-0.147749315789649	0.107057132944774	-1.38070592973933	0.167369397336781	0.999831983216163
ENSMUSG00000046387	705.026492457202	-0.093100923607816	0.101255494127118	-0.919590355230086	0.357786868699795	0.999831983216163
ENSMUSG00000048347	440.074039986729	-0.167035635793855	0.108162893355143	-1.54490248534603	0.122369852217016	0.999831983216163
ENSMUSG00000043313	441.426986921135	-0.0705198211707839	0.107603140873726	-0.655532262157563	0.5121251217338	0.999831983216163
ENSMUSG00000046191	495.975803356217	-0.0182335353014242	0.104754683480984	-0.174071676327953	0.861809132360323	0.999831983216163
ENSMUSG00000044022	172.920710807557	-0.11378482100652	0.120470419067633	-0.945814853879178	0.34424302800832	0.999831983216163
ENSMUSG00000073591	557.782227283838	-0.0873277401246801	0.105276711499832	-0.829622633444486	0.406752175953993	0.999831983216163
ENSMUSG00000102827	22.0723395824262	0.0409667777314913	0.094806180762706	0.429724854208887	0.667395801561539	0.999831983216163
ENSMUSG00000118501	25.2684384229786	0.0561048278987633	0.0994010276961329	0.560414461178915	0.575196770031514	0.999831983216163
ENSMUSG00000103081	112.015804353679	0.0568459019481677	0.121875587533924	0.466221798108176	0.641056748034931	0.999831983216163
ENSMUSG00000103309	49.6547870278734	0.00605735098880393	0.114889123427216	0.0527254848796654	0.957950633266057	0.999831983216163
ENSMUSG00000097413	24.7358042068061	0.0929284099434342	0.0971897923275859	0.945738147316593	0.344282160351613	0.999831983216163
ENSMUSG00000122912	11.1124837382981	-0.0839611913937404	0.0719843142440351	-1.22360958681643	0.221099541357899	0.999831983216163
ENSMUSG00000123429	13.6111538422754	-0.00681020688281644	0.080481010630832	-0.0848644773817406	0.93236913281574	0.999831983216163
ENSMUSG00000118362	54.2499617802119	0.0256224018130175	0.115277328124174	0.221773097956987	0.824490522705644	0.999831983216163
ENSMUSG00000119977	123.131012626628	0.0529468149515687	0.121623860576877	0.434421113791527	0.663982668258503	0.999831983216163
ENSMUSG00000123856	19.1553057673748	0.124064197002552	0.089292503916253	1.36271787109701	0.172971443363133	0.999831983216163
ENSMUSG00000123888	22.8301717405639	0.107175612589299	0.0968157732163211	1.09299524303708	0.274395888352759	0.999831983216163
ENSMUSG00000123961	12.4486831447978	-0.0607128718632728	0.0782218788098132	-0.795085340833396	0.426563861242863	0.999831983216163
ENSMUSG00000098098	41.3679281905582	0.0727776613191248	0.112465160329859	0.644541375199739	0.5192244365817	0.999831983216163
ENSMUSG00000098702	201.945121886874	0.112916411906437	0.117901167549369	0.956862801026855	0.338636509084013	0.999831983216163
ENSMUSG00000120623	22.6881997455739	-0.0365869132739979	0.0944467907513438	-0.389529720307601	0.696884329650606	0.999831983216163
ENSMUSG00000097710	39.849456231513	0.0489188931704053	0.109769658301457	0.443908346574099	0.657108849805875	0.999831983216163
ENSMUSG00000125067	12.9237732047527	0.0321992706456664	0.0800471224257194	0.399094095149051	0.689823873006148	0.999831983216163
ENSMUSG00000120353	68.7168035911723	0.0819986310509205	0.117444804541681	0.695340253869777	0.486842093198948	0.999831983216163
ENSMUSG00000125397	14.8245657740061	0.00995331452235086	0.0817629274762433	0.121505676082954	0.903290519151827	0.999831983216163
ENSMUSG00000125436	22.3140909596025	-0.00631518067621951	0.0945853999041473	-0.0669181939807462	0.946646828801827	0.999831983216163
ENSMUSG00000097666	67.0244341418778	0.0941543800234256	0.11976868418364	0.784060700365176	0.433004493894045	0.999831983216163
ENSMUSG00000125830	48.6799156158417	0.0452341345802154	0.113412056743309	0.398073928554887	0.690575691720977	0.999831983216163
ENSMUSG00000120640	14.4806353653415	0.064708916305084	0.08320642331916	0.768680035963811	0.442083279316504	0.999831983216163
ENSMUSG00000126230	15.2879326654255	-0.0797223651923957	0.084760496848501	-0.961993672488623	0.336052782395175	0.999831983216163
ENSMUSG00000119992	72.8160210727008	-0.0406679956678285	0.120130611951422	-0.338918349134625	0.734671241063775	0.999831983216163
ENSMUSG00000117864	441.104572779069	0.0635161036028306	0.110050521123914	0.577005779969668	0.563935550978427	0.999831983216163
ENSMUSG00000127508	26.8700521909656	0.018511450543712	0.0986081414819714	0.186968957265196	0.851684972233565	0.999831983216163
ENSMUSG00000096934	30.0957517570828	-0.106637585363093	0.103534490385143	-1.04321275475311	0.296849767466562	0.999831983216163
ENSMUSG00000128010	16.4685428623706	-0.00479820268999162	0.0869394696622041	-0.0551610977415929	0.956010121228562	0.999831983216163
ENSMUSG00000128284	15.2320179752433	0.0138138879634791	0.0853981759067348	0.161232192660076	0.871910526729684	0.999831983216163
ENSMUSG00000120137	19.995293363834	-0.0457080735530768	0.0935177239176984	-0.492703908000958	0.622221815919908	0.999831983216163
ENSMUSG00000128807	11.8168806334285	0.0605131782871577	0.0736232521390223	0.80818827490033	0.418982206462102	0.999831983216163
ENSMUSG00000097888	12.4487751144355	-0.0268670893501392	0.0785683649246949	-0.345433056937209	0.72976882901053	0.999831983216163
ENSMUSG00000129688	11.9833267403965	-0.0501581296331801	0.0753379174039932	-0.679954867563193	0.496533038564456	0.999831983216163
ENSMUSG00000130830	18.9671109398729	-0.137157875565208	0.0917838025028404	-1.54025234121464	0.123498855922718	0.999831983216163
ENSMUSG00000131183	127.325830870044	-0.190459062157588	0.121756883322456	-1.56880488140143	0.11669341065387	0.999831983216163
ENSMUSG00000117645	23.6049633205254	0.0941788294719894	0.0950667393461772	0.979146710137043	0.327507494834922	0.999831983216163
ENSMUSG00000086935	32.704632378898	-0.0630606496536413	0.105206398058683	-0.603938185487848	0.545884740090089	0.999831983216163
ENSMUSG00000118002	12.7732101607685	-0.0591300364556142	0.0799437113800504	-0.754814344816518	0.450360385561985	0.999831983216163
ENSMUSG00000132534	22.3065349865222	0.00135806249651787	0.0936377159798834	0.0145010026526545	0.988430279347072	0.999831983216163
ENSMUSG00000118056	38.0421305524655	0.0878067363325759	0.108244843363046	0.805367475517642	0.420607654633383	0.999831983216163
ENSMUSG00000132590	15.8901314868191	-0.0576814419073809	0.085240220204549	-0.687124094352958	0.492004532017657	0.999831983216163
ENSMUSG00000132698	10.4573077131737	-0.0425453255412075	0.0743724663895363	-0.581862332525813	0.560659414197949	0.999831983216163
ENSMUSG00000132714	13.5283643508766	-0.00460025622548586	0.0813740900363231	-0.056636549156378	0.954834719242844	0.999831983216163
ENSMUSG00000132793	26.397619051809	0.0259145140905323	0.098679701915948	0.262220141406697	0.793151725943466	0.999831983216163
ENSMUSG00000121479	41.0843040441745	0.0424754859340232	0.111287098297606	0.380998956513971	0.703204022830504	0.999831983216163
ENSMUSG00000086095	218.138743092138	0.00347402145051524	0.115851363901364	0.0299889210393228	0.976075888927933	0.999831983216163
ENSMUSG00000097330	66.7185901925627	-0.174988329596795	0.118989555827235	-1.48020004299011	0.138819868974629	0.999831983216163
ENSMUSG00000102713	29.4265643686057	0.0136972643820901	0.100767694031344	0.13589962285289	0.891900633629876	0.999831983216163
ENSMUSG00000118154	80.4392750909641	0.0516809279920121	0.12123566533022	0.425832397554423	0.670229977850152	0.999831983216163
ENSMUSG00000041789	48.8570227311253	-0.11897372169414	0.114148199938133	-1.05054567156213	0.293467304328464	0.999831983216163
ENSMUSG00000120406	18.5065326254099	0.0108639904933574	0.0893734040430309	0.121526383009675	0.903274118946689	0.999831983216163
ENSMUSG00000136844	10.3082533653877	-0.0048355380663354	0.0707657184819681	-0.0682710151005725	0.945569896878559	0.999831983216163
ENSMUSG00000114210	143.311213753725	-0.17222274728015	0.12187561157503	-1.41717305535728	0.156432337516875	0.999831983216163
ENSMUSG00000117478	10.4638009856397	0.0519157035770113	0.072006637397232	0.708703638299068	0.478508406586452	0.999831983216163
ENSMUSG00000117541	62.9767037105881	-0.169159982884661	0.118633286296331	-1.43551929337793	0.151139174499642	0.999831983216163
ENSMUSG00000138584	13.0773459136023	-0.0295049974879265	0.0804451895113993	-0.370218615137787	0.71121960758356	0.999831983216163
ENSMUSG00000138693	16.6390739295424	0.00869224918595411	0.0808933766571796	0.106823071160883	0.914929344060636	0.999831983216163
ENSMUSG00000118030	18.1749720424453	-0.100380938699793	0.0818615978387319	-1.27999870184496	0.200545592463718	0.999831983216163
ENSMUSG00000117613	60.5741856755476	0.118086560880888	0.115875805941037	1.01256422787603	0.31126835367164	0.999831983216163
ENSMUSG00000119947	21.9349063767007	0.043585513589485	0.095454688585268	0.454105586096669	0.6497528328711	0.999831983216163
ENSMUSG00000120539	145.890889164896	-0.0664118073846392	0.12152629394484	-0.547083138047342	0.584321616147324	0.999831983216163
ENSMUSG00000121659	29.291807664449	0.0547104246190841	0.103406449915908	0.526409093752481	0.598603998684377	0.999831983216163
ENSMUSG00000117713	51.9240070033486	0.0854122383928099	0.11569398541093	0.735548402303969	0.462005573362741	0.999831983216163
ENSMUSG00000140977	10.3101703775047	-0.00351892660820161	0.0724763440817234	-0.0485893826158361	0.961246531417052	0.999831983216163
ENSMUSG00000097610	292.663684470606	0.114838898209639	0.118473096380909	0.968263942295339	0.332912567885532	0.999831983216163
ENSMUSG00000141213	59.7678606867714	-0.0198543519967898	0.116710804871951	-0.170427715129246	0.864673777445601	0.999831983216163
ENSMUSG00000117662	14.4591456228348	0.0183797850434698	0.0837168063936431	0.21851029594079	0.827031537133348	0.999831983216163
ENSMUSG00000141531	11.0492523757095	-0.00460861667262863	0.0734458629984412	-0.0629968419141696	0.949769019115269	0.999831983216163
ENSMUSG00000141955	88.984623637498	0.142680994079115	0.120337608828173	1.17991187058162	0.238035268115062	0.999831983216163
ENSMUSG00000120345	35.4773069500028	0.101379158470138	0.107097411216774	0.938174899929537	0.348154535216519	0.999831983216163
ENSMUSG00000086287	13.4925526287748	-0.00334985523851749	0.0791736384027551	-0.0423726213189606	0.966201653763064	0.999831983216163
ENSMUSG00000120022	20.1798931453249	0.00415723799214408	0.0936133532723616	0.0443589027527069	0.964618320233939	0.999831983216163
ENSMUSG00000143704	53.6620523345221	0.0196547866751058	0.115961966070844	0.169223501315554	0.865620844990996	0.999831983216163
ENSMUSG00000121662	24.1247878484121	-0.0349573633852615	0.0990920513708428	-0.354319008105887	0.723099824165062	0.999831983216163
ENSMUSG00000135962	12.354802322505	0.0221651017314271	0.0795771861531164	0.277057456306045	0.781735988450106	0.999831983216163
ENSMUSG00000135926	18.7299170717587	0.00498203929049443	0.0888545380400657	0.0561100778688704	0.955254115609839	0.999831983216163
ENSMUSG00000118116	15.8513516891544	-0.013012338272301	0.0850032382442272	-0.153481886001366	0.878018273935217	0.999831983216163
ENSMUSG00000131125	16.4766488643651	0.0058920025949037	0.0863200232277001	0.0680631100228509	0.945735396166078	0.999831983216163
ENSMUSG00000092124	22.1214151282512	-0.111969618335656	0.0957235858753205	-1.19260888546427	0.233022584328259	0.999831983216163
ENSMUSG00000097748	10.4447629336097	0.0432261661738334	0.0739736743013354	0.577747804472779	0.563434399244357	0.999831983216163
ENSMUSG00000092569	98.7286418895861	-0.0762193761255372	0.121881480883239	-0.62606207673105	0.531274225274645	0.999831983216163
ENSMUSG00000097080	63.2926187089693	0.0184497441673675	0.117928271291028	0.156261951594507	0.875826546098029	0.999831983216163
ENSMUSG00000118225	50.2799119009773	-0.0655557381591578	0.114200236081201	-0.576780801140074	0.564087540566455	0.999831983216163
ENSMUSG00000132614	14.345955706792	-0.0243272346969119	0.0823299095599513	-0.297532350802859	0.766060113270554	0.999831983216163
ENSMUSG00000138188	131.536113267474	-0.0222497183695527	0.121870931990056	-0.182559036241485	0.85514402843706	0.999831983216163
ENSMUSG00000117604	27.7200978313168	-0.000925019064414375	0.101277990873812	-0.00914504995100658	0.992703407541158	0.999831983216163
ENSMUSG00000118370	37.797054848547	-0.117038023918659	0.107933698343583	-1.09625936324713	0.272965287497626	0.999831983216163
ENSMUSG00000097430	29.1004214482423	-0.119691213522611	0.103320411255249	-1.17585259804999	0.239653783682116	0.999831983216163
ENSMUSG00000086607	23.7964861739537	0.0427500393817224	0.0971796509886662	0.437263459209355	0.661920292316636	0.999831983216163
ENSMUSG00000118134	189.834139829441	0.000146462453251068	0.118187000004851	0.00123993306237542	0.999010676806605	0.999831983216163
ENSMUSG00000120742	40.3619142297652	0.00629279536092076	0.109832630568588	0.0572654283457248	0.954333759324884	0.999831983216163
ENSMUSG00000138260	407.66329658894	-0.175238421299905	0.109155002671199	-1.60585187278696	0.108306460075705	0.999831983216163
ENSMUSG00000135458	72.4516674494003	-0.198156653881517	0.119205382033652	-1.67479893097611	0.093973688713609	0.999831983216163
ENSMUSG00000049357	67.7943486916318	-0.0160443001015379	0.117944002767443	-0.135968157192002	0.891846454024314	0.999831983216163
ENSMUSG00000065904	13.4927740391346	-0.00643208640501896	0.0783507429551965	-0.0820117015386299	0.934637408321161	0.999831983216163
ENSMUSG00000118140	79.1265345117521	0.000546840620737443	0.121085530903122	0.00451753985905184	0.996395536953735	0.999831983216163
ENSMUSG00000118257	65.8221260391826	0.00640887141680863	0.117501093801435	0.0544806316140015	0.956552239401868	0.999831983216163
ENSMUSG00000085289	65.331775841058	-0.0162904344473156	0.117292058777212	-0.138973675483302	0.889470951080011	0.999831983216163
ENSMUSG00000117674	16.9218200654349	0.0310566814609384	0.0861064840650866	0.358026551123831	0.720323443887898	0.999831983216163
ENSMUSG00000073565	458.466500514622	-0.0616838637461383	0.109954900799451	-0.561088832909242	0.574736980466668	0.999831983216163
ENSMUSG00000037253	2044.45311525776	-0.094605274708105	0.0905922669169251	-1.04443193736986	0.296285593850091	0.999831983216163
ENSMUSG00000051242	477.770904089165	0.111614172159432	0.104598319755168	1.06694997706222	0.285994425154218	0.999831983216163
ENSMUSG00000044595	56.4665331723831	0.0216909352096066	0.110100194031613	0.196869497854928	0.84392966371267	0.999831983216163
ENSMUSG00000024383	3326.84718114303	-0.0704154485421262	0.0976915603870227	-0.720959926677314	0.470934170571154	0.999831983216163
ENSMUSG00000035765	2182.64513481419	-0.0511534143072723	0.0857296801529728	-0.596698171235949	0.550708913796826	0.999831983216163
ENSMUSG00000032905	2886.04104682943	-0.0675811677677369	0.0890750214501485	-0.758773974407512	0.447987776661773	0.999831983216163
ENSMUSG00000024544	2573.66980414431	-0.0991718911098762	0.103607515002018	-0.957617909309387	0.338255464930796	0.999831983216163
ENSMUSG00000060534	239.894770296022	0.101322747767173	0.120301311627901	0.841251236080144	0.400207202672065	0.999831983216163
ENSMUSG00000056214	891.263676412395	-0.00505074533160502	0.0951334251590596	-0.0530897683331411	0.957660383644624	0.999831983216163
ENSMUSG00000024424	1447.10092908115	0.0558158490512495	0.0926106614422087	0.602630187098848	0.546754733813944	0.999831983216163
ENSMUSG00000024589	3944.98708864591	-0.168130481760875	0.0980715304034901	-1.71523897466608	0.0863014218936844	0.999831983216163
ENSMUSG00000054008	3650.34901320008	0.00467850466529547	0.0808537747417093	0.0578641234573672	0.953856860551279	0.999831983216163
ENSMUSG00000001473	77.6363284787133	0.161896066089379	0.120784600641957	1.33489095840719	0.181912037442306	0.999831983216163
ENSMUSG00000024472	4081.03120431334	-0.0746195846139314	0.0998951059326001	-0.747176462219038	0.454957050179443	0.999831983216163
ENSMUSG00000024507	2543.0556353992	-0.0556293904042074	0.0825983163241327	-0.673513838121385	0.500620448070508	0.999831983216163
ENSMUSG00000035984	156.052003523978	0.000826311260019879	0.120705099007371	0.00684553891295123	0.994538092849786	0.999831983216163
ENSMUSG00000024621	1523.03201540006	-0.00726062664396808	0.0985310483977828	-0.0736856415519306	0.941260524109112	0.999831983216163
ENSMUSG00000024359	9138.00209421201	0.0069262327220291	0.080948829995921	0.0855635632593934	0.931813364502239	0.999831983216163
ENSMUSG00000054477	1657.35704036384	-0.0900020892652052	0.088894053262488	-1.01255012806289	0.311275091476428	0.999831983216163
ENSMUSG00000064036	529.356479540689	-0.107669421587164	0.108529382574977	-0.992320176622731	0.321041363933588	0.999831983216163
ENSMUSG00000090942	13.8272989842759	0.046477860867191	0.0821946634697023	0.56028459615771	0.575285332526635	0.999831983216163
ENSMUSG00000019647	1504.68258930539	-0.128200682795401	0.0984674109432893	-1.30239408744605	0.192781702733107	0.999831983216163
ENSMUSG00000024515	3124.74730571928	-0.0797275826734285	0.0858712424358133	-0.928534011275286	0.353130633799192	0.999831983216163
ENSMUSG00000024570	263.016213673292	0.0208311097738664	0.114250611606541	0.182316938618713	0.855334006361844	0.999831983216163
ENSMUSG00000024317	842.506967840271	0.0150957651251606	0.0957197881058839	0.157707495629182	0.874687293757048	0.999831983216163
ENSMUSG00000024576	14227.9958306302	-0.120287504710709	0.0774385354152523	-1.55349241229045	0.120305540596563	0.999831983216163
ENSMUSG00000060275	839.513921196609	-0.0239890228583737	0.0979412718029616	-0.244927067205929	0.806512903275858	0.999831983216163
ENSMUSG00000041225	3173.51980449808	0.0858436452796796	0.0950271147466668	0.903208912847463	0.366415028412853	0.999831983216163
ENSMUSG00000049411	357.407696264369	-0.0511696487461474	0.108212295205303	-0.472907144991141	0.636279427182701	0.999831983216163
ENSMUSG00000048410	610.680248532442	0.047704841121743	0.112315604605204	0.424708618900407	0.671049099973666	0.999831983216163
ENSMUSG00000045094	1304.11572401046	-0.161803244628015	0.0931094262656642	-1.73792984164313	0.0822231767062122	0.999831983216163
ENSMUSG00000102748	290.914658538826	-0.0738041925831602	0.114725263514432	-0.643565759267209	0.519857059869246	0.999831983216163
ENSMUSG00000024647	266.274381882443	0.0224984560307489	0.0594455839714251	0.37200775100874	0.709887078391366	0.999831983216163
ENSMUSG00000024493	1876.52485762837	0.0142814486262373	0.085710377692227	0.166626395400498	0.867664023515586	0.999831983216163
ENSMUSG00000024608	3821.53246903426	0.174036510156569	0.103465660702491	1.68077955005618	0.0928057422210896	0.999831983216163
ENSMUSG00000058881	738.243269076054	0.0842355415342275	0.100296093603175	0.839825745014505	0.401006096284707	0.999831983216163
ENSMUSG00000038418	1752.57364970585	-0.0763552299562376	0.108285192945984	-0.705407754182175	0.480556519818919	0.999831983216163
ENSMUSG00000042439	1505.71052803748	-0.0336614206469781	0.0902715002898246	-0.372900845154193	0.709222242973555	0.999831983216163
ENSMUSG00000047879	3256.20994179172	0.0824721467112071	0.0876313657345534	0.941030425499257	0.346689267541213	0.999831983216163
ENSMUSG00000047992	350.917630121725	0.140356867095631	0.113260654958081	1.23871607139301	0.215450664781722	0.999831983216163
ENSMUSG00000073639	5554.23673562302	-0.0365488338423438	0.082579605876677	-0.4426042273572	0.658052026542638	0.999831983216163
ENSMUSG00000033016	318.290993767619	-0.111748846845004	0.111100871210459	-1.00599459839332	0.314418168446809	0.999831983216163
ENSMUSG00000024530	948.221050141167	0.0171030263553175	0.110112076209526	0.1552948031414	0.876588912407152	0.999831983216163
ENSMUSG00000024524	4481.95010297661	0.0115839911011157	0.107974615420895	0.10727914126747	0.914567531890793	0.999831983216163
ENSMUSG00000024293	1682.49453113382	0.0541731568817746	0.0989688271188248	0.547330662173442	0.58415158204714	0.999831983216163
ENSMUSG00000024501	1025.21810517888	0.0920661720120869	0.108095287913971	0.851372257152768	0.394562597764865	0.999831983216163
ENSMUSG00000053950	886.784434873931	-0.0225052374516756	0.0963490489303737	-0.233587161118557	0.81530549598486	0.999831983216163
ENSMUSG00000024360	3617.21981241712	-0.022733057066504	0.0855234018556362	-0.265820272578773	0.790377629490632	0.999831983216163
ENSMUSG00000044646	68.8679139490924	-0.169476611122809	0.117146828482382	-1.45949024939055	0.144430222400306	0.999831983216163
ENSMUSG00000024588	2465.48736262644	0.039956895441212	0.0820613574456593	0.486904242254874	0.626326192455026	0.999831983216163
ENSMUSG00000036743	21.3428030702836	0.107244466189122	0.0932024135437304	1.13632613715229	0.255820095860679	0.999831983216163
ENSMUSG00000103707	42.2063272795845	0.0997290142225326	0.110492879354801	0.896179681449599	0.370156805699944	0.999831983216163
ENSMUSG00000024601	1014.5681237028	0.159072293493242	0.0956225242706241	1.66330799638477	0.0962507988789339	0.999831983216163
ENSMUSG00000024592	496.688213870948	-0.0464710416371993	0.105160620944981	-0.441954790516852	0.658521921248297	0.999831983216163
ENSMUSG00000103037	176.845385897222	0.0682833554227815	0.11990839365514	0.569347114544518	0.569120599131097	0.999831983216163
ENSMUSG00000006850	598.804604868562	-0.0235670732959189	0.103755978254983	-0.227120220192876	0.820330261421381	0.999831983216163
ENSMUSG00000048799	4132.41065519767	0.00128161557772513	0.0843761546838656	0.0151899961788843	0.987880602635518	0.999831983216163
ENSMUSG00000103310	120.762160521366	0.0213437929225214	0.121742157715587	0.175252590387512	0.86088116254567	0.999831983216163
ENSMUSG00000007440	78.558239700281	-0.12588182884127	0.117455420664056	-1.0800610123563	0.280115011843477	0.999831983216163
ENSMUSG00000041238	254.325370358881	-0.00175925552312986	0.114432788922502	-0.0153727839240325	0.987734776143723	0.999831983216163
ENSMUSG00000024294	6675.20456268979	-0.0376892422046654	0.0905369885473224	-0.416319871810724	0.677175953296673	0.999831983216163
ENSMUSG00000024487	2037.01326977927	-0.0460042613015793	0.083610718637382	-0.550232889318301	0.582159647886695	0.999831983216163
ENSMUSG00000024485	14.1226265079715	0.10802570696419	0.0830351234033329	1.27616067216403	0.201898727736394	0.999831983216163
ENSMUSG00000024270	1556.65180330241	-0.0126480111121718	0.091666099213335	-0.137985434020502	0.890251929389987	0.999831983216163
ENSMUSG00000003779	12.611989509201	-0.0210941008823642	0.0786942586171138	-0.269574700800636	0.787487465824466	0.999831983216163
ENSMUSG00000091896	3505.63707018591	-0.0257040224558571	0.0813287076313793	-0.316054514947101	0.751961130231989	0.999831983216163
ENSMUSG00000024565	38.9544416111133	0.151666588878479	0.107813879969122	1.39211099419817	0.163888789511821	0.999831983216163
ENSMUSG00000056153	961.20643744986	-0.0856773816101724	0.0927563021049594	-0.923726691923707	0.355628631316098	0.999831983216163
ENSMUSG00000024528	957.440144019671	-0.0128591590208312	0.100006862545432	-0.128593002903817	0.897679703211792	0.999831983216163
ENSMUSG00000039840	1888.224935449	-0.0633996561689351	0.0968391620251389	-0.654789638460689	0.512603202722589	0.999831983216163
ENSMUSG00000103793	483.706884078577	0.0434381093265256	0.107424674937275	0.404352837478732	0.685953276207495	0.999831983216163
ENSMUSG00000090523	72.163390431509	-0.0631484929128502	0.116306913012867	-0.544380987932944	0.586179326035503	0.999831983216163
ENSMUSG00000033323	771.537352931759	0.0529291546131992	0.0961532248093976	0.550455200629413	0.582007196150213	0.999831983216163
ENSMUSG00000024413	1903.74208136611	0.0410688138082635	0.0884386033957751	0.464370497556365	0.642382323496743	0.999831983216163
ENSMUSG00000039954	1709.46264711244	-0.0989450492466779	0.119915017971369	-0.830275114926488	0.406383254472663	0.999831983216163
ENSMUSG00000090264	80.1735137842873	0.0859485824054048	0.120379448190893	0.711706206516618	0.476646723543771	0.999831983216163
ENSMUSG00000024427	1013.96613042148	-0.200971601638353	0.115994462496532	-1.73659257183203	0.082459111603405	0.999831983216163
ENSMUSG00000024477	1710.23538094342	-0.0559592046737284	0.103219798990625	-0.54225379564545	0.587643680571533	0.999831983216163
ENSMUSG00000038299	1129.6788939391	0.0361170433957363	0.0971969380462245	0.371575681844407	0.710208797804699	0.999831983216163
ENSMUSG00000025428	33353.0791352667	0.0463283676591466	0.0742882785487926	0.623608201764591	0.532884922932298	0.999831983216163
ENSMUSG00000036501	4942.20116281096	0.0475174977709483	0.0832344697591687	0.570865689402613	0.568090690357086	0.999831983216163
ENSMUSG00000033107	148.249914306578	0.1127135226666	0.12177578336534	0.923259864412438	0.355871798343592	0.999831983216163
ENSMUSG00000024261	15260.3287476055	-0.0346679167937829	0.0897182577492708	-0.38643659412778	0.699173352748484	0.999831983216163
ENSMUSG00000024566	2118.00906877213	0.0286546148329206	0.0894184248984506	0.320450791474105	0.748626627752169	0.999831983216163
ENSMUSG00000005873	11128.4154696299	-0.000270496541784726	0.0779431900663927	-0.00346982823724731	0.997231483176219	0.999831983216163
ENSMUSG00000056124	6533.64327435034	-0.0892983406021427	0.0981370815728312	-0.910194552633457	0.36271991646021	0.999831983216163
ENSMUSG00000023036	601.934643646728	-0.00925109034213966	0.102382924541244	-0.0903643403473079	0.927997693005223	0.999831983216163
ENSMUSG00000034653	2476.25069652057	-0.0646218406774617	0.0932915647329477	-0.692788934661005	0.488442017375479	0.999831983216163
ENSMUSG00000024421	63.9330330199847	0.144145399240391	0.118757837239101	1.20739443061804	0.227280279370884	0.999831983216163
ENSMUSG00000041840	295.006780660512	0.0476608752550458	0.113123783502594	0.42130021449611	0.673535873622158	0.999831983216163
ENSMUSG00000025420	148.811338952004	0.037240220078498	0.121019372128661	0.307541826184337	0.758430991836257	0.999831983216163
ENSMUSG00000024517	26.9462115955853	-0.0782452680820617	0.0812021459326546	-0.997878653497682	0.318338204257456	0.999831983216163
ENSMUSG00000033382	4137.04375943634	-0.0153421725017893	0.0855981802163116	-0.179239335826456	0.85774977829694	0.999831983216163
ENSMUSG00000001383	3815.91164625185	0.0978204423278619	0.0789218527636928	1.23938754017025	0.215202013488393	0.999831983216163
ENSMUSG00000024579	683.657267933168	-0.151278237166428	0.0991490239609628	-1.52575665679305	0.127070478691623	0.999831983216163
ENSMUSG00000033632	873.176889788432	-0.00629618044970203	0.0993448196531345	-0.0633783928991801	0.949465192623061	0.999831983216163
ENSMUSG00000034484	2715.85832220173	0.114223022012316	0.0830599744367836	1.37507859360336	0.169107080074203	0.999831983216163
ENSMUSG00000024304	3083.62110485758	-0.0315631423298838	0.0911985777463198	-0.34611661758784	0.729255075345955	0.999831983216163
ENSMUSG00000046727	2332.07538766829	0.0162309603797996	0.0878195651815169	0.184821235835665	0.853369251013294	0.999831983216163
ENSMUSG00000103144	150.446818218892	-0.106375736094279	0.120862550776729	-0.881040210633358	0.378296056323918	0.999831983216163
ENSMUSG00000032688	751.952911662965	0.0262651550032802	0.103271627755528	0.254306772284157	0.799258568229205	0.999831983216163
ENSMUSG00000024277	15137.714496222	-0.0751031121683387	0.0841250641223444	-0.892847739291887	0.371938716960988	0.999831983216163
ENSMUSG00000024231	2568.86910109577	0.082137075605934	0.0860031528207408	0.95499105399419	0.339582221010465	0.999831983216163
ENSMUSG00000024260	1466.98817580373	-0.00569995936675284	0.0915252608956113	-0.062276907755772	0.950342317715297	0.999831983216163
ENSMUSG00000037013	2276.34036376195	-0.00855901873577406	0.0822529535161924	-0.104057150582913	0.917123995075198	0.999831983216163
ENSMUSG00000024548	2130.61337623431	0.0971390934144179	0.104286713879853	0.931082499629066	0.351810890436228	0.999831983216163
ENSMUSG00000014504	1103.02619184251	0.0603021297462751	0.0939087575519718	0.642120029859647	0.520795251622809	0.999831983216163
ENSMUSG00000073563	3211.62097891701	-0.0246083417264077	0.0869890802697519	-0.282903093866648	0.777251122866462	0.999831983216163
ENSMUSG00000103800	27.739362371353	0.156791121680652	0.0968757505307084	1.59445350625782	0.110834496382931	0.999831983216163
ENSMUSG00000024451	263.05634595478	-0.0362854705053875	0.115999965830951	-0.312833296066508	0.754407317499818	0.999831983216163
ENSMUSG00000024525	240.009979747892	0.0607490378439819	0.116925028747598	0.519386765009133	0.603491058827753	0.999831983216163
ENSMUSG00000003778	3849.1141295734	0.0527812414625441	0.0794372995375187	0.664421241041608	0.506420741655557	0.999831983216163
ENSMUSG00000053644	3064.63933508222	-0.0646826523823607	0.0829328999683744	-0.779971226777237	0.43540781156988	0.999831983216163
ENSMUSG00000056812	3251.24215621222	0.0231272179895619	0.100580672528044	0.229918850399	0.818154828183742	0.999831983216163
ENSMUSG00000102742	366.609054923505	-0.0585471368734684	0.110117046674789	-0.531753832518928	0.594896502144069	0.999831983216163
ENSMUSG00000044024	1163.26248918824	0.0125594063908565	0.0952187142061402	0.131899698754097	0.895063626906608	0.999831983216163
ENSMUSG00000024644	1519.19848858937	0.0071269548946072	0.0927917614309919	0.0768074231199512	0.938776745390243	0.999831983216163
ENSMUSG00000024370	2349.9193771196	-0.0481954240950341	0.0827191572632217	-0.582649250992715	0.560129443154547	0.999831983216163
ENSMUSG00000024238	3015.03093116892	-0.0247970199358647	0.0905649123866958	-0.27381604631793	0.78422599155509	0.999831983216163
ENSMUSG00000046886	27.1270923709488	0.0260522381046656	0.0965787243518421	0.269006542838656	0.787924647742778	0.999831983216163
ENSMUSG00000024622	1057.46047731974	-0.0814386384965355	0.0941125375090335	-0.86538216614655	0.38682906606359	0.999831983216163
ENSMUSG00000025429	499.415340182385	0.0270468824539969	0.114707320316593	0.235758376211602	0.813620168717121	0.999831983216163
ENSMUSG00000079614	1029.11314114078	0.0681392339784821	0.0960050706164322	0.709656914670122	0.477916916360579	0.999831983216163
ENSMUSG00000024283	5004.78908068572	-0.0752552553640912	0.0841244811600084	-0.894644635984064	0.370977082988381	0.999831983216163
ENSMUSG00000117679	1568.98566004801	0.0373359237713392	0.0878038334198712	0.42520103034114	0.670690133151712	0.999831983216163
ENSMUSG00000102697	1113.64356506643	0.0136833326371061	0.105116335536562	0.130179948666878	0.896424058218657	0.999831983216163
ENSMUSG00000042211	2254.92376055989	-0.00586158331712038	0.0837553309102377	-0.069985126580068	0.944205497878021	0.999831983216163
ENSMUSG00000042942	321.870406764467	0.112042083756049	0.114148764936802	0.981205675318496	0.326491326038556	0.999831983216163
ENSMUSG00000040957	1052.20340386919	-0.0231042382647078	0.0990120913846322	-0.233356024136208	0.815484958199958	0.999831983216163
ENSMUSG00000104318	66.3566083463033	0.0255031687010103	0.118670264595855	0.214896070421131	0.829848348673461	0.999831983216163
ENSMUSG00000024268	9483.27073208073	0.0709058987148348	0.0835467178609237	0.84862228715607	0.396091501368979	0.999831983216163
ENSMUSG00000024235	195.01610879805	0.0494228503241592	0.120093469383478	0.411488119704639	0.680714650858914	0.999831983216163
ENSMUSG00000104346	421.748250046542	-0.128723804358163	0.107195925439526	-1.20097339552084	0.229761521534135	0.999831983216163
ENSMUSG00000025421	4408.76547832442	0.00450518565476422	0.082213516257341	0.0547995365591536	0.956298169621655	0.999831983216163
ENSMUSG00000024500	1768.05430280888	0.112169410747581	0.102473374211763	1.09419680729717	0.273868671440024	0.999831983216163
ENSMUSG00000024352	51.7590833486004	-0.0844229399691576	0.115470418162796	-0.734234375882569	0.462805905844747	0.999831983216163
ENSMUSG00000024480	2389.52943184209	-0.0805343783689935	0.0831727616469862	-0.968319607604516	0.332884775243681	0.999831983216163
ENSMUSG00000000420	2859.25491060402	-0.0355979328114398	0.0888216733632015	-0.40080777627636	0.688561653187306	0.999831983216163
ENSMUSG00000038773	3501.52961433331	-0.0563874921319079	0.0822923379576605	-0.685239907630863	0.493192544800052	0.999831983216163
ENSMUSG00000024583	3462.33585105895	0.0200229739657913	0.0855356144668764	0.234086359166257	0.814917935576753	0.999831983216163
ENSMUSG00000024430	47.3385688709748	0.15502013968163	0.114609018378943	1.34345876006875	0.17912347110448	0.999831983216163
ENSMUSG00000041923	1948.69616700159	0.0668422939264401	0.0877730011144188	0.761510360024689	0.446352293307429	0.999831983216163
ENSMUSG00000052713	1441.52697070556	-0.118950461823848	0.0929066368193601	-1.2805141384904	0.200364375537617	0.999831983216163
ENSMUSG00000104063	358.638195875656	0.13634175953276	0.109768501981459	1.24176884952133	0.214321859033622	0.999831983216163
ENSMUSG00000024553	46.4693925738511	-0.031363051656076	0.111722484038742	-0.281551247354642	0.778287627303748	0.999831983216163
ENSMUSG00000071856	2413.6228151537	-0.0837753590679821	0.106114154681681	-0.789840792814852	0.429620752373814	0.999831983216163
ENSMUSG00000024560	2084.94086158092	0.0371084099301546	0.08756505877844	0.423763125455592	0.671738572971304	0.999831983216163
ENSMUSG00000033032	733.274278371248	-0.0425795115628518	0.104934938926076	-0.405815575073954	0.684878113817161	0.999831983216163
ENSMUSG00000024287	1994.30959850829	-0.0290945676712664	0.0908069237201296	-0.32042093578561	0.748649257028187	0.999831983216163
ENSMUSG00000024456	1775.50055988046	0.0406797232940911	0.0896644815853574	0.45366572630276	0.650069439021109	0.999831983216163
ENSMUSG00000047989	957.170026304591	-0.0275037985694623	0.0965989751665913	-0.284746705822007	0.775838205110294	0.999831983216163
ENSMUSG00000057561	1488.24803002648	0.099029199277521	0.0999656207732151	0.990391295474108	0.321982898390247	0.999831983216163
ENSMUSG00000002477	1417.53881790647	0.0173049446052203	0.0899733462766176	0.192336723199481	0.847478454410971	0.999831983216163
ENSMUSG00000047466	2919.59656575879	0.0269381939863821	0.0856240064396434	0.314607658098888	0.753059563908318	0.999831983216163
ENSMUSG00000053477	12311.0427451224	-0.0392888358999155	0.0894809534445618	-0.439110590023576	0.660581406052544	0.999831983216163
ENSMUSG00000043079	589.961179815719	-0.0605016680722337	0.108421952151144	-0.558045272219478	0.576813470218181	0.999831983216163
ENSMUSG00000059852	105.813734072541	-0.186146217966255	0.121837743531924	-1.53281645305498	0.125321085575637	0.999831983216163
ENSMUSG00000025425	6148.97433935935	-0.139009735669051	0.0952376884526444	-1.46014145888275	0.144251200366098	0.999831983216163
ENSMUSG00000036452	7272.89970326279	0.038576544343415	0.0963865091584102	0.400185291978516	0.689020046831702	0.999831983216163
ENSMUSG00000024486	794.402861389627	-0.115042583149519	0.0971650485953098	-1.18412407217324	0.236363952427642	0.999831983216163
ENSMUSG00000103567	331.961393807903	-0.00971717003026341	0.11111389741893	-0.0874650829042157	0.930301838839629	0.999831983216163
ENSMUSG00000044393	65.1754065292689	0.163277562056684	0.119214220005915	1.36216886497183	0.173144599253819	0.999831983216163
ENSMUSG00000040446	3193.61409282807	-0.0469782976105887	0.0804360351804528	-0.584060316544914	0.559179732276385	0.999831983216163
ENSMUSG00000006050	865.092289875402	-0.0433515044096817	0.0960035808660819	-0.451558507449875	0.651587067089818	0.999831983216163
ENSMUSG00000056162	13.8792460912838	0.0195115242358272	0.0810075803121922	0.239206422181579	0.810945523025016	0.999831983216163
ENSMUSG00000024516	2441.24081241083	0.0744526681113268	0.0977583970449572	0.761456193194888	0.44638463473455	0.999831983216163
ENSMUSG00000033022	406.233484493169	-0.0135151015833181	0.107508699686059	-0.125723468093247	0.899950824413717	0.999831983216163
ENSMUSG00000041482	63.0700326011846	-0.20386439842839	0.117138262995471	-1.75928014976329	0.0785299364810082	0.999831983216163
ENSMUSG00000024376	83.8928834031129	0.0673769315002272	0.120687515190054	0.557028608780157	0.577507882815273	0.999831983216163
ENSMUSG00000024614	6595.26077685253	-0.0450213977685784	0.0858711451465371	-0.5243275319191	0.60005075073368	0.999831983216163
ENSMUSG00000024533	8448.34164273718	-0.00377975594377973	0.0798922805191549	-0.047310487444853	0.96226576967133	0.999831983216163
ENSMUSG00000024537	624.339484799767	0.0254976106910631	0.104668653911512	0.24358062060831	0.807555638807217	0.999831983216163
ENSMUSG00000024384	3407.33425249168	-0.0241254105006677	0.0918125767558716	-0.262783934281388	0.792717119055932	0.999831983216163
ENSMUSG00000024498	3393.25239897898	0.0140899079543211	0.0865152917454357	0.162860360391777	0.870628381887543	0.999831983216163
ENSMUSG00000024542	701.710265347371	-0.0295268840166146	0.0972345779463105	-0.303670934624495	0.761378603713003	0.999831983216163
ENSMUSG00000039529	53.2071559562775	0.0819307439727803	0.116576655652002	0.700670360131399	0.483508757511587	0.999831983216163
ENSMUSG00000024381	8043.29470072897	0.0256049651228965	0.0795924350120004	0.32169294824321	0.747685320602053	0.999831983216163
ENSMUSG00000024645	912.059018211149	0.0315461615654695	0.0935719409789992	0.337121491639752	0.736025316786163	0.999831983216163
ENSMUSG00000104148	85.2935045092109	0.0980846366998071	0.120859713572055	0.810037979951538	0.417918347565406	0.999831983216163
ENSMUSG00000032656	202.010654355403	-0.00431074858300466	0.117140154895415	-0.0368017693191181	0.970643063293073	0.999831983216163
ENSMUSG00000061808	63127.9678745085	0.138771421584922	0.115228116348904	1.19175875314455	0.233355853183782	0.999831983216163
ENSMUSG00000069372	1443.94008374404	-0.0559896438215197	0.088098015242727	-0.635561011632859	0.525062588336159	0.999831983216163
ENSMUSG00000024491	2489.35107648582	-0.036644516876357	0.0973048628975604	-0.376639617387082	0.706441441847142	0.999831983216163
ENSMUSG00000024347	8653.18629189588	0.0241684155763828	0.0933056550528037	0.25901204374555	0.795625947951309	0.999831983216163
ENSMUSG00000024563	1564.21325142226	-7.5559607475976e-05	0.0873028291130924	-0.00086494673768637	0.999309872438134	0.999831983216163
ENSMUSG00000025880	854.233509942068	-0.085498113465004	0.0969136954965087	-0.882222251137097	0.377656631355738	0.999831983216163
ENSMUSG00000024513	2749.54977683408	0.104951605864002	0.0809886018998287	1.29581079867437	0.195040676769852	0.999831983216163
ENSMUSG00000038128	34713.8250376214	-0.134015420836775	0.121404132434082	-1.11125132016425	0.266460186642983	0.999831983216163
ENSMUSG00000024234	1256.71488504033	-0.00648133801527414	0.0916122717269267	-0.0707446580933939	0.943600977833846	0.999831983216163
ENSMUSG00000024571	1830.0042789762	0.0363709539460949	0.0879965166775152	0.413303649071675	0.679384156677606	0.999831983216163
ENSMUSG00000006740	14946.3418338892	-0.106863759921652	0.0938169527732937	-1.13939474017596	0.254538548797859	0.999831983216163
ENSMUSG00000038524	211.097481642833	0.0644162464519569	0.116696681147409	0.551788390622478	0.581093342151894	0.999831983216163
ENSMUSG00000050945	213.222701465625	0.0299273580303401	0.117755475122233	0.254175841113324	0.799359713832683	0.999831983216163
ENSMUSG00000024598	38.3128997295668	0.00425955976618809	0.10433536763919	0.0407171565677125	0.967521383974371	0.999831983216163
ENSMUSG00000046668	4353.12831923189	0.0812804320179242	0.0879038812363418	0.924526973082403	0.355212014640245	0.999831983216163
ENSMUSG00000062526	412.467787628564	0.0628283628309383	0.106207096383201	0.591516809058892	0.55417419595029	0.999831983216163
ENSMUSG00000103677	254.92292155558	0.118506765581189	0.114203170902361	1.03737726251654	0.299560070727401	0.999831983216163
ENSMUSG00000041891	2311.88879427356	0.00551872160983285	0.0822440451702064	0.0671019349023483	0.946500553539915	0.999831983216163
ENSMUSG00000062210	417.95761104348	0.0647841031014839	0.107152541300947	0.604575577217801	0.545461038303391	0.999831983216163
ENSMUSG00000024610	148.453754814587	-0.0202969683980595	0.121024560278005	-0.167675197460944	0.866838809467052	0.999831983216163
ENSMUSG00000049090	1273.10987751819	-0.0761936924965359	0.102815894258662	-0.741196924505975	0.458574047907391	0.999831983216163
ENSMUSG00000051316	785.392202619087	0.0155458930210136	0.101163963906221	0.15367661308616	0.877864725759522	0.999831983216163
ENSMUSG00000034295	612.864274020735	0.139795963434309	0.104364262347223	1.33922000298085	0.180499062389374	0.999831983216163
ENSMUSG00000036103	1006.65732038346	-0.102865920484441	0.097802511810939	-1.0518435236625	0.292871346706632	0.999831983216163
ENSMUSG00000024594	780.253487703067	-0.0590712815491012	0.0972550395852479	-0.607377025982727	0.543600731353763	0.999831983216163
ENSMUSG00000014503	131.438636257033	-0.0759704251099219	0.121623467185818	-0.625221031276545	0.531826000442693	0.999831983216163
ENSMUSG00000044252	7854.27412682984	0.0520500658663198	0.0807414095005717	0.644623152247242	0.519171427560458	0.999831983216163
ENSMUSG00000024534	320.717282434019	-0.0383894781919969	0.115091880813419	-0.33356455519712	0.738708168583787	0.999831983216163
ENSMUSG00000036941	1887.43509521838	0.103690133451749	0.0886882625466897	1.16904496592225	0.242385515168103	0.999831983216163
ENSMUSG00000024604	1720.33059428482	-0.0880348244806434	0.0923479239835291	-0.953368368264467	0.340403462404236	0.999831983216163
ENSMUSG00000024232	207.696137355857	-0.103600605033543	0.120209595875287	-0.862762857085612	0.38826786470423	0.999831983216163
ENSMUSG00000024590	435.553079449903	-0.0684663970218206	0.112738174532016	-0.607401278926209	0.543584639939619	0.999831983216163
ENSMUSG00000024552	15.0470299835836	0.0644849268378403	0.0841942709531908	0.757256939892861	0.448895943061047	0.999831983216163
ENSMUSG00000024620	730.328496830414	-0.0560808540617201	0.0982861502035428	-0.570585487568208	0.568280658231745	0.999831983216163
ENSMUSG00000033184	5865.3379221692	-0.00731859210406517	0.08028241282686	-0.0911611392108594	0.92736455275391	0.999831983216163
ENSMUSG00000102440	168.924022410847	0.12951011775319	0.121758834464651	1.0615399308869	0.288444596051351	0.999831983216163
ENSMUSG00000024258	634.708133667893	-0.149837688134469	0.10106143061649	-1.48279088553248	0.138129978409364	0.999831983216163
ENSMUSG00000059336	1381.37024893463	-0.12170469481043	0.0880690719138901	-1.38198936530857	0.166974966483604	0.999831983216163
ENSMUSG00000024410	1313.18573153572	-0.0414294372086794	0.0954902518788973	-0.43386338125889	0.664387652601287	0.999831983216163
ENSMUSG00000024558	2494.75471763854	0.0227112508838808	0.100912925897367	0.2250422288619	0.821946422831237	0.999831983216163
ENSMUSG00000024273	801.103764807864	0.0340104107642005	0.0982257173009604	0.346214581091791	0.729181457436099	0.999831983216163
ENSMUSG00000032845	251.016327280015	0.0736460098543407	0.121604495952114	0.605016804696252	0.5451678309667	0.999831983216163
ENSMUSG00000103332	258.839122659967	0.0653861755214328	0.115759861008596	0.56459622406373	0.572348434158773	0.999831983216163
ENSMUSG00000046982	1269.67691638643	-0.112103806859115	0.095194307382436	-1.17779566224237	0.238878078383784	0.999831983216163
ENSMUSG00000024561	2260.83138542596	-0.0359202089585455	0.0879161576070476	-0.40858920625805	0.682841153115103	0.999831983216163
ENSMUSG00000040560	4469.29585648491	0.150527075833382	0.0903033617511211	1.66648432592943	0.0956169875280223	0.999831983216163
ENSMUSG00000032735	3550.23064773395	-0.125892344968339	0.0905412754444053	-1.39069596943051	0.164317640372513	0.999831983216163
ENSMUSG00000024502	2541.18997078207	-0.0676555796415535	0.0943668665633951	-0.717053498781478	0.473341086880615	0.999831983216163
ENSMUSG00000005836	10.423300178826	-0.0755838126706995	0.0723989850815207	-1.08402610350214	0.278353225132054	0.999831983216163
ENSMUSG00000024286	4225.14908368921	-0.0114472280222668	0.0800576805523732	-0.142988770369077	0.886299050005039	0.999831983216163
ENSMUSG00000008301	1297.29909696519	0.00786035336566087	0.0954701153894026	0.08233605398859	0.934379484802162	0.999831983216163
ENSMUSG00000024527	2986.78559627338	0.0289880559528095	0.0805938957137396	0.359677153998691	0.719088578678061	0.999831983216163
ENSMUSG00000103585	184.51945245546	-0.125355805954318	0.119445345840078	-1.04999589062457	0.29372000209991	0.999831983216163
ENSMUSG00000005871	9170.19145554698	-0.118645408717562	0.0950135678677824	-1.24914511209558	0.211612003200347	0.999831983216163
ENSMUSG00000023066	378.511711376299	0.0244503181966579	0.109653177888933	0.222993172925779	0.823540819952123	0.999831983216163
ENSMUSG00000037416	5481.8027629916	0.0142508038844067	0.0951853721289626	0.149714350587686	0.880989985662772	0.999831983216163
ENSMUSG00000033949	285.334903652623	-0.0176781159326248	0.117417427388843	-0.150617575905429	0.880277395998034	0.999831983216163
ENSMUSG00000024290	3171.97574602485	-0.0684001414698828	0.0960848118190287	-0.712016383819204	0.476454630574189	0.999831983216163
ENSMUSG00000024613	1012.80489841747	-0.0453957538091059	0.0957636419885359	-0.474084810926422	0.63543942951138	0.999831983216163
ENSMUSG00000024240	2571.14149901033	-0.10650569818245	0.0884329674623358	-1.20448633866346	0.228401659160626	0.999831983216163
ENSMUSG00000039616	40.2251849595867	0.172068161957062	0.111035933519001	1.53456980157762	0.124889535222786	0.999831983216163
ENSMUSG00000090000	1387.17738921894	0.0767739778353078	0.0902406562281567	0.850714608819388	0.394927906015945	0.999831983216163
ENSMUSG00000073514	1248.18965974515	0.0729351711681926	0.101173180631401	0.720798753330582	0.471033342560501	0.999831983216163
ENSMUSG00000042705	545.831255699507	0.00613973430582059	0.101116591895755	0.0607185163877541	0.951583384943227	0.999831983216163
ENSMUSG00000001700	847.689821295835	-0.123168255894642	0.102963247624523	-1.1965591920342	0.231478414248631	0.999831983216163
ENSMUSG00000033272	57.8654678861309	0.0206334596445834	0.115848736615342	0.177833228690392	0.858853950542526	0.999831983216163
ENSMUSG00000026322	20.1289754175541	0.0264462316057663	0.085425719620303	0.307944584092058	0.758124499927171	0.999831983216163
ENSMUSG00000024236	1009.60639339377	-0.0499852981470942	0.106343964734106	-0.470173392994835	0.638231141875464	0.999831983216163
ENSMUSG00000001380	2062.38598625777	0.0604059147362466	0.088461746837241	0.682814544264694	0.494724038063932	0.999831983216163
ENSMUSG00000024597	9039.38231986549	-0.101929745777854	0.0838131532851243	-1.21631320515909	0.223865633067029	0.999831983216163
ENSMUSG00000052102	648.96732909298	0.123418375928228	0.0987901169564422	1.24913556220982	0.211615495505598	0.999831983216163
ENSMUSG00000052928	1738.01480305165	0.0898732299171339	0.100215961660696	0.896526827180397	0.369971458887237	0.999831983216163
ENSMUSG00000042680	677.390836210882	-0.140802846538036	0.102809679265846	-1.36984041079057	0.170736724360518	0.999831983216163
ENSMUSG00000024382	1305.06999409279	0.0240033645850316	0.0894732170342272	0.268267695561096	0.788493270325046	0.999831983216163
ENSMUSG00000034006	436.878728192149	0.0103458232270333	0.107980381105913	0.0958117708512452	0.923670068584135	0.999831983216163
ENSMUSG00000002475	3913.76141341084	0.0487611038583005	0.0817933024665133	0.596133639037735	0.551085953348398	0.999831983216163
ENSMUSG00000024431	4596.05474981798	-0.00163086652097928	0.0833290166722365	-0.019571052522366	0.984385556150019	0.999831983216163
ENSMUSG00000063281	1156.92984016292	-0.0109009811080902	0.0961589613246148	-0.113370650648169	0.90973670705996	0.999831983216163
ENSMUSG00000079608	82.3142585240262	-0.0626357766835977	0.121127825613721	-0.51783896113816	0.604570632259287	0.999831983216163
ENSMUSG00000024420	4437.76928040928	-0.0542799449085931	0.0789233843960887	-0.687775745822474	0.491594011953627	0.999831983216163
ENSMUSG00000103255	120.065114256997	-0.0760314460168802	0.121861718003925	-0.625265139010927	0.531797055967695	0.999831983216163
ENSMUSG00000041258	2231.05633224047	-0.0793749158840176	0.0830148828363405	-0.956192490501841	0.33897499319521	0.999831983216163
ENSMUSG00000024425	15378.3684486081	0.0865019682303416	0.0837305884464179	1.03297673512629	0.301614786217734	0.999831983216163
ENSMUSG00000024350	4275.07843634314	-0.0300464275137239	0.081658072461898	-0.367959983232452	0.712903072781109	0.999831983216163
ENSMUSG00000025427	572.609907051407	-0.0391763289891495	0.10754328290946	-0.364318349956847	0.71562029878206	0.999831983216163
ENSMUSG00000009535	4477.16558487807	0.0725070969368475	0.0807954687478603	0.897370420693078	0.36952129082571	0.999831983216163
ENSMUSG00000103749	232.757947912112	-0.183232069474894	0.116475555770763	-1.57431990589074	0.115413510046169	0.999831983216163
ENSMUSG00000034300	2858.51168930804	-0.0141920160372755	0.0851381081505678	-0.166698056117518	0.867607635129543	0.999831983216163
ENSMUSG00000024400	3455.85903846586	-0.0151091909804896	0.0825329273993123	-0.183072258229565	0.854741322611831	0.999831983216163
ENSMUSG00000024442	2427.99417432939	-0.0143725885244644	0.0983652605327978	-0.146115095377306	0.883830529923188	0.999831983216163
ENSMUSG00000024483	3696.14604075046	-0.029165348850895	0.0935903023559661	-0.311654645539946	0.75530299990168	0.999831983216163
ENSMUSG00000024346	1479.5931151052	0.0673156268624528	0.0914319573948144	0.736191027656061	0.461614451797963	0.999831983216163
ENSMUSG00000024556	1150.0995063532	-0.0127768534528709	0.0912198622904056	-0.140070847468763	0.888604013834103	0.999831983216163
ENSMUSG00000044176	51.5277570643832	0.168268128987247	0.110131414529492	1.51108598068342	0.130766546071241	0.999831983216163
ENSMUSG00000103088	752.449548683137	0.18964745342223	0.106125445394191	1.78585613547087	0.0741225548243801	0.999831983216163
ENSMUSG00000037236	11704.6707671588	0.116958319066022	0.0826600013139073	1.41473700488874	0.157145620276119	0.999831983216163
ENSMUSG00000037058	7070.00553454619	0.0191847280995059	0.0812852578456606	0.236014224606317	0.813421632302489	0.999831983216163
ENSMUSG00000102312	84.5968468894589	0.0314954137980326	0.12131534654831	0.25955552514607	0.795206646514969	0.999831983216163
ENSMUSG00000057440	1909.34517554862	-0.0665291519088708	0.0956688098440091	-0.695505539527238	0.48673854083895	0.999831983216163
ENSMUSG00000024271	3903.57031194199	0.0533011275828668	0.0841705504332114	0.633212789792776	0.526594694732343	0.999831983216163
ENSMUSG00000033319	3156.12348812684	-0.119959682338312	0.0827895720128775	-1.44908614303942	0.147313527288479	0.999831983216163
ENSMUSG00000061802	60.6674152817319	0.00193175266180428	0.117895699390521	0.0163879658158962	0.986924880349325	0.999831983216163
ENSMUSG00000046318	59.8302228217513	-0.00332757519652292	0.116843986480035	-0.0284750960174645	0.977283230472275	0.999831983216163
ENSMUSG00000071862	2269.39726887388	-0.0267911462872055	0.0958677627004772	-0.279482451785178	0.77987460314583	0.999831983216163
ENSMUSG00000024646	1442.56155718444	-0.109693621990381	0.0906146696847071	-1.21065463215667	0.226027796712558	0.999831983216163
ENSMUSG00000057766	1210.93782320885	0.0209136387111904	0.0929577971255334	0.224980487817164	0.821994453634129	0.999831983216163
ENSMUSG00000024404	4192.81409978339	-0.0125096843386473	0.0792386335460674	-0.157873560525328	0.87455643240604	0.999831983216163
ENSMUSG00000069378	39.9701524892761	-0.0127554803330781	0.110475204753041	-0.115486047090663	0.908059879287096	0.999831983216163
ENSMUSG00000052026	386.333497705546	0.203274343174439	0.115232852594141	1.7618472306459	0.0780951123472132	0.999831983216163
ENSMUSG00000019143	1748.80089514297	-0.0210725828838372	0.0939140671253107	-0.224380513050018	0.822461232473928	0.999831983216163
ENSMUSG00000024354	29.7387833659269	0.0628250422900251	0.0992801983293828	0.627109717983359	0.530587317413198	0.999831983216163
ENSMUSG00000024603	3456.12609163202	-0.0255750830485703	0.0833568289569422	-0.306821362945198	0.758979346763401	0.999831983216163
ENSMUSG00000024521	80.5020148624459	-0.0508536689762883	0.120538434019391	-0.422269943747382	0.672827993897529	0.999831983216163
ENSMUSG00000038121	1544.38446935193	-0.0352072638835675	0.101660869933898	-0.346383210208586	0.729054741366409	0.999831983216163
ENSMUSG00000024378	2528.76384966511	-0.000894894234724317	0.0901672070045571	-0.00992446860485345	0.99208154971429	0.999831983216163
ENSMUSG00000014294	1233.52808372669	0.130465501134738	0.0997289132063049	1.30777649101476	0.190949130220075	0.999831983216163
ENSMUSG00000060450	9282.0266812204	0.0454833744863801	0.0783942769706763	0.580166995588175	0.561802008125204	0.999831983216163
ENSMUSG00000045730	155.997505674227	-0.00988526337664041	0.120598148951551	-0.0819678559843585	0.934672274623513	0.999831983216163
ENSMUSG00000057130	772.213052115815	-0.038773828812354	0.0964311510547146	-0.402093649851472	0.687615105981573	0.999831983216163
ENSMUSG00000073599	40.5089732540222	0.128436341925266	0.110720229561815	1.15065550584148	0.249873988175396	0.999831983216163
ENSMUSG00000038555	5468.86006845631	-0.00768656120300356	0.0818726825861015	-0.0938846274041534	0.925200805449558	0.999831983216163
ENSMUSG00000024269	1487.09169743606	-0.0131866697044523	0.0901956931319775	-0.146202689576073	0.883761382402196	0.999831983216163
ENSMUSG00000033628	1972.98855584263	-0.00484381336341412	0.0856989834376616	-0.0565218375362348	0.954926099492871	0.999831983216163
ENSMUSG00000025423	4791.19845182689	-0.00525323936462512	0.0783093313171663	-0.0670829784249653	0.946515644616825	0.999831983216163
ENSMUSG00000078963	98.8651873170721	0.000755543671357606	0.121524092401271	0.00621917319620684	0.995037849713578	0.999831983216163
ENSMUSG00000024526	201.309650024302	0.137134564071836	0.117350214150246	1.16785750010384	0.242864249722612	0.999831983216163
ENSMUSG00000036225	1201.45758007147	-0.0667453950112799	0.10521375836191	-0.634516746586793	0.525743641277022	0.999831983216163
ENSMUSG00000102543	441.819476190214	0.0639035090680797	0.105519849478995	0.605568585326863	0.544801268270175	0.999831983216163
ENSMUSG00000024440	16.8543501584606	-0.003039403330168	0.0840367698773017	-0.0360936220706119	0.971207707866385	0.999831983216163
ENSMUSG00000051469	3165.73064599935	-0.0574222915620546	0.0859511711331838	-0.668130014072513	0.504050604499557	0.999831983216163
ENSMUSG00000063889	714.961913713538	-0.125985726630696	0.100003649529214	-1.2599774961029	0.207677480465888	0.999831983216163
ENSMUSG00000024593	3045.86423282154	0.0389493532320058	0.0964216635728595	0.403916069132181	0.686274439363335	0.999831983216163
ENSMUSG00000024357	793.999430354507	-0.029448710687244	0.0947655456628248	-0.31075229175979	0.755988940805443	0.999831983216163
ENSMUSG00000024349	66.1570143102078	0.0202715782058517	0.118911254430889	0.170462827557724	0.864646165789459	0.999831983216163
ENSMUSG00000042660	420.097239637531	0.00267503167316433	0.10602919414801	0.02522800276983	0.979873101080631	0.999831983216163
ENSMUSG00000036299	4055.6972587512	-0.0638257639465761	0.0879919942983226	-0.725421005059577	0.468193790690372	0.999831983216163
ENSMUSG00000045569	14.0476158664738	0.0609809978715583	0.0767615269056018	0.782190349953945	0.434102714891879	0.999831983216163
ENSMUSG00000024581	6334.9546217285	0.0682613035229849	0.0780937069561581	0.874053153768418	0.382089307601316	0.999831983216163
ENSMUSG00000051375	2416.19721518252	-0.0451265160156192	0.0883703575220864	-0.510679148835863	0.609575743579541	0.999831983216163
ENSMUSG00000024587	9378.30218540834	0.112833007105309	0.0833482272060467	1.35357302569477	0.175872637539653	0.999831983216163
ENSMUSG00000024505	96.5016744311828	0.00997891643196809	0.121386442571403	0.082150531390613	0.934527010644532	0.999831983216163
ENSMUSG00000041915	1631.6690424896	-0.0388818238145029	0.0879195965140231	-0.442255561934548	0.658304283773801	0.999831983216163
ENSMUSG00000054321	197.402567153531	0.109646099787487	0.117373051161821	0.933795859986684	0.350409205489417	0.999831983216163
ENSMUSG00000045629	117.630915619315	-0.0740745295926725	0.121879682961448	-0.608453510091764	0.542886730837526	0.999831983216163
ENSMUSG00000073555	16.0249031150062	0.0611844126788757	0.0856187997088569	0.706853190510893	0.479657715815686	0.999831983216163
ENSMUSG00000024535	760.585240165054	0.0511499317860452	0.0954035960663711	0.536141696745967	0.59186062447209	0.999831983216163
ENSMUSG00000102918	2292.27680914813	-0.155539457821143	0.0911292999004255	-1.70717168259504	0.0877901466849351	0.999831983216163
ENSMUSG00000037815	3785.7353106775	0.0173510998625773	0.0805388637016382	0.215435445653244	0.82942783711088	0.999831983216163
ENSMUSG00000024529	96.319466763969	-0.149506075773385	0.121022539996794	-1.23985334368622	0.215029643521372	0.999831983216163
ENSMUSG00000024580	1794.65034397035	-0.12318159654661	0.100779093215908	-1.22276863246107	0.221417096108802	0.999831983216163
ENSMUSG00000024454	2337.53157474807	0.068837712377413	0.0986521401205389	0.697620677119836	0.485414446993255	0.999831983216163
ENSMUSG00000058925	23.1556821863086	-0.0158787513076012	0.093810358232963	-0.169503874081877	0.865400325377532	0.999831983216163
ENSMUSG00000024259	4019.18715096626	-0.00206428273204871	0.0844693297176806	-0.0244379331594008	0.980503291066792	0.999831983216163
ENSMUSG00000044424	130.886275016953	0.00259851586256062	0.121727435780833	0.0213514021366427	0.982965340193702	0.999831983216163
ENSMUSG00000051255	537.443508391734	0.0731417924963092	0.105833120306887	0.691084495854955	0.48951244293207	0.999831983216163
ENSMUSG00000074922	276.844505788366	0.0238833455775302	0.114143410264052	0.209207246647269	0.834286455589419	0.999831983216163
ENSMUSG00000058927	236.010635442333	0.0244638710121186	0.11772160117201	0.207837077038631	0.835356181396581	0.999831983216163
ENSMUSG00000117729	22.1704403098155	0.0685218715157459	0.093815568579801	0.723795359070253	0.469191378958261	0.999831983216163
ENSMUSG00000117771	37.4294364826284	-0.0404557188445251	0.109365014301237	-0.370887504071021	0.710721322747466	0.999831983216163
ENSMUSG00000024912	11.2873869087959	-0.0231776096733677	0.0752215589074668	-0.311398003298878	0.755498071639362	0.999831983216163
ENSMUSG00000100937	61.8427432994903	-0.0773877220673682	0.11805520664299	-0.657289099121771	0.510995044367545	0.999831983216163
ENSMUSG00000093772	29.1326487042775	0.0488911789882493	0.102479705233579	0.475262943867878	0.634599567867182	0.999831983216163
ENSMUSG00000072437	898.487595554508	-0.0290294463015216	0.0995019276500223	-0.291779565910598	0.770455169776349	0.999831983216163
ENSMUSG00000074909	2455.29789781399	0.088090473663096	0.094680696695211	0.930255360624853	0.352238884394018	0.999831983216163
ENSMUSG00000053536	4162.8046510662	0.0206940719107811	0.0809101033998287	0.255764802887562	0.798132453335646	0.999831983216163
ENSMUSG00000087303	12.5457530264892	-0.00592878697257535	0.0798525411196247	-0.0744205898495064	0.940675725899843	0.999831983216163
ENSMUSG00000117886	18.1906071417949	-0.0574396438123823	0.0875965838923068	-0.66494062095987	0.50608847297972	0.999831983216163
ENSMUSG00000117935	55.704897345105	0.0307072709684307	0.117320175639692	0.261319013996105	0.79384650481032	0.999831983216163
ENSMUSG00000024761	72.3492496501423	0.0676088115293486	0.120430705650411	0.560465269870154	0.575162122390144	0.999831983216163
ENSMUSG00000067199	530.272018185831	0.0144941085223503	0.103417605475242	0.140144372120765	0.888545922626089	0.999831983216163
ENSMUSG00000047604	188.520263503951	-0.0639949998190847	0.121137290638772	-0.52882015884636	0.596930212103937	0.999831983216163
ENSMUSG00000118310	61.1674958387509	-0.181212442063088	0.118576911170085	-1.53777800418306	0.124102903471913	0.999831983216163
ENSMUSG00000090291	12.5229743058152	0.0541112289881558	0.072702346769782	0.731670007086998	0.464370007172817	0.999831983216163
ENSMUSG00000117955	26.0029587624139	-0.0569725780530083	0.0995713986822576	-0.577393581007659	0.563673609444209	0.999831983216163
ENSMUSG00000057605	16.7052265985442	-0.0284027922082747	0.0869249255883284	-0.329153714468417	0.74203950583498	0.999831983216163
ENSMUSG00000074811	275.674609236794	0.0742574919202974	0.115369358710882	0.643315567159527	0.520019357155819	0.999831983216163
ENSMUSG00000057990	10.5976458014592	-0.00831210510390277	0.0741626189967016	-0.112533518984281	0.910400394220336	0.999831983216163
ENSMUSG00000117822	21.0354457661577	0.00802253474488725	0.0931954911756726	0.0859653759675755	0.931493941276932	0.999831983216163
ENSMUSG00000117814	508.575005986191	0.0507019423046174	0.104458736385442	0.485336822681586	0.627437439297515	0.999831983216163
ENSMUSG00000118029	358.248311360001	-0.11313245129888	0.108577060153421	-1.04198718723702	0.297417619339244	0.999831983216163
ENSMUSG00000045104	12.5775694287187	0.110473952484103	0.0796083273235926	1.35946713467955	0.173998610009202	0.999831983216163
ENSMUSG00000110007	17.0166065229194	-0.0720657575740836	0.08856909898568	-0.827325325089392	0.408052693332102	0.999831983216163
ENSMUSG00000118378	12.8893521648422	-0.0657109352820847	0.0747793716584737	-0.90468105546869	0.365634380253876	0.999831983216163
ENSMUSG00000071497	37.2451480663551	-0.0275683650000431	0.109573445602258	-0.252098155162252	0.800965195892013	0.999831983216163
ENSMUSG00000118159	15.8313208994881	-0.0441902273430386	0.085272727180429	-0.524652667596568	0.59982466680953	0.999831983216163
ENSMUSG00000118353	35.9609301596665	0.0243718193541425	0.104533909323153	0.232136172007053	0.816432250912897	0.999831983216163
ENSMUSG00000024842	87.1451407792636	-0.108758376536942	0.121543313289477	-0.896764791363087	0.369844439216431	0.999831983216163
ENSMUSG00000117905	19.0908911522782	-0.106379918976742	0.0922157806155302	-1.17860021348188	0.238557406598927	0.999831983216163
ENSMUSG00000118344	19.159981193861	0.0355706645375456	0.0906661708853613	0.389621428352263	0.69681650442489	0.999831983216163
ENSMUSG00000097591	32.9689597038051	0.0120597749076966	0.105720530917982	0.113880609264086	0.909332437120453	0.999831983216163
ENSMUSG00000121393	12.1208567829528	-0.0322274039173908	0.0770888747714978	-0.422807880809106	0.672435437333534	0.999831983216163
ENSMUSG00000018822	109.773871024143	0.210869188238731	0.121403415197971	1.72796971199511	0.0839936546786799	0.999831983216163
ENSMUSG00000096740	159.837602969411	-0.080679253704186	0.12085127102145	-0.66810617949192	0.504065817574381	0.999831983216163
ENSMUSG00000040105	2096.21540786767	-0.0945868982739919	0.0935448033180346	-1.01129637458432	0.311874600741758	0.999831983216163
ENSMUSG00000071573	39.9825254898402	0.0170670837984311	0.110855108462236	0.153895323937769	0.877692271139677	0.999831983216163
ENSMUSG00000071648	317.66876157782	0.0537412272971624	0.110518348992529	0.48621654043545	0.626813645255929	0.999831983216163
ENSMUSG00000101439	35.5868392640091	0.0417754596893919	0.107031540616862	0.389473999276434	0.696925540866627	0.999831983216163
ENSMUSG00000096370	58.6932936096804	-0.107870320155101	0.117256038705257	-0.924128029691083	0.355419661222735	0.999831983216163
ENSMUSG00000095913	41.1869778570487	-0.0405091877729764	0.11122286227789	-0.365251606658705	0.714923598801128	0.999831983216163
ENSMUSG00000067872	15.4449262153971	-0.00350525921037725	0.0859302969188497	-0.0408085703169455	0.967448506927049	0.999831983216163
ENSMUSG00000118364	31.3002469856759	-0.033290263051501	0.104066963178379	-0.320640260862201	0.748483023480966	0.999831983216163
ENSMUSG00000117789	10.6707416462759	0.0222715957255337	0.0730667942355012	0.301518910135922	0.763018832358682	0.999831983216163
ENSMUSG00000056481	90.6898496851827	-0.196182634802777	0.121014387367009	-1.62907538084148	0.103297062232712	0.999831983216163
ENSMUSG00000033478	1764.30703582499	-0.00168567366430485	0.0854809644796606	-0.0197193559233556	0.984267249987554	0.999831983216163
ENSMUSG00000117901	141.609990786806	0.14529086507078	0.121353661706955	1.19460243376787	0.23224239791739	0.999831983216163
ENSMUSG00000117743	31.4964795463958	-0.0636891337682299	0.104277478142141	-0.615255409594294	0.538386060214282	0.999831983216163
ENSMUSG00000095690	233.318922650444	-0.116097423097884	0.115617102808464	-1.00448316384664	0.315145782349474	0.999831983216163
ENSMUSG00000047298	32.6178614202312	-0.0142066460853403	0.10287262273454	-0.138529101226006	0.889822271879399	0.999831983216163
ENSMUSG00000068466	53.3169242822231	-0.000292395800739156	0.115676638968549	-0.00252895384552806	0.997982188922525	0.999831983216163
ENSMUSG00000097792	144.781397996711	-0.0343003841635037	0.121885805254589	-0.281456843594222	0.778360024479561	0.999831983216163
ENSMUSG00000120254	11.7034749231941	0.0379287826498837	0.0769053427633783	0.489142861977266	0.624740558220674	0.999831983216163
ENSMUSG00000100075	45.7436808900781	-0.101780434638886	0.113921671954111	-0.898678829320541	0.368823756720028	0.999831983216163
ENSMUSG00000118212	11.9546578082629	0.0725104378647266	0.0763880478381334	0.92992682300448	0.352408973980961	0.999831983216163
ENSMUSG00000117739	18.376145050371	-0.0802745751006623	0.0876678669247929	-0.936979723382812	0.348768988082971	0.999831983216163
ENSMUSG00000124674	12.2140207765225	-0.0340164585497175	0.0783344552653797	-0.439625349485639	0.660208477721346	0.999831983216163
ENSMUSG00000124799	29.5926641771585	0.0834397243143427	0.101466699953913	0.81626981950029	0.414345831853875	0.999831983216163
ENSMUSG00000117979	20.1885192240995	0.0791394912639611	0.0930170997114421	0.841830002007687	0.399883115845814	0.999831983216163
ENSMUSG00000125058	93.8200429754692	-0.0491227952717864	0.121043150369381	-0.406636148059272	0.684275243713054	0.999831983216163
ENSMUSG00000125098	44.5730417465783	-0.0743620333788531	0.113531596290575	-0.657599219212027	0.510795696406799	0.999831983216163
ENSMUSG00000125136	30.5108443820876	-0.0656276519418138	0.104521115706078	-0.63238133344908	0.527137728423136	0.999831983216163
ENSMUSG00000100417	19.1514219997831	0.0281687120131399	0.0923004280927088	0.303983290206431	0.761140621624821	0.999831983216163
ENSMUSG00000125946	135.026034336256	-0.035394129190705	0.121662852520476	-0.29090292965511	0.771125560628065	0.999831983216163
ENSMUSG00000089679	50.7522209897119	0.0844344327023733	0.105344929811652	0.79507992785574	0.426567009754325	0.999831983216163
ENSMUSG00000126466	50.6559495683795	-0.0510465930512176	0.112998134123415	-0.453566251913714	0.650141048333638	0.999831983216163
ENSMUSG00000126503	37.9506831273758	0.0904090575918339	0.108488266397108	0.826753112199061	0.408377010780941	0.999831983216163
ENSMUSG00000117848	10.5749909053391	0.0155810972180025	0.0742251035108045	0.208947407441529	0.834489295080218	0.999831983216163
ENSMUSG00000126581	55.3173114630314	-0.0289808688480542	0.116873565745511	-0.248172591084719	0.804000872236436	0.999831983216163
ENSMUSG00000127267	10.3329075088761	0.0327456837381296	0.0739360016283123	0.43831056953894	0.66116116503666	0.999831983216163
ENSMUSG00000128422	265.013113517698	0.0489229528964326	0.114198311973635	0.428412754414643	0.668350640426742	0.999831983216163
ENSMUSG00000120555	18.2800884465146	0.0531900689545464	0.0893212929384316	0.589063207669174	0.555818873320005	0.999831983216163
ENSMUSG00000129364	90.2031520293952	-0.108283137525248	0.121722340640474	-0.891303787855415	0.372766217137139	0.999831983216163
ENSMUSG00000097558	10.8280859353318	0.067739471515271	0.0748646030720026	0.887363871047952	0.374883028305127	0.999831983216163
ENSMUSG00000120396	40.6486679578033	0.0733683794193067	0.110859871415065	0.658819993383123	0.510011366938542	0.999831983216163
ENSMUSG00000120130	18.0272432005573	-0.0121445308917347	0.0866491628966569	-0.140465147580653	0.888292487644616	0.999831983216163
ENSMUSG00000117710	20.8315622983088	0.00133029732122678	0.0912014373813411	0.0145580673954839	0.988384753075528	0.999831983216163
ENSMUSG00000117927	19.4541851532459	0.059276401251119	0.090755085486231	0.646544290541679	0.517926923308954	0.999831983216163
ENSMUSG00000130582	26.580869529958	-0.111644013803426	0.100049020353117	-1.13374700195077	0.256900687677604	0.999831983216163
ENSMUSG00000117718	10.9155411188304	-0.0155346648554147	0.0751165275446627	-0.208075638400679	0.835169908593543	0.999831983216163
ENSMUSG00000130729	17.2767042083436	-0.0592985567934415	0.083274329426719	-0.724083905526211	0.46901422477435	0.999831983216163
ENSMUSG00000130913	30.2128976191314	-0.0819659638473664	0.104281773528939	-0.792764250257595	0.427915188718883	0.999831983216163
ENSMUSG00000130941	20.9844638859559	-0.101519148222559	0.0907609213118387	-1.14543740065425	0.252028012828172	0.999831983216163
ENSMUSG00000120174	37.1376649456035	0.0199595792414417	0.0930016827008694	0.214035034957836	0.830519736245136	0.999831983216163
ENSMUSG00000131195	10.3733552835975	0.0184115226438579	0.058679250734354	0.309900335584536	0.756636747601433	0.999831983216163
ENSMUSG00000117655	20.6092680634044	0.0733482795699025	0.0938520725743661	0.774418660934309	0.438683251805924	0.999831983216163
ENSMUSG00000097779	12.5400123615019	-0.00494956681227479	0.0788307335937045	-0.0629345775009041	0.949818600544544	0.999831983216163
ENSMUSG00000097636	652.661154249659	0.0135970294759536	0.115896096446372	0.11727888981117	0.90663905306648	0.999831983216163
ENSMUSG00000118369	45.966118514892	0.0771779125350646	0.109595537192108	0.699687331069018	0.484122590020172	0.999831983216163
ENSMUSG00000117768	23.3172741171592	0.0738532692658573	0.0930459310649763	0.782555321550945	0.433888286777251	0.999831983216163
ENSMUSG00000132030	26.8617468991411	-0.0366484643778128	0.10099647580465	-0.364590146525572	0.715417371221154	0.999831983216163
ENSMUSG00000086938	74.7196036029905	0.114005278205344	0.116390652703601	0.972953301000445	0.330576512247027	0.999831983216163
ENSMUSG00000117959	19.7208606756937	0.00213905271652214	0.0919542410106185	0.0232329817637369	0.981464430059517	0.999831983216163
ENSMUSG00000117900	49.4384628137908	-0.0897254895787473	0.114791533867858	-0.785822224524824	0.431971644399502	0.999831983216163
ENSMUSG00000132490	73.5534991163353	-0.147263502050041	0.119685960071483	-1.23629845753313	0.21634764426248	0.999831983216163
ENSMUSG00000118314	53.5233748182133	-0.104873634279724	0.115975056248282	-0.908770360510858	0.363471355031035	0.999831983216163
ENSMUSG00000118340	60.056131250861	-0.189705490213707	0.114502597481967	-1.68042122856637	0.0928753885800413	0.999831983216163
ENSMUSG00000120551	30.2329456621344	-0.091397690130237	0.103643904507532	-0.890529612721307	0.373181575003919	0.999831983216163
ENSMUSG00000134049	459.627341889134	-0.122107838874377	0.110112834858782	-1.1091940395707	0.267346483350072	0.999831983216163
ENSMUSG00000120593	17.0502147267595	0.0326476600521928	0.0840035680160557	0.385397913443539	0.699942628246068	0.999831983216163
ENSMUSG00000135122	14.9222286598666	0.0324065272388252	0.0851758323721773	0.377986926255566	0.705440306100557	0.999831983216163
ENSMUSG00000098739	71.034066053211	-0.048745877002853	0.117565372948409	-0.415900180323761	0.677483047561159	0.999831983216163
ENSMUSG00000135685	17.5175973662523	0.0188651350891797	0.0872512031582296	0.215707584712767	0.829215688655839	0.999831983216163
ENSMUSG00000114721	16.2758093421869	-0.0200104660061927	0.0850695029791001	-0.236661787632083	0.812919181901674	0.999831983216163
ENSMUSG00000118249	12.8874003333979	-0.0132254205517384	0.0754054537447498	-0.176229536881484	0.860113616836971	0.999831983216163
ENSMUSG00000117698	22.3946998022445	0.0589741643720065	0.0945088231445734	0.618356466457727	0.536340387699343	0.999831983216163
ENSMUSG00000120139	17.7788504709035	-0.022214349530876	0.0882566758444689	-0.25245064172723	0.800692760916286	0.999831983216163
ENSMUSG00000136264	10.258621964027	-0.0868338883201884	0.0728983528058273	-1.24199269025039	0.2142392590491	0.999831983216163
ENSMUSG00000097557	53.6156768772567	0.105490603323211	0.115589766340465	0.907610375227215	0.364084110754444	0.999831983216163
ENSMUSG00000136652	19.6491263099093	-0.0559203214234814	0.0891563278464174	-0.635385354349865	0.525177117603969	0.999831983216163
ENSMUSG00000121016	18.6506673788427	0.106066721602218	0.0914458878023623	1.14438844831417	0.252462576742726	0.999831983216163
ENSMUSG00000094732	33.7808945327666	0.0176357146345667	0.106542882478241	0.16537418151367	0.86864947402752	0.999831983216163
ENSMUSG00000118245	24.1496210639826	0.0707578811691162	0.0989625867211581	0.709663307143195	0.477912951300027	0.999831983216163
ENSMUSG00000137452	26.9166444018509	0.0996754336131236	0.10075421435435	0.978584941304158	0.327785102802623	0.999831983216163
ENSMUSG00000137576	63.1741417465467	-0.118552175232479	0.116174728792922	-1.02667982343119	0.304571253030568	0.999831983216163
ENSMUSG00000138379	20.6851021048425	0.02767720158661	0.0922692404473605	0.298725075165593	0.765149822953363	0.999831983216163
ENSMUSG00000118099	18.2200734455739	0.0266417306890623	0.0859966704545402	0.308801829240981	0.757472277574954	0.999831983216163
ENSMUSG00000139045	11.9282013798024	0.0436743399771725	0.0776061949464027	0.556396485091757	0.577939841216607	0.999831983216163
ENSMUSG00000094707	64.0795159709582	0.108789377931303	0.118922681739683	0.911432963150035	0.362067292054869	0.999831983216163
ENSMUSG00000140427	50.919121877019	0.1157216900506	0.111088510289326	1.03289688015731	0.301652158956354	0.999831983216163
ENSMUSG00000120068	33.302618273751	0.16891713687573	0.107159498273572	1.55834914316557	0.119150505346905	0.999831983216163
ENSMUSG00000120608	147.124193884811	-0.00474608289947318	0.121171697327083	-0.0391547567728555	0.968767004817457	0.999831983216163
ENSMUSG00000141034	25.712204420786	0.139419778138179	0.100036804095408	1.37682196641506	0.168567297678504	0.999831983216163
ENSMUSG00000141744	13.113670193534	0.0559407199368625	0.0774451654891434	0.713079676166084	0.475796455057953	0.999831983216163
ENSMUSG00000097930	28.971498015688	-0.022593627721219	0.101245550513838	-0.224142532557719	0.822646398106364	0.999831983216163
ENSMUSG00000114796	37.0691833490501	-0.0368281734296158	0.104550245891384	-0.354138696062382	0.72323494352444	0.999831983216163
ENSMUSG00000075010	46.7532245925166	-0.0956280867960056	0.113538157417337	-0.847706803505298	0.396601276442072	0.999831983216163
ENSMUSG00000142908	10.2922585415426	0.0109345646293907	0.0733734594987094	0.148455594465149	0.881983228046158	0.999831983216163
ENSMUSG00000143383	42.6052618760463	0.0203485576958145	0.112128870224278	0.18118951169355	0.856218826806126	0.999831983216163
ENSMUSG00000114235	14.75940247527	-0.0760766720832196	0.0830550093168456	-0.938995359888335	0.347733126692369	0.999831983216163
ENSMUSG00000130860	44.284144302346	0.0100171451599483	0.113022548814963	0.0885740117875032	0.929420462476557	0.999831983216163
ENSMUSG00000130900	24.2174605418365	0.00347634417594507	0.0962880495404107	0.0360735008560291	0.97122375182464	0.999831983216163
ENSMUSG00000092341	30275.6962627315	-0.10505365416592	0.119365839502393	-0.886512782379021	0.375341269265527	0.999831983216163
ENSMUSG00000110156	93.2761273876185	0.0532528885501498	0.121198209458686	0.438919596310954	0.66071979691654	0.999831983216163
ENSMUSG00000120104	163.946260452868	-0.0474870347216271	0.12156965039254	-0.390935630511319	0.695844816237222	0.999831983216163
ENSMUSG00000075268	242.727475786343	0.0467349943479038	0.118789455389477	0.393361963981543	0.694052158374501	0.999831983216163
ENSMUSG00000143322	13.4360913909191	0.00633766003025175	0.0787516517851956	0.0802612531815269	0.936029474239231	0.999831983216163
ENSMUSG00000132697	11.2043483823368	0.0222232038398762	0.07466165070771	0.295064651100931	0.767944492484178	0.999831983216163
ENSMUSG00000087579	86.9349406697268	0.006314681970385	0.121441318616822	0.0520027361656186	0.958526513220908	0.999831983216163
ENSMUSG00000097855	88.1000897617582	-0.055928405898792	0.121456277404314	-0.461015604144855	0.644787409947105	0.999831983216163
ENSMUSG00000118038	52.6363094407622	-0.146349645152982	0.114736292379008	-1.28556545893357	0.198594757978717	0.999831983216163
ENSMUSG00000120425	14.7336654134196	0.0135749737206246	0.0831562726601762	0.162785977315123	0.870686949473719	0.999831983216163
ENSMUSG00000120787	21.9870692779002	0.00700324073069844	0.0947106366240532	0.0737568708759054	0.941203845559663	0.999831983216163
ENSMUSG00000120380	19.1645168082613	-0.0295831594443556	0.0906451660697813	-0.327739478610122	0.743108650922376	0.999831983216163
ENSMUSG00000117692	16.3346101951315	-0.0113209670887362	0.0871024111362718	-0.130335671693648	0.896300858833852	0.999831983216163
ENSMUSG00000086107	12.2781195857325	-0.0241740293966272	0.0776721316704286	-0.313318293453007	0.754038853167965	0.999831983216163
ENSMUSG00000120807	16.4728716679905	-0.0949414168623698	0.0827990965857351	-1.18459786928646	0.236176479884987	0.999831983216163
ENSMUSG00000114220	16.4171457842769	0.0351363289727321	0.0828402699311162	0.420128173419159	0.674391822285718	0.999831983216163
ENSMUSG00000118125	65.1829125485383	-0.0479191699080237	0.118745521989326	-0.404270860895863	0.686013550654117	0.999831983216163
ENSMUSG00000097404	30.614022807317	0.0875351675805622	0.102456787365948	0.846046644722734	0.39752672361499	0.999831983216163
ENSMUSG00000119968	182.955539863957	-0.0446094090401055	0.120073111174816	-0.371745674876836	0.710082214545532	0.999831983216163
ENSMUSG00000024769	2092.77524656041	-0.0601231107524083	0.107108451601175	-0.56148522884456	0.574466797164447	0.999831983216163
ENSMUSG00000079467	85.7959540930586	0.152959706783823	0.121117539667146	1.25742221544472	0.208600789031693	0.999831983216163
ENSMUSG00000137478	32.2932313142841	-0.0652813667000741	0.103532092566664	-0.635977191599562	0.524791288328811	0.999831983216163
ENSMUSG00000124438	691.594581687385	-0.0881014121303842	0.115869280319716	-0.766456529504686	0.443404707969629	0.999831983216163
ENSMUSG00000131627	16.636477447789	0.0252760055719103	0.0873160127195946	0.287851995756633	0.773460034104968	0.999831983216163
ENSMUSG00000138771	10.9726762101542	-0.0524700688040896	0.0737770471826525	-0.727229041647747	0.467085658305839	0.999831983216163
ENSMUSG00000138644	20.4978804323337	0.0286854985251464	0.0934883726615192	0.305157808056126	0.760245964998257	0.999831983216163
ENSMUSG00000123843	12.3301481790166	-0.0151204892036564	0.0783791458766147	-0.193499650501538	0.846567679742617	0.999831983216163
ENSMUSG00000120362	69.0696371648963	-0.0553175910544712	0.117879698738554	-0.470691596523623	0.637860986315214	0.999831983216163
ENSMUSG00000097787	44.6539436394723	0.0288672270006501	0.111501908057784	0.258556971747634	0.795977086043869	0.999831983216163
ENSMUSG00000062456	141.282587472404	0.206624261153756	0.121550395752483	1.69502137033544	0.0900713668722471	0.999831983216163
ENSMUSG00000118106	10.9472801530016	0.0307806692995455	0.0756397419904088	0.403321609578489	0.686711646566109	0.999831983216163
ENSMUSG00000099655	33.0630222499373	0.00312099602296583	0.106993825335406	0.0291608427381309	0.976736310910713	0.999831983216163
ENSMUSG00000119991	29.02918092049	-0.0359371918778531	0.102717571753017	-0.351485975711139	0.725223791928033	0.999831983216163
ENSMUSG00000135170	120.133570872457	-0.0780413861523498	0.121785519864082	-0.641252023707867	0.52135895430448	0.999831983216163
ENSMUSG00000135216	111.844115948423	-0.155318620861901	0.121875292999258	-1.27804253064453	0.201234430555268	0.999831983216163
ENSMUSG00000048292	11.8953069264041	0.0448218041291647	0.0768395838962403	0.577507083322425	0.56359695501143	0.999831983216163
ENSMUSG00000051548	17.197409639263	-0.0847644330719932	0.0880264852146695	-0.98419876291375	0.325017793944228	0.999831983216163
ENSMUSG00000084876	14.9618751551776	0.0541458482001595	0.0834130031185717	0.642168114021831	0.520764033868007	0.999831983216163
ENSMUSG00000117897	11.0456744691649	-0.0657225658790904	0.0738979682645602	-0.916041382013053	0.359645190657611	0.999831983216163
ENSMUSG00000052188	122.282037520367	-0.0621399095959844	0.121859304342603	-0.510310834706334	0.609833713311942	0.999831983216163
ENSMUSG00000061742	19.9430653668496	0.0864521331100295	0.0892491152792577	0.955212371821468	0.339470310581825	0.999831983216163
ENSMUSG00000131004	13.2238778589586	0.000558403843629434	0.0814802905106226	0.00684865599386448	0.994535605837351	0.999831983216163
ENSMUSG00000131614	14.5570770125283	-0.051214963925143	0.0833100216362593	-0.624143370181248	0.532533433503325	0.999831983216163
ENSMUSG00000024658	26.6815988044702	0.0198505520278648	0.100379272352737	0.197544769589722	0.843401250550284	0.999831983216163
ENSMUSG00000117804	109.121267539841	0.156708302288752	0.121882260961327	1.283029449038	0.199481758938009	0.999831983216163
ENSMUSG00000071640	64.4920325263362	-0.052826811044551	0.118809846911841	-0.445703951300208	0.655811109994763	0.999831983216163
ENSMUSG00000118138	47.2440384345968	-0.125602398850753	0.11456402370165	-1.10404947012681	0.269571678728537	0.999831983216163
ENSMUSG00000037418	23.2712994568621	0.106869095459028	0.0970507807209032	1.08760004605207	0.276771710417178	0.999831983216163
ENSMUSG00000079339	26.2559773837767	0.110863615174646	0.0936322551844481	1.16825573425221	0.242703625010382	0.999831983216163
ENSMUSG00000130599	27.1778282943717	0.00920787389436201	0.0995026918091653	0.0924544491174498	0.926336980490717	0.999831983216163
ENSMUSG00000120219	33.4021030272267	-0.0330014571758105	0.107014846334303	-0.309206668226519	0.757164321780001	0.999831983216163
ENSMUSG00000108414	513.696010340583	-0.0262806068582123	0.10373188777792	-0.253346612915397	0.800000378786009	0.999831983216163
ENSMUSG00000024947	1682.97210740337	-0.0642698304915492	0.0880420001199491	-0.73001002424376	0.465384057256898	0.999831983216163
ENSMUSG00000024683	800.928119316997	0.0698442829154401	0.0942956989127345	0.740685356720244	0.4588842400299	0.999831983216163
ENSMUSG00000006463	812.822999787076	0.0439852247542955	0.098936975989262	0.444538337380602	0.656653417690801	0.999831983216163
ENSMUSG00000044345	317.573772046634	0.0530330474259784	0.11492200793321	0.461264473815404	0.644608869900724	0.999831983216163
ENSMUSG00000045903	243.217905111144	-0.0835466596624894	0.082316323838276	-1.06152708906871	0.288450428802842	0.999831983216163
ENSMUSG00000075289	340.988567104513	0.0226366719617761	0.110099902331633	0.205573271313577	0.837124257970999	0.999831983216163
ENSMUSG00000063434	783.965902920018	-0.0366885286480058	0.105107518241801	-0.349133112065996	0.726989378932324	0.999831983216163
ENSMUSG00000025017	84.3941440223608	0.21875905167301	0.121312902692647	1.79447607744784	0.0727372135980729	0.999831983216163
ENSMUSG00000144226	152.066023051966	0.0666322791689995	0.120908778196239	0.550659992759166	0.581866774838067	0.999831983216163
ENSMUSG00000045052	28.3408708188424	-0.15419853104217	0.101424114965478	-1.55377916230988	0.120237102653349	0.999831983216163
ENSMUSG00000036278	256.342102876751	0.0341960214309559	0.114025589014999	0.299846927022255	0.764293918639784	0.999831983216163
ENSMUSG00000006456	1126.90865223141	-0.0691953290462855	0.0943012659285738	-0.733803680043401	0.463068397373074	0.999831983216163
ENSMUSG00000025026	7563.0630428489	-0.106155934966889	0.0785900168224252	-1.35087177505353	0.176736511029608	0.999831983216163
ENSMUSG00000024826	3066.84300719135	-0.0244978700168703	0.0846770496703971	-0.289315242892084	0.772340148720888	0.999831983216163
ENSMUSG00000044026	179.801369916528	-0.116824410250949	0.120760370266294	-0.968206602326397	0.332941198219812	0.999831983216163
ENSMUSG00000025226	225.966486949684	0.0680508312157646	0.118633905870006	0.573317290325149	0.566429880429725	0.999831983216163
ENSMUSG00000032773	47.7323963559844	-0.121844639703999	0.108756282879097	-1.13521075100708	0.256287025987737	0.999831983216163
ENSMUSG00000024991	7778.91381520984	0.0312176637886793	0.101339715518369	0.308016194238227	0.758070009804094	0.999831983216163
ENSMUSG00000025060	5571.17665602804	-0.0618948884879919	0.0891188512978866	-0.694602369955099	0.487304526618322	0.999831983216163
ENSMUSG00000024998	2486.20920965815	-0.0972989071241621	0.102155051458682	-0.952856028731402	0.340663021594646	0.999831983216163
ENSMUSG00000052387	11455.2852910663	-0.0324544390093214	0.097212501649731	-0.333884213601724	0.738466932609414	0.999831983216163
ENSMUSG00000079419	20.0253625181664	-0.0140505959166018	0.0897487749504849	-0.15670170053538	0.875479946806337	0.999831983216163
ENSMUSG00000024766	380.105175471243	0.0131362175942731	0.112911266393267	0.116328561573265	0.907392150409899	0.999831983216163
ENSMUSG00000024914	2670.48505876896	0.102319009674601	0.0889739273922464	1.14980748301758	0.250223172509966	0.999831983216163
ENSMUSG00000060803	1569.05004711242	0.0444292146855966	0.0911074096765841	0.487629879132489	0.625812027695698	0.999831983216163
ENSMUSG00000041035	637.134471211494	0.139674139883419	0.0994422312729425	1.40434134464317	0.160217228215269	0.999831983216163
ENSMUSG00000025068	628.390242270394	-0.0490120890567403	0.102159287986756	-0.479820114867889	0.631355308585821	0.999831983216163
ENSMUSG00000004054	690.678120054897	0.0273780340081909	0.100482273296098	0.272451357570522	0.785274988004568	0.999831983216163
ENSMUSG00000061132	30.1336063369128	0.0921549115080059	0.102708772019177	0.888266045117095	0.374397659792131	0.999831983216163
ENSMUSG00000025006	6847.27366426497	0.000749452128251919	0.0848453053746053	0.00883384327911276	0.992951704506219	0.999831983216163
ENSMUSG00000047810	39.7592661401275	0.192254598287468	0.11136027197643	1.70920168383339	0.0874135970818847	0.999831983216163
ENSMUSG00000050623	13.7640048552087	0.0249063155346358	0.0822068936659793	0.301395632216725	0.763112824550758	0.999831983216163
ENSMUSG00000035783	249.853107043301	-0.131001078058895	0.121764407271944	-1.07854760497524	0.28078944913373	0.999831983216163
ENSMUSG00000045045	902.445746974448	-0.160408139585396	0.105164209407898	-1.52604715425609	0.126998121475836	0.999831983216163
ENSMUSG00000005986	1266.67543650174	-0.0242632271966653	0.0989610141200762	-0.245182278133299	0.806315297677258	0.999831983216163
ENSMUSG00000025154	158.884803571261	0.14855583274993	0.120595335188814	1.2304307484811	0.218535844835614	0.999831983216163
ENSMUSG00000025090	19.0490638962127	-0.0405067001867738	0.0864425826935579	-0.474451481301597	0.63517798899417	0.999831983216163
ENSMUSG00000025231	891.568358977992	-0.0484204817475131	0.0932066310030042	-0.519491606542244	0.603417964547743	0.999831983216163
ENSMUSG00000042694	279.720157104216	-0.0304083647817466	0.112974336659783	-0.269190820712009	0.787782843661521	0.999831983216163
ENSMUSG00000024853	8451.05728339644	0.0397606316991756	0.0780994457643282	0.509086756824193	0.610691414060021	0.999831983216163
ENSMUSG00000024940	3857.40443423469	-0.0188652914280087	0.0892311908503849	-0.211422196865255	0.832557837600054	0.999831983216163
ENSMUSG00000024816	728.021623835429	-0.117687884138338	0.101214511216288	-1.16286757956773	0.244883233045524	0.999831983216163
ENSMUSG00000025078	1525.50819232285	0.0884452070954233	0.0899220598462349	0.983515336187422	0.32535387109418	0.999831983216163
ENSMUSG00000052920	1278.03097526223	-0.0527231199844032	0.118121957068362	-0.448096560710021	0.654083510083589	0.999831983216163
ENSMUSG00000024897	7567.66525491294	0.0215745749295441	0.085239515921997	0.253098986257438	0.800191722230549	0.999831983216163
ENSMUSG00000033053	121.526471075086	0.0373993639838463	0.120664148384266	0.309510756334912	0.756933031226596	0.999831983216163
ENSMUSG00000024737	17.6205582083783	0.0393380058176808	0.0894818068305599	0.436471509925953	0.662494665528736	0.999831983216163
ENSMUSG00000053279	10775.6150530727	0.0502731267971432	0.0880939598712842	0.570630867757768	0.568249889854258	0.999831983216163
ENSMUSG00000013663	5943.9245468907	-0.136530557180731	0.0878171785820429	-1.55506075711588	0.119931599969932	0.999831983216163
ENSMUSG00000025189	6025.79409021037	-0.0327452123149153	0.0868787356638563	-0.376922389389192	0.706231282170043	0.999831983216163
ENSMUSG00000025193	218.591980364867	0.0130728483767946	0.118688848707594	0.110124477748569	0.912310655782921	0.999831983216163
ENSMUSG00000024959	331.399281672475	-0.0313594232551584	0.112847396731562	-0.277907550073626	0.781083328001004	0.999831983216163
ENSMUSG00000024777	5399.5747959944	-0.0499032179166226	0.0894184886226696	-0.558124852013111	0.5767591313709	0.999831983216163
ENSMUSG00000024639	8203.99396155387	-0.102718726341629	0.099233664037847	-1.03550193309708	0.300434564131223	0.999831983216163
ENSMUSG00000033207	300.274608400339	0.00560687526354675	0.111459005672459	0.0503038807150833	0.959880231323586	0.999831983216163
ENSMUSG00000013662	5670.20411482425	-0.024041375443505	0.0850852518973824	-0.282567231560717	0.777508602424092	0.999831983216163
ENSMUSG00000024807	2026.80173078377	-0.0288531620209552	0.0892378209976357	-0.323330275605324	0.746445127701337	0.999831983216163
ENSMUSG00000024913	483.993462734476	-0.00988767575120199	0.111643399223269	-0.0885566532624653	0.929434258363231	0.999831983216163
ENSMUSG00000071647	759.523411449445	0.174429099526073	0.0996558220024735	1.74970572699531	0.0801691049756554	0.999831983216163
ENSMUSG00000024727	42.5160744825515	-0.012075267324157	0.110477665625729	-0.109286966565733	0.912974883847991	0.999831983216163
ENSMUSG00000071652	579.307324015005	-0.0282794159240726	0.105599890971435	-0.267779027838164	0.788869414732568	0.999831983216163
ENSMUSG00000024833	360.26260679943	0.139872459198424	0.108137949679659	1.29320482477249	0.195940227404922	0.999831983216163
ENSMUSG00000048029	86.7072090911228	0.0741658322089619	0.120627613444769	0.613092767857448	0.539815001943902	0.999831983216163
ENSMUSG00000047632	453.831481643949	0.133181353362775	0.109909462601246	1.19616055471379	0.23163391059091	0.999831983216163
ENSMUSG00000035173	4007.62846034523	-0.0231241760311102	0.09373445856349	-0.246716544355131	0.805127601750673	0.999831983216163
ENSMUSG00000071645	728.142582095106	0.0266209936368576	0.0972128728721967	0.2738314461981	0.784214156349034	0.999831983216163
ENSMUSG00000040022	1845.27427673533	0.0252212405137642	0.089395238757459	0.282129131346321	0.777844496572694	0.999831983216163
ENSMUSG00000024937	404.26009212629	-0.0478829498723049	0.10785494230364	-0.444017337462371	0.657030049141396	0.999831983216163
ENSMUSG00000059326	485.228438845948	-0.0507779494213669	0.113299980417704	-0.448206532635473	0.654004148544812	0.999831983216163
ENSMUSG00000038155	37.9247781156544	-0.0215782141233443	0.0900440919471155	-0.241581504545894	0.80910445488571	0.999831983216163
ENSMUSG00000067279	1526.2602857987	0.113647821566288	0.105399217250067	1.07780794494386	0.281119473225589	0.999831983216163
ENSMUSG00000057858	1093.99940843397	-0.013760207179194	0.0935874014527789	-0.147036951053599	0.88310285455537	0.999831983216163
ENSMUSG00000067297	15.3881148754345	0.0664591606751284	0.0839745265642768	0.782987301338918	0.433634569140739	0.999831983216163
ENSMUSG00000048720	1234.68106354594	0.0333307562367695	0.09138990241764	0.364712874333649	0.715325747312831	0.999831983216163
ENSMUSG00000025178	3214.20325307908	0.0841224304576016	0.083834897765807	1.00336126781842	0.315686584853727	0.999831983216163
ENSMUSG00000024696	27.6495568789509	0.0489918670671754	0.101175146675216	0.482134364188973	0.629710499548156	0.999831983216163
ENSMUSG00000025188	245.307252701108	0.0494379829456788	0.115734739130824	0.42705535942814	0.669339006416085	0.999831983216163
ENSMUSG00000034820	4677.6584922136	0.0345671065738082	0.0844048831288969	0.409520291639256	0.682157878599066	0.999831983216163
ENSMUSG00000025076	39.9596411413029	-0.130577470690684	0.109125264202805	-1.21178104012925	0.2255962078569	0.999831983216163
ENSMUSG00000025218	354.385445933885	0.0748259815850648	0.108360118004581	0.69041441108775	0.489933616682093	0.999831983216163
ENSMUSG00000034371	174.060624925749	-0.170768019480261	0.120192677685135	-1.42217076549123	0.154976683389227	0.999831983216163
ENSMUSG00000024899	401.643353218555	-0.0461833942014886	0.11515675642934	-0.401253808066881	0.688233268410473	0.999831983216163
ENSMUSG00000062488	222.990207827455	0.169814664111737	0.119386593669946	1.42072631468844	0.155396339344317	0.999831983216163
ENSMUSG00000016495	631.447875919918	0.0573005918769653	0.100958410477187	0.567524071778675	0.570358176824828	0.999831983216163
ENSMUSG00000024736	6518.96720866849	-0.152093132781182	0.0896974445585339	-1.69607401316595	0.0898718643241417	0.999831983216163
ENSMUSG00000080268	167.548559124729	0.040682566005396	0.121754121576273	0.333880111044424	0.738470028515154	0.999831983216163
ENSMUSG00000025227	400.040769026627	0.106642122094477	0.110768527192424	0.962288760635212	0.335904573178683	0.999831983216163
ENSMUSG00000024878	516.794924485513	-0.0722404238733936	0.102911676781959	-0.701944743550508	0.48271362385692	0.999831983216163
ENSMUSG00000032702	958.961226026517	0.0204411904786694	0.0948936803532399	0.21539792824218	0.829457085122515	0.999831983216163
ENSMUSG00000025083	4106.64516834951	-0.127323348925147	0.0870095301507892	-1.46354359672153	0.143318693330128	0.999831983216163
ENSMUSG00000024847	1783.95224290979	0.049223096606812	0.085392416649358	0.576419718231067	0.564331519604219	0.999831983216163
ENSMUSG00000024712	2416.52835982878	-0.139638352984022	0.082261908437621	-1.69756831519155	0.0895892671996833	0.999831983216163
ENSMUSG00000006464	1414.06001233099	0.0230735604006977	0.0908208848265989	0.254044822236042	0.799460930559765	0.999831983216163
ENSMUSG00000045664	541.949385381287	-0.0387133605313108	0.106315381593772	-0.364186924418374	0.715718430349066	0.999831983216163
ENSMUSG00000025195	719.268708513842	0.0897577347358532	0.0993442301732511	0.903382625462308	0.366322857986956	0.999831983216163
ENSMUSG00000024993	1939.35663642293	0.00659867306603987	0.0879662412869206	0.0750152812115941	0.940202553502007	0.999831983216163
ENSMUSG00000038274	3504.02119098037	0.112322920070339	0.0887217285024989	1.26580378827566	0.205583338495536	0.999831983216163
ENSMUSG00000041845	205.412484461919	0.0521322344460184	0.117180809087326	0.444766666772931	0.656488385588993	0.999831983216163
ENSMUSG00000033863	11670.9113794542	-0.156616205566473	0.102247394615201	-1.5328310574705	0.125317486207795	0.999831983216163
ENSMUSG00000024885	126.034911003326	0.194080676361132	0.121617425307938	1.59134939637085	0.111530965902634	0.999831983216163
ENSMUSG00000024667	206.597980278788	-0.106649651403646	0.117694721869287	-0.906352441954793	0.364749336460823	0.999831983216163
ENSMUSG00000049670	913.422869137655	-0.0424133547502677	0.0931782682602129	-0.455184026079183	0.648976851530478	0.999831983216163
ENSMUSG00000024830	1188.2700370718	0.0185106437300906	0.102620049103312	0.180361633742771	0.856868672185668	0.999831983216163
ENSMUSG00000024970	538.850070625617	-0.0438624063075769	0.100841501731087	-0.434975704995903	0.663580062201805	0.999831983216163
ENSMUSG00000071691	203.788712368109	0.0988715567163578	0.11682520455396	0.845934972576388	0.397589021391603	0.999831983216163
ENSMUSG00000024687	2778.80104987754	-0.0492404441137729	0.0854822631766441	-0.576057786880097	0.56457612288827	0.999831983216163
ENSMUSG00000040929	1750.27998764435	0.0542225834214251	0.105280434929973	0.514925851592777	0.606604835219051	0.999831983216163
ENSMUSG00000025041	3561.64804456854	-0.043991801296441	0.0799422170132267	-0.550310569481993	0.582106375981224	0.999831983216163
ENSMUSG00000025035	2610.82082777693	-0.0830840960191105	0.0909539279944839	-0.913569759628767	0.360942962414138	0.999831983216163
ENSMUSG00000071644	7284.35609690903	0.0363285735268402	0.0834903413989638	0.435103075072678	0.663487611472103	0.999831983216163
ENSMUSG00000034336	7584.85022420678	0.0873116914736547	0.0803720104370118	1.08625764947056	0.277365018199441	0.999831983216163
ENSMUSG00000024841	688.308367851559	-0.0552942954966257	0.100972140849799	-0.547602145450374	0.583965115946616	0.999831983216163
ENSMUSG00000025224	3661.2807768667	-0.0110936325462107	0.0855371300117699	-0.129696500765469	0.896806551169036	0.999831983216163
ENSMUSG00000025092	4170.59163642132	0.111593891142871	0.0908810293903455	1.22768626384198	0.219564764841162	0.999831983216163
ENSMUSG00000049134	18.4744477193476	-0.0102505510802996	0.0890963570835568	-0.115373765462659	0.908148872211554	0.999831983216163
ENSMUSG00000024907	26.5659922277313	0.0798798454437598	0.0987583803542644	0.802639599583517	0.422183073137346	0.999831983216163
ENSMUSG00000024672	18.2434851793886	0.0544214373670334	0.0881849891246137	0.61003961636787	0.541835564837882	0.999831983216163
ENSMUSG00000057506	684.236808628386	0.170302300471652	0.102832335257867	1.6554701201366	0.0978291725953282	0.999831983216163
ENSMUSG00000025024	1504.00695522924	0.0212282299780212	0.0884826874300764	0.23990623578006	0.810402946561291	0.999831983216163
ENSMUSG00000025049	522.716053040636	0.0245494660370806	0.105495427959389	0.232706954120486	0.815988968843831	0.999831983216163
ENSMUSG00000056209	116.262484386826	0.0399494167019239	0.121825083892786	0.32776748497713	0.743087473632984	0.999831983216163
ENSMUSG00000024900	1373.14210403623	0.133143314367759	0.090419597402826	1.47234566255141	0.140927558434594	0.999831983216163
ENSMUSG00000024789	2214.9595360799	0.151368429614695	0.0875467650044971	1.72877603908318	0.083849186136975	0.999831983216163
ENSMUSG00000040018	945.7838111613	-0.0179154774848952	0.0991877193496453	-0.180628993017282	0.856658797059467	0.999831983216163
ENSMUSG00000025199	2817.01993671886	-0.0697086280617679	0.0837178403161016	-0.832702940532769	0.405012285712052	0.999831983216163
ENSMUSG00000063698	651.354286017689	0.0499882954706179	0.0997254211836897	0.501234752214262	0.616205919115691	0.999831983216163
ENSMUSG00000025200	663.304636611477	-0.00696505690432289	0.0983179425952514	-0.0708402061938525	0.943524932272416	0.999831983216163
ENSMUSG00000024969	2692.02489832915	0.00998416987400566	0.0848555057932597	0.117658403002974	0.906338327365383	0.999831983216163
ENSMUSG00000074818	203.853520487092	0.0800835827059102	0.11791745930149	0.678764779582495	0.497286913319897	0.999831983216163
ENSMUSG00000024925	605.996454044493	0.0668121535549329	0.102287460768716	0.653089795498208	0.513698390542408	0.999831983216163
ENSMUSG00000047658	710.284253296266	-0.0441147384876284	0.111735011664727	-0.394890603670236	0.692923624821882	0.999831983216163
ENSMUSG00000009378	221.223019844749	-0.16118279307561	0.117526820890949	-1.37219881378754	0.170001554602861	0.999831983216163
ENSMUSG00000025223	4010.82006187592	-0.0390305142293694	0.0794996131018356	-0.49096417120916	0.623451788680397	0.999831983216163
ENSMUSG00000118346	10.7379121378548	-0.0365865931006413	0.0744540164710602	-0.498077701586249	0.618429276545954	0.999831983216163
ENSMUSG00000117975	27.993430459756	0.0925206316204823	0.100215770455643	0.912153867878481	0.361687724717605	0.999831983216163
ENSMUSG00000024781	672.270560944362	0.0250932657419511	0.0988831249205934	0.253748061752829	0.799690201007662	0.999831983216163
ENSMUSG00000024962	1417.66146004769	0.0597648932760558	0.0911119314773491	0.655896726458357	0.511890574614796	0.999831983216163
ENSMUSG00000033717	505.946565542994	0.00429347226968981	0.108664426335992	0.039508454730814	0.968485012880728	0.999831983216163
ENSMUSG00000071646	1804.99821865672	-0.0323675623990085	0.087193813479005	-0.371218363983332	0.710474896299447	0.999831983216163
ENSMUSG00000086213	40.8435876309142	0.0368470713755766	0.107925844187573	0.340975518559008	0.733122011882923	0.999831983216163
ENSMUSG00000034616	1715.29534488699	0.0327848278861624	0.10163674691473	0.322524833824477	0.747055127387887	0.999831983216163
ENSMUSG00000024953	5205.51198623831	0.0509657323686861	0.0838152515179418	0.608040429457685	0.54316065992514	0.999831983216163
ENSMUSG00000018820	2866.45271206187	-0.00368587229061789	0.0852827246095662	-0.0432186042412774	0.965527274904039	0.999831983216163
ENSMUSG00000036450	2730.78543915774	-0.105047519497137	0.0835600875449515	-1.25724350788431	0.208665473195927	0.999831983216163
ENSMUSG00000024871	71.8611112363324	0.0908438250221335	0.117737639305856	0.767891218890194	0.442551814727309	0.999831983216163
ENSMUSG00000025008	790.812291703125	-0.116186620467551	0.0983004373096184	-1.18199854351843	0.237206278772968	0.999831983216163
ENSMUSG00000025208	555.913506715802	-0.034414606365604	0.103207894886171	-0.333440638234539	0.738801691672177	0.999831983216163
ENSMUSG00000053617	1728.70094295331	-0.114068136390588	0.0936666017828554	-1.21796427943972	0.223237547269604	0.999831983216163
ENSMUSG00000024695	6466.11550060883	-0.0568186227002517	0.0773134976234384	-0.734940808730703	0.462375543583786	0.999831983216163
ENSMUSG00000024982	1051.73987439604	-0.0214943264851308	0.0920593642668522	-0.233481573420101	0.815387476481175	0.999831983216163
ENSMUSG00000024799	559.788956029271	0.0210036889946781	0.114662957924852	0.1831190271952	0.854704626658131	0.999831983216163
ENSMUSG00000039148	2060.07545869533	0.143355278686064	0.0846014447627349	1.69429900396651	0.0902084797565397	0.999831983216163
ENSMUSG00000071658	1714.24943058426	-0.0555904846866209	0.0887614954062188	-0.626320492192277	0.531104747891035	0.999831983216163
ENSMUSG00000025217	2190.27857384967	-0.0465519839219575	0.0884017307460114	-0.526611278722747	0.59846355801314	0.999831983216163
ENSMUSG00000024735	5626.99530078315	-0.0370976835933198	0.0862464024763049	-0.430152290701493	0.667084864419804	0.999831983216163
ENSMUSG00000035049	976.687034685777	0.0799201010210901	0.0988526633563214	0.808428577737966	0.418843906171227	0.999831983216163
ENSMUSG00000025066	3865.58171833471	0.06381766217019	0.0815117655600279	0.782891668537671	0.433690730412184	0.999831983216163
ENSMUSG00000044390	116.422969369725	0.0407796498807425	0.1218396639773	0.334402233273291	0.738076054407238	0.999831983216163
ENSMUSG00000048572	169.934948804729	0.0746838592955612	0.121815816940778	0.611415071110919	0.540924827683477	0.999831983216163
ENSMUSG00000049562	134.724676677018	-0.0223586338594572	0.121375012230255	-0.184202203324975	0.853854831054315	0.999831983216163
ENSMUSG00000024831	365.338096946976	0.121827380863647	0.108957121355061	1.11772303423204	0.263685301837935	0.999831983216163
ENSMUSG00000071604	412.967921402691	0.173455734731648	0.10725518566083	1.61646982746151	0.105992771801496	0.999831983216163
ENSMUSG00000024679	26.5270154676704	0.0663994216670485	0.0995024705080546	0.661269625769875	0.508439416921064	0.999831983216163
ENSMUSG00000024948	3080.39710100822	0.04000838270725	0.095233096049654	0.420066822068728	0.674436639166708	0.999831983216163
ENSMUSG00000055044	193.290658294303	0.061168787449221	0.119649072390941	0.510871006645034	0.609441384276614	0.999831983216163
ENSMUSG00000046230	3384.7501653463	-0.145317284572269	0.0997693766813044	-1.45728659717334	0.145037284954492	0.999831983216163
ENSMUSG00000024989	11.8660349332641	0.0222123624999232	0.0770001794050709	0.287129541641361	0.774013133136522	0.999831983216163
ENSMUSG00000010095	4207.7961274122	-0.029873791983691	0.0823164656483131	-0.362924408893665	0.716661352463858	0.999831983216163
ENSMUSG00000040565	3314.82415143768	-0.00251522046055014	0.10411759223875	-0.0241575802853648	0.980726914274642	0.999831983216163
ENSMUSG00000071650	5078.02764812158	0.0518929955323409	0.0797988809301181	0.650267042373601	0.515519741972442	0.999831983216163
ENSMUSG00000024664	581.049827640744	0.142787586914228	0.107991999544519	1.32136593111141	0.186379380018457	0.999831983216163
ENSMUSG00000040385	4223.26711568909	-0.0257266700562313	0.0849869903927108	-0.30271907591736	0.762103959020685	0.999831983216163
ENSMUSG00000054843	2870.90853757027	0.068598424726813	0.104765922900682	0.654596212503251	0.512727763282605	0.999831983216163
ENSMUSG00000024941	2478.74250862592	0.0293960273941536	0.0828861117602389	0.354646488505391	0.722854444211904	0.999831983216163
ENSMUSG00000024846	130.459553939518	0.185519881416625	0.121560996664074	1.52199868127946	0.128009411119128	0.999831983216163
ENSMUSG00000024906	1424.35376245656	-0.0600689663497896	0.100762706482471	-0.596200839540204	0.551041064846328	0.999831983216163
ENSMUSG00000095098	2506.56773648386	0.010986276540682	0.0841575516920839	0.130545672944432	0.896134721501797	0.999831983216163
ENSMUSG00000060675	2205.34013889458	-0.0682564200382187	0.0831896770794192	-0.820514606376786	0.411922806016741	0.999831983216163
ENSMUSG00000069833	1910.35318722878	-0.125292260084576	0.103060459100833	-1.2163454361124	0.223853359997253	0.999831983216163
ENSMUSG00000071659	9361.22888542443	0.00621629570980089	0.100196284394629	0.062040785391789	0.950530352495359	0.999831983216163
ENSMUSG00000025225	207.462917701585	0.130181665143563	0.118811287164788	1.09424027390239	0.273849612343654	0.999831983216163
ENSMUSG00000048120	340.59513397082	0.0998501565311885	0.110007740904363	0.907491857969955	0.364146753176266	0.999831983216163
ENSMUSG00000024764	1182.53386981885	-0.0552392217584047	0.0969906026062514	-0.569552767264578	0.568981071737786	0.999831983216163
ENSMUSG00000055491	894.012907830655	-0.0983677697653356	0.094370783356399	-1.04239362772945	0.297229219642334	0.999831983216163
ENSMUSG00000071657	1676.55330501005	0.00456961295155264	0.0892802623161112	0.0511820859405347	0.959180426482014	0.999831983216163
ENSMUSG00000012443	59.4486481314277	-0.0626943169428794	0.115178713883818	-0.547026184285909	0.584360743194904	0.999831983216163
ENSMUSG00000024829	667.320029333187	-0.0145189241053783	0.101899680890851	-0.142489220236484	0.886693593499127	0.999831983216163
ENSMUSG00000047379	10.3563566017775	-0.00301764218233769	0.0742047879624502	-0.0407304675567323	0.967510772144875	0.999831983216163
ENSMUSG00000024978	3797.36842260803	-0.0955230754352092	0.0796142124048626	-1.19989523713243	0.230180029976864	0.999831983216163
ENSMUSG00000053080	732.584358946439	-0.0431680437225518	0.100197334465629	-0.430876256351588	0.666558348637849	0.999831983216163
ENSMUSG00000018821	292.935859843759	0.112478676461099	0.111441972161448	1.00902025250163	0.312964921467241	0.999831983216163
ENSMUSG00000051984	21.3412465316372	0.0568018107687735	0.0941272502890129	0.599601989989023	0.548771520623433	0.999831983216163
ENSMUSG00000024870	3492.88860799382	0.034302570312096	0.0824718889107583	0.41591802637744	0.677469988256798	0.999831983216163
ENSMUSG00000024909	604.076738090896	0.0296504688165162	0.107451154889898	0.275877363479691	0.782642260793066	0.999831983216163
ENSMUSG00000024742	50.2419774294041	0.0725939025005322	0.115317333710923	0.627407147237704	0.530392383913997	0.999831983216163
ENSMUSG00000025209	398.023048099793	0.117114086031303	0.107498347741122	1.08921413842254	0.276059465564755	0.999831983216163
ENSMUSG00000024896	1237.89967630857	0.031310759131679	0.0890262710570842	0.351700885273509	0.725062596579406	0.999831983216163
ENSMUSG00000056201	12246.8707067531	-0.0552339580927883	0.0801003388680796	-0.689597850914151	0.490447119239184	0.999831983216163
ENSMUSG00000024772	3715.0274388449	-0.0501421034658242	0.0902017250109161	-0.55592232697904	0.578263954416005	0.999831983216163
ENSMUSG00000034321	410.593035943204	-0.0514904925582048	0.109809009163976	-0.468911351337526	0.639133002173201	0.999831983216163
ENSMUSG00000024873	1035.86228261322	-0.130149275873804	0.10166288043344	-1.28056813645038	0.200345397884928	0.999831983216163
ENSMUSG00000043531	688.705956320203	0.044328854601989	0.102779853798813	0.431305454308351	0.666246284970657	0.999831983216163
ENSMUSG00000024981	380.078773405773	0.0933073888090164	0.107543393482308	0.867526014832625	0.385653864214441	0.999831983216163
ENSMUSG00000025228	6058.04345990256	-0.0120645371659332	0.0785373841385294	-0.153615495913781	0.877912917997608	0.999831983216163
ENSMUSG00000024743	12014.4878331792	-0.0730825301285424	0.0920274230990137	-0.794269695147448	0.427038442338313	0.999831983216163
ENSMUSG00000024759	2387.06547492229	-0.0436708763751923	0.0885506403097623	-0.493189003375008	0.621879047158447	0.999831983216163
ENSMUSG00000025007	595.7658465995	-0.141344085053362	0.100526301238498	-1.40617031631797	0.159673556298787	0.999831983216163
ENSMUSG00000024858	9062.21130501015	-0.0225746383174945	0.0790922221366961	-0.285425682777348	0.775318033514794	0.999831983216163
ENSMUSG00000025192	358.553189842215	-0.0347053150915878	0.11334526373989	-0.306193908583158	0.759457010070404	0.999831983216163
ENSMUSG00000025089	252.811336188777	-0.0102927420418215	0.100611148169673	-0.102512934566102	0.918349546638139	0.999831983216163
ENSMUSG00000046138	3049.31622319056	0.0901763768599035	0.0925092769763704	0.974645755496091	0.32973600884613	0.999831983216163
ENSMUSG00000024800	488.542506215588	0.0155558713486112	0.103657558755475	0.150079558051309	0.88070184762041	0.999831983216163
ENSMUSG00000025216	205.983441245963	0.00791998894159295	0.118490643443383	0.0668317730305928	0.946715628725833	0.999831983216163
ENSMUSG00000024960	2321.55963689033	0.0814611798244575	0.0894095608662666	0.911018988209659	0.36228536894296	0.999831983216163
ENSMUSG00000024725	448.019867829438	-0.0109617315879099	0.109843577908717	-0.0997790420952653	0.920519746988886	0.999831983216163
ENSMUSG00000039982	1036.2376540569	0.017618899796321	0.0931868686322465	0.189072472511319	0.850036016090912	0.999831983216163
ENSMUSG00000003559	392.00790150136	0.0510205210707402	0.108602130691785	0.4697475302578	0.638535405437	0.999831983216163
ENSMUSG00000047787	483.546408867171	-0.0500420404102196	0.102633868798112	-0.487586265348415	0.625842925993038	0.999831983216163
ENSMUSG00000036097	3969.1687362911	-0.120011769902311	0.0848397255940791	-1.4147357413016	0.157145990896771	0.999831983216163
ENSMUSG00000033768	13113.2375360306	-0.107900300513581	0.0835200786275633	-1.29208939396266	0.196326188430073	0.999831983216163
ENSMUSG00000056917	293.963671124	0.0169459804402047	0.114807810338776	0.147584702308743	0.88267052867126	0.999831983216163
ENSMUSG00000024927	1013.39394089611	-0.0751152381009286	0.0945940654248695	-0.794086302810352	0.427145190995853	0.999831983216163
ENSMUSG00000024790	370.258459250491	-0.0723344111303103	0.107679849034638	-0.671813351983624	0.501702527512218	0.999831983216163
ENSMUSG00000094936	862.722984402422	-0.16382513586909	0.0938915568043394	-1.74487111711318	0.0810073059938778	0.999831983216163
ENSMUSG00000047656	139.296699213963	-0.0404577867493488	0.121159300579112	-0.33393948011943	0.738425227345857	0.999831983216163
ENSMUSG00000025047	1352.98480137615	-0.00738245445957105	0.092147019533878	-0.0801172633890635	0.936143992683956	0.999831983216163
ENSMUSG00000024812	2343.26755115227	-0.0705847740963336	0.086300403502245	-0.817951792962291	0.41338471438641	0.999831983216163
ENSMUSG00000040414	1359.48644517383	0.0361019761337111	0.09475813168368	0.380956476786211	0.703235544133576	0.999831983216163
ENSMUSG00000024968	80.9661095673647	0.0499903883801726	0.121001707089936	0.412764761253987	0.679778971728159	0.999831983216163
ENSMUSG00000067889	27544.0340772056	-0.115817238088383	0.0853207395901774	-1.35768562703587	0.174563459407258	0.999831983216163
ENSMUSG00000035885	7545.38473666449	-0.0940411690350393	0.0990117436080134	-0.950117739746635	0.342052430264934	0.999831983216163
ENSMUSG00000024843	5073.77899727525	-0.0745416271261215	0.0965562700694292	-0.772150024680215	0.440025576699178	0.999831983216163
ENSMUSG00000042729	629.47729285918	0.0732593736270985	0.102604377693949	0.713866041732897	0.475310017445203	0.999831983216163
ENSMUSG00000025221	210.905590145562	-0.0710531038597862	0.0926104596087117	-0.784642306498475	0.432663317894037	0.999831983216163
ENSMUSG00000056185	2140.3263343089	0.102105938358049	0.103640696270682	0.984741614867931	0.32475100589792	0.999831983216163
ENSMUSG00000063904	1158.71908711083	-0.1258289581985	0.0917009331713812	-1.37222328760513	0.169993937996281	0.999831983216163
ENSMUSG00000040913	351.60319093537	0.0450728821639104	0.11289790272973	0.399088580275644	0.689827936407513	0.999831983216163
ENSMUSG00000071660	1981.49542194048	-0.118817175069355	0.0910887654016625	-1.30457732219596	0.192036814502506	0.999831983216163
ENSMUSG00000045098	3711.88384199518	-0.0857539150070291	0.0909418129273887	-0.943103300950522	0.34562806749156	0.999831983216163
ENSMUSG00000037349	382.111348340677	0.0434112859154967	0.107798384814186	0.402689111005436	0.687176945439566	0.999831983216163
ENSMUSG00000041488	2064.83967718118	0.0250305093133819	0.0864799687396843	0.289430199308658	0.772252187729968	0.999831983216163
ENSMUSG00000025157	324.25408832134	-0.0866310883073487	0.111020836869717	-0.780335333892157	0.435193520084191	0.999831983216163
ENSMUSG00000059363	234.692132382108	-0.0100624722175251	0.114829320245361	-0.0876252833530283	0.930174506259723	0.999831983216163
ENSMUSG00000007338	1588.44867401145	-0.00572890781303358	0.0882648877435752	-0.0649062848691885	0.94824861654635	0.999831983216163
ENSMUSG00000024677	48.6619272727943	0.0168005550967444	0.111381013145309	0.150404069346164	0.880445830918481	0.999831983216163
ENSMUSG00000024767	1984.87729551238	0.0450551199526497	0.0899530317668871	0.500834280193575	0.616487757767995	0.999831983216163
ENSMUSG00000025176	37.2564447080793	-0.0954531136097701	0.107161569576898	-0.899920383668781	0.368162621674273	0.999831983216163
ENSMUSG00000024787	867.24837902715	-0.0637345095165091	0.0952837839837397	-0.668904402554009	0.503556461639203	0.999831983216163
ENSMUSG00000024663	252.332901749529	0.0349074265846536	0.117905479673018	0.295900744886561	0.767305882190729	0.999831983216163
ENSMUSG00000024955	705.525910382079	-0.00431392078272499	0.0978410465231358	-0.0440907870027935	0.964832036551309	0.999831983216163
ENSMUSG00000033033	33.378870477492	0.00231274013217267	0.103527655865234	0.0222972511670594	0.982210841589306	0.999831983216163
ENSMUSG00000025212	2329.89080135103	-0.0410658356580549	0.106715320276312	-0.384881386400789	0.700325297101438	0.999831983216163
ENSMUSG00000038658	3225.7514753832	-0.121346150536116	0.0816248359046515	-1.48675124073436	0.137080523811857	0.999831983216163
ENSMUSG00000041362	1216.4595764675	-0.018730152430088	0.0922566336546149	-0.203018015307122	0.839120951243655	0.999831983216163
ENSMUSG00000074925	6181.94790095322	-0.158633823318627	0.103879451764935	-1.52830973895185	0.126435653029494	0.999831983216163
ENSMUSG00000024851	10996.9969213669	-0.0773679681778316	0.0816290057725143	-0.947878542770528	0.343191289624033	0.999831983216163
ENSMUSG00000034445	215.788891225552	-0.092416051126697	0.116413696636857	-0.793990475068874	0.427200976406973	0.999831983216163
ENSMUSG00000064105	1485.75476137396	-0.0321836166759016	0.0917534732586483	-0.350783550147785	0.72575073907568	0.999831983216163
ENSMUSG00000024782	5588.97130089287	-0.0650852646540533	0.0821947032399864	-0.791899062829956	0.428419533473708	0.999831983216163
ENSMUSG00000016496	44.1739496581697	0.190015621958795	0.110744281935355	1.69414360092951	0.0902379988626733	0.999831983216163
ENSMUSG00000041731	277.179930242966	-0.0856129122978153	0.118346403758324	-0.72369603938597	0.469252365213231	0.999831983216163
ENSMUSG00000041491	594.267187705838	-0.0298771718895599	0.103146669657822	-0.289644736364363	0.772088038631751	0.999831983216163
ENSMUSG00000049164	999.071718557752	-0.014765099371961	0.0988860829698123	-0.149326900171938	0.881295689968552	0.999831983216163
ENSMUSG00000024732	222.08337004224	-0.0379167216676742	0.11727426240852	-0.32344978876144	0.746354628181167	0.999831983216163
ENSMUSG00000025069	32.6053818484498	-0.0442039313328993	0.105211629778534	-0.422060364069435	0.672980957641936	0.999831983216163
ENSMUSG00000025010	446.045808733474	0.0279711821364448	0.109661841165877	0.255054644121121	0.798680894563899	0.999831983216163
ENSMUSG00000024835	1870.29180269754	-0.0148794367179041	0.0903590660450155	-0.164668413504447	0.869204979909423	0.999831983216163
ENSMUSG00000025203	74538.5657467819	-0.056294009383488	0.0796093335295072	-0.707173320531738	0.479458776068307	0.999831983216163
ENSMUSG00000024726	535.120999724856	-0.111970843166818	0.103199998855585	-1.08515751459655	0.277851897497063	0.999831983216163
ENSMUSG00000038812	241.284299439866	-0.0295713521152988	0.118502540413913	-0.24958811445143	0.802905891044049	0.999831983216163
ENSMUSG00000043639	150.260465565846	0.15633098331196	0.121369657606671	1.28571251898963	0.198543410497136	0.999831983216163
ENSMUSG00000025036	554.420028876901	-0.0959159025300661	0.107846020593734	-0.889516059954684	0.373725795964625	0.999831983216163
ENSMUSG00000079415	34.1255674920725	-0.0966308253959628	0.105522690566429	-0.926474980880547	0.354199193339383	0.999831983216163
ENSMUSG00000034659	1893.27066938024	-0.0990812213057229	0.0933583066748198	-1.06141465410296	0.288501500139535	0.999831983216163
ENSMUSG00000025198	819.551524716224	0.0133349449348264	0.0996025000845702	0.133882333485268	0.893495620343091	0.999831983216163
ENSMUSG00000024983	1798.74988334081	0.0189912032857937	0.0849307728678685	0.223606995091504	0.823063120189965	0.999831983216163
ENSMUSG00000024974	4555.57268427133	-0.0211969471002653	0.100946694802944	-0.210003253012148	0.833665134112846	0.999831983216163
ENSMUSG00000037071	9263.84362274549	-0.141947070943837	0.0814674600205924	-1.74263258577936	0.0813978142412118	0.999831983216163
ENSMUSG00000025020	137.152467447148	0.100315696727422	0.0736683711204994	1.32563224959273	0.18496153862537	0.999831983216163
ENSMUSG00000024926	1746.31653634943	0.0536558392909701	0.0876062478608639	0.61243690701591	0.540248729635213	0.999831983216163
ENSMUSG00000056612	568.11183857291	-0.0617015310828577	0.102285835923814	-0.603297954781049	0.546310493291924	0.999831983216163
ENSMUSG00000010663	6133.95566905573	-0.11812593685501	0.085056558064574	-1.388998507878	0.164833203778814	0.999831983216163
ENSMUSG00000036098	2022.08427923465	-0.0218511221601527	0.0905901108311864	-0.241210395679641	0.809392054159043	0.999831983216163
ENSMUSG00000024797	1274.27210907773	0.0311883761970147	0.0937919294951056	0.332503977469415	0.739508736810703	0.999831983216163
ENSMUSG00000024811	8039.19929286098	-0.0746380362355439	0.0857138401766936	-0.870881038037212	0.383819111275385	0.999831983216163
ENSMUSG00000117924	341.699708248931	-0.0997198929060228	0.113775146279068	-0.876727838897278	0.380634482072825	0.999831983216163
ENSMUSG00000048832	1062.69562766077	-0.0719634730903834	0.0934946979182854	-0.769715588440036	0.441468621111741	0.999831983216163
ENSMUSG00000074733	2376.98616397616	-0.0978425388816318	0.0881375469814074	-1.11022635859572	0.266901497125488	0.999831983216163
ENSMUSG00000024908	4936.93763325989	-0.0444597395646886	0.0830786647560129	-0.535177182480729	0.59252734284326	0.999831983216163
ENSMUSG00000024999	819.755254981159	0.0398300671125962	0.0957966586075043	0.415778127567105	0.677572365373004	0.999831983216163
ENSMUSG00000046139	1538.41976622149	-0.0743822772990841	0.0882621797825802	-0.842782975663468	0.399349830955056	0.999831983216163
ENSMUSG00000118668	561.362519687569	0.127792544674803	0.102828003425375	1.24246613538101	0.214064627604743	0.999831983216163
ENSMUSG00000024776	544.584357566876	0.113977406001932	0.100828570979907	1.13034125064364	0.258332459043263	0.999831983216163
ENSMUSG00000046324	3442.11713007953	-0.0107434223967768	0.0852849370877614	-0.125973089901667	0.899753226000245	0.999831983216163
ENSMUSG00000037126	2835.7688071238	0.0137683582718945	0.0826803758673485	0.166523310122066	0.867745140441838	0.999831983216163
ENSMUSG00000039126	12075.7511556139	0.0245451591279538	0.0758935947105179	0.323410370941813	0.746384476339122	0.999831983216163
ENSMUSG00000035735	3256.396737921	-0.0511548154227242	0.0968172062301636	-0.528440131423935	0.597193889703278	0.999831983216163
ENSMUSG00000025202	664.997240664875	-0.0907104131775171	0.115477300364636	-0.786195949199498	0.431752698894082	0.999831983216163
ENSMUSG00000010097	4822.4327370293	0.00444528940483348	0.0879386406479666	0.0505498839426451	0.959684198548393	0.999831983216163
ENSMUSG00000040451	2039.0267202479	-0.151182677379357	0.0917041754013252	-1.64888124780675	0.0991719655592821	0.999831983216163
ENSMUSG00000024818	124.982475234718	0.00102611813396895	0.12182474703754	0.00842830956111611	0.993275261544483	0.999831983216163
ENSMUSG00000036748	2873.80965289636	0.0132978665696176	0.0833184199760089	0.159599982187915	0.873196193013362	0.999831983216163
ENSMUSG00000047044	1301.84348762546	0.0305420186718862	0.0904258821479615	0.337754176536557	0.735548444366314	0.999831983216163
ENSMUSG00000071656	48.8044333110391	-0.0104040315870025	0.112742772019599	-0.0923592365639667	0.926412625459544	0.999831983216163
ENSMUSG00000036372	464.406758665113	0.0352171834930441	0.111927429841867	0.314575893919964	0.75308368445075	0.999831983216163
ENSMUSG00000071661	162.264712782548	-0.151736610849369	0.1206206674882	-1.2592404322025	0.207943501632986	0.999831983216163
ENSMUSG00000052942	101.912099516703	0.0307859810086447	0.121366785099896	0.253405798840077	0.799954647043043	0.999831983216163
ENSMUSG00000025185	16.2619259530956	0.054751128657347	0.083832500803397	0.646387964489491	0.518028132879597	0.999831983216163
ENSMUSG00000061451	2484.82313817647	0.0699092628926603	0.0873201808607174	0.800535271919062	0.423400736066374	0.999831983216163
ENSMUSG00000024659	107.190669031989	-0.0978106643928446	0.121884022707504	-0.80352557315084	0.421671021777649	0.999831983216163
ENSMUSG00000024640	4081.55096559559	0.046270037721928	0.079622455457805	0.581100024773648	0.561173041957123	0.999831983216163
ENSMUSG00000024942	789.256144988273	0.0755209111565362	0.0949084128090742	0.795676775112152	0.426219929334802	0.999831983216163
ENSMUSG00000001750	317.979146932906	0.0930208181237024	0.119265696803769	0.779039344852496	0.435956538270412	0.999831983216163
ENSMUSG00000024740	9614.68028102344	0.0242109882489335	0.0780434354683329	0.310218638979685	0.756394697387202	0.999831983216163
ENSMUSG00000024867	1981.92501568158	0.14238573849021	0.0876831331469285	1.62364100787139	0.104452448049214	0.999831983216163
ENSMUSG00000024889	571.547221922712	-0.0171303000468486	0.108121080142585	-0.158430714667649	0.874117412602013	0.999831983216163
ENSMUSG00000024773	2054.25181780723	-0.0077441578360611	0.0868962982212395	-0.0891179131814695	0.92898820137737	0.999831983216163
ENSMUSG00000024857	78.2439603956438	-0.00786523678819795	0.120519974317233	-0.0652986179820619	0.947936242688424	0.999831983216163
ENSMUSG00000024966	5538.92380460375	0.0215497403186277	0.0776638405854924	0.277470266186308	0.781419033970836	0.999831983216163
ENSMUSG00000025207	2911.29854697321	-0.101459548831259	0.091012474642914	-1.11495609641942	0.264869236012649	0.999831983216163
ENSMUSG00000024958	1873.99120680629	0.0657249943215739	0.0903681227335465	0.727228628352599	0.467085911445091	0.999831983216163
ENSMUSG00000024921	9422.3410321591	0.011856235833741	0.120602479731361	0.0982496547949482	0.921734054334288	0.999831983216163
ENSMUSG00000035342	2069.34439324336	0.0220210637799598	0.0832077361394991	0.264651094244122	0.791278255523448	0.999831983216163
ENSMUSG00000025159	1222.55718957223	-0.0370581964748808	0.101858963091551	-0.363824412545633	0.715989131596667	0.999831983216163
ENSMUSG00000024910	32.840093960083	0.0201720820525521	0.101194497616582	0.198450857859803	0.842692329776268	0.999831983216163
ENSMUSG00000024866	84.9264225041838	-0.0603019826921221	0.121231975077904	-0.498199910570589	0.618343145487007	0.999831983216163
ENSMUSG00000011752	5242.27671059095	0.0217801644055822	0.0846277200270308	0.257358677110335	0.796901899604697	0.999831983216163
ENSMUSG00000037916	4889.93447558671	0.0243506944550113	0.0842412310706262	0.289050406243713	0.772542804426229	0.999831983216163
ENSMUSG00000074746	2994.6357861415	0.00106653767569751	0.0961534091079874	0.011093026800476	0.991149226706044	0.999831983216163
ENSMUSG00000024844	975.029321939768	-0.024986097213056	0.0946179438951047	-0.264071678790367	0.791724686553305	0.999831983216163
ENSMUSG00000025085	16286.9248602249	0.0392837279738874	0.0836921481475439	0.469358730887694	0.638813241718215	0.999831983216163
ENSMUSG00000071662	1450.67324077884	0.0056721984556701	0.0940351687628031	0.0603190007540947	0.951901569085253	0.999831983216163
ENSMUSG00000025016	9119.56830602168	0.0336526510091173	0.0812727767167627	0.414058360909017	0.678831366422121	0.999831983216163
ENSMUSG00000024986	47.1892599858306	0.0456365044444916	0.112370634855391	0.40534047928416	0.685227255678069	0.999831983216163
ENSMUSG00000024875	451.44742158967	0.0321472363585459	0.108449576943998	0.296369864672987	0.766947636612616	0.999831983216163
ENSMUSG00000032946	482.874331516837	0.128024528637253	0.117935774040687	1.0838411151923	0.278435251868302	0.999831983216163
ENSMUSG00000053799	902.969844749108	0.0306241516103321	0.101752925171644	0.300974263076964	0.763434120198522	0.999831983216163
ENSMUSG00000024713	87.1774607539116	0.0341765185130203	0.121521671363179	0.280978279661636	0.778727059325816	0.999831983216163
ENSMUSG00000006435	4928.71746900407	0.0118209993783397	0.0952066790416598	0.124155837495249	0.90119188818796	0.999831983216163
ENSMUSG00000047368	2797.28491389464	-0.0566879818631718	0.081895952015845	-0.692216228850771	0.488801548550836	0.999831983216163
ENSMUSG00000010110	2033.75855794733	-0.132264258069781	0.0888361607117864	-1.48899548567554	0.13648855749023	0.999831983216163
ENSMUSG00000033417	2626.26473423316	0.0956626445948938	0.0867811352636437	1.1022515584344	0.270352322749943	0.999831983216163
ENSMUSG00000024892	3575.94105249314	-0.028712483811317	0.0800429955013643	-0.358719860819995	0.719804669157277	0.999831983216163
ENSMUSG00000025086	738.066005765684	0.00741794894061353	0.0991585131296723	0.0748037862770886	0.94037082924719	0.999831983216163
ENSMUSG00000052085	107.468539700718	0.030435303165581	0.121885956798808	0.249490405187997	0.802981461853899	0.999831983216163
ENSMUSG00000015176	2209.29325745807	-0.0116858932507179	0.0904148004148729	-0.12925042693935	0.897159495879829	0.999831983216163
ENSMUSG00000048612	301.493177709986	0.164711750026939	0.112904884768959	1.45793165639901	0.14485938192585	0.999831983216163
ENSMUSG00000024854	227.778242074874	0.0742294804451958	0.115893765266926	0.640265272989756	0.52200015354933	0.999831983216163
ENSMUSG00000024660	522.416403961244	0.0553414287938525	0.102667001404731	0.539029623353532	0.589866414361999	0.999831983216163
ENSMUSG00000024824	460.488087191322	0.0281985425030908	0.106376864780115	0.26505727310091	0.790965341531017	0.999831983216163
ENSMUSG00000033610	962.430392398268	0.0192841203621297	0.103316949311037	0.186658289067693	0.851928561733737	0.999831983216163
ENSMUSG00000058624	146.185505233852	-0.0616287530346737	0.0790271117490998	-0.807569696888077	0.419338337137471	0.999831983216163
ENSMUSG00000024666	200.083356652396	0.0786504553236973	0.116887188495743	0.672654420119135	0.501167171426452	0.999831983216163
ENSMUSG00000024883	85.7648365172405	0.0591515961455051	0.120900247193124	0.488360324072673	0.625294639799281	0.999831983216163
ENSMUSG00000003228	1862.52838926764	-0.00191857188810937	0.0881523257247487	-0.0217635098752912	0.982636602189054	0.999831983216163
ENSMUSG00000024924	6919.42251713048	-0.00489355047381844	0.0899125018891516	-0.0544262511889114	0.956595564422629	0.999831983216163
ENSMUSG00000064202	113.423725851817	0.112819973041521	0.121876182793127	0.923770360988382	0.355605889782502	0.999831983216163
ENSMUSG00000037847	224.846815110261	0.171331769772247	0.118727812770649	1.4412108813521	0.149525115186063	0.999831983216163
ENSMUSG00000071649	2894.93100960198	0.0197871812538077	0.0918114880149708	0.215508785288374	0.82937066331277	0.999831983216163
ENSMUSG00000024976	2301.13695421461	0.0353058169192038	0.0850419510003542	0.415150555695922	0.678031691982429	0.999831983216163
ENSMUSG00000060224	211.84289740799	-0.18364628943183	0.116391148467374	-1.57842489399303	0.114468029945183	0.999831983216163
ENSMUSG00000083282	3458.7615172499	0.0669432364683679	0.0813437671508912	0.822930298200146	0.410547631850478	0.999831983216163
ENSMUSG00000054237	982.047664848823	0.0399245276441178	0.0932203983286132	0.428263448590259	0.668459327036046	0.999831983216163
ENSMUSG00000024963	527.269948327048	0.0495671736717975	0.106826121177378	0.463887440445908	0.642728391631719	0.999831983216163
ENSMUSG00000034108	480.111500236824	0.0541319995042779	0.103251618928652	0.524250781693277	0.600104124823347	0.999831983216163
ENSMUSG00000032648	3016.42109553899	0.152767400079881	0.0859653796890388	1.77680758250717	0.0755999038998559	0.999831983216163
ENSMUSG00000036192	504.642941379771	0.0844331557833456	0.108160451923657	0.78053137740797	0.435078165907887	0.999831983216163
ENSMUSG00000024691	60.9206153044831	0.0522886282573541	0.116807101460983	0.446987475813163	0.654884102692322	0.999831983216163
ENSMUSG00000024792	333.646939904121	0.0888476789720742	0.111329606918558	0.797788415851116	0.424993284811288	0.999831983216163
ENSMUSG00000024780	9538.11573283674	-0.0813493057227794	0.0817807775358886	-0.994818367993056	0.319824611082691	0.999831983216163
ENSMUSG00000033760	1860.53211735817	0.0865570916563942	0.094315442170464	0.917563400867335	0.358847486143615	0.999831983216163
ENSMUSG00000071528	137.202940819696	-0.140096572272134	0.121622718785481	-1.15360089018323	0.248663833250523	0.999831983216163
ENSMUSG00000071655	2008.30080943835	0.0329286136535304	0.0841914448011954	0.391107482256742	0.695717790226103	0.999831983216163
ENSMUSG00000024758	23865.0480614899	0.0646033373213003	0.0818023902934756	0.789686748394693	0.429710732267665	0.999831983216163
ENSMUSG00000025220	6676.40096807496	0.0140572095208663	0.0769246007118991	0.182738920559398	0.855002875736451	0.999831983216163
ENSMUSG00000003680	184.359227492397	-0.0200902751710696	0.11876900154814	-0.169191682478297	0.865645871897936	0.999831983216163
ENSMUSG00000047423	1409.39503704894	0.0911460035820594	0.0964324056619113	0.944977008870165	0.344670613838532	0.999831983216163
ENSMUSG00000024943	2324.62638342645	-0.0310848824282231	0.0905583746791541	-0.343277614799281	0.731389619600955	0.999831983216163
ENSMUSG00000040663	58.2333277681594	-0.058960016143105	0.116245713781217	-0.508750739506903	0.610926952045109	0.999831983216163
ENSMUSG00000024957	70.1209538334278	0.0993111890364975	0.119567115463932	0.827357686117037	0.408034356412132	0.999831983216163
ENSMUSG00000039901	712.86580093224	0.0685776848257009	0.0973958488558572	0.704054651902591	0.481398739424669	0.999831983216163
ENSMUSG00000024911	710.420919120664	0.0270922864925334	0.106418590794702	0.254533996980629	0.799083042934922	0.999831983216163
ENSMUSG00000024965	82.7418685143478	0.0643915227270022	0.121192595835206	0.530486984735463	0.595774330595463	0.999831983216163
ENSMUSG00000047731	1295.19673103028	-0.0805679866934678	0.100630917772373	-0.800762351353489	0.423269238377749	0.999831983216163
ENSMUSG00000056999	5187.32912096933	0.0305235303486681	0.107522238029476	0.28272582614111	0.777387017223882	0.999831983216163
ENSMUSG00000024985	684.657243937738	-0.0351273216616789	0.0652803689308911	-0.556586024055142	0.577810304806204	0.999831983216163
ENSMUSG00000024795	59.449103861398	0.0655331503690723	0.117500878608244	0.556611175048595	0.577793116916589	0.999831983216163
ENSMUSG00000024862	5747.44860824351	0.0324358476709032	0.083504093066839	0.388417883520109	0.697706811968621	0.999831983216163
ENSMUSG00000036908	259.038283961363	-0.134114488538884	0.114761130536765	-1.1688628805089	0.242458880968449	0.999831983216163
ENSMUSG00000004231	261.305771743159	0.10305668121652	0.119444978231447	0.861913873772733	0.388734913828129	0.999831983216163
ENSMUSG00000025050	1855.22827434061	-0.0518640698759815	0.0896871757935322	-0.578287425528991	0.563070082522931	0.999831983216163
ENSMUSG00000024935	1557.33714945691	-0.000797805462862898	0.0983976616810752	-0.00810737573812518	0.993531320933885	0.999831983216163
ENSMUSG00000024944	1244.52262179398	0.128312402588181	0.0908637612769055	1.41197565142643	0.157957130619222	0.999831983216163
ENSMUSG00000025204	612.603197182883	0.0705334053083804	0.108655354918494	0.648925139620278	0.516386764460461	0.999831983216163
ENSMUSG00000024668	1428.75042153973	-0.115682988825973	0.087087057328068	-1.32839197765311	0.184048648308062	0.999831983216163
ENSMUSG00000024750	10763.1406051067	-0.126069946185015	0.0764621545913318	-1.64894688838654	0.0991585160321942	0.999831983216163
ENSMUSG00000035171	487.215310878305	0.0365781174993548	0.105589266460508	0.346408397209942	0.729035815271304	0.999831983216163
ENSMUSG00000044948	106.885278155269	0.10360318061878	0.121885770394049	0.848984701499461	0.395889805066681	0.999831983216163
ENSMUSG00000024665	4892.28085732652	-0.0612884383225571	0.0844277991950959	-0.72597448411036	0.467854412892153	0.999831983216163
ENSMUSG00000071654	443.559565127656	-0.121907868153971	0.106878076083009	-1.14080713144425	0.253950192282844	0.999831983216163
ENSMUSG00000067242	3441.4257156111	-0.0261819911410881	0.0794330717637771	-0.329613972976598	0.741691663231999	0.999831983216163
ENSMUSG00000024805	1612.45757916299	0.141978204318973	0.0923184988543946	1.53766396352735	0.124130799121555	0.999831983216163
ENSMUSG00000024817	2520.67381315997	-0.0632792579483277	0.0926418225621203	-0.683139036872792	0.494518990339672	0.999831983216163
ENSMUSG00000024902	1131.52096342268	0.081834620891933	0.0927869230092435	0.881894562472761	0.377833827821554	0.999831983216163
ENSMUSG00000024785	445.500654992036	0.177280717521108	0.105953030685302	1.67255430833489	0.0944150681958584	0.999831983216163
ENSMUSG00000024949	6573.92005268211	-0.036835806936887	0.0861266286639814	-0.427712081493131	0.668860752831814	0.999831983216163
ENSMUSG00000024855	1309.29896001839	-0.0416225959629892	0.093142634378518	-0.44687730628789	0.654963650220692	0.999831983216163
ENSMUSG00000025034	2210.00187409628	0.0150507674338434	0.0842034729498244	0.178743061190216	0.858139455685679	0.999831983216163
ENSMUSG00000039652	4204.01274488018	0.0458548780709859	0.0951487365617615	0.481877592639142	0.629892904740138	0.999831983216163
ENSMUSG00000059734	1950.07343627039	0.0507508896255908	0.0942944035384168	0.53817166782092	0.590458538064048	0.999831983216163
ENSMUSG00000024891	407.066165995294	0.0700593038597844	0.106644773908068	0.656870011126969	0.511264502434263	0.999831983216163
ENSMUSG00000054611	4537.84621487973	-0.0189802110425673	0.0873458898661793	-0.2173048290727	0.827970793957603	0.999831983216163
ENSMUSG00000041360	1340.19995248496	-0.100601293342897	0.091546240687744	-1.09901860819659	0.27175994939087	0.999831983216163
ENSMUSG00000025001	184.200134062459	0.0100196882575505	0.118174389948926	0.0847796072968224	0.932436606181061	0.999831983216163
ENSMUSG00000025171	286.144738491493	-0.0236063322536284	0.11527373048638	-0.204769705331578	0.837752057096727	0.999831983216163
ENSMUSG00000024997	2228.6856688441	0.117373610844285	0.0888253299412599	1.32122110954496	0.18642764965756	0.999831983216163
ENSMUSG00000024778	114.536372303756	0.055116421932217	0.121854348823383	0.451734262257563	0.651460432422786	0.999831983216163
ENSMUSG00000024845	692.669577711541	-0.137517949326425	0.0996320697858712	-1.38039004273021	0.167466584327633	0.999831983216163
ENSMUSG00000025077	299.572796953409	0.016774407138086	0.11454571414474	0.146422799571521	0.883587629821635	0.999831983216163
ENSMUSG00000024975	1532.50213700579	-0.0799116775961953	0.100707701164842	-0.793727644510612	0.427354003058968	0.999831983216163
ENSMUSG00000023307	3089.34280687008	-0.0408993738337966	0.0816050570794392	-0.501201831577032	0.61622908541234	0.999831983216163
ENSMUSG00000062376	549.452850276819	0.0631002236042383	0.113423455931986	0.555993703075433	0.578215159456492	0.999831983216163
ENSMUSG00000054874	1862.49122791101	0.00841846471672098	0.0943007566970636	0.0892697899568858	0.928867502312703	0.999831983216163
ENSMUSG00000025025	5157.52020228398	-0.0755537709368153	0.0842902480137512	-0.896435523019006	0.370020202090355	0.999831983216163
ENSMUSG00000064337	89452.4000161818	0.065856495294123	0.10026585439026	0.656645375372599	0.511408965450715	0.999831983216163
ENSMUSG00000064339	163571.793249949	0.0520564736023856	0.102051292347296	0.509981619650256	0.610064338829874	0.999831983216163
ENSMUSG00000064340	385.647921589464	0.0223269853878273	0.115021611072542	0.194070209406203	0.846120907585215	0.999831983216163
ENSMUSG00000064341	220218.60136817	0.101529501487148	0.0816282120914398	1.24364126303028	0.213631622512839	0.999831983216163
ENSMUSG00000064342	101.944435480755	0.0615713953440443	0.121646957265848	0.505848301554963	0.612963147394704	0.999831983216163
ENSMUSG00000064343	88.7233350784146	0.0777329287517249	0.120059584996773	0.646349453117654	0.518053067718132	0.999831983216163
ENSMUSG00000064344	531.874708273903	0.0740850418940918	0.119704438771546	0.618415000652047	0.536301812124839	0.999831983216163
ENSMUSG00000064345	198444.960428264	0.0777006890116267	0.0840392165568263	0.924469543137507	0.355241901711521	0.999831983216163
ENSMUSG00000064346	92.1178066476743	-0.0658700733629238	0.119356210210273	-0.553044410043701	0.580233000593202	0.999831983216163
ENSMUSG00000064347	150.20538312169	0.144384105937717	0.12183567665456	1.18087716973142	0.237651522027292	0.999831983216163
ENSMUSG00000064348	1006.38195496681	-0.0027107077246093	0.0972871134526057	-0.0278759825384195	0.977761064155817	0.999831983216163
ENSMUSG00000064349	370.876849427615	-0.012235349676047	0.12038210486935	-0.10163217559743	0.919048639240837	0.999831983216163
ENSMUSG00000064350	209.452173591964	0.206757582186633	0.119655173825605	1.72401328432114	0.0847054450223053	0.999831983216163
ENSMUSG00000064351	700819.380056009	0.098323568666051	0.0816358273603644	1.20426353726487	0.228487735101329	0.999831983216163
ENSMUSG00000064354	812.627238927575	-0.130063206002974	0.106771682821874	-1.21885724532209	0.222898379579884	0.999831983216163
ENSMUSG00000064356	124.637254027485	-0.0305265476067853	0.120873005022443	-0.253067538971229	0.800216022702421	0.999831983216163
ENSMUSG00000064358	541.27004074212	0.193030470414134	0.119180599527856	1.61561097335614	0.106178449891266	0.999831983216163
ENSMUSG00000064359	84.6957506361513	0.153200386246303	0.11286833887194	1.34249511477536	0.179435513301401	0.999831983216163
ENSMUSG00000064361	111.684105150202	0.149106858820779	0.121241035720998	1.22530439528832	0.220460552981993	0.999831983216163
ENSMUSG00000065947	127.918790092294	0.111080460341415	0.121717532600423	0.911430729885191	0.36206846829052	0.999831983216163
ENSMUSG00000064363	150680.017858173	-0.02003085054369	0.0933931189082817	-0.214489497499653	0.830165356177794	0.999831983216163
ENSMUSG00000064364	106.171619379448	0.114694622092527	0.0799509396934208	1.3975975393527	0.162233957698719	0.999831983216163
ENSMUSG00000064365	78.1760445406492	0.137122274133766	0.115523649570116	1.17779777792811	0.238877234731558	0.999831983216163
ENSMUSG00000064366	95.5411400212321	0.220098888428881	0.121759819903696	1.80137725596281	0.0716434384789097	0.999831983216163
ENSMUSG00000064367	196701.919976284	0.136940273597268	0.087500398756017	1.56463019232563	0.117669645272175	0.999831983216163
ENSMUSG00000064370	280740.768094726	-0.0107086983124458	0.082625159495107	-0.129606868906518	0.89687746848913	0.999831983216163
ENSMUSG00000064371	37.96880569783	0.128021760235475	0.104719063410859	1.21011767815779	0.226233740603645	0.999831983216163
ENSMUSG00000144201	97.7534252760023	-0.0598850346449409	0.114228481268356	-0.527208567988415	0.598048759400748	0.999831983216163
ENSMUSG00000095041	7839.34623385257	-0.00326551302717455	0.109810120211086	-0.0297476879267995	0.976268279267148	0.999831983216163
ENSMUSG00000020264	25.5939091822028	3.77410248535543e-05	0.0997087984980022	0.000379720256519476	0.99969702707718	0.999847674609892
ENSMUSG00000112064	11.1881363783477	2.39386794215673e-05	0.076279142609135	0.000314788365796776	0.999748835227158	0.999849267075592
ENSMUSG00000026047	475.742853219491	1.72785141597244e-05	0.106240648406972	0.000163289448017501	0.999869713871064	0.999877933884467
ENSMUSG00000073542	6402.10434883801	-1.41752353374957e-05	0.0922392462288979	-0.000152987188881096	0.999877933884467	0.999877933884467
ENSMUSG00000102788	7.7195439823019	-0.0241841633140073	0.0641041518155549	-0.383891859743493	0.701058599949826	NA
ENSMUSG00000102160	6.90117303118474	-0.0297767554347119	0.0615116148321687	-0.495556916183869	0.620207056287128	NA
ENSMUSG00000100701	1.99528131974585	0.0383595793428173	0.0345365614187566	1.0878384561735	0.276666429260615	NA
ENSMUSG00000104363	3.21652821175118	-0.0533597113801523	0.043237720343008	-1.40203212384704	0.160905654183337	NA
ENSMUSG00000103277	3.06701580468862	-0.000183616686062464	0.0416269178398048	-0.00442274988227466	0.996471167657059	NA
ENSMUSG00000102030	7.63692869579214	0.0770155969702835	0.0656348854984422	1.14796782998466	0.250981844507058	NA
ENSMUSG00000081441	4.17172211108787	0.0371003123833161	0.0505511657042273	0.716555301998764	0.473648532896306	NA
ENSMUSG00000103634	8.19153695249597	-0.0327437996387223	0.0639170035172452	-0.525269157132797	0.599396095129332	NA
ENSMUSG00000102211	3.35344312960838	0.0664730823070548	0.0443436214699007	1.46426568013812	0.143121370534423	NA
ENSMUSG00000100534	5.23462889811976	0.0827872274355616	0.0539862396204303	1.49807715150271	0.134113206656726	NA
ENSMUSG00000102133	7.08219269069507	-0.0353830608690114	0.0616652405664081	-0.587941848823013	0.556571325528742	NA
ENSMUSG00000102749	2.60312396929594	0.0389935741920394	0.040715033758928	0.93261777921293	0.351017350334859	NA
ENSMUSG00000103646	5.79938474246415	-0.0394083743742452	0.0563751375568654	-0.728107795462099	0.466547602247544	NA
ENSMUSG00000102493	3.40845218459887	-0.00872085169326334	0.0461655066384131	-0.191275493604746	0.848309759880838	NA
ENSMUSG00000101567	2.29449007314632	0.00535940310971178	0.0362658225033917	0.145495733773704	0.884319483865826	NA
ENSMUSG00000080950	4.45591904389308	0.0681523331491862	0.0508791152468902	1.30878143021925	0.190608398956398	NA
ENSMUSG00000046334	5.03586091372174	-0.0251489130132098	0.0546625815826823	-0.469810037118769	0.638490742727207	NA
ENSMUSG00000096474	10.0241670415093	0.00533177928742781	0.0697139765178723	0.0762733115821726	0.939201658249566	NA
ENSMUSG00000082395	6.61616243282552	0.00134786317860615	0.0616685846851867	0.0218744998288566	0.982548066095897	NA
ENSMUSG00000100397	3.52809472715897	-0.0379180179563721	0.0461187685482272	-0.876327609933988	0.380851959489018	NA
ENSMUSG00000099858	2.42584086021144	-0.00996704431040508	0.0389477885868137	-0.261366628710468	0.793809789257389	NA
ENSMUSG00000081185	2.41862102463588	0.00289786583608693	0.0373025297839722	0.0773609929603894	0.938336370859559	NA
ENSMUSG00000100033	3.28600646350278	-0.00640747796901858	0.0453481144806681	-0.142041614753015	0.887047135093153	NA
ENSMUSG00000102404	7.01209444705116	0.0241209292799441	0.0597827618880906	0.398297095272161	0.69041120137229	NA
ENSMUSG00000099924	4.62979104624188	-0.0655687772927016	0.0523644884063423	-1.3693464030759	0.170891019419997	NA
ENSMUSG00000099741	2.36748346496389	0.00476380728037585	0.0394732326135371	0.119681840735201	0.904735185943814	NA
ENSMUSG00002076532	2.96810627893842	0.0153487760110067	0.042892096115608	0.351474564327122	0.725232351506226	NA
ENSMUSG00000042501	1.99033971873299	0.0155884521212302	0.0362709700481828	0.420475282472364	0.674138282469435	NA
ENSMUSG00000104181	7.90461420921292	-0.0184687126794638	0.0649216687670348	-0.287274962061724	0.773901792413371	NA
ENSMUSG00000102194	2.31015691541435	-0.00377095692963676	0.0321132175873689	-0.119769073048538	0.904666081683542	NA
ENSMUSG00000103636	8.25642995848725	-0.0357410747068227	0.0652928368380815	-0.56002287751649	0.575463833236707	NA
ENSMUSG00000103717	2.41367942362303	-0.0224970943955177	0.038834308487578	-0.612344164318038	0.540310075424363	NA
ENSMUSG00000104388	4.79746686221371	0.0423154083842806	0.0516890339612377	0.799292379490668	0.424120896567749	NA
ENSMUSG00000103506	2.31794403324088	-0.0471777826446555	0.0380684951020342	-1.42565629172177	0.153967578862327	NA
ENSMUSG00000101731	2.89503065186952	-0.0475412180711172	0.0415621516011311	-1.28397343582799	0.199151250276111	NA
ENSMUSG00000103085	8.28166111861297	-0.0509821376240967	0.0666777087157536	-0.788689924730181	0.430293258025947	NA
ENSMUSG00000102664	3.24420694413543	0.00942072151211999	0.0449289872796052	0.208228932376871	0.835050218906719	NA
ENSMUSG00000102982	2.14884916140227	-0.0162027493051179	0.0369990505010096	-0.455669103886786	0.64862794248706	NA
ENSMUSG00000103505	2.83947643515796	-0.00719157834028119	0.0422935287890276	-0.172371756462533	0.863145274900283	NA
ENSMUSG00000104503	6.93856150968078	0.00423821592412564	0.059713430170283	0.0705592773978345	0.943748521521613	NA
ENSMUSG00000099569	1.98223858393162	-0.0120522813064092	0.0355734481609825	-0.349217534907082	0.726926002951531	NA
ENSMUSG00000064281	3.91570007800528	0.0045173816400548	0.0451719403788365	0.0993804200144157	0.92083622836026	NA
ENSMUSG00000103492	7.05491021053699	0.0285077729744811	0.062927807841641	0.44809566604671	0.654084155735837	NA
ENSMUSG00000082193	3.04426893893087	-0.0124309520107367	0.0435145883974711	-0.291883179152129	0.77037594484749	NA
ENSMUSG00000103146	5.4871013983332	0.0291266476301944	0.0547823728903586	0.524176499037835	0.600155784945992	NA
ENSMUSG00000085563	8.8838550728134	-0.0172091606418955	0.0698789354795465	-0.248125686517918	0.80403716196326	NA
ENSMUSG00000100007	5.03548995688968	0.0391072206272473	0.0532955925420967	0.718768814711202	0.472283375337516	NA
ENSMUSG00000099767	6.98916364201805	-0.0575359221932759	0.0623867363412765	-0.965203029867259	0.334443129682989	NA
ENSMUSG00000102681	4.31674049305269	-0.0531112724010813	0.0488989747683755	-1.18921933498013	0.234353367940244	NA
ENSMUSG00000102940	8.26868336471335	0.00911219525280536	0.0663194398534941	0.136667200948751	0.891293856069253	NA
ENSMUSG00000102457	3.93306188505314	-0.0301736452473045	0.0461437215738634	-0.691763574281919	0.48908581526289	NA
ENSMUSG00000102868	2.04296618337955	-0.0210642052032919	0.0318405602761196	-0.730706558632986	0.464958408629619	NA
ENSMUSG00000099591	2.04869224678737	0.014241910324287	0.0358112734159172	0.391527004217213	0.695407732056918	NA
ENSMUSG00000104519	5.9611505557528	-0.046630052262822	0.0588166056155404	-0.826058348248462	0.408770993707185	NA
ENSMUSG00000100720	2.45660175832607	-0.022370093707357	0.0380126432259118	-0.625099255772509	0.531905916377176	NA
ENSMUSG00000104136	5.34609293782033	-0.0431473405143037	0.054731190926546	-0.82539896525405	0.409145122189911	NA
ENSMUSG00000043760	2.43722048616209	-0.0206281471070324	0.036977754522454	-0.593169447458188	0.553067757311893	NA
ENSMUSG00000102503	5.21190150113471	0.0214913750630563	0.0544649094219317	0.389291280978135	0.69706068540215	NA
ENSMUSG00000102927	5.22476029767357	-0.00201968053194477	0.0556935118980635	-0.0363951420002266	0.970967287737134	NA
ENSMUSG00000103609	2.25967860763101	0.00538107435000924	0.0354541952053859	0.148932362456753	0.881607004437586	NA
ENSMUSG00000104121	2.45343249015119	0.00302710089593883	0.0392045795977609	0.0771508624211751	0.938503531180785	NA
ENSMUSG00000102649	6.60691149496538	0.0355744292106522	0.0600509373716919	0.579820142030588	0.562035913123029	NA
ENSMUSG00000102145	3.97574757083948	-0.0238929439059981	0.0497678087307127	-0.494132511924378	0.621212598187756	NA
ENSMUSG00000103497	7.1883074504413	-0.0255462577862752	0.0639206068956059	-0.406359123022139	0.684478749892388	NA
ENSMUSG00000065520	2.7998104710743	0.019883371143293	0.0416156531064406	0.468040918690754	0.639755328167078	NA
ENSMUSG00000094122	2.24369838536543	-0.0160360478913268	0.0359240443767023	-0.469506458792435	0.638707669287301	NA
ENSMUSG00000100775	5.14454707028044	0.0120801781877405	0.0553321366648085	0.216416735835112	0.828662922055682	NA
ENSMUSG00000103762	4.26782845830208	-0.0059250771108208	0.0501966237737462	-0.118341514911566	0.905797064349	NA
ENSMUSG00000103971	2.83261782202811	-0.0328367381699181	0.0411548285343192	-0.859105483920241	0.390282322057418	NA
ENSMUSG00000102618	2.25023811432725	-0.0415781515251646	0.0358892650106258	-1.35020401694841	0.176950550052479	NA
ENSMUSG00000103186	9.64622909849705	0.0248546008686338	0.0693378416328442	0.354691290026144	0.722820876799716	NA
ENSMUSG00002074853	2.49803518805453	0.0133958176617321	0.0370820893597226	0.356715689457225	0.721304658777173	NA
ENSMUSG00000102398	7.84030934019769	-0.0343798751427313	0.061051807557531	-0.58077784358588	0.561390189643426	NA
ENSMUSG00000079554	3.71913253358767	-0.0160830797259604	0.0462634418425055	-0.355265618608976	0.722390610008782	NA
ENSMUSG00000104302	2.48552787957502	0.0241430764160894	0.0372922218649042	0.624621668969679	0.532219394405422	NA
ENSMUSG00000103693	5.51550182663379	-0.00827879278269656	0.0555047005184593	-0.150771808832973	0.880155725302607	NA
ENSMUSG00000104026	2.89097035008248	-0.0319763730812028	0.040542482007709	-0.854752764994703	0.392688032748743	NA
ENSMUSG00000103432	2.9210241538603	0.0145758162841667	0.0404022209825749	0.352870722189003	0.724185360993557	NA
ENSMUSG00000104053	2.85243206852768	-0.00724997216689613	0.0418556993044184	-0.175780567716433	0.860466336632257	NA
ENSMUSG00000103739	3.63024602194902	0.012744498241619	0.0467070849197486	0.270238454857398	0.786976810150933	NA
ENSMUSG00000104016	2.70803854564833	-0.0411658328417948	0.0398509510192233	-1.15982126675828	0.246121583594839	NA
ENSMUSG00000119442	8.47067755714345	-0.0316438595956932	0.0658391554446342	-0.488249770472249	0.625372935149137	NA
ENSMUSG00000059647	4.88412298173781	-0.0190135633537433	0.0528890816562355	-0.367347113221226	0.713360115529586	NA
ENSMUSG00000026609	2.56011939934157	-0.0259973646015231	0.0392484687271475	-0.705244469417602	0.480658111523427	NA
ENSMUSG00000101778	3.23046198117757	0.00780747756977934	0.0432265939156042	0.179149145598482	0.857820593551896	NA
ENSMUSG00000103482	7.43868078817423	0.0409797606757076	0.063536376982433	0.634808597834284	0.525553255096668	NA
ENSMUSG00000102865	6.24543945819569	0.0227859423838412	0.0585043436680997	0.385321912716403	0.699998928577593	NA
ENSMUSG00000102321	4.97951250022887	0.0281364556848478	0.0541515368315252	0.510496695912497	0.609703528790964	NA
ENSMUSG00000102917	3.27091727484937	-0.0174166411418801	0.0445874464829874	-0.402792890043769	0.687100592044507	NA
ENSMUSG00000100481	3.15024875378444	0.0205250470919849	0.0421072520604404	0.475733795368378	0.634264040994978	NA
ENSMUSG00000103467	5.73133295165943	-0.015796177441192	0.0579212549568872	-0.275909016916194	0.782617948141824	NA
ENSMUSG00000103569	6.50128728638926	-0.0446249604387509	0.0599067482999642	-0.774929280899127	0.438381448841988	NA
ENSMUSG00000102970	2.98017574588916	-0.0109654288510999	0.043405762500282	-0.257077130027028	0.797119231968354	NA
ENSMUSG00000064845	5.09024997681993	0.0121473714837186	0.054861838214924	0.218991198418792	0.826656904015525	NA
ENSMUSG00002075842	2.69517488191628	-0.00475478648909111	0.0407533117623289	-0.117053966096689	0.90681728861064	NA
ENSMUSG00000102709	4.07554326300867	-0.0116409899054116	0.0469413085603227	-0.252330536973398	0.800785586515243	NA
ENSMUSG00000103252	4.97809090647516	-0.0531210058438101	0.0507794181783288	-1.13823947142106	0.255020500905681	NA
ENSMUSG00000081382	2.57307016551812	-0.0129046673492285	0.0393939982792927	-0.336738929034346	0.7363137143542	NA
ENSMUSG00000085400	6.11376417079428	-0.0205422211191121	0.0541105455384443	-0.388583273606282	0.697584441981235	NA
ENSMUSG00000100750	6.54574530501359	0.0125412054170349	0.0586522814566967	0.21198022256151	0.832122463811641	NA
ENSMUSG00000102537	2.56011939934157	-0.0259973646015231	0.0392484687271475	-0.705244469417602	0.480658111523427	NA
ENSMUSG00000102612	2.41367942362303	-0.0224970943955177	0.038834308487578	-0.612344164318038	0.540310075424363	NA
ENSMUSG00000103493	6.62552069087794	-0.0133537204853052	0.0614281974171439	-0.218762174510593	0.826835313528765	NA
ENSMUSG00000103032	9.66396186237697	-0.0705394347322743	0.0709536679747774	-1.03250008802074	0.301837906438118	NA
ENSMUSG00000089967	9.18605581121839	0.032547584401414	0.0676296033105847	0.475170490326675	0.634665458707887	NA
ENSMUSG00000090322	2.28998144646907	0.0071083687751188	0.0351599837928456	0.200901060258684	0.840775938649609	NA
ENSMUSG00000049515	6.86396437374597	0.0438827130841932	0.0616076364160393	0.700421670637168	0.483664006684506	NA
ENSMUSG00000104427	3.08807257285972	0.0241448548543968	0.0418649242682185	0.566643445617718	0.570956451416365	NA
ENSMUSG00000102401	2.47934375689064	0.00237558941167668	0.0381476642075841	0.0623518908393573	0.950282605916191	NA
ENSMUSG00000037432	3.56784779368713	-0.0134910478422625	0.0470419879985576	-0.291576554929902	0.770610403312832	NA
ENSMUSG00000103059	4.09166329736009	-0.0232838857049604	0.047230079570561	-0.511501357880945	0.609000037830111	NA
ENSMUSG00000103583	2.53982497303553	0.0262292015402114	0.0393306544038355	0.646604542876871	0.517887917103835	NA
ENSMUSG00002076323	2.38617489612778	0.0174630216701286	0.0389635053027886	0.438482198125952	0.66103677206064	NA
ENSMUSG00000103098	6.5973887664103	-0.0749629591470464	0.0612459541386573	-1.3067530269639	0.191296603018488	NA
ENSMUSG00000101995	10.0541483444221	-0.0317052314983586	0.0716209705737604	-0.448882534408168	0.653516395983271	NA
ENSMUSG00000100632	4.53106059257387	0.0388607825577061	0.051850983865926	0.730560429234748	0.465047689613094	NA
ENSMUSG00000086836	3.81555776496991	-0.00584141958266069	0.0478001489111295	-0.12320837598403	0.901942093031147	NA
ENSMUSG00000086925	3.42950895276997	0.017868160547218	0.0459929959277958	0.383083113255734	0.701658140013649	NA
ENSMUSG00000073656	5.09986213712577	-0.0653240309105736	0.0550437226423372	-1.27912063738812	0.200854577298702	NA
ENSMUSG00000097268	8.82829598890866	0.034403031360972	0.0686037327114912	0.495893734626802	0.619969386827128	NA
ENSMUSG00000103553	4.75445742506616	-0.00451931594437231	0.0527862535645878	-0.0859024767774886	0.931543942607416	NA
ENSMUSG00000082769	2.05760217994958	-0.0132698167933774	0.0358458212960561	-0.384349209346126	0.7007196398365	NA
ENSMUSG00000082212	4.0268802633183	-0.0106737672721647	0.048855832838573	-0.221635039264473	0.824598003395522	NA
ENSMUSG00000096968	3.50868646727192	0.0363177584376091	0.0438959420751555	0.801084507406415	0.42308272452002	NA
ENSMUSG00000087131	1.93109615706645	0.00298070254673846	0.0328394345742483	0.0899001778872654	0.928366539792332	NA
ENSMUSG00000044757	5.22466832803589	-0.032626333889983	0.0504324186072238	-0.679662753871411	0.496718024855115	NA
ENSMUSG00000050296	5.78246077694507	0.00798412868365931	0.0530974378869436	0.149487107875968	0.881169281491666	NA
ENSMUSG00000104044	1.96680352338711	0.00136201441861981	0.0337850228670633	0.0401153980707578	0.968001125797888	NA
ENSMUSG00000103201	1.97164342037593	0.0140387187769068	0.0330238804102304	0.41423687751373	0.678700636812491	NA
ENSMUSG00000103147	2.50773931799805	-0.0192990258377947	0.0345336446198886	-0.600767504091629	0.547994850814046	NA
ENSMUSG00000103161	2.18454679333657	0.00914843049300002	0.0357774912843138	0.251710663043454	0.80126471440716	NA
ENSMUSG00000102269	2.61327642412967	0.00842951504405296	0.0370454505937114	0.222181884464294	0.824172295799339	NA
ENSMUSG00000102175	2.53182067506501	0.0210785665048473	0.0365604458624875	0.558966100833722	0.576184855678443	NA
ENSMUSG00000097612	2.46358007779176	-0.010807299083619	0.0385959661721135	-0.285469537541552	0.775284439368348	NA
ENSMUSG00000103291	2.09049176615472	-0.00143926715857535	0.035796862851901	-0.0401504739692605	0.967973161809223	NA
ENSMUSG00000062588	8.47515623168656	0.0171334886984763	0.0685697141969858	0.247895676832559	0.804215124918939	NA
ENSMUSG00000119873	6.52344676414605	0.0117292168675598	0.0570621016298889	0.202933080471554	0.839187337724409	NA
ENSMUSG00000102365	4.41943694956381	0.0280179120159688	0.0496216686491381	0.553872436689281	0.579666149952436	NA
ENSMUSG00000033774	5.5422846582127	0.048915558043118	0.0532448140345833	0.900521038595906	0.367843034339335	NA
ENSMUSG00000104436	3.92416168627728	-0.0316628276321507	0.0470440350673634	-0.710522404256351	0.47738024264057	NA
ENSMUSG00000102243	3.54510579512256	-0.0395472830320684	0.0467386058788432	-0.90080890321473	0.367689932969816	NA
ENSMUSG00000089991	3.91423064180341	-0.00919835231067017	0.0468460975504181	-0.198165254128267	0.84291577155841	NA
ENSMUSG00000104496	5.70374132171968	-0.0287708241348168	0.0582027038523981	-0.505327364353268	0.613328926133153	NA
ENSMUSG00000007107	2.27543741953672	0.0303587008418861	0.035709304775084	0.835718716693403	0.403313163267105	NA
ENSMUSG00000101795	4.71354407211781	0.0264589200703068	0.0458047544665111	0.566554024209196	0.571017218709743	NA
ENSMUSG00000089640	5.4754077554077	-0.0228098568727773	0.0567793352953224	-0.408816403285339	0.682674401185444	NA
ENSMUSG00000026358	2.36659243135173	-0.0066880774576344	0.0361701078956895	-0.188239776824153	0.850688692399021	NA
ENSMUSG00000100441	3.79377930088248	0.0731218045546071	0.0480467317279187	1.48510937889761	0.1375148520179	NA
ENSMUSG00000087627	8.20377575714254	0.0460422474973039	0.0642934773102002	0.706276686375289	0.480016088745511	NA
ENSMUSG00000006546	5.93255337550916	0.1500404705293	0.0564634952249952	2.6705948434912	0.00757169775843345	NA
ENSMUSG00000103145	4.65150219910845	-0.0138385905648645	0.0495137017797082	-0.283290507233877	0.776954153497784	NA
ENSMUSG00000070645	2.85367945739238	-0.0209428716799141	0.041467719241971	-0.524686602565071	0.599801072264646	NA
ENSMUSG00000103238	3.27496784225006	-0.00414334849753796	0.0444233073072413	-0.0942328066530124	0.924924224774348	NA
ENSMUSG00000052759	6.56115337783503	0.0763873410850842	0.061206157254339	1.21600768516523	0.223981994454543	NA
ENSMUSG00000103966	5.8691093775188	-0.0299582712682273	0.0568511974006808	-0.542157151733712	0.587710250201699	NA
ENSMUSG00000098926	3.80869915184006	-0.0322609718318647	0.0477495900742388	-0.706692667524038	0.479757487240002	NA
ENSMUSG00000103649	2.36828252893838	-0.0226843375612348	0.039116329007688	-0.609967123959403	0.541883585838926	NA
ENSMUSG00000120928	5.25200605572223	0.0309486631080125	0.0531199322082235	0.5688681321102	0.569445633465997	NA
ENSMUSG00000121164	6.61220383506251	0.0247026728748147	0.060624857882095	0.402597975734984	0.68724399906151	NA
ENSMUSG00000121266	2.02684128183496	0.000381007324313643	0.0358117203756083	0.0106553084064269	0.991498454803559	NA
ENSMUSG00000121272	4.83395382373614	0.0729191233083289	0.0539949957204706	1.31813558560202	0.187458263872365	NA
ENSMUSG00000026580	2.90196663305752	0.0524307541810075	0.0402341829266202	1.29317540042619	0.195950401662372	NA
ENSMUSG00000089803	5.62049863823751	-0.0211852785054629	0.0541718164392169	-0.40067059352247	0.688662663913023	NA
ENSMUSG00000097993	5.74672642290134	0.0765322752892648	0.0542220853477027	1.37154793384286	0.170204211744654	NA
ENSMUSG00000100261	8.0014828982922	0.0148293286547729	0.0654056158988578	0.224616936310726	0.822277288268052	NA
ENSMUSG00000104315	2.58928216950722	0.0126371923180236	0.0405721302159036	0.30666631126969	0.759097374683488	NA
ENSMUSG00000102838	2.79813497506717	-0.00598353686971858	0.0381126647683981	-0.158910221781476	0.873739607216683	NA
ENSMUSG00000100679	4.72472737264955	-0.0141513653948921	0.0514556751551875	-0.280299007357494	0.779248112287099	NA
ENSMUSG00000101838	5.51550669382696	-0.0210651588025635	0.0553939310679386	-0.388832918453927	0.697399747879645	NA
ENSMUSG00000069085	1.97658988858196	0.0287756829106493	0.0359714530978818	0.776100478192858	0.437689661365947	NA
ENSMUSG00000102985	8.35012376322339	0.00967751604755745	0.06603930643542	0.14640274296756	0.883603462068037	NA
ENSMUSG00000073492	3.16627681849818	-0.0280718244643441	0.0437669660137544	-0.675954468923426	0.49906955342587	NA
ENSMUSG00000104165	4.06743239382095	-0.0115379167279783	0.0485292833415898	-0.24168471142222	0.809024476945491	NA
ENSMUSG00000104493	3.80428249480049	0.00737068189662405	0.0477952879762071	0.153261997917759	0.878191667833516	NA
ENSMUSG00000103596	2.94536914756702	-0.0221976939915287	0.0408919237773331	-0.567832281656791	0.570148857624352	NA
ENSMUSG00000026180	5.4466461046614	0.0566055589349505	0.0565934227479224	0.978197131118816	0.327976835105654	NA
ENSMUSG00000103403	4.99820393139276	0.040335442731389	0.0542254219883339	0.727918178586009	0.46666367449113	NA
ENSMUSG00000103227	8.26577286598507	-0.0367470814806625	0.0662729236000736	-0.567857125507972	0.570131986641955	NA
ENSMUSG00000100556	5.79348214486107	0.0495116418445823	0.0543582317141508	0.882736181999803	0.377378828250245	NA
ENSMUSG00000089716	2.36342803037003	0.00510389222617526	0.0389779043452547	0.129788455246643	0.896733797031595	NA
ENSMUSG00000087968	3.50455366461991	-0.0389969490381728	0.0468913901598962	-0.883522235327157	0.376954174267646	NA
ENSMUSG00000089281	2.64888695361947	-0.0142412535595161	0.0380345602214564	-0.386094549271061	0.699426646524655	NA
ENSMUSG00000103591	6.48798578112844	-0.0217262931407229	0.0605514861649593	-0.363975828948304	0.715876058930814	NA
ENSMUSG00000079429	8.19278434136067	-0.0503396399148168	0.06741987117841	-0.769100812243218	0.441833466053242	NA
ENSMUSG00000101482	4.1561902137125	0.0225617400791062	0.0473764872224621	0.46674206449895	0.64068443056178	NA
ENSMUSG00000091393	2.20817495832014	0.0608743772046631	0.0368350781679092	1.6480827463226	0.099335692340765	NA
ENSMUSG00000103722	2.0365405445853	-0.0257552668248865	0.035475491242052	-0.790197693623461	0.429412322772808	NA
ENSMUSG00000121838	4.33516828757682	0.0450420690882268	0.0512588598522514	0.854762302802874	0.392682751475918	NA
ENSMUSG00000121840	3.27505007750139	0.0612039851890225	0.0445844591361444	1.34949056455307	0.177179448976295	NA
ENSMUSG00000102833	2.31308953467253	-0.0184780032080949	0.0366528469883004	-0.530881112144883	0.595501167210944	NA
ENSMUSG00000100351	4.86102537689579	0.00541206111130687	0.0512275298165649	0.104884116575338	0.916467762582934	NA
ENSMUSG00000064389	10.0687794737989	-0.00830428299807281	0.0729338020841317	-0.114200546421236	0.909078818762576	NA
ENSMUSG00000034107	3.60758625863577	0.0507037272384558	0.0460607379844853	1.07162627767633	0.283887925667855	NA
ENSMUSG00000044306	2.39823949588534	0.00469789380317958	0.0383404354885994	0.121818813993165	0.903042513510398	NA
ENSMUSG00000121407	6.23373121369066	0.00951114498924556	0.0578035531420138	0.163185414632412	0.870372449710792	NA
ENSMUSG00000042800	5.13802194289814	-0.00150444205452253	0.0533202531322583	-0.0282233704501401	0.977483997723047	NA
ENSMUSG00000101904	5.57925401497758	0.000251149014172883	0.056186242773852	0.00447007150496695	0.996433410838163	NA
ENSMUSG00000104515	3.76159680901414	-0.00235464331166497	0.0428237287991527	-0.055551999724099	0.955698704084805	NA
ENSMUSG00000102277	4.37149077859659	-0.0589017278201386	0.0510324255775105	-1.25682351368611	0.208817549580601	NA
ENSMUSG00000104145	7.9013259836773	0.0437093285893203	0.0663353325851174	0.647394192748009	0.5173768534307	NA
ENSMUSG00000104197	5.86505881011811	-0.041627986315969	0.0563683160496838	-0.770468625307066	0.441021959227184	NA
ENSMUSG00000104199	1.98549008735782	0.0293478915392785	0.0362268863412684	0.786558344122342	0.431540452316387	NA
ENSMUSG00000122063	2.21382852086297	0.008022078035969	0.0363458021928397	0.217960227455617	0.827460100286714	NA
ENSMUSG00000122101	4.89213214690151	-0.0283126562418115	0.0511224822245625	-0.576102916945438	0.564545619949776	NA
ENSMUSG00000122285	2.59627022335926	-0.0023807328751133	0.0369758242725939	-0.0641641234741863	0.948839543824611	NA
ENSMUSG00000122345	7.52904160320792	0.0155316206397868	0.06539764828716	0.235716118930629	0.813652961199457	NA
ENSMUSG00000120874	5.05735552342162	0.0140209258245994	0.0541033166979404	0.257159901859333	0.797055336943794	NA
ENSMUSG00000101179	9.46214187483588	0.0662280238952316	0.0703908357273634	0.924348358198892	0.355304972674582	NA
ENSMUSG00000122505	2.86626413393005	0.0458935703338696	0.0420056614529459	1.07040793466042	0.284435729288636	NA
ENSMUSG00000122853	2.33672743404245	0.0037378710349787	0.0359010848182389	0.102929439457933	0.918018972476721	NA
ENSMUSG00000123590	1.96274808879324	0.00202243845104925	0.0360230513155561	0.0558424985898276	0.955467278766167	NA
ENSMUSG00000123710	2.46145138970124	-0.036205751402185	0.038678546087855	-1.03829007230602	0.29913502922682	NA
ENSMUSG00000124245	3.439300185158	0.0306748677339264	0.0463253698366023	0.648769401014465	0.516487438327674	NA
ENSMUSG00000099957	3.44009438193931	0.017169996299844	0.0454673244384897	0.372506449521722	0.709515810940453	NA
ENSMUSG00000124352	2.85242720133451	0.00652007618146142	0.0420284100504027	0.154491660120664	0.877222086536785	NA
ENSMUSG00000103942	2.18534585731105	-0.0174464693227723	0.0378170058193344	-0.481003380864684	0.63051409586428	NA
ENSMUSG00000124386	4.50515419302759	0.022947188986207	0.0487440786671472	0.460464491870417	0.645182852883544	NA
ENSMUSG00000124408	1.98143465276396	0.0272573299184996	0.0346273862287459	0.763588871299555	0.445112283215717	NA
ENSMUSG00000124597	3.5064706767369	-0.0340881853259185	0.0446936780055567	-0.816633583510936	0.414137856976604	NA
ENSMUSG00000119954	2.95505867593102	-0.01915788952159	0.0392821049111333	-0.512009460469457	0.608644388501611	NA
ENSMUSG00000121135	9.00146089692066	-0.0318452201259141	0.0690106265860515	-0.46912021273693	0.638983712040004	NA
ENSMUSG00000124835	4.46372076329913	-0.0104549578503329	0.0496833063975763	-0.212161263620322	0.831981225940853	NA
ENSMUSG00000100658	2.15863552659712	0.0106064793462061	0.037550256144064	0.277465752085256	0.781422499691045	NA
ENSMUSG00000073535	4.58447151961539	0.0141015404400989	0.0528717193363115	0.264139886897764	0.791672129666063	NA
ENSMUSG00000124924	2.25348961775346	-0.00496054452683816	0.0377906781617044	-0.133101596687027	0.894113032410242	NA
ENSMUSG00000100872	5.81242747827838	0.00862206371721281	0.0577502802177311	0.148696385161553	0.8817932137506	NA
ENSMUSG00000125087	3.48064651244196	0.0156792593484996	0.0451300271167581	0.34354850560901	0.731185856468613	NA
ENSMUSG00000102531	2.18623689092322	-0.00411609967023547	0.0355110057114646	-0.11686232013871	0.906969157676862	NA
ENSMUSG00000054493	7.15999412458522	0.0620897937471352	0.0630195349100884	0.962771540908553	0.335662185570726	NA
ENSMUSG00000125331	4.45076026273623	0.00212754016299575	0.0497391302461955	0.0425254837402925	0.966079797034911	NA
ENSMUSG00000126108	2.23884875399025	-0.00413309181286827	0.0370605068551298	-0.112968605993601	0.91005544463702	NA
ENSMUSG00000126248	6.25639097700391	-0.0268841563302426	0.0586085604661583	-0.468624836598052	0.639337821214357	NA
ENSMUSG00000101028	1.86059192681002	-0.0306015708238945	0.0317469014695548	-1.12692391379337	0.259774651617752	NA
ENSMUSG00000104266	4.45602074791711	0.0761811857833317	0.0500977893439767	1.49275891266805	0.135500305997277	NA
ENSMUSG00000126561	5.90693569754362	0.0179090752618851	0.0588902518674691	0.30057733961565	0.763736813192146	NA
ENSMUSG00000126749	2.33369797795341	-0.00430013931610112	0.0329678063365886	-0.133298305720551	0.893957467483156	NA
ENSMUSG00000126770	4.36584695044011	-0.0328980514651902	0.0507537135660526	-0.67488863324792	0.499746522728104	NA
ENSMUSG00000120538	4.83026934597434	0.00543711865624618	0.0525033815106967	0.102687860770948	0.918210708410741	NA
ENSMUSG00000089713	2.06730144269993	-0.0377615278022771	0.0348949146685025	-1.25767813985278	0.208508181123087	NA
ENSMUSG00000126878	3.74503406594077	0.00852071002750359	0.0447233610860464	0.188555900886285	0.850440898708046	NA
ENSMUSG00000126886	2.99482147684553	-0.0228880829836644	0.0409941039454979	-0.585908048429128	0.557937308431465	NA
ENSMUSG00000126917	1.95994491025725	-0.0213767490914557	0.0324348772609779	-0.719200628719769	0.472017312080621	NA
ENSMUSG00000103640	10.0274601342381	-0.0662427556983158	0.0715702834409385	-0.957456199016265	0.338337044304961	NA
ENSMUSG00000127066	2.79972823582297	-0.0444400656852663	0.0407079651366747	-1.2242236250636	0.220867879234831	NA
ENSMUSG00000127259	9.9234616764388	-0.0172678605363549	0.0655464694083398	-0.264990892971811	0.791016477467909	NA
ENSMUSG00000127412	5.02896482950738	0.0268345749241439	0.0539143374285964	0.490022595312835	0.624117909920902	NA
ENSMUSG00000127457	4.17974101063791	-0.00226898311083585	0.050706898653523	-0.04486723776149	0.964213131013108	NA
ENSMUSG00000127512	4.14572374190391	-0.0141436502859535	0.0494932916476721	-0.290415547984686	0.771498350447993	NA
ENSMUSG00000127515	8.57089648926189	0.0269376168021528	0.0683533599179109	0.390088447492551	0.696471145082957	NA
ENSMUSG00000127523	8.26416987084292	0.0238938010382449	0.0665203698169557	0.356428139390107	0.721519959092904	NA
ENSMUSG00000127557	3.77423355821584	-0.0527070374140834	0.0458510474897969	-1.28098422187189	0.20019920813707	NA
ENSMUSG00000127560	5.43854010266685	0.0443288500095016	0.0567165644069237	0.766328061607904	0.443481125269937	NA
ENSMUSG00000127689	9.14223270851684	0.0508081072407784	0.070279752006201	0.711152043592966	0.476990022503612	NA
ENSMUSG00000127806	7.43048768373517	-0.0186846877394287	0.0635586706754878	-0.297645011130857	0.765974116780663	NA
ENSMUSG00000127979	7.04805646460032	-0.0105203799987785	0.063367905202904	-0.166806504292973	0.86752230070881	NA
ENSMUSG00000127993	6.74840500247789	0.0197715267029479	0.0589310111488154	0.330283914890878	0.741185445695257	NA
ENSMUSG00000128193	2.46233755612023	-0.0103391462034468	0.0385665481131327	-0.274708224784084	0.783540411727453	NA
ENSMUSG00000128218	2.90400821870353	0.0266160888948827	0.0396696236200995	0.649188562462617	0.51621650359657	NA
ENSMUSG00000128254	5.47629392182669	0.00242901525218834	0.0567684044521353	0.0426177104301286	0.966006277434505	NA
ENSMUSG00000101768	2.48833105811101	0.0462690401408226	0.0360045164706717	1.28802130096858	0.197738548400938	NA
ENSMUSG00000128277	3.17606805088621	-0.0167197722361965	0.0449647053568107	-0.380990363507599	0.703210399072161	NA
ENSMUSG00000101832	4.82092082230826	-0.00589494760856158	0.0523880388150668	-0.113221912412979	0.909854623775278	NA
ENSMUSG00000099760	8.41592240440637	-0.019466676517126	0.0679239478988842	-0.288875632718244	0.772676551409227	NA
ENSMUSG00000089787	2.1982966234876	-0.00271677568372093	0.0350828418882358	-0.0781616779022682	0.937699445326052	NA
ENSMUSG00000129369	2.03979204801151	0.0145651975967675	0.0364293411046341	0.393434781466297	0.693998384722423	NA
ENSMUSG00000129405	4.39748914778055	-0.00765570140352529	0.0515541347063167	-0.149761111957398	0.88095309142497	NA
ENSMUSG00000129639	2.23613267789877	0.0159980928529428	0.0333503632375996	0.461765473732923	0.644249512822841	NA
ENSMUSG00000129645	2.06244694413158	-0.0114664562365845	0.0342531523955575	-0.348563275546075	0.727417202385047	NA
ENSMUSG00000129772	3.66306310728918	-0.0695439492275195	0.047451608802223	-1.65342009837669	0.0982453952432527	NA
ENSMUSG00000121019	2.75352740997066	-0.00569962149264196	0.0421250107879719	-0.136304300886637	0.891580724002586	NA
ENSMUSG00000099343	4.43635604788972	-0.006619178662049	0.0460306565702926	-0.145436566321452	0.884366195816941	NA
ENSMUSG00000129846	2.00734105231023	0.0378658697884481	0.0337879203987894	1.0983498620699	0.272051746763861	NA
ENSMUSG00000129871	2.34068603180545	-0.0218397363070464	0.0390255255331746	-0.587714147980035	0.556724177576175	NA
ENSMUSG00000129885	2.04869224678737	0.014241910324287	0.0358112734159172	0.391527004217213	0.695407732056918	NA
ENSMUSG00000129909	2.97216171353229	0.0151473137322508	0.0432477746907768	0.344196313777378	0.730698654317853	NA
ENSMUSG00000129927	2.67037669612617	0.0371641005278615	0.0403361940355357	0.90273577973987	0.366666142125971	NA
ENSMUSG00000130211	5.025708458888	0.00223589152063971	0.0546336795555771	0.0409167482503564	0.967362265455415	NA
ENSMUSG00000130771	2.58927730231404	0.0261505911441669	0.0401908525436184	0.634003310232685	0.526078661810998	NA
ENSMUSG00000130857	2.92755901562895	0.00272588631202038	0.0424043619809674	0.0638614024808989	0.949080585873191	NA
ENSMUSG00000130891	1.94089225664766	0.00196778410582054	0.0355118547842371	0.0549778559058134	0.956156105532657	NA
ENSMUSG00000130949	5.1141522618047	-0.0253709238879008	0.0531322541020198	-0.488603634501616	0.625122339404142	NA
ENSMUSG00000131005	3.15024875378444	0.0205250470919849	0.0421072520604404	0.475733795368378	0.634264040994978	NA
ENSMUSG00000131032	2.55446583679873	0.0245534973323946	0.0386344978567837	0.617047967651328	0.537203087175214	NA
ENSMUSG00000121042	4.18458577481991	-0.00153100694857135	0.0499279556779576	-0.0307557531264968	0.975464327601085	NA
ENSMUSG00000131159	2.2802870509119	0.0189097113815453	0.0360646133078948	0.515301906599026	0.606342066850882	NA
ENSMUSG00000131366	2.48903815244782	-0.00859901291357714	0.0365081971770488	-0.242223501391429	0.808606985702743	NA
ENSMUSG00000100546	8.50983761950238	0.0199200677345146	0.0617657779010964	0.317602875480814	0.75078619268181	NA
ENSMUSG00000131496	4.78116288858692	-0.0176174247130851	0.0536158397020261	-0.334265311529976	0.738179363836974	NA
ENSMUSG00000097281	1.86781176238558	-0.0443530002501626	0.0326371117871253	-1.90150885018961	0.0572353943942472	NA
ENSMUSG00000131701	3.22630970975285	-0.0138035852622854	0.041521458414457	-0.34270290782934	0.731821974929067	NA
ENSMUSG00000131784	2.13193493026953	0.00843541437318264	0.0345694510095136	0.238945849832693	0.811147572076846	NA
ENSMUSG00000104328	2.67029932806802	-0.0380252291046727	0.0383522384951408	-1.11754577066279	0.26376104082403	NA
ENSMUSG00000085822	2.8711186324984	0.019072971296849	0.0420158367217482	0.447258704345552	0.6546882797541	NA
ENSMUSG00000121618	10.1548058670444	0.0618732467645837	0.0726010774731084	0.837422129482662	0.402355331058123	NA
ENSMUSG00000120108	2.63071559923569	0.0518982365515472	0.0407401729827255	1.24908667278457	0.211633374570609	NA
ENSMUSG00000121791	2.1594345905716	-0.0163999764589276	0.0370333776525899	-0.461210132878615	0.644647852546442	NA
ENSMUSG00000132761	5.97499722273469	-0.0346287112528358	0.0586611204588716	-0.607219996374952	0.543704923554547	NA
ENSMUSG00000132776	8.00271493660228	0.0167772216523758	0.0664489861357008	0.250868863922578	0.801915497736305	NA
ENSMUSG00000102885	5.8357195057572	0.0505629452280706	0.0558174422503525	0.879717062346954	0.37901260386754	NA
ENSMUSG00000132917	3.83718181539198	-0.00757666797018971	0.0466822333342788	-0.163145637687027	0.870403767448458	NA
ENSMUSG00000132935	2.80466496964265	-0.00662626609199113	0.0409793633016096	-0.163552555295931	0.870083397022701	NA
ENSMUSG00000132948	2.47653571116148	-0.0110032913549958	0.038632046484422	-0.290686936194991	0.771290763778126	NA
ENSMUSG00000133197	1.94089225664766	0.00196778410582054	0.0355118547842371	0.0549778559058134	0.956156105532657	NA
ENSMUSG00000121237	2.53172383823416	0.000403573826822197	0.0400782203534734	0.0100419417435138	0.991987824381353	NA
ENSMUSG00000133347	6.1343830974366	-0.0129823705695391	0.0601277694043198	-0.217788452304733	0.827593942339141	NA
ENSMUSG00000133398	7.99021736250913	0.00222913753744756	0.0653445596010263	0.0339811678236544	0.972892167927415	NA
ENSMUSG00000104487	7.16644188390937	0.000919390248498817	0.0621871852822396	0.0147938407994407	0.988196653374987	NA
ENSMUSG00000133466	8.98329515870514	0.0392240362141343	0.0686116384012402	0.561969322120337	0.574136920948349	NA
ENSMUSG00000133579	4.01153230521829	0.0547368300664343	0.0496357516063089	1.07490430916129	0.282417572524461	NA
ENSMUSG00000133913	2.48903815244782	-0.00859901291357714	0.0365081971770488	-0.242223501391429	0.808606985702743	NA
ENSMUSG00000103613	4.67616120979003	0.0107868961072068	0.0514359494035105	0.208472115968086	0.834860352566511	NA
ENSMUSG00000134007	3.36621969089592	-0.0207397582959311	0.0455020243089328	-0.470502560748016	0.637996005128589	NA
ENSMUSG00000134157	4.19533048484779	-0.0765642246751416	0.0452285077394313	-2.0147778357911	0.0439279323846464	NA
ENSMUSG00000101476	3.03456967618052	0.0136950613722819	0.0430410192681628	0.314108969718499	0.753438277216383	NA
ENSMUSG00000134412	2.78111903991041	0.00767741689980397	0.0424681411791642	0.179076368276417	0.857877737435094	NA
ENSMUSG00000134452	5.45389292796004	-0.0316669177295144	0.0550669023177477	-0.594944228829279	0.551880751462992	NA
ENSMUSG00000134465	5.18906266573927	-0.0274833745213316	0.0555834545071084	-0.507633229268959	0.611710582499616	NA
ENSMUSG00000103923	3.20850931220113	-0.0166994150533778	0.0448059391865063	-0.382777601021018	0.701884670750852	NA
ENSMUSG00000134704	2.98511247970883	0.0295023906075428	0.0437932744342637	0.657097934773948	0.511117946762696	NA
ENSMUSG00000134744	5.14242811657627	-0.0293652597133418	0.0473259903814206	-0.6533029848141	0.513560968545329	NA
ENSMUSG00000134856	3.1445080887971	0.0240231155169849	0.0445441597907197	0.526432985090102	0.598587402628944	NA
ENSMUSG00000103708	8.16536691630993	0.0365845441812101	0.0671727001751671	0.537061249936985	0.591225306293653	NA
ENSMUSG00000134963	3.5589427277181	0.000141211906197391	0.0469308295406953	0.00300750433434523	0.997600362342565	NA
ENSMUSG00000097083	6.23876965153437	0.0529013820653849	0.0574059551109111	0.895698011577898	0.370414072686284	NA
ENSMUSG00000120094	7.18742128402231	-0.0487367490571626	0.0627028976714177	-0.806878853520837	0.41973628310965	NA
ENSMUSG00000135179	2.53172383823416	0.000403573826822197	0.0400782203534734	0.0100419417435138	0.991987824381353	NA
ENSMUSG00000135215	3.7609369201482	-0.0371235166091772	0.0432525337394729	-0.930781685908592	0.351966505056896	NA
ENSMUSG00000135221	7.59629919723133	0.00192667326075073	0.0652955535445187	0.0295080738975363	0.976459379707717	NA
ENSMUSG00000120903	3.84967938948513	0.00656521089238821	0.0467752612545698	0.139796343872822	0.888820902096156	NA
ENSMUSG00000135579	7.14705309279502	0.0244028000258753	0.0634862844383702	0.379872759196688	0.704039869270425	NA
ENSMUSG00000135643	3.05642064113293	0.0269177316432409	0.0428578638643352	0.615742317521497	0.538064603062218	NA
ENSMUSG00000135675	3.39064691985397	0.0047272734614226	0.0457913368849804	0.102737955275674	0.918170949062375	NA
ENSMUSG00000103156	8.99104967264033	0.0609693662642859	0.0679417693581256	0.879878656795413	0.378925048067737	NA
ENSMUSG00000135739	6.08502760498895	0.0114204876063959	0.0580396297543696	0.194896338120127	0.845474100981496	NA
ENSMUSG00000104111	2.90886758446506	-0.0100976937072838	0.0430895523896041	-0.237297319718477	0.812426141285501	NA
ENSMUSG00000026729	2.61856389703362	0.00984745278692764	0.0382986857228714	0.25358323834285	0.799817547311012	NA
ENSMUSG00000135983	2.99076604225167	-0.0248017565138552	0.0430187925653735	-0.602885287595067	0.546585004012218	NA
ENSMUSG00000089812	5.58733568100625	0.072123246514029	0.0546301695095476	1.2847271807928	0.198887636549912	NA
ENSMUSG00000087691	9.91635170081494	0.00812208998267958	0.0688476940719627	0.11785483640714	0.906182679092791	NA
ENSMUSG00000136810	7.42078842098482	0.00541296459750904	0.0636729323653534	0.084849161927667	0.932381308863167	NA
ENSMUSG00000089990	4.4478373778644	-0.00808481158644333	0.0458142934623094	-0.178630337831318	0.858227971465953	NA
ENSMUSG00000104520	8.11716197589611	0.0222857405731768	0.0651309513112952	0.337277702153904	0.735907567059727	NA
ENSMUSG00000136954	3.59948999102757	0.0127657028275213	0.047045751852518	0.268298266039658	0.788469740810793	NA
ENSMUSG00000100183	4.96735106364045	0.016405973326054	0.054515885964969	0.297535112958664	0.766058004812396	NA
ENSMUSG00000137014	2.57227110154363	0.0131650803562941	0.0402688860594793	0.321315047268239	0.747971654447563	NA
ENSMUSG00000137090	4.83791728869233	0.0337370968878248	0.0537014550050152	0.617157347668622	0.537130945707687	NA
ENSMUSG00000101503	2.74947684256997	-0.0192587622973861	0.0418234607113529	-0.47611341691313	0.63399357893628	NA
ENSMUSG00000102009	2.38933442991631	0.0178098015913253	0.0381138805292558	0.456933687933024	0.647718709254693	NA
ENSMUSG00000137207	2.58611290133235	0.0363970871876193	0.0389556683808246	0.908037398278073	0.363858463144039	NA
ENSMUSG00000137389	2.46153362495257	0.0296430377279663	0.0390599720238516	0.74332284941162	0.457286241063779	NA
ENSMUSG00000137453	5.87077513913958	0.0194560389950482	0.055798566484729	0.345312078484286	0.729859767196102	NA
ENSMUSG00000137757	3.72150273778806	-0.0175680351084972	0.0482436653467523	-0.371683404541064	0.710128582471002	NA
ENSMUSG00000102055	5.78537614286652	0.0411857535423294	0.0559178129924147	0.716273302405778	0.473822608471858	NA
ENSMUSG00000137943	4.65872203468401	-0.0284850783039655	0.0525893094869731	-0.556994721186972	0.577531035867431	NA
ENSMUSG00000137979	4.78934625863963	0.0705280093657128	0.0524515679971543	1.30876317655896	0.190614583986052	NA
ENSMUSG00000137984	7.42880245334169	-0.018903898612919	0.0646256942469587	-0.296079884810867	0.76716907525367	NA
ENSMUSG00000100954	9.34254167055346	0.00766625933145648	0.0694604021325555	0.109772648426746	0.912589683319905	NA
ENSMUSG00000110712	3.43515764811963	-0.0210453791382798	0.045221581327388	-0.482564112394755	0.629405265846896	NA
ENSMUSG00000087538	8.6154845855857	0.0739722246367635	0.067457107325932	1.07314624842414	0.283205503226203	NA
ENSMUSG00000138441	3.88369179102596	0.0321102730202463	0.0478603301120042	0.658773237324514	0.510041395410605	NA
ENSMUSG00000138472	2.58117616751267	-0.000503304368679621	0.0409671441071218	-0.0123001463232395	0.990186150615795	NA
ENSMUSG00000121275	9.98875992006753	0.0440516108956653	0.0687646505143083	0.628599152880258	0.529611515060439	NA
ENSMUSG00000138590	4.66240651244582	0.0360659057715326	0.0517625809628683	0.683459513049118	0.494316525217353	NA
ENSMUSG00000099413	1.96274808879324	0.00202243845104925	0.0360230513155561	0.0558424985898276	0.955467278766167	NA
ENSMUSG00000138870	2.97541321695849	0.0507153201610121	0.0414518986634172	1.19220604421919	0.233180464039313	NA
ENSMUSG00000101126	3.903100050913	-0.0430827046307373	0.0467013586600185	-1.00012006173249	0.317252408502081	NA
ENSMUSG00000120395	2.41693092704923	0.018097679670117	0.0395320809063339	0.44920215724272	0.653285831451303	NA
ENSMUSG00000139399	3.09496378988091	-0.0134448569536044	0.0431371593742079	-0.318234566037	0.750307014687579	NA
ENSMUSG00000139507	6.59845400491147	0.0355110536823196	0.0597618883775215	0.584017918635181	0.559208256590891	NA
ENSMUSG00000121232	7.39488202143855	-0.00643528440870122	0.0612933079884764	-0.105428636703767	0.916035693879267	NA
ENSMUSG00000139695	9.59531706740302	-0.0110094463869247	0.0693827157945519	-0.15915694073089	0.873545227677173	NA
ENSMUSG00000099553	10.2513451885942	0.0476343396622589	0.0725787172606558	0.647857878857154	0.51707687615161	NA
ENSMUSG00000092188	2.25348475056028	0.00877595438403816	0.0371346822988919	0.234292662433769	0.814757781946955	NA
ENSMUSG00000140053	4.90413916982456	0.0482830857386553	0.0501318063547066	0.934241935967327	0.350179108182477	NA
ENSMUSG00000099401	6.7820106684311	-0.0758336036211662	0.0603347486673047	-1.34992060249311	0.177041452312419	NA
ENSMUSG00000140164	5.35980604586194	0.0408286610878981	0.0530038089336644	0.751756548276155	0.452197476977682	NA
ENSMUSG00000121351	2.39338499731699	0.0276566508328679	0.0361756543426066	0.742944185416703	0.457515472971189	NA
ENSMUSG00000140281	2.46852167880461	0.0127265724917984	0.0374395447938929	0.330844547331861	0.740761910004759	NA
ENSMUSG00000140307	2.27828293635039	-0.0311838473466398	0.0364938601673645	-0.942949701329344	0.34570663109336	NA
ENSMUSG00000140411	3.11726719794162	-0.0199623693895045	0.0371343138463579	-0.572632973925639	0.566893228603319	NA
ENSMUSG00000102762	6.78129870690112	-0.00397283680780581	0.060721278854361	-0.0655960163677301	0.947699460762471	NA
ENSMUSG00000098447	9.73343037974222	-0.000436086244311557	0.0694027700297786	-0.00627396215731023	0.994994135300285	NA
ENSMUSG00000140686	4.38937827859282	-0.00659928732810024	0.0509298938767974	-0.13065347210915	0.896049440608716	NA
ENSMUSG00000140704	5.96204645655814	-0.0439454572188128	0.0563108859624534	-0.815426779302548	0.414828060829616	NA
ENSMUSG00000140800	3.0958499562999	0.0106392600331846	0.0414148023398725	0.252308917234388	0.800802296104564	NA
ENSMUSG00000140940	9.73060698345845	0.0010502113894484	0.067902478406856	0.0154719921139196	0.98765562887389	NA
ENSMUSG00000121026	6.48276519292121	0.0555196104160346	0.0608320334711638	0.89535578482674	0.370596928504944	NA
ENSMUSG00000099503	4.90237657137292	-0.0208671469831993	0.053862511182207	-0.39483848902336	0.692962087781164	NA
ENSMUSG00000141181	3.5572623645178	-0.0129729418086915	0.0464890161931757	-0.283641588847648	0.776685062162931	NA
ENSMUSG00000101895	4.54066788568653	-0.0234057551699657	0.0514496656822412	-0.467319141659289	0.640271563429032	NA
ENSMUSG00000141285	2.36748833215707	-0.0085079903905249	0.0369138181543558	-0.234527723074674	0.814575313346995	NA
ENSMUSG00000141317	3.46329930697363	0.0126349208370213	0.0440369031180761	0.281223651079535	0.778538865424236	NA
ENSMUSG00000141319	7.16205031181076	-0.00143405184116698	0.0627913627775626	-0.022787909824463	0.981819452084298	NA
ENSMUSG00000141506	5.06750311106218	0.000349370285851862	0.0548979625803558	0.00634864465775486	0.994934548472991	NA
ENSMUSG00000141541	4.59733518334743	-0.019887257604901	0.0476623752927954	-0.430885154254654	0.66655187851436	NA
ENSMUSG00000141830	2.35364166517518	-0.0220324960103321	0.0390657371835129	-0.592887980893085	0.553256122163806	NA
ENSMUSG00000103603	6.16317491077019	0.0838238339399291	0.0573628632061752	1.43394403313621	0.151588234744541	NA
ENSMUSG00000101102	8.64123138182249	-0.0462134501884676	0.0679557140860075	-0.69923039952752	0.484408055431539	NA
ENSMUSG00000141893	3.38500309169749	0.0295722131499375	0.0451478698243271	0.63931819381786	0.522615954997239	NA
ENSMUSG00000141958	2.20483635244943	-0.0310718582065061	0.0373834266794275	-0.909421345612306	0.363127758612888	NA
ENSMUSG00000104077	9.18235186468389	0.022493472316959	0.0682477100035017	0.325848267493747	0.744539157773289	NA
ENSMUSG00000085125	6.19196841643274	-0.072800146384272	0.0575959172371662	-1.37037454818694	0.170570012904871	NA
ENSMUSG00000142121	3.29006189809665	-0.00674960467453295	0.0450398637475727	-0.15069392362002	0.880217166744852	NA
ENSMUSG00000089982	2.04789805000606	0.0250774321503836	0.0345863052304905	0.709668765769475	0.47790956549105	NA
ENSMUSG00000101634	2.86831545396241	-0.00849544459779127	0.0418764085828376	-0.204982472828062	0.837585818922701	NA
ENSMUSG00000142682	2.71306724910569	0.0326233645713542	0.0403528540837175	0.781423958871236	0.434553184231324	NA
ENSMUSG00000142975	3.64320652251192	-0.000940717411646111	0.0473335519044655	-0.0199541968460911	0.984079910903864	NA
ENSMUSG00000121071	3.1267028240522	0.0362829562525461	0.0437536260689784	0.803610053957492	0.421622214843298	NA
ENSMUSG00000143048	2.00814498347789	0.00156614193043664	0.0361822150950474	0.043266291657163	0.965489261408677	NA
ENSMUSG00000143052	2.06333797774374	-0.000344922253480915	0.0339116621053156	-0.0102204721582672	0.991845385030248	NA
ENSMUSG00000143188	8.03472322358161	-0.00957977471277349	0.0668899359252325	-0.143713329145695	0.885726845330604	NA
ENSMUSG00000143464	3.2629032424925	0.00760779631045192	0.0433918501136531	0.174251888937336	0.861667507773791	NA
ENSMUSG00000087213	3.4928030818372	0.0410994464474612	0.0454357376968457	0.8866297988768	0.375278245035751	NA
ENSMUSG00000143912	3.531341363392	0.0138248472111039	0.0452031967041215	0.300949111732318	0.763453299488289	NA
ENSMUSG00000085184	5.97102402339216	0.0299980344982043	0.0593389846196734	0.497853781654343	0.618587105558346	NA
ENSMUSG00000101172	8.63321248227244	-0.00995908521354744	0.0686148075425611	-0.146066545432784	0.883868855996711	NA
ENSMUSG00000102459	2.12485490677981	-0.0107447843374672	0.032014588982657	-0.352415027477936	0.724527033683969	NA
ENSMUSG00000136369	6.28620813186503	0.0269885249727935	0.0556212808777055	0.473797850104504	0.635644067835779	NA
ENSMUSG00000126666	6.27481315535977	0.0574022937987229	0.058983780354697	0.953118541803775	0.340530012548178	NA
ENSMUSG00000101224	7.87013136225199	0.00544974116506156	0.0618915662773102	0.087876149678417	0.929975113054721	NA
ENSMUSG00000102219	4.55990934576467	0.00876565451659942	0.0471540950164166	0.18289145237537	0.854883189795436	NA
ENSMUSG00000131934	2.75432160675197	-0.0182808756411598	0.0415395904335506	-0.455630834701981	0.648655466125033	NA
ENSMUSG00000100120	6.70087941970273	-0.00146346487587772	0.0605900508379914	-0.0241608840737726	0.980724279002054	NA
ENSMUSG00000129840	5.45546406818594	-0.00738267474195411	0.0559184056932444	-0.133167298761042	0.894061072277341	NA
ENSMUSG00000040323	8.0544455004435	-0.0196706354285697	0.0656681227108445	-0.303564294844238	0.761459857175382	NA
ENSMUSG00000139292	2.38528872970879	-0.0092427259109835	0.0395743693435899	-0.237670491319173	0.812136672430692	NA
ENSMUSG00000082431	2.02198678326661	0.0284773114666663	0.0363357034796447	0.764624068124767	0.444495433058646	NA
ENSMUSG00000097448	4.05986668635429	0.0210397466142506	0.0456754500983617	0.449182986907298	0.653299659315735	NA
ENSMUSG00000141391	3.7340922815189	0.0313696003246755	0.0443109918530671	0.695368407931239	0.48682445368585	NA
ENSMUSG00000090222	3.74335856993364	-0.0168076552902752	0.0473528109792916	-0.362991673077323	0.716611104637819	NA
ENSMUSG00000142575	3.71259767181902	-0.00379405003001836	0.0480722693186227	-0.079126506612665	0.936932000379825	NA
ENSMUSG00000086264	5.2844570514235	0.00718871512499704	0.0554185988142038	0.128751189510401	0.89755452908496	NA
ENSMUSG00000092627	5.3347084446765	-0.0193240444317742	0.0561608428168428	-0.349388098638313	0.72679796695664	NA
ENSMUSG00000097261	6.67549796412974	0.0448842976658955	0.0591782934938196	0.7444393406582	0.456610726097115	NA
ENSMUSG00000101214	7.15720554762876	-0.00198855034137763	0.0619749884832051	-0.0320132681963162	0.974461469830775	NA
ENSMUSG00000120043	1.80945436713803	-0.0313409720647151	0.0324263377414702	-1.12173090756969	0.261976870960977	NA
ENSMUSG00000135126	2.41772999102372	-0.00906520800942353	0.0389182177255096	-0.237821164233589	0.812019802867917	NA
ENSMUSG00000135718	9.21768827417248	0.0851698817593984	0.0704838477637142	1.1828562065572	0.236866140335225	NA
ENSMUSG00000139159	2.63952382837387	0.0108759791894855	0.0375791475318661	0.285641922545792	0.775152391039817	NA
ENSMUSG00000099556	9.32438978494238	0.018228055701258	0.0688133863502932	0.262721250024487	0.792765436831391	NA
ENSMUSG00000086593	3.66314047534733	0.00993067110515126	0.0454134806240182	0.215463073574856	0.829406298948211	NA
ENSMUSG00000120842	3.58089539669454	0.0227362380220267	0.0450054121249866	0.494382131468936	0.621036330916062	NA
ENSMUSG00000101483	2.06333797774374	-0.000344922253480915	0.0339116621053156	-0.0102204721582672	0.991845385030248	NA
ENSMUSG00000098145	3.85196249124102	-0.0395494944383341	0.0452682074912346	-0.948812047858741	0.342716213212359	NA
ENSMUSG00000102408	4.03992299913253	0.0397884737661577	0.0489564484197204	0.794696416138184	0.426790117588679	NA
ENSMUSG00000103686	5.57768287475168	-0.0232701324592866	0.0547322566475788	-0.434691227044428	0.66378656713969	NA
ENSMUSG00000073737	4.38047321262378	0.00636281128627556	0.0503716376754761	0.125738076127111	0.899939260652491	NA
ENSMUSG00000099875	3.00776737582891	0.00219105627972555	0.04366790791747	0.0501394729805549	0.96001124439059	NA
ENSMUSG00000133748	2.00814498347789	0.00156614193043664	0.0361822150950474	0.043266291657163	0.965489261408677	NA
ENSMUSG00000135201	4.17163500864336	-0.0153342341266272	0.0508135527708533	-0.306874888172518	0.758938603771679	NA
ENSMUSG00000099492	5.35823490563604	0.0187498680291771	0.0538050133330388	0.343887514480235	0.730930881881003	NA
ENSMUSG00000127937	3.09777183561007	9.97852984724958e-05	0.042779627085274	0.00234864606063385	0.998126053292255	NA
ENSMUSG00000128372	7.5517836017725	0.0404450277903479	0.0655606323858496	0.607068419286139	0.543805507326774	NA
ENSMUSG00000099997	6.87049923551462	0.0310774981450153	0.0613970735846735	0.499728202503136	0.617266471403516	NA
ENSMUSG00000104257	2.69708215964693	0.0220122488449955	0.0386380905213268	0.559905312552995	0.575544024920385	NA
ENSMUSG00000103209	5.51056996000728	-0.0580057434254548	0.0553511319934575	-1.12216528549325	0.261792169678541	NA
ENSMUSG00000104027	3.32242092416024	-0.0729309923741647	0.0448886662773239	-1.84782446307768	0.0646277407787948	NA
ENSMUSG00000102407	6.44698532573558	-0.0324528430761267	0.0606269634734186	-0.549170692257189	0.582888315242881	NA
ENSMUSG00000103214	4.27370406818208	-0.026550436876333	0.0482757854918927	-0.573627548473701	0.56621986562541	NA
ENSMUSG00000104100	6.15130219576251	-0.0483109683047538	0.0581467083084702	-0.870467156692096	0.38404516016022	NA
ENSMUSG00000103889	6.40069739743876	-0.0423452789445998	0.0594990960883955	-0.738656186609595	0.460115796806844	NA
ENSMUSG00000104221	4.52354272755537	0.00233761296136494	0.0444117782790215	0.0524725958560826	0.958152130582965	NA
ENSMUSG00000103563	6.87888909189673	-0.0621733996519048	0.0587483157137665	-1.12549350076596	0.260379969748611	NA
ENSMUSG00000102659	7.46359931727748	0.0179801316711321	0.0612889751903581	0.291277782589839	0.770838878045597	NA
ENSMUSG00000103924	4.07113708933054	0.0237262153408739	0.0482859521904259	0.479745633720636	0.631408275045676	NA
ENSMUSG00000104132	3.92304373813477	-0.0623714141917106	0.0488514310136691	-1.41070614657088	0.158331277845566	NA
ENSMUSG00000102747	7.03068417419102	0.0274543613373668	0.0618297225462031	0.43872273277486	0.66086245309908	NA
ENSMUSG00000120041	8.03663536850543	0.00503743673643367	0.0655897604366572	0.0767821740027126	0.938796831953986	NA
ENSMUSG00000099561	2.18129042271719	-0.015298093559167	0.0359447400045027	-0.445061411181432	0.656275374769037	NA
ENSMUSG00000140638	3.45835770596077	-0.0110696853931895	0.0457678129589081	-0.244531032695588	0.806819570697133	NA
ENSMUSG00000140722	4.97537483038367	-0.03549409317	0.0539970234881314	-0.682001496423146	0.495238004638354	NA
ENSMUSG00000101400	2.84512513050762	-0.0463349119596501	0.0415779278341094	-1.24858401836504	0.211817260697117	NA
ENSMUSG00000103696	2.34394240242483	0.00458630813765833	0.0367915305552082	0.123309267303488	0.901862202593156	NA
ENSMUSG00000100347	6.54079883680756	0.00248365552002348	0.0598724467057489	0.0414167576311815	0.966963653601552	NA
ENSMUSG00000121039	2.95425961195653	0.00326862301936938	0.0414562299454973	0.0784612180705632	0.937461178579807	NA
ENSMUSG00000136409	4.07553352862232	0.0141560290740049	0.049246927238711	0.285083025520286	0.775580534363873	NA
ENSMUSG00000101784	5.18362489738805	0.00652369514839483	0.0472136497149969	0.137047758968424	0.890993045025828	NA
ENSMUSG00000100432	9.43989540663237	-0.0377326663032945	0.0659266347744618	-0.584227813077803	0.559067051463821	NA
ENSMUSG00000135426	5.76289778094171	-0.0680555517626798	0.0577045999916706	-1.26283425893552	0.206648749920899	NA
ENSMUSG00000079140	5.36897474847074	-0.0430304391008812	0.0494288127375301	-0.9407360876092	0.346840120622119	NA
ENSMUSG00000084353	1.87679906360594	0.0032292157611623	0.0329322870641264	0.0965602290086925	0.923075641503868	NA
ENSMUSG00000124163	5.70426626569296	0.0285639221857343	0.0517845301731278	0.542165792273722	0.587704298339183	NA
ENSMUSG00000070489	1.94890628900453	-0.0225456911267131	0.0340780139544877	-0.718373701735291	0.472526897524806	NA
ENSMUSG00000123567	2.63548299535953	-0.0287238788920277	0.0406339224818453	-0.754122013709446	0.450775960037604	NA
ENSMUSG00000142003	7.00514873147681	-0.0450455553360869	0.0606793870093699	-0.768203838092673	0.442366093645691	NA
ENSMUSG00000086053	4.56587692528235	0.0245999213647662	0.051214302145454	0.471514977833004	0.637273026336871	NA
ENSMUSG00000119941	10.2139623262664	0.0255853591595898	0.0729109940969863	0.34853195667975	0.727440718515805	NA
ENSMUSG00000130706	3.47490584745462	0.016771227035579	0.0453606671108916	0.365484604143439	0.71474969724364	NA
ENSMUSG00000097564	4.01550063736765	0.00179376736279121	0.0487364863077441	0.0367875350301842	0.970654412927015	NA
ENSMUSG00000026149	3.88854142240113	0.0189101636738261	0.0471907284208139	0.395967699949156	0.692128856567567	NA
ENSMUSG00000136414	6.85189003960206	0.0828696431285484	0.0622739272584184	1.30026225988612	0.193511098278446	NA
ENSMUSG00000133784	4.55821924817802	0.0213497791963521	0.0488020167838719	0.426427801188415	0.669796146980675	NA
ENSMUSG00000103976	4.81971090452807	-0.06813389131077	0.052142015790204	-1.43871150069954	0.150232279502219	NA
ENSMUSG00000121763	2.70002451329146	-0.0180654987800735	0.0412533163856644	-0.451485409439134	0.651639738550258	NA
ENSMUSG00000126249	2.1943380257246	0.022973257445906	0.0376999675682377	0.593996518185026	0.552514441756317	NA
ENSMUSG00000121189	6.40326879425123	-0.0192523170112401	0.060599701343265	-0.322202597893507	0.747299216517269	NA
ENSMUSG00000044854	3.07908040444618	-0.0121349503511722	0.0427772708160339	-0.290688826932413	0.771289317597762	NA
ENSMUSG00000101429	2.8355081030086	0.0453139937594095	0.0417147841816238	1.06182347065692	0.288315832597953	NA
ENSMUSG00000109913	1.97738895255644	0.00128326745784422	0.0356421419321365	0.0358653831391091	0.971389698351899	NA
ENSMUSG00000087230	8.95476211481814	-0.131806138876679	0.0692853400663537	-2.07482923181099	0.0380023643513991	NA
ENSMUSG00000026167	9.48861555663312	0.053213623472246	0.0711676847238035	0.73467488278775	0.462537520724889	NA
ENSMUSG00000102416	3.63510052051737	-0.0137735080180242	0.0470979164735743	-0.298513702032396	0.765311119867139	NA
ENSMUSG00000026068	4.02034540154965	0.0025447196630668	0.0494878703721668	0.0514119541112743	0.958997259368099	NA
ENSMUSG00000049160	5.92958085927734	0.0177388003761363	0.0569642884367709	0.307847333532194	0.75819850246782	NA
ENSMUSG00000055197	7.3985151755114	0.184185925298095	0.0618337214373185	2.9995365046719	0.00270390720275916	NA
ENSMUSG00000037849	5.21425223656239	0.0699065986943609	0.0533024469485922	1.27809799844594	0.201214874606116	NA
ENSMUSG00000067006	3.45701834745839	-0.0346404860465141	0.045380481742181	-0.813752585542768	0.415786702565013	NA
ENSMUSG00000004552	2.61362229602077	-0.0146364142726694	0.0404809333798289	-0.372402155363916	0.709593449397919	NA
ENSMUSG00000026398	2.06252917938291	0.0466809142072025	0.033399384948839	1.41289073999604	0.157687852223199	NA
ENSMUSG00000034486	2.86626413393005	0.0458935703338696	0.0420056614529459	1.07040793466042	0.284435729288636	NA
ENSMUSG00000046828	2.69596907869759	-0.0173654841679991	0.0409607956583615	-0.437235963296324	0.661940230813303	NA
ENSMUSG00000040485	9.00702502771274	0.0889510251508954	0.0666724810582423	1.29667487201686	0.19474307877156	NA
ENSMUSG00000026413	2.96801917649392	-0.0378031914531456	0.0432593804048996	-0.94295929572872	0.345701723387549	NA
ENSMUSG00000038242	4.41211540996422	0.0296190260973225	0.0493457972728298	0.588149591693569	0.556431888808871	NA
ENSMUSG00000026308	7.19155408667433	0.0247832822075186	0.0627593952681249	0.390641612511391	0.696062162499536	NA
ENSMUSG00000049598	9.89042804793194	0.0428914328965676	0.0713760872036278	0.593778037211576	0.552660580508742	NA
ENSMUSG00000026536	4.19762364344096	0.0618776637001247	0.0497725444745415	1.20991411425734	0.226311850704152	NA
ENSMUSG00000056569	4.95844113047824	0.0398491744205894	0.0524243420576072	0.741726657733186	0.458252964995207	NA
ENSMUSG00000044055	4.80921257780324	-0.0191468618871591	0.0524374440126616	-0.370976543538179	0.710655002642962	NA
ENSMUSG00000026692	5.03100641515339	0.000998222785021926	0.0543635218649758	0.018289111035416	0.985408214150157	NA
ENSMUSG00000026069	7.48569116136246	-0.0216507700130091	0.0632916554291312	-0.345494929453493	0.729722321582559	NA
ENSMUSG00000042474	2.53982497303553	0.0262292015402114	0.0393306544038355	0.646604542876871	0.517887917103835	NA
ENSMUSG00000046856	6.06711090183367	0.0333889680188202	0.0539346421761317	0.604535801665002	0.545487474055188	NA
ENSMUSG00000034159	2.4356272254063	0.0164356283856497	0.0390777781732526	0.413427643859419	0.679293324591138	NA
ENSMUSG00000005677	4.1886363422206	0.0111825274366001	0.0494542112111777	0.224153767892583	0.822637656000018	NA
ENSMUSG00000040629	2.53974760497738	-0.0517479457069963	0.0391914636879089	-1.52186200471109	0.128043661236233	NA
ENSMUSG00000026715	5.59467934113574	0.0136638608852864	0.0564507645960027	0.24011750577277	0.810239163509302	NA
ENSMUSG00000099032	7.65951109104723	-0.0354658500090353	0.0637095389268113	-0.570585335763222	0.5682807611589	NA
ENSMUSG00000026582	3.06709803993995	0.0590486080306505	0.0411764461112907	1.42323469521385	0.154668130958163	NA
ENSMUSG00000051998	2.73968074298877	-0.0155627773628828	0.0391270485700838	-0.412561130669714	0.679928184126525	NA
ENSMUSG00000061815	3.88783432806433	0.081578040045956	0.0476418822969873	1.6956094745645	0.089959862291158	NA
ENSMUSG00000026581	8.15360659914087	0.134152898220007	0.0659608484766028	1.99739222972235	0.0457825912571669	NA
ENSMUSG00000059089	4.91019871897992	0.106136998334175	0.0530112683272133	1.98551109071606	0.0470876374271434	NA
ENSMUSG00000026357	5.28556526517966	0.0490664918883761	0.0500030020162332	0.958897179159481	0.337610545983505	NA
ENSMUSG00000026387	5.3058596914857	0.00896020921580625	0.055045280194519	0.162378574312924	0.871007742140109	NA
ENSMUSG00000057173	8.02279843590989	-0.0306999384489306	0.065226102321262	-0.480478347663471	0.630887295782646	NA
ENSMUSG00000015314	4.15213964631181	0.0115384476508134	0.0487024100937583	0.234382292111939	0.814688204664321	NA
ENSMUSG00000026114	2.16268609399781	0.0238991660448604	0.0371687088619848	0.624079763546961	0.53257520310327	NA
ENSMUSG00000062939	5.32994591574583	0.0429667931303776	0.0552967585966177	0.758309089418206	0.448265967140928	NA
ENSMUSG00000090124	7.67053997791361	-0.0133107013611799	0.0659384364053872	-0.203084162071594	0.839069250624765	NA
ENSMUSG00000026592	2.43878675919482	0.0168012237455417	0.0382275774160668	0.431813915761117	0.665876664706858	NA
ENSMUSG00000053318	4.60395714756059	0.0129947081881271	0.0509114350040169	0.252846016585298	0.800387206655836	NA
ENSMUSG00000026065	7.56950663126607	-0.0354576001782551	0.0650682281295785	-0.556851795332539	0.577628692041739	NA
ENSMUSG00000000817	6.78999284587172	-0.0130776061391972	0.0580580915253068	-0.227965565563597	0.81967301041049	NA
ENSMUSG00000031506	3.71348870543119	0.00813887070784728	0.047185375385303	0.170548060730284	0.864579140949176	NA
ENSMUSG00000015962	7.46892160950874	-0.0433292036064474	0.0626908872996647	-0.712611366359233	0.476086276301576	NA
ENSMUSG00000037474	7.08964917518732	-0.0535645308290822	0.0592574038359141	-0.952560505558734	0.340812795877253	NA
ENSMUSG00000026228	6.61256505750822	-0.0131712669194525	0.0614454277911548	-0.21562770027278	0.829277961999979	NA
ENSMUSG00000036962	9.88637748053126	0.0308195639634174	0.0710974398276485	0.429615741101457	0.667475184652998	NA
ENSMUSG00000026450	2.63962066520472	0.0380532879987574	0.0407710531820544	0.912214391698654	0.361655869355798	NA
ENSMUSG00000079588	8.85429435809261	0.0832326812298793	0.0693369955385886	1.17566520951581	0.239728686261847	NA
ENSMUSG00000046337	6.9194168864335	-0.00521060170127118	0.0605674612624372	-0.0863761106072848	0.931167436916932	NA
ENSMUSG00000096094	4.57646235445169	0.0249559230600434	0.051824496577728	0.473000577816936	0.636212766940453	NA
ENSMUSG00000026630	3.71620478152267	-0.0146864539135125	0.045385760354842	-0.332010569289134	0.739881278136663	NA
ENSMUSG00000036480	2.09454720074858	-0.00174815785614941	0.0348504196154464	-0.050124556961395	0.960023130706141	NA
ENSMUSG00000025900	4.91170487729121	0.0181124115201307	0.0515167905326589	0.348270542551175	0.727637014330257	NA
ENSMUSG00000091060	5.82044637782842	-0.0292952459858406	0.0578752337542195	-0.519709582796043	0.603266006818324	NA
ENSMUSG00000026532	2.38043423114044	0.0184250634827761	0.0389638509764303	0.462261447526008	0.643893842760762	NA
ENSMUSG00000005763	6.51689655182278	0.0366979764584553	0.0575036662726226	0.62790834821438	0.530063981841462	NA
ENSMUSG00000026348	6.78286497993385	0.0341125991181928	0.0621154455601326	0.540881942572968	0.588588957968362	NA
ENSMUSG00000042451	9.49459287053715	0.0414345593494979	0.0705396755109081	0.580601582456613	0.561509005510539	NA
ENSMUSG00000026468	5.35377179210069	0.151530296904389	0.0495526549214255	3.3255836931699	0.000882336061185215	NA
ENSMUSG00000066677	6.12546342988804	0.0330381968872221	0.0542789492940722	0.595592997916103	0.551447155504193	NA
ENSMUSG00000038179	3.01181794322959	0.0155470166981589	0.043318729261209	0.353669501253398	0.723586581664972	NA
ENSMUSG00000067795	2.84962888999169	-0.0348307911177824	0.0420108747222097	-0.890718153702378	0.373080393235583	NA
ENSMUSG00000026621	4.65746004423979	0.02468320379302	0.051386364665658	0.473358630895318	0.635957338980369	NA
ENSMUSG00000026574	3.77580956563492	-0.0446987707816167	0.0477857040914288	-1.00344800552946	0.315644751792546	NA
ENSMUSG00000006538	7.60932246427286	0.0976624008443043	0.063611780787906	1.49667365635099	0.134478194169176	NA
ENSMUSG00000012187	9.60803182164017	0.0373022240527721	0.0674212780818563	0.547466655423796	0.584058172715032	NA
ENSMUSG00000026295	5.77099404854991	-0.0286570579803785	0.0579235283520652	-0.507117879882712	0.612072110231846	NA
ENSMUSG00000037216	6.37118388818884	-0.0427546374790652	0.0593502470021593	-0.745955068837666	0.455694557489864	NA
ENSMUSG00000042641	8.72210386110427	-0.0495097394410378	0.0677551141164317	-0.75141682310829	0.452401841307845	NA
ENSMUSG00000120458	2.19108165510522	-0.00382846649159581	0.0373679538625979	-0.103292679046269	0.917730685815618	NA
ENSMUSG00000099563	2.22264161719433	-0.0430513130799633	0.03671691259476	-1.35667390724154	0.174884846775917	NA
ENSMUSG00002074868	4.68957003524314	0.00910310025782297	0.0525124644228218	0.171609485296467	0.863744549899761	NA
ENSMUSG00000102136	3.9392508749307	-0.0229529340178752	0.0493438572787302	-0.478102346956477	0.632577361723974	NA
ENSMUSG00000087355	6.07771093258253	0.000726877482098585	0.0575486859291073	0.012606376863858	0.989941832941926	NA
ENSMUSG00000086018	2.36748833215707	-0.0085079903905249	0.0369138181543558	-0.234527723074674	0.814575313346995	NA
ENSMUSG00000052865	6.31768585870281	-0.0686179881450309	0.0597061038801274	-1.22142794842225	0.221924030610866	NA
ENSMUSG00000082895	2.78922990909813	0.00605741557018218	0.0404357772074726	0.148439329594653	0.881996063329895	NA
ENSMUSG00000070719	4.02052934082501	0.072490370738604	0.0474041589028611	1.50230285626947	0.133018911340227	NA
ENSMUSG00000080977	2.54953397017223	-0.0278400696439182	0.040678082460148	-0.725318179862777	0.468256855224438	NA
ENSMUSG00000026818	2.66352295018949	-0.00337728697887933	0.0403925134051723	-0.0836905534240144	0.933302468071166	NA
ENSMUSG00000087667	2.50007677370054	-0.0117254219328952	0.0392070908852754	-0.305673075690875	0.759853575177622	NA
ENSMUSG00000085728	3.4133986528049	0.00239658049383169	0.0414139652316763	0.0576564433347402	0.954022289128546	NA
ENSMUSG00000103233	2.20720655664981	-0.030324770565333	0.0369442548870114	-0.900127032921473	0.368052651384766	NA
ENSMUSG00000103546	4.4963889391444	0.00397233023822859	0.0505522573894627	0.0786465824129497	0.937313734852245	NA
ENSMUSG00000102662	5.60754787206096	-0.0357797078345831	0.0562201562920069	-0.659957010657212	0.509281417182133	NA
ENSMUSG00000081857	3.1115216657611	-0.0117090175521019	0.0417895169196164	-0.287888690102946	0.773431944581628	NA
ENSMUSG00000083900	2.4849924522403	-0.0361075664150954	0.0385262254543421	-1.04237161350057	0.297239421980183	NA
ENSMUSG00000102630	5.40770183649408	-0.0203941872264772	0.0561012252158965	-0.370112993017692	0.711298301441281	NA
ENSMUSG00000104449	5.65825245739735	-0.0655689412976026	0.0574247047322101	-1.22028833232096	0.22235559128202	NA
ENSMUSG00000104459	7.85062626553409	0.0588542426198797	0.0663126737069742	0.871560455861273	0.383448211403845	NA
ENSMUSG00000102900	5.05780384831183	0.0252883803102809	0.0543593211298333	0.455978724498733	0.648405277433718	NA
ENSMUSG00000103599	2.64483638621878	-0.0285941430539634	0.0398923916016563	-0.765100335672412	0.444211800009935	NA
ENSMUSG00000102691	8.0297913569551	-0.0604652168461441	0.0670001596496382	-0.934971409984307	0.349803033563766	NA
ENSMUSG00000103232	3.62135069036633	-0.000960966134526957	0.0475351537821071	-0.0202713627977529	0.983826900268483	NA
ENSMUSG00000087704	3.01182281042277	0.00173591321696364	0.0436748015885935	0.0397289953581645	0.968309184967216	NA
ENSMUSG00000070271	4.36267281507206	0.00625842321247987	0.0517137261874422	0.120391907967297	0.904172701285447	NA
ENSMUSG00000102673	1.91409482348922	-0.0243683549536013	0.0353289768046392	-0.742054493016816	0.458054320031247	NA
ENSMUSG00000082651	4.58852695420925	0.013609398285022	0.0527977449517569	0.255330741299201	0.798467658488446	NA
ENSMUSG00000084140	3.22066588159637	0.00991275043862147	0.0449069849945411	0.218881076796733	0.82674268758934	NA
ENSMUSG00000102258	5.8124420798579	-0.02769680309138	0.0547179051916123	-0.520576816373924	0.602661603028797	NA
ENSMUSG00000103865	2.09049663334789	-0.0153426784185691	0.0364399900581536	-0.435883350298782	0.662921365723335	NA
ENSMUSG00000085546	1.9830376479061	-0.0358562489935697	0.0340224552335321	-1.22040769816391	0.222310360535147	NA
ENSMUSG00000068859	4.35559765877552	-0.0236343695899336	0.0450708529068647	-0.550796742546555	0.581773017431426	NA
ENSMUSG00000074881	6.00965914177781	0.02341018120601	0.055729577292297	0.412032052129748	0.680315930437318	NA
ENSMUSG00000081834	2.05443291177471	0.0118851023380217	0.0339980630774379	0.344100840881889	0.730770450544119	NA
ENSMUSG00000068452	2.79002410587944	-0.00642914351762245	0.0424836221276406	-0.152847070762954	0.878518876721898	NA
ENSMUSG00000060795	3.79288826727031	0.0572850014103371	0.0465880243387945	1.19645637251421	0.231518513931634	NA
ENSMUSG00000085206	3.96199287349527	0.00324904646447395	0.0497069111799188	0.0651550827889668	0.948050523837093	NA
ENSMUSG00000082457	2.58038197073136	0.0122468288681226	0.0402818850791998	0.299102207505638	0.764862061997845	NA
ENSMUSG00000081861	6.47097471316485	-0.0217064926636742	0.0613004556223502	-0.35892280590272	0.719652838214209	NA
ENSMUSG00000075279	5.26610175776436	-0.00185885711919945	0.0535720125845475	-0.0348760443501074	0.972178582828804	NA
ENSMUSG00000081740	2.82185510968842	0.0592187700295349	0.035377764273688	1.74785697199403	0.0804887971429361	NA
ENSMUSG00000042448	4.67201867275166	-0.037409839524871	0.0511494278870075	-0.769859876801586	0.441383016780683	NA
ENSMUSG00000083837	2.42989142761213	0.00344078525964764	0.0388937318236974	0.0882154924455808	0.929705404130666	NA
ENSMUSG00000062846	4.44782277628487	0.0310100501883621	0.0519645504787623	0.586588003949209	0.557480441283029	NA
ENSMUSG00000075272	7.68526794412131	0.0349008865308035	0.0650173331966958	0.528126973351286	0.597411210584374	NA
ENSMUSG00000083650	2.37065273313877	-0.0192858009593729	0.0361352260922329	-0.565167478652954	0.571959854628133	NA
ENSMUSG00000118793	3.15826278614131	-0.00297574257951971	0.0447787069045667	-0.0666300021691494	0.946876260534644	NA
ENSMUSG00000084098	4.77145389145023	0.0341669633361371	0.0526663793536292	0.635004711709717	0.525425342025221	NA
ENSMUSG00000084087	3.08472909979584	-0.0477647530619848	0.0414821093021646	-1.31275755308057	0.18926465733272	NA
ENSMUSG00000081611	2.50818764288827	-0.0126145938277461	0.0392400589857324	-0.328687213099288	0.742392120287905	NA
ENSMUSG00000043102	2.94545625001153	0.0257858786020358	0.0411859463356403	0.608585062841831	0.542799507781645	NA
ENSMUSG00000091061	1.98540298491331	-0.024020680751015	0.0348889449546701	-0.748085006655547	0.45440888504968	NA
ENSMUSG00000090449	4.3683263776149	-0.0463421711074742	0.0510800529986035	-0.964196929982581	0.334947203265001	NA
ENSMUSG00000083306	6.30031356829352	-0.0296153169344405	0.0595261568791909	-0.508523305873156	0.6110863990025	NA
ENSMUSG00000064669	5.08317482052338	-0.0232072278393013	0.0539820204923549	-0.441262996716262	0.659022611354409	NA
ENSMUSG00000086436	5.11201870652101	-0.0395974720209553	0.0554068252179368	-0.742785983020186	0.457611263094633	NA
ENSMUSG00000086630	6.16691146119603	0.0370382901668417	0.0594556724126056	0.611715259294881	0.540726164225482	NA
ENSMUSG00000087473	2.30427643834117	0.0293764204836792	0.0365553229559529	0.7742164008959	0.438802831018164	NA
ENSMUSG00000081721	2.34958623058132	-0.0194530790849125	0.0371648958257712	-0.552422613445584	0.580658840936593	NA
ENSMUSG00000083856	9.56580906232357	0.00544641464618197	0.0686122542210294	0.0794700426029337	0.936658758771594	NA
ENSMUSG00000080859	5.40512557248843	-0.0294230451455454	0.0540647274654761	-0.562631848250026	0.573685600480488	NA
ENSMUSG00000084870	3.18990985067492	0.00961403530788056	0.0446638791676979	0.212993557205929	0.831331987992483	NA
ENSMUSG00000083424	2.76727724012169	-0.0187342941245439	0.0418517288577068	-0.463709805016524	0.642855671374806	NA
ENSMUSG00000105496	2.62488783180384	-0.000369785520661995	0.0372246513120706	-0.00997831711529594	0.99203858694655	NA
ENSMUSG00000084013	3.39505870970037	-0.0199939352873644	0.0436574574303732	-0.473092137161162	0.636147446203401	NA
ENSMUSG00000038537	7.22536656140788	-0.031630516209881	0.0572519524353003	-0.569337730309855	0.569126966360103	NA
ENSMUSG00000074569	3.44089831310697	-0.0217047035685135	0.045012502899802	-0.5000667319079	0.617028090253978	NA
ENSMUSG00000102091	2.0912908301292	-0.0260357729018603	0.0351229954206416	-0.811576190099741	0.417034858136145	NA
ENSMUSG00000083864	3.78154536342908	-0.0312503004365814	0.0474018125230221	-0.690152973034095	0.490097993296609	NA
ENSMUSG00000083688	3.37355361663906	-0.0597358563314822	0.0449561062934396	-1.5031540302751	0.132799328651004	NA
ENSMUSG00000082849	2.88487332984261	-0.0073178929196654	0.0415749717404967	-0.179065539633318	0.857886240019851	NA
ENSMUSG00000080006	3.44811814868253	-0.0358204533702386	0.0459387329644893	-0.829368128569055	0.406896130463816	NA
ENSMUSG00000080895	4.74511938476153	-0.0173331367995533	0.0517741605251189	-0.339383565573367	0.73432079748836	NA
ENSMUSG00000082436	1.95949171817387	-0.0227218723857824	0.0341208500573007	-0.723760430554114	0.469212825963157	NA
ENSMUSG00000107106	7.45887351045623	-0.0173151584161982	0.0617091614583931	-0.284463174270284	0.776055451483273	NA
ENSMUSG00000106994	3.25716257750516	0.00918506488448188	0.044944637395952	0.203127879965202	0.839035080896884	NA
ENSMUSG00000084306	7.03225531441692	0.0536689058848488	0.0630342921016606	0.835269326312004	0.403566083833129	NA
ENSMUSG00000106933	3.49890496927025	0.00124517819554061	0.0465158974342823	0.026654263843878	0.978735492323349	NA
ENSMUSG00000085958	5.2329803898357	-0.0134862970189632	0.0515101256266948	-0.266091463255245	0.790168769409531	NA
ENSMUSG00000080870	2.18622715653687	0.0216184960184183	0.0358392992724057	0.586735695616289	0.557381230237531	NA
ENSMUSG00000107491	2.82562976817607	-0.017209479736263	0.0397701251948966	-0.45135836638985	0.651731284752386	NA
ENSMUSG00000107586	2.03573661341764	0.0141341676751656	0.0353458215099889	0.392986071741837	0.694329768650159	NA
ENSMUSG00000107529	2.49803032086136	0.026626364109893	0.0377280645056927	0.693300593184451	0.488120930869639	NA
ENSMUSG00000107884	1.99439515332686	0.0151086489513588	0.0362807759851482	0.407920694836049	0.68333189881064	NA
ENSMUSG00000107468	2.87913266485527	-0.00560628874392452	0.0387724167275602	-0.147129089172017	0.883030129884551	NA
ENSMUSG00000083240	5.4624472548448	-0.00911954568498365	0.0565947341813336	-0.162029284964976	0.871282792509119	NA
ENSMUSG00000082879	2.62489756619019	-0.0268769541552593	0.0394210483212185	-0.72920892026856	0.465873875499699	NA
ENSMUSG00000025201	5.51595501871718	-0.0105673335955908	0.0571569296416493	-0.186235569566591	0.852260031383961	NA
ENSMUSG00000091922	2.34553566318063	-0.0329021717892133	0.0375917076696993	-0.968266738294533	0.332911171859993	NA
ENSMUSG00000086603	2.23577632264624	0.0410991037054802	0.0349583481247009	1.16590585613261	0.243652511025807	NA
ENSMUSG00000086196	2.26070945332901	-0.015525379524251	0.034743507732487	-0.47153090867419	0.637261652694201	NA
ENSMUSG00000075325	4.35297355232171	0.0324884197281919	0.0517413508218061	0.61423100090221	0.539062690390602	NA
ENSMUSG00002075556	3.05642064113293	0.0269177316432409	0.0428578638643352	0.615742317521497	0.538064603062218	NA
ENSMUSG00002076842	8.20583194436807	-0.013251186206813	0.0665240105802985	-0.20068067282997	0.840948273122186	NA
ENSMUSG00000084644	4.11327761339581	-0.000682622533739954	0.0496705833915367	-0.0137346611952506	0.989041670417093	NA
ENSMUSG00000074647	3.55329889956161	0.0249343110060581	0.0460994327134781	0.528541184883032	0.597123769768215	NA
ENSMUSG00000038259	3.34762509656289	-0.00603291499108376	0.0380330091608096	-0.160523282800962	0.872468882412714	NA
ENSMUSG00000098950	2.88398716342361	-0.0298453339408528	0.0396836005784963	-0.818103171118817	0.413298278303028	NA
ENSMUSG00000077733	7.45145734946176	-0.0437437036183397	0.0642898265807849	-0.701400801252114	0.483052922093122	NA
ENSMUSG00000080994	5.81931117634919	-0.00490736103406561	0.0503306570059901	-0.0977821082633318	0.92210531482906	NA
ENSMUSG00000120389	2.92676481884764	0.0146568993253278	0.0417608581872054	0.343628298837444	0.731125839892286	NA
ENSMUSG00000121263	2.02683641464178	0.0144469860722198	0.0359522965622431	0.394718909411129	0.693050345918282	NA
ENSMUSG00000098004	7.34699109799959	0.0453519582649321	0.0646747980034386	0.688604836546076	0.491071976616945	NA
ENSMUSG00000082543	3.01755374102376	0.0277244138218326	0.0428071357857696	0.632955566426646	0.526762659743996	NA
ENSMUSG00002075647	3.09608660521659	0.000360322165084658	0.0393589828365866	0.00920185566396884	0.992658085046861	NA
ENSMUSG00000085914	5.12497433989073	-0.039200669766066	0.0550479048600767	-0.740853000522349	0.458782575277206	NA
ENSMUSG00000082283	4.94233083051317	0.0215618878371198	0.0474628526486634	0.444736155802441	0.656510437362847	NA
ENSMUSG00000093147	3.90848997681607	-0.00933596252244794	0.0493266612040901	-0.190816476866427	0.848669379202084	NA
ENSMUSG00000064652	2.67243288335171	-0.028216952214008	0.0392010705303452	-0.771103235207339	0.440645743152427	NA
ENSMUSG00000103570	6.06641354188321	0.0728528683434088	0.0580173673811652	1.21779750259289	0.223300933610053	NA
ENSMUSG00000081619	3.74098349854008	-0.00296824291688388	0.044795770636272	-0.0665523437265756	0.946938085776456	NA
ENSMUSG00002075561	2.26555908470419	-0.0277542402109071	0.0353144240967153	-0.873699078902945	0.38228215270362	NA
ENSMUSG00002076284	3.62046452394734	-0.0269110447092271	0.0470323951473627	-0.596154922120539	0.551071736508528	NA
ENSMUSG00000084892	2.01713715189143	0.0422873102112683	0.0363383490700371	1.14030420555598	0.254159586326635	NA
ENSMUSG00000083483	4.85786584310727	0.00466267077796094	0.0530728841691696	0.0872224773209816	0.930494673123517	NA
ENSMUSG00000115955	4.20645134135184	-0.028663927267975	0.0501828257660965	-0.592435523920593	0.55355898418786	NA
ENSMUSG00000083055	2.59008610067488	-0.0262047051703893	0.0389073349028159	-0.719072145015012	0.472096468996599	NA
ENSMUSG00000078896	7.42123187868186	0.0292254622971427	0.064153041830214	0.448403918330518	0.653861714433505	NA
ENSMUSG00000083481	2.37638366373976	0.00499658485163107	0.0394979030169869	0.125554055278445	0.900084933631291	NA
ENSMUSG00000081574	5.70365421927517	-0.0807853516791296	0.0579115387147869	-1.51656229617829	0.129377230792955	NA
ENSMUSG00000086407	2.24458455178442	0.00890095308001949	0.0377964193234725	0.233360789681329	0.815481257979112	NA
ENSMUSG00000033080	9.80822044036366	-0.0152948087363062	0.067994564962343	-0.226251293654417	0.821005978176739	NA
ENSMUSG00000086970	9.83637587131358	0.0293143386109073	0.0663844060395038	0.43552403321893	0.663182098234132	NA
ENSMUSG00000085495	5.48314280057019	0.0555676156086232	0.0565328575080931	0.96276167179801	0.335667139388816	NA
ENSMUSG00000041358	3.8797429276493	0.0253088172736212	0.0443377213319332	0.559921188927548	0.575533195252978	NA
ENSMUSG00000084897	5.73556745833548	0.0659033785819726	0.0556960246064549	1.15054670845897	0.249918767855614	NA
ENSMUSG00000080237	7.09954963054975	-0.0528996632711446	0.0586369109941153	-0.951695605879693	0.341251378514928	NA
ENSMUSG00000083341	3.23442544613376	-0.0300441129553083	0.0440657638901145	-0.720577138971519	0.471169723478533	NA
ENSMUSG00000085317	3.76521440207923	-0.0149963373433183	0.0449721044052493	-0.34196051583839	0.732380606695579	NA
ENSMUSG00000103662	2.82247023438754	-0.019958572865573	0.041524751665162	-0.499773531191858	0.617234550109217	NA
ENSMUSG00000087588	7.73867887116283	0.0111085983807231	0.0660550755813085	0.167344891063148	0.867098684152904	NA
ENSMUSG00000083170	2.53092477425967	0.0265856269000675	0.0397278672504064	0.648499846551592	0.51666171004352	NA
ENSMUSG00000082023	2.55447070399191	0.0127264575550949	0.0402229985204173	0.310542406864156	0.756148516282758	NA
ENSMUSG00000081590	2.34068603180545	-0.0218397363070464	0.0390255255331746	-0.587714147980035	0.556724177576175	NA
ENSMUSG00000094475	4.16687734690587	0.0355651608547461	0.0499602010293589	0.694887464664055	0.487125829046738	NA
ENSMUSG00000102887	9.89836471223066	-0.0481563385143846	0.0691872754561014	-0.715951271666586	0.474021437886797	NA
ENSMUSG00000097638	7.99695967003542	0.0493907330831932	0.0625584052199506	0.773810334625759	0.439042960112331	NA
ENSMUSG00000085330	6.36811145684482	0.00424409132021566	0.058765388102307	0.071721419677676	0.942823609620799	NA
ENSMUSG00002076315	2.55843416894809	-0.0275605754328814	0.040693540405206	-0.718699454865327	0.472326119275311	NA
ENSMUSG00000102875	8.45998480778182	-0.0550366634872836	0.0675325909270488	-0.843106007854744	0.399169159011603	NA
ENSMUSG00000083533	3.08041976294856	0.00986228015669316	0.0406038801159489	0.238361415145021	0.811600791275162	NA
ENSMUSG00000075391	7.50099678118478	0.00484721634879592	0.0640210689916745	0.0757310857709599	0.93963304413208	NA
ENSMUSG00000081730	1.97658988858196	0.0287756829106493	0.0359714530978818	0.776100478192858	0.437689661365947	NA
ENSMUSG00000087278	5.07463584419323	-0.0585787975410062	0.052564811618517	-1.20953914086748	0.226455783206561	NA
ENSMUSG00000076376	1.94899825864221	0.0135854203174837	0.0336588059514001	0.392818655205388	0.694453425136514	NA
ENSMUSG00000089009	3.79449612960563	-0.0190126489337235	0.0486857177469103	-0.399994891697688	0.689160279253614	NA
ENSMUSG00000049560	2.2972061492378	-0.0173402456340244	0.0362391098152782	-0.505290901073204	0.613354532620108	NA
ENSMUSG00000082064	2.38933929710948	0.00464831802535971	0.0390483836061866	0.118278166991948	0.905847256170982	NA
ENSMUSG00000087442	5.00048216595546	0.00275753006823064	0.0516830635186873	0.0532828245741517	0.957506564764773	NA
ENSMUSG00002076675	7.32627046733323	0.0191683793817428	0.0593003389415472	0.320615953512801	0.748501446228957	NA
ENSMUSG00000118630	7.65589911415041	-0.0122131320129426	0.0648788641431674	-0.189361094009539	0.8498098152495	NA
ENSMUSG00000086206	10.222294605814	0.019215465831012	0.0702554855866856	0.270342712539154	0.786896608372389	NA
ENSMUSG00000088018	2.59537918974709	-0.0133424199706751	0.0382011900012298	-0.35855132759029	0.719930763684393	NA
ENSMUSG00000121983	6.52448247703723	-0.022843105492701	0.0612644238558842	-0.37851555307777	0.70504764206297	NA
ENSMUSG00000092201	6.49078409247125	0.0171307636597477	0.0597648726440571	0.284772885792389	0.775818146485896	NA
ENSMUSG00000047965	1.99518935010817	0.00175067903346133	0.0357038923397885	0.0489390940396798	0.960967833634547	NA
ENSMUSG00000086515	6.28813001117521	0.020088305950922	0.059563801710548	0.33289895021478	0.739210561897014	NA
ENSMUSG00000122003	5.67917428067578	-0.0131354408528908	0.050500033908915	-0.262811421871207	0.792695931543731	NA
ENSMUSG00000122212	2.84925793315963	0.031513489179727	0.0411320208752853	0.748955963100056	0.453883748068751	NA
ENSMUSG00000085160	4.76829922485488	0.0191095615298241	0.0515677455925244	0.364933572848359	0.715160992524581	NA
ENSMUSG00000122304	2.04059111198599	-0.0126148635078214	0.0357801648818013	-0.36559059671282	0.714670592822223	NA
ENSMUSG00000120768	3.05847196116529	-0.0269476267358064	0.0435749481566602	-0.647296766614825	0.517439893783665	NA
ENSMUSG00000122691	1.96443331918672	0.00133707030033091	0.0335669603147575	0.039619698071527	0.968396322977766	NA
ENSMUSG00000122731	2.35857839899486	0.0187002553873293	0.0391550599644386	0.465962929516356	0.641242035440802	NA
ENSMUSG00000122876	2.37955293191463	-0.0190369432029355	0.0361534142986652	-0.558132968389101	0.576753589465065	NA
ENSMUSG00000123049	3.63430145654288	0.0126919085904705	0.0474093384530285	0.265281770914356	0.790792406293435	NA
ENSMUSG00000123222	8.51473509332572	-0.0576632837568291	0.0682279596739544	-0.873708540661059	0.382276998628503	NA
ENSMUSG00000123227	2.24988737524298	-0.00605455368918912	0.0371043837150323	-0.164270135162249	0.869518490983336	NA
ENSMUSG00000123233	3.50059019966372	0.000759183092486753	0.0452200787681853	0.0167186945911996	0.986661033118128	NA
ENSMUSG00000087433	7.56034279585044	0.0411952757271819	0.0595007720975249	0.675318342863734	0.499473532513152	NA
ENSMUSG00000123371	9.59904938761298	-0.0166504396185096	0.067736031452656	-0.248954922802406	0.803395650138426	NA
ENSMUSG00000121191	2.32074234458369	-0.00419514265009688	0.0332493228552335	-0.128790738971891	0.897523233728054	NA
ENSMUSG00000087600	2.21222552572082	0.0702187118880909	0.0358509512965824	2.08799294944112	0.0367984706885565	NA
ENSMUSG00000086843	4.20644160696549	-0.00138973020947931	0.0482147552944997	-0.0289402639433451	0.976912233076087	NA
ENSMUSG00000123598	5.99943493505418	-0.00970504176573046	0.0542092753296832	-0.179616080049094	0.85745397994075	NA
ENSMUSG00000123640	5.14948867129329	0.0358206759934346	0.0545404519121238	0.642615271527851	0.520473771278599	NA
ENSMUSG00000123643	8.32818569582648	-0.0497685657715939	0.0660003047299252	-0.78008954243071	0.43533817143658	NA
ENSMUSG00000085633	7.13804632280195	0.0252172997074348	0.0616673244100695	0.403759425777776	0.686389635680266	NA
ENSMUSG00000123758	4.13443121839777	0.0473668714588682	0.0489306242363341	0.9399263902963	0.347255319535507	NA
ENSMUSG00000120668	3.73622583680259	0.0426533998318657	0.0453412428348311	0.912263958798039	0.361629782129369	NA
ENSMUSG00000087496	4.86631771699291	-0.00637887524393155	0.0528887774214066	-0.121577771113615	0.903233418954589	NA
ENSMUSG00000087079	2.03000568281665	-0.0124102569392791	0.035743724664168	-0.359679724310791	0.719086656321731	NA
ENSMUSG00000121241	4.2645720876827	-0.0304212446669865	0.0498006028788545	-0.633916796591924	0.526135123259094	NA
ENSMUSG00000124012	6.29490152186055	-0.00311376993253697	0.0574640174440376	-0.054459766184903	0.956568862926279	NA
ENSMUSG00000124121	2.59493086485688	-0.0281075181360279	0.0407894537378024	-0.733074022272317	0.463513283333401	NA
ENSMUSG00000124222	5.6732944405799	0.0501357789839932	0.0569253415597301	0.863217897695617	0.388017675082533	NA
ENSMUSG00000124304	6.27103670796029	-0.0430098623306425	0.0605019446273661	-0.733950921913583	0.462978650129869	NA
ENSMUSG00000124625	2.15864039379029	-0.00367487283647177	0.0375021658944846	-0.0984753162595854	0.921554871449296	NA
ENSMUSG00000086813	2.14083026185222	0.022482519025573	0.0359394239990284	0.605633595865745	0.544758088085576	NA
ENSMUSG00000124749	7.80682263160523	0.0221406104287433	0.0660298925565427	0.332513125576149	0.739501830230412	NA
ENSMUSG00000087015	5.66025170476567	0.000719752932017426	0.0563144358557049	0.0128168724617351	0.989773895323254	NA
ENSMUSG00000124972	3.52244603180931	0.000806526263449878	0.0469012378951284	0.0171463716490113	0.986319845113918	NA
ENSMUSG00000125024	1.99439515332686	0.0151086489513588	0.0362807759851482	0.407920694836049	0.68333189881064	NA
ENSMUSG00000125053	2.12213883068833	0.0109529781591217	0.0367530475226147	0.291541592931414	0.770637138137619	NA
ENSMUSG00000125116	8.66802881498093	-0.0226838618700824	0.0681332379756096	-0.337452898117655	0.735775513695724	NA
ENSMUSG00000125141	2.20528954453282	-0.0288644907207706	0.0354752774056118	-0.896433228575444	0.370021427042416	NA
ENSMUSG00000125205	3.66585655143882	-0.0113505496759915	0.0433592569698727	-0.268124933234051	0.788603154319554	NA
ENSMUSG00000125224	3.48055940999745	-0.034143840090864	0.0448940083742172	-0.812755288969048	0.416358374817465	NA
ENSMUSG00000085987	8.52866886275211	0.00284251536226634	0.0680811782366531	0.0416827693064111	0.96675159012392	NA
ENSMUSG00000125686	7.59304282661195	-0.0229750338452672	0.0654717990520679	-0.355814487370976	0.72197949885072	NA
ENSMUSG00000125875	3.71348870543119	0.00813887070784728	0.047185375385303	0.170548060730284	0.864579140949176	NA
ENSMUSG00000120632	8.23757097853937	0.0304328215917152	0.0639404440122531	0.469786285041539	0.638507714023781	NA
ENSMUSG00000125940	6.41859463182134	-0.0188188347532507	0.0596765965158779	-0.320088838122164	0.748900986790311	NA
ENSMUSG00000125969	5.26451336420174	0.0221208225283699	0.0550694145487402	0.397174804153082	0.691238560767101	NA
ENSMUSG00000086969	6.14911593083748	0.0229242161872107	0.0587089313063932	0.385132971086746	0.700138901176962	NA
ENSMUSG00000126052	2.22598509025821	0.0350199974341303	0.0374593856958636	0.913620377108475	0.360916355326356	NA
ENSMUSG00000085818	7.63447625634042	0.0136646929877511	0.0648736039908792	0.209608406812669	0.833973317715746	NA
ENSMUSG00000126172	5.32403591306266	-0.0664802979343859	0.0543144849829978	-1.33138828530915	0.183061282020834	NA
ENSMUSG00000126187	3.73320611509991	0.0098111837217804	0.0456492434786643	0.214050698258271	0.83050752176802	NA
ENSMUSG00000126190	6.14822003003214	0.0254794718591086	0.0598870003005555	0.419718863158662	0.674690843407583	NA
ENSMUSG00000120148	2.78437054333661	0.0440127629524064	0.0402813406659967	1.06306878994657	0.287750756731325	NA
ENSMUSG00000053353	7.98964034587181	0.0494239983869846	0.0632651117222684	0.765991883099919	0.443681131874025	NA
ENSMUSG00000126293	4.95675590008476	0.0421706468832921	0.0535876964605764	0.768111842880004	0.442420741609368	NA
ENSMUSG00000085261	3.78074143226142	0.00817564572892159	0.0487475637884539	0.16651319679873	0.867753098604721	NA
ENSMUSG00000126335	2.29323294989527	0.0441215619040224	0.0361210676745242	1.21555363736271	0.224155004529178	NA
ENSMUSG00000126718	2.26239468372249	-0.0184110232034995	0.0373747659364881	-0.51732253277492	0.604931027134824	NA
ENSMUSG00000085975	6.29377870652487	-0.0176435533309876	0.0607659434484558	-0.293482273871544	0.769153546693237	NA
ENSMUSG00000085760	3.57506276206952	-0.0124781981811697	0.0465008419074719	-0.273088865567637	0.784784905533009	NA
ENSMUSG00000126875	6.47528891720531	-0.0899053370840411	0.0584590896799747	-1.70638050609283	0.0879372576932037	NA
ENSMUSG00000126948	3.94372954947381	0.0256715820062419	0.0440570430284994	0.572923516765965	0.566696480898405	NA
ENSMUSG00000127204	8.52892276500553	-0.053183840677799	0.0661859485477509	-0.833748692173007	0.404422613280648	NA
ENSMUSG00000127233	5.86638843423414	0.00556065756844562	0.0584115580986206	0.0946506340461664	0.924592330179509	NA
ENSMUSG00000085193	9.95028673429761	-0.0381880398962789	0.0706258405299405	-0.552491154743179	0.580611892927918	NA
ENSMUSG00000127401	8.71386430016944	0.0120848209865876	0.0656630220348175	0.183041378804121	0.854765551456862	NA
ENSMUSG00000127403	4.61692251531666	-0.0134708561789763	0.0526007997433913	-0.259692949878298	0.795100631298063	NA
ENSMUSG00000127410	2.5219374730393	-0.0264094125356799	0.0401614603459253	-0.69679954330375	0.485928251960235	NA
ENSMUSG00000127513	6.79909910445284	-0.00363808361044176	0.0616754950759631	-0.0591687809751407	0.952817675234494	NA
ENSMUSG00000127559	5.29620763420621	-0.0663548633567312	0.0539600578766992	-1.33644848837542	0.181402726655507	NA
ENSMUSG00000075405	8.97878653202789	0.0426235276175591	0.0694093471836782	0.605480875751771	0.544859527913011	NA
ENSMUSG00000127656	6.56423067637222	0.0142425253468061	0.0604013699237826	0.233974470775402	0.815004797988578	NA
ENSMUSG00000087032	2.58037710353818	0.0265149342087037	0.0405981027768244	0.636082977609632	0.524722339832643	NA
ENSMUSG00000087125	4.02733832259486	-0.0248141800501262	0.0481599870891395	-0.530887241753714	0.595496919328636	NA
ENSMUSG00000127773	4.2113929423647	-0.00345825850525911	0.0495276208278353	-0.0701216761919823	0.944096814060206	NA
ENSMUSG00000127788	3.32170409543709	0.0194426599687634	0.0455728762351524	0.417672249771798	0.676186764211508	NA
ENSMUSG00000085303	3.83910369470215	-0.0189319229024605	0.0468540275162563	-0.415309011421555	0.677915705230084	NA
ENSMUSG00000128046	3.16716298491717	-0.00277847158419337	0.0451041149084085	-0.0618029019003995	0.95071979252525	NA
ENSMUSG00000128135	3.44899944790835	0.00403804533010724	0.045847630353358	0.087965997360375	0.929903701520264	NA
ENSMUSG00000128611	6.48552360729037	-0.0573362853572114	0.0599190683217867	-1.00714944412664	0.313862963632253	NA
ENSMUSG00000128661	6.21873399467493	0.0359111530303164	0.0593786591576831	0.594965299641252	0.551866666442932	NA
ENSMUSG00000128715	2.11315152946796	-0.0415605923072548	0.0362998347854291	-1.317947643952	0.18752117501785	NA
ENSMUSG00000128835	5.41278811678594	-0.0374617532749897	0.0514290982047267	-0.769542967758117	0.441571047116305	NA
ENSMUSG00000087633	5.35655454243574	0.00736741302848014	0.055371580848518	0.132423892507132	0.894649017603016	NA
ENSMUSG00000129129	4.71106464494302	0.0442765772788301	0.0504670385707286	0.859956224519973	0.389813173599983	NA
ENSMUSG00000129131	9.34298924646859	-0.00440293007352004	0.0704265085814072	-0.0626194704605881	0.950069524658227	NA
ENSMUSG00000129257	2.41898224708159	-0.0361711688868728	0.0384954902708404	-1.03896288580426	0.298821997565878	NA
ENSMUSG00000129293	4.26488123746437	0.0469947026262738	0.0494366525027241	0.929275958115706	0.352746091418447	NA
ENSMUSG00000129303	3.61200778286852	-0.000956175218220281	0.0423009138417332	-0.022546382489851	0.982012113514096	NA
ENSMUSG00000129323	9.74954966511856	-0.0342537337287369	0.0702314974757019	-0.497299968306779	0.618977534106284	NA
ENSMUSG00000129388	2.99401754567787	0.0154765936625442	0.0437738486397082	0.348067083742176	0.727789803875962	NA
ENSMUSG00000129431	2.95920121296939	0.0262844631230998	0.0409638387436357	0.623962130681119	0.532652455353431	NA
ENSMUSG00000129560	5.08045387723873	0.0132758374727126	0.0544188081161963	0.241151748835151	0.809437506224477	NA
ENSMUSG00000129628	2.3643190639822	0.0148423607684718	0.0359086036014524	0.40316423749704	0.686827406575771	NA
ENSMUSG00000129706	5.82466628292495	0.0969254160289629	0.0579110797612603	1.63379743556504	0.102301390994751	NA
ENSMUSG00000120727	2.52599290763317	-0.0258347560459286	0.0394257694580068	-0.695494654502744	0.48674535999965	NA
ENSMUSG00000130033	2.59133348953958	-0.038280655973436	0.0384917125835905	-1.11301969684656	0.265699970144085	NA
ENSMUSG00000130043	3.34930059257001	0.0187266545174913	0.0459148077226453	0.400107433248904	0.689077389564401	NA
ENSMUSG00000086575	5.74833915242984	-0.00311984791333413	0.0584887225520614	-0.0534586322262261	0.957366490192455	NA
ENSMUSG00000130195	3.93123197538065	0.0166907065185958	0.0492243882248262	0.33371355874236	0.738595717171723	NA
ENSMUSG00000130260	7.88511884688137	0.00664544939209121	0.0662761516908877	0.0998729666565548	0.920445178504845	NA
ENSMUSG00000070794	3.47042230571833	-0.0185635014314982	0.0412868173691244	-0.467755185720347	0.639959671596479	NA
ENSMUSG00000086109	3.20365968082596	-0.0034369299235614	0.0451510342722226	-0.0765483550898484	0.938982844998455	NA
ENSMUSG00000130791	7.10413075809199	0.0245804252737864	0.0623503916675635	0.388990412012846	0.697283239049371	NA
ENSMUSG00000130839	2.8642697537549	-0.0328128176283675	0.0405175361402683	-0.874751420298645	0.381709175114631	NA
ENSMUSG00000130939	8.36045042294614	0.0827064893960866	0.0682333967462626	1.18407171977076	0.236384673736053	NA
ENSMUSG00000086913	2.04994937003842	-0.0255563911498233	0.0345533123177725	-0.807064648797618	0.419629237784068	NA
ENSMUSG00000131076	2.00418151852171	0.0393602948023107	0.0349252640695893	1.10402366929671	0.269582870367064	NA
ENSMUSG00000131141	8.53667316072263	0.00447369364223714	0.0675498906268046	0.0661325300457785	0.94727231229966	NA
ENSMUSG00000131302	1.93110102425963	-0.0107675788976357	0.0353755567721342	-0.312252070698352	0.754848962215787	NA
ENSMUSG00000131312	7.2651072417925	0.0169686670092519	0.0596031842929058	0.281184062768602	0.778569227816286	NA
ENSMUSG00000131344	2.58117616751267	-0.000503304368679621	0.0409671441071218	-0.0123001463232395	0.990186150615795	NA
ENSMUSG00000131348	7.88525315479674	-0.0304581668819317	0.0549523093093672	-0.571956629135602	0.567351357672593	NA
ENSMUSG00000131396	6.43314352594686	-0.0566656394172066	0.0601502909637006	-0.990710948940866	0.321826743191407	NA
ENSMUSG00000086529	7.81907603783133	0.0679930675040279	0.0651137849200301	1.02199128032999	0.306785027416786	NA
ENSMUSG00000131581	3.11071773459344	0.0242160157151501	0.0411537592322594	0.578469677591919	0.562947063566352	NA
ENSMUSG00000086421	5.69404205896933	-0.00287202511902086	0.0578659444599413	-0.0496464618891112	0.960404121024828	NA
ENSMUSG00000131611	5.85908149621408	-0.032317296878745	0.0583441341553698	-0.567866399294419	0.570125689052617	NA
ENSMUSG00000085201	3.50171301499941	0.0134816329345915	0.0436616458741277	0.305618970303752	0.759894774947036	NA
ENSMUSG00000086462	5.4255893364903	0.0309953798287832	0.0566016349477658	0.539057556459358	0.589847140743849	NA
ENSMUSG00000086995	4.04512898576023	0.00129209033208425	0.0456706322161216	0.0281759936096008	0.977521783945443	NA
ENSMUSG00000086862	4.58843498457157	-0.0228269771131219	0.0505966240492153	-0.464763259955115	0.642101000828647	NA
ENSMUSG00000131890	3.47616297070567	-0.0243324409501742	0.0460731890632134	-0.546421491092184	0.584776240600789	NA
ENSMUSG00000131918	1.98708821530679	-0.0250189848116883	0.035287435657911	-0.768549288642308	0.442160919957526	NA
ENSMUSG00000132196	2.26327598294831	0.0190763617872736	0.0355593597259302	0.52602591846462	0.598870198913372	NA
ENSMUSG00000132287	2.00330021929589	0.000838298496587835	0.0357331488829016	0.0234366991846401	0.981301931322398	NA
ENSMUSG00000132347	3.28917086448448	-0.0171340125051884	0.043077820513418	-0.409698318447881	0.68202726375067	NA
ENSMUSG00000120385	4.90723106994127	-0.0470533621570971	0.0537534414877269	-0.922306946150495	0.35636849185865	NA
ENSMUSG00000109733	9.58022301155643	-0.00929760094159219	0.0708415366856896	-0.131818842012063	0.895127582832325	NA
ENSMUSG00000086775	9.86782035728273	-0.0283136690967012	0.0692816099661274	-0.413311906556321	0.679378107532202	NA
ENSMUSG00000132953	5.59583962755594	-0.0445483744583561	0.0538510127447291	-0.873116082989771	0.38259980850758	NA
ENSMUSG00000133088	2.27454638592455	0.0190410311497074	0.0353758617805405	0.528359309429668	0.597249973932258	NA
ENSMUSG00000133097	7.52093560121337	0.00321553156757308	0.0654588572373173	0.0490278451868137	0.960897105367442	NA
ENSMUSG00000133166	9.37938910554652	-0.0281732841978418	0.0710048347816833	-0.402241644703948	0.687506196539426	NA
ENSMUSG00000133273	3.80508155877497	-0.0177823217712606	0.0469010856525848	-0.389066064445547	0.697227276273165	NA
ENSMUSG00000133293	6.11578363591039	0.0122124874798721	0.0594343756468744	0.203767111515134	0.838535494804194	NA
ENSMUSG00000086416	4.70782362487825	0.00629049994490766	0.0466589848853061	0.132953782582365	0.894229932062999	NA
ENSMUSG00000133467	8.72129992993661	-0.0136729111341441	0.0691080463550336	-0.199045522065738	0.842227135508653	NA
ENSMUSG00000133472	6.18383542671511	-0.0138053938888421	0.0602000289994573	-0.231674798825454	0.816790606510195	NA
ENSMUSG00000133659	5.36141877539044	-0.0447386162737163	0.0555963139810381	-0.841858473520297	0.399867176959288	NA
ENSMUSG00000133757	7.58996552807476	0.0369373766673257	0.063795230540979	0.570026321970543	0.568659845386212	NA
ENSMUSG00000134072	6.77069867615226	0.0350274480494448	0.0617786554035115	0.558051795875097	0.576809015630696	NA
ENSMUSG00000086687	8.4034094797586	-0.0170817780081974	0.0642874493882498	-0.26849107786355	0.788321341675553	NA
ENSMUSG00000134176	3.25716257750516	0.00918506488448188	0.044944637395952	0.203127879965202	0.839035080896884	NA
ENSMUSG00000134209	3.4036896556682	0.0559162057473793	0.0454834854766804	1.19869001420937	0.230648502335437	NA
ENSMUSG00000074813	7.33600454941089	-0.0658790922153208	0.0625618526700742	-1.10722284207321	0.268197594059919	NA
ENSMUSG00000134436	7.71118407805394	0.0215439654432982	0.0647369001749746	0.329131142680942	0.742056565929164	NA
ENSMUSG00000134464	1.93198719067862	0.014802923688746	0.0342474463044561	0.419708918153192	0.674698109358908	NA
ENSMUSG00000079001	2.96722011251943	-0.0109192931744704	0.0436807514777061	-0.254118965520823	0.79940365183011	NA
ENSMUSG00000134591	8.15128846760452	0.019040769982627	0.0612179165457181	0.306642558711176	0.759115456022772	NA
ENSMUSG00000134659	4.0090749985734	0.00219197782950431	0.0484445349532077	0.0452048538636108	0.963944025383582	NA
ENSMUSG00000134713	2.34069089899863	-0.0341264185145384	0.0378612177194754	-0.993043052950414	0.320688973972632	NA
ENSMUSG00000134718	3.25311201010447	-0.00425245887849089	0.0449007932889992	-0.0955423981362066	0.923884015423607	NA
ENSMUSG00000134755	3.43752785232002	-0.0192317115040906	0.043290514333758	-0.461624518711683	0.644350608599689	NA
ENSMUSG00000134775	2.29483594503742	-0.016438998186443	0.0352743978536889	-0.492813331022921	0.622144490370425	NA
ENSMUSG00000134805	5.13395190672475	0.0362378462797586	0.053224858214036	0.665175499137466	0.50593824942927	NA
ENSMUSG00000134850	3.28555813861257	-0.0171284706443163	0.043439539037812	-0.40728404645393	0.683799378685686	NA
ENSMUSG00000134857	6.03997171500222	0.00199095195945476	0.0576730594107716	0.0345220214452136	0.972460882238676	NA
ENSMUSG00000134889	1.9311058914528	-0.0230770199151592	0.0340283180937485	-0.733910648246191	0.46300319687562	NA
ENSMUSG00000134890	6.76620465105453	-0.00164171162023581	0.0580277836325488	-0.0284320484672086	0.977317563547061	NA
ENSMUSG00000120540	5.13271911943958	0.0118013815109319	0.0526253329801778	0.223124259467807	0.823438797920886	NA
ENSMUSG00000085889	2.15467692883411	0.0319100674664821	0.0349744543197859	0.884956792205527	0.376179935621249	NA
ENSMUSG00000135088	1.94405665762935	-0.00982776187633352	0.0336108921843747	-0.30094194704853	0.763458762982054	NA
ENSMUSG00000087527	2.74461747680845	0.0214161717854653	0.041086364920807	0.508051580410735	0.611417170483428	NA
ENSMUSG00000097602	3.37680025287208	-0.00681460795705312	0.0444031853701056	-0.155197029909867	0.876665989708589	NA
ENSMUSG00000135150	3.05721970510742	0.00126016724018227	0.0434435568803515	0.0290848129794982	0.976796948161408	NA
ENSMUSG00000135227	2.90276082983883	0.0406858452179442	0.0401180584942318	0.99709469089687	0.318718549788881	NA
ENSMUSG00000086939	3.98967160587953	0.067149607019466	0.0490579737411943	1.33318351902379	0.182471586472199	NA
ENSMUSG00000135378	3.86913802970726	0.0770078185500864	0.0459661148422088	1.65912385780996	0.0970908366682337	NA
ENSMUSG00000135442	2.59142059198409	0.0080894001602779	0.0361391132188024	0.218195730755889	0.827276611314287	NA
ENSMUSG00000135646	1.96354228557455	-0.00991141961162189	0.03388537577732	-0.301602636019254	0.76295499826916	NA
ENSMUSG00000120864	5.11985545570753	0.0428214562610517	0.0507316767650519	0.827230071649203	0.408106670200024	NA
ENSMUSG00000135672	1.96274808879324	0.00202243845104925	0.0360230513155561	0.0558424985898276	0.955467278766167	NA
ENSMUSG00000075416	3.48381091342366	0.00371013542445232	0.0453610237527194	0.0818560063092887	0.934761218862708	NA
ENSMUSG00000136038	4.85096975889291	0.0512152723916094	0.050775489610857	0.985383816988883	0.324435575687637	NA
ENSMUSG00000120882	3.13155732262055	0.00965662588566576	0.0431038816456468	0.220735598256213	0.825298311656621	NA
ENSMUSG00000063751	5.74023801762846	-0.0292564843912064	0.0581653267680343	-0.514827471087811	0.606673586978143	NA
ENSMUSG00000136210	5.26450849700856	0.0352976891696115	0.0551274465520937	0.629584320654693	0.528966584680862	NA
ENSMUSG00000136281	3.14766275539244	0.0306562895453176	0.0394401610181222	0.753415387540459	0.451200338976823	NA
ENSMUSG00000136474	7.56825437520819	-0.00799682124123669	0.0627783249027281	-0.128474473606424	0.897773497911795	NA
ENSMUSG00000136501	2.95831504655039	0.00306503401474005	0.0432909001685	0.070499068263707	0.943796442124536	NA
ENSMUSG00000136541	9.00074893539068	0.0395386480569042	0.0690152987999802	0.565176123103087	0.571953975452363	NA
ENSMUSG00000087176	4.54384202105458	-0.0650594427620048	0.0524418450838588	-1.35156033784982	0.176516005500594	NA
ENSMUSG00000109604	5.18420816717092	-0.000909211228826302	0.0550934903174021	-0.0165363747995428	0.986806483156785	NA
ENSMUSG00000086546	2.48101925289777	0.0256636279444032	0.0365672322329648	0.687776917442757	0.491593274035091	NA
ENSMUSG00000136603	2.6484288943429	-0.000798614345763486	0.0380207586405094	-0.0211403141383778	0.983133726040339	NA
ENSMUSG00000085768	3.39390329047335	0.0308427442059095	0.045934471729745	0.655848158484214	0.511921826780064	NA
ENSMUSG00000136629	6.4616213223056	-0.0195861485654614	0.0603369100251898	-0.329845335802535	0.741516829577487	NA
ENSMUSG00000136653	8.94723630432513	0.0553121125702529	0.0701406921507414	0.774840488388899	0.438433921259833	NA
ENSMUSG00000085519	6.78175189898451	-0.0054427606780041	0.0599414950116615	-0.0908082492133615	0.927644955211993	NA
ENSMUSG00000087549	5.15581747325669	0.0116944362756051	0.0539733393015695	0.21482761003297	0.829901725737694	NA
ENSMUSG00000136821	2.09543823436075	0.0087754925074315	0.0338111728195202	0.253172834929336	0.800134657412669	NA
ENSMUSG00000086754	3.6805893848397	0.0229614264613504	0.0462045595504817	0.489280943287031	0.624642810760393	NA
ENSMUSG00000086484	3.19881004945078	0.0100768438008692	0.0451911319489608	0.220799697738214	0.825248398942975	NA
ENSMUSG00000137044	2.58434543568754	-0.0262746541488485	0.0395744087054504	-0.70799736027109	0.478946896754329	NA
ENSMUSG00000085222	5.06179916818426	-0.0906711041418959	0.0510524779521164	-2.06944952993054	0.0385039227514763	NA
ENSMUSG00000137264	2.63468393138504	-0.00183847614906347	0.0408180408878945	-0.0452885435262259	0.963877319011631	NA
ENSMUSG00000137278	2.97127554711329	-0.0112149608639059	0.0433929737758814	-0.262804381029546	0.792701358629874	NA
ENSMUSG00000086447	5.14286183988696	0.0123137803449139	0.0548434238107124	0.222536021744845	0.823896634888492	NA
ENSMUSG00000137610	5.4611998659801	0.00498126468885526	0.0565344898726571	0.0880508383862406	0.92983626982742	NA
ENSMUSG00000137616	5.50477171818543	0.0361520578208205	0.0542625899673184	0.650529603435818	0.515350185959947	NA
ENSMUSG00000086405	2.763226672721	-0.0328154997112886	0.0420669176601898	-0.834992102826775	0.403722154824707	NA
ENSMUSG00000137816	8.20302389863891	-0.0268589953018993	0.0674375023995961	-0.40316614625793	0.686826002482347	NA
ENSMUSG00000137906	2.22104835643853	-0.00460686618399987	0.0370103359793586	-0.125859797077471	0.899842906827473	NA
ENSMUSG00000138013	5.21101046752254	0.0106545557013479	0.0557563502511769	0.189950613841563	0.849347830295499	NA
ENSMUSG00000138014	6.48690772995958	0.103461552355229	0.0603513001312735	1.67915483451419	0.0931218717377823	NA
ENSMUSG00000138016	6.81689463481139	0.00913093156453565	0.0599501360034234	0.151740620482859	0.879391517606977	NA
ENSMUSG00000138055	4.05279639725092	-0.024634952198207	0.0490577786037835	-0.519057290974945	0.603720790143588	NA
ENSMUSG00000104106	8.93867711024719	0.0399396306837143	0.0662677966047636	0.59494777707046	0.551878379589104	NA
ENSMUSG00000138170	4.83871635266681	0.00788611361519731	0.0538152057796144	0.14603482347853	0.883893897942501	NA
ENSMUSG00000138200	8.42165820220054	-0.00741282475147294	0.0677481456658378	-0.109595188951706	0.912730426334831	NA
ENSMUSG00000138303	5.63489533413365	0.00888722239644225	0.0543793922651783	0.161710417681072	0.871533900401563	NA
ENSMUSG00000138366	2.19504998725458	-0.0544674744168037	0.0360423356083494	-2.12323008257382	0.0337345762936651	NA
ENSMUSG00000138490	4.93896523691939	0.0155888011437899	0.0534738020735367	0.287838389822401	0.773470449523485	NA
ENSMUSG00000006462	6.09948452947679	-0.0640266280458929	0.0595828625947381	-1.13754934493101	0.255308708695043	NA
ENSMUSG00000138884	4.4734151588563	-0.0229375796679865	0.0511368268610894	-0.459422633572496	0.645930697925863	NA
ENSMUSG00000086186	7.95599890116304	-0.0311971984543598	0.0645334766940531	-0.492017029594904	0.622707304856958	NA
ENSMUSG00000085471	8.53873421514134	-0.0706321785979651	0.0674511023669003	-1.09262949837224	0.274556505676175	NA
ENSMUSG00000139190	3.05721483791424	0.0141942315955996	0.0422510740807354	0.331940481772335	0.739934201742452	NA
ENSMUSG00000139205	2.28019994846739	-0.031366077261402	0.037187489895087	-0.929811253754884	0.352468818529767	NA
ENSMUSG00000087618	6.71350643451808	-0.0243586191313621	0.0586278396514853	-0.423001676261578	0.672294038054548	NA
ENSMUSG00000087524	4.41618544613761	-0.00849233550508552	0.0507599380711265	-0.168878180079156	0.865892462443833	NA
ENSMUSG00000139334	2.65742106275645	0.038449109604546	0.0408218585231139	0.921621820094045	0.356725872818733	NA
ENSMUSG00000139429	8.65181681099183	-0.0461595807436075	0.0678068870184558	-0.700176450071027	0.483817116794333	NA
ENSMUSG00000139458	4.07509568709355	0.000476520835030442	0.0470839532070342	0.0100994574642755	0.991941935802806	NA
ENSMUSG00000139499	4.53310704541305	-0.000293718331428074	0.0468617122337534	-0.00623429334586484	0.995025785813484	NA
ENSMUSG00000139502	4.05818632315399	0.0111887490421908	0.0481587282143802	0.228773381048521	0.819045056994338	NA
ENSMUSG00000139602	2.37153403236458	0.018448442710074	0.0391888787207191	0.459910109554645	0.645580743450787	NA
ENSMUSG00000089898	4.79951331505289	0.00500020660115712	0.0512550113400045	0.0966091886574663	0.92303675913876	NA
ENSMUSG00000139780	2.66713005989314	-0.0152501594555394	0.0397882631892176	-0.396583406405908	0.691674691010038	NA
ENSMUSG00000139796	5.86187980755689	0.0077100924793077	0.0576953668752737	0.133321989144172	0.893938738012996	NA
ENSMUSG00000139876	2.11809313048082	-0.0152674053052149	0.0355125384545143	-0.44681782103823	0.655006602969717	NA
ENSMUSG00000139909	2.22229087811005	-0.00427385766442681	0.0342233597388265	-0.125542988560607	0.900093694277259	NA
ENSMUSG00000121206	4.62096821552417	0.013359045057534	0.0528524660103622	0.250734996256785	0.802019001666602	NA
ENSMUSG00000140052	2.1943380257246	0.022973257445906	0.0376999675682377	0.593996518185026	0.552514441756317	NA
ENSMUSG00000140062	3.39110011193736	0.00260073010141538	0.04370150449626	0.0588723816235848	0.953053756156211	NA
ENSMUSG00000140216	2.67603025866901	-0.0153667732475361	0.0402937768580827	-0.394748687724836	0.693028367045538	NA
ENSMUSG00000121224	4.57388609044605	0.0129854963249079	0.0503768208464993	0.255009223480036	0.798715975387844	NA
ENSMUSG00000140314	2.39992959347199	-0.00955759194250768	0.0388760104766124	-0.25054618001399	0.802164996695942	NA
ENSMUSG00000140326	2.57307016551812	-0.0129046673492285	0.0393939982792927	-0.336738929034346	0.7363137143542	NA
ENSMUSG00000140357	2.20728392470797	0.0464527345644172	0.0359558181886013	1.27010251431654	0.20404811614002	NA
ENSMUSG00000140365	4.25723816193956	0.00715474568649136	0.0489991342660542	0.14448406898288	0.885118235562995	NA
ENSMUSG00000087406	6.54654436898807	-0.0100631891430339	0.0574323031739817	-0.176490407946657	0.859908683752883	NA
ENSMUSG00000120441	9.23851812781324	0.0907115506721535	0.06939895560846	1.27275605110995	0.203104620931929	NA
ENSMUSG00000140522	5.08619940941924	-0.00072740863164279	0.0543400536817136	-0.0133606439008117	0.989340065655239	NA
ENSMUSG00000140556	2.29697436751428	-0.0165333144888953	0.033870834658678	-0.515835500124409	0.605969305853943	NA
ENSMUSG00000140564	2.16268609399781	0.0238991660448604	0.0371687088619848	0.624079763546961	0.53257520310327	NA
ENSMUSG00000140938	1.95869752139255	-0.0120785789647266	0.036131812853963	-0.34350303670823	0.731220056694963	NA
ENSMUSG00000140949	3.38491598925298	-0.0214647992456321	0.0451757381154895	-0.490965939266702	0.623450538151205	NA
ENSMUSG00000140964	2.8305762363821	-0.00717536713421452	0.0414771159334421	-0.175285426905088	0.860855362138556	NA
ENSMUSG00000085852	10.0673051704039	-0.0095633614793483	0.0722006913301699	-0.132840352923199	0.894319640133153	NA
ENSMUSG00000141164	3.77986013303561	-0.0317727428163057	0.0481029227214041	-0.690812097276123	0.489683632277738	NA
ENSMUSG00000141259	6.2883887806218	-0.0517524256664248	0.0589479859683332	-0.922367758886333	0.356336781138796	NA
ENSMUSG00000141293	9.57377038503911	0.0648210585929723	0.0721332733520956	0.882619072931824	0.377442119966499	NA
ENSMUSG00000141340	2.48736265644069	-0.0303903697234975	0.0353973156019667	-0.970698758508722	0.331698310281254	NA
ENSMUSG00000141407	4.39748428058737	0.0059252740966281	0.0512926294623322	0.115105451354795	0.908361539070581	NA
ENSMUSG00000084762	9.0829891468503	0.0386350241725819	0.0688353470256749	0.552947372929377	0.580299447281492	NA
ENSMUSG00000141488	2.69788122362142	-0.00155976012952676	0.0373811461228369	-0.042151871335602	0.966377629541086	NA
ENSMUSG00000141511	5.18818623370663	-0.0770243167105439	0.0540887530046002	-1.57569635019561	0.115095798995222	NA
ENSMUSG00000141757	2.05355161254889	-0.0248860327256513	0.0345185909826594	-0.788370786335617	0.430479853574471	NA
ENSMUSG00000087129	9.70485986477071	-0.0916773058039303	0.0699322970796412	-1.38968080150721	0.164625827185051	NA
ENSMUSG00000141952	7.55419614425057	-0.0445616685006838	0.0618838841060864	-0.742727307641598	0.457646793368719	NA
ENSMUSG00000087148	3.73040293656392	-0.0170472815475358	0.0479033808486254	-0.363544469967441	0.716198199681229	NA
ENSMUSG00000086957	2.65417442652342	-0.0149374737587135	0.0395935701595567	-0.390055169068914	0.696495752302757	NA
ENSMUSG00000142034	4.23258401845116	-0.0238252673081062	0.0435834891871121	-0.569989787413418	0.56868462478563	NA
ENSMUSG00000142078	3.24500600810992	-0.0167846769913277	0.044219551671518	-0.390899495028744	0.695871527242316	NA
ENSMUSG00000142119	9.83375588307787	0.055194831419302	0.0712213533773993	0.762743866480191	0.445616163904963	NA
ENSMUSG00000086657	5.41580297129545	0.00549416799922075	0.0567918397337044	0.0965159328841247	0.923110820388649	NA
ENSMUSG00000142523	3.11850971961314	-0.0285646637939073	0.0442385835686457	-0.677579228410252	0.49803851992226	NA
ENSMUSG00000085417	2.74461747680845	0.0214161717854653	0.041086364920807	0.508051580410735	0.611417170483428	NA
ENSMUSG00000087465	2.41208616286723	0.0169626404710881	0.0390274969693857	0.42632672075434	0.669869789785174	NA
ENSMUSG00000087333	3.02725300377411	0.00189782573850393	0.0408383203049621	0.0464767775238261	0.962930242931898	NA
ENSMUSG00000142758	1.99113878270748	-0.0118005568365548	0.035601328136285	-0.342074382717468	0.732294915445775	NA
ENSMUSG00000142764	3.40359768603052	0.018369696794887	0.0459684607467145	0.393360428498046	0.6940532923022	NA
ENSMUSG00000142774	2.71782977803636	-0.0322916509107559	0.0417892326347949	-0.82458483751985	0.409607332542073	NA
ENSMUSG00000086881	9.50598223087415	0.00476638938513877	0.0692888840541951	0.068788481251368	0.945157986998802	NA
ENSMUSG00000084901	3.89385398024605	-0.0215106999063174	0.0481038282778839	-0.459016462751233	0.646222344048451	NA
ENSMUSG00000085976	2.5754403697185	-0.0130105231977209	0.0395606911342021	-0.338103762307331	0.735284995421822	NA
ENSMUSG00000143152	7.17749023954844	-0.0263691676345136	0.0627962441910898	-0.42615466884581	0.669995146614661	NA
ENSMUSG00000143277	5.95516837465559	-0.015087945357516	0.0510296399230653	-0.30074396884576	0.763609737692276	NA
ENSMUSG00000143295	3.03741032580102	-0.0374454765735543	0.0422989012755571	-0.961460138616116	0.336320858760689	NA
ENSMUSG00000085427	2.64041486198603	0.0241261956281402	0.0399326916283879	0.591418480330367	0.554240060996729	NA
ENSMUSG00000143618	5.72884865729146	0.0100789979486121	0.0573654343865459	0.17447378242748	0.861493133334202	NA
ENSMUSG00000086430	10.2452082713807	-0.0719844563190903	0.0725955384449864	-1.02748681747173	0.304191289658492	NA
ENSMUSG00000143696	7.00875097398728	-0.0430083241843468	0.0599114223596374	-0.744592496030579	0.456518105682048	NA
ENSMUSG00000143838	2.00418151852171	0.0393602948023107	0.0349252640695893	1.10402366929671	0.269582870367064	NA
ENSMUSG00000121255	9.07887094577781	-0.0712249095100397	0.0695142456566899	-1.0657852869151	0.286520713397841	NA
ENSMUSG00000086353	2.84837663393382	-0.00694836856912901	0.0423088295138553	-0.166609151905861	0.867677592177407	NA
ENSMUSG00000121258	2.60788163103343	-0.0123779802985434	0.0384912593464208	-0.331770748698909	0.740062373551022	NA
ENSMUSG00000087196	10.1805096880262	-0.0019882198576284	0.0697123022664018	-0.0284781871049719	0.977280765141072	NA
ENSMUSG00000144132	7.59015741282464	-0.114414500195314	0.0652758403218994	-1.91210609822673	0.0558625868328693	NA
ENSMUSG00000139314	3.55107337464024	-0.021518629695895	0.043796566620002	-0.513555277799532	0.607562953913931	NA
ENSMUSG00000082424	2.42097662725674	0.0419999114457078	0.0377180668998088	1.08796361563153	0.276611170167723	NA
ENSMUSG00000081751	3.59183718111641	-0.00148583229890717	0.0433470900276932	-0.0341519916264194	0.972755949318691	NA
ENSMUSG00000126186	5.8545556162001	0.0180303218001971	0.0557873673067289	0.320000705708677	0.748967795583158	NA
ENSMUSG00000083567	10.0136735819776	0.0386712895258144	0.0708695168025194	0.537540368980565	0.590894407803396	NA
ENSMUSG00000125816	2.18534585731105	-0.0174464693227723	0.0378170058193344	-0.481003380864684	0.63051409586428	NA
ENSMUSG00000082399	2.00903601709006	0.0134848636387191	0.0352469119390406	0.375057400056033	0.707617778107565	NA
ENSMUSG00000132024	3.28035776815312	0.0286861262742943	0.0421597586171979	0.658655381965705	0.510117090589843	NA
ENSMUSG00000140994	4.51308112293996	-0.0516033466160442	0.0525105241571349	-1.0456967745067	0.295701052485991	NA
ENSMUSG00000082377	2.33663546440477	-0.0357403810745764	0.0389478775201242	-1.00626441346098	0.314288394100343	NA
ENSMUSG00000124547	4.2162377065467	-0.00294153525958407	0.0509534376785893	-0.0579857535737044	0.953759976433369	NA
ENSMUSG00000130999	7.38678163561226	-0.00665085850252344	0.0598730005434498	-0.111052043572605	0.911575077115902	NA
ENSMUSG00000085680	8.16661430517463	0.0221130346083829	0.066170404338537	0.329871559007133	0.741497014363216	NA
ENSMUSG00000074912	6.50014235052368	0.00262319700173216	0.0567051097957424	0.046130630583944	0.963206132313068	NA
ENSMUSG00000085135	2.32773039843573	-0.0208125322510681	0.0382586794472099	-0.571580891938135	0.567605943709597	NA
ENSMUSG00000085950	5.85040334477538	-0.0033031195544036	0.0554398439356412	-0.0599292531513639	0.952211981114899	NA
ENSMUSG00000102816	5.42604252857369	0.0276469799809591	0.0554946497200617	0.487678702155128	0.625777439679457	NA
ENSMUSG00000121211	7.78499675159379	-0.0244666029692754	0.0586678934845277	-0.424029229367571	0.671544496640513	NA
ENSMUSG00000128167	6.26080201787522	-0.0768187095261079	0.0587143146060839	-1.41613096399152	0.156737163826024	NA
ENSMUSG00000085599	2.05273794699488	0.0352765337550582	0.0330745061502506	1.05262312021096	0.292513756481433	NA
ENSMUSG00000102196	2.79812524068082	0.0206600903776619	0.0419077041703179	0.482919643457011	0.629152793581003	NA
ENSMUSG00000087203	5.83015050777195	-0.0674384679772195	0.0575092697355363	-1.25992592050544	0.207696087099019	NA
ENSMUSG00000085319	6.75659249074869	0.0620700329945761	0.0573920963752893	1.05969989597619	0.289281150147718	NA
ENSMUSG00000092353	8.13768818392567	-0.0243648269962505	0.0667038974312209	-0.369964785708322	0.711408728620196	NA
ENSMUSG00000085015	2.65462275141363	-0.00361175932138579	0.0403742202176547	-0.0894772529923104	0.928702630543786	NA
ENSMUSG00000087293	5.09799475636877	0.0568054447489843	0.051761645196305	1.07426360990264	0.282704549927763	NA
ENSMUSG00000143821	3.63104508592351	-0.0124809063321078	0.0456157380017819	-0.279443300850195	0.779904644749258	NA
ENSMUSG00000132772	4.22117930755955	0.0220321605946491	0.0502310586705258	0.431919116588127	0.665800200292205	NA
ENSMUSG00000084033	9.99057522816049	0.0422048660772125	0.0729851667154231	0.571236946727323	0.567839036575736	NA
ENSMUSG00002075206	3.63351212695475	0.0102521074546207	0.0449217910463386	0.226023785144666	0.821182921096818	NA
ENSMUSG00000098896	5.81234037583387	-0.0402588123995807	0.0568419185596246	-0.737633507556646	0.460737187926119	NA
ENSMUSG00000134173	2.33267199944858	0.00419099255782472	0.0360288680618261	0.11493382719614	0.908497572525738	NA
ENSMUSG00000122254	1.95544115077318	-0.0359580372968236	0.0343090442369255	-1.21233439540962	0.225384402663544	NA
ENSMUSG00000142115	2.98026284833366	0.0420598179521649	0.0432785619816171	0.944423933885869	0.344953055704006	NA
ENSMUSG00000085737	2.06333311055057	0.0120919066060526	0.0340309249474054	0.350013620092694	0.726328476056511	NA
ENSMUSG00000086192	3.53238194347635	-0.0323419513049613	0.0433985559119315	-0.80144476201049	0.422874210318229	NA
ENSMUSG00000119104	4.88456643943485	0.00542095756303162	0.0536635926238477	0.100405894272339	0.920022090463678	NA
ENSMUSG00000086216	2.13509446405806	0.00994581260410259	0.035396494423302	0.275156392091932	0.7831960883143	NA
ENSMUSG00000092807	2.97136751675097	0.0252679864273183	0.0412239824241742	0.597084131676069	0.550451211766184	NA
ENSMUSG00000142742	2.67118062729383	-0.00246097621806207	0.0403932355025401	-0.0614369716397494	0.95101120884711	NA
ENSMUSG00000132580	5.73695465928602	0.0202873605904208	0.0548920595090868	0.36428919162245	0.715642070043438	NA
ENSMUSG00000126923	4.36672338247275	0.0195439450541498	0.0516945983047281	0.372628462190761	0.709424986331176	NA
ENSMUSG00000118593	3.26606764347419	-0.0044301204113258	0.0447197635933263	-0.100022223016065	0.920326682499868	NA
ENSMUSG00000038751	3.33951422737516	-0.00769163643894271	0.0454488344361523	-0.170680778079142	0.864474777900093	NA
ENSMUSG00000027579	9.05970685375783	-0.0257713093010369	0.0646158140068418	-0.4067555622409	0.684187527578612	NA
ENSMUSG00000139488	2.99895427949755	0.0549628173154154	0.0434015259081381	1.23504102147248	0.216815237554423	NA
ENSMUSG00000133734	4.3216723596792	-0.0039983327065386	0.0478680573510004	-0.0843244790607043	0.932798450236036	NA
ENSMUSG00000085946	7.94357307895978	0.0153388715077395	0.0645106105491035	0.235842595657692	0.813554813742608	NA
ENSMUSG00000140244	4.03172989469347	-0.0227190864322737	0.0481541996156377	-0.487748097826742	0.62572827866286	NA
ENSMUSG00000143466	1.91408995629604	-0.00789283389364726	0.0315153327585711	-0.257382848395097	0.796883241994038	NA
ENSMUSG00000134535	2.74057177660093	-0.00548757815771506	0.0420967214853036	-0.1311922757224	0.895623206227068	NA
ENSMUSG00000087648	3.31359809344253	0.00633742219162146	0.0448259437851546	0.139991451176712	0.888666744847273	NA
ENSMUSG00000131424	2.25474187381133	-0.0312774497618461	0.0366555993401284	-0.938877168069624	0.347793812926092	NA
ENSMUSG00000134129	7.69751648315423	0.0914852916061283	0.0640438242687833	1.38932647103689	0.16473349799155	NA
ENSMUSG00000093752	1.94978758823034	0.0146786311266186	0.0336749006891612	0.423853264910519	0.671672829529331	NA
ENSMUSG00000055897	2.05848347917539	0.0247804111835184	0.0346101224185034	0.701445188684374	0.483025229418877	NA
ENSMUSG00000109931	6.04861314433149	0.0706532275968675	0.0572835075475945	1.19552869643438	0.231880531307927	NA
ENSMUSG00002074943	4.46768422825531	-0.0489582977664206	0.0512606842107758	-1.01715223774439	0.309081013204173	NA
ENSMUSG00000086652	6.40889050187782	0.0174215840502935	0.058398397984297	0.295539085065787	0.767582099402873	NA
ENSMUSG00000136358	2.24863998637828	0.0084394462280362	0.0378053457767497	0.221319727903705	0.824843490182571	NA
ENSMUSG00000077714	2.77547034456075	0.0438260258530697	0.0402555728287464	1.05868815711935	0.289741823131966	NA
ENSMUSG00000137421	2.63151953040335	0.0101093944478233	0.0392002641566673	0.254698127248557	0.798956262794823	NA
ENSMUSG00000125910	5.63038670745639	0.0120054516572734	0.0566833106058831	0.210406949121041	0.833350069437027	NA
ENSMUSG00000027484	7.93009250161677	-0.0439639046467275	0.0650641702504565	-0.693179507522802	0.488196906756057	NA
ENSMUSG00000083732	2.74946710818362	0.00828063595205869	0.0403667078619941	0.202552629896813	0.839484718259678	NA
ENSMUSG00000085766	7.46927234859301	-0.0774358481328688	0.0622147559499362	-1.33240714262191	0.182726436291176	NA
ENSMUSG00000086560	4.65658847940032	-0.0391276097103357	0.0519119723946462	-0.791560495918192	0.428616988801035	NA
ENSMUSG00000128341	6.24791888537048	0.0109785572122996	0.0588277342968138	0.185835340840994	0.852573889254956	NA
ENSMUSG00000083796	2.34888400343769	0.0267020282496094	0.0360254982589211	0.718098314541469	0.472696669336133	NA
ENSMUSG00000087028	5.56548958324702	0.0530393722447033	0.0573171355571418	0.903175968110865	0.366432510239503	NA
ENSMUSG00000006469	8.55933292403588	-0.0322863416782873	0.0676422480697283	-0.486224167321638	0.626808238316586	NA
ENSMUSG00002075003	3.02682489663168	-0.0383115835807404	0.042821068856294	-0.969236498502934	0.332427204421326	NA
ENSMUSG00000144051	4.8911013012035	-0.00746651473668875	0.0531369535349723	-0.141274884753145	0.887652789666064	NA
ENSMUSG00000027460	3.45350320739242	0.0144602420821385	0.044888743351428	0.315505754904806	0.752377682252829	NA
ENSMUSG00000026832	7.5372298404538	0.0880900655699964	0.0644667007236721	1.3307100086638	0.183284448488001	NA
ENSMUSG00000027398	3.45225095133455	0.0440247270729185	0.0461855429172457	0.931599973556355	0.351543296802369	NA
ENSMUSG00000026940	7.36773384919584	0.00481851194106874	0.0629947622307982	0.0760262381697613	0.939398223562893	NA
ENSMUSG00000055882	2.67522632750134	0.024230018786977	0.0403425903136069	0.589787334807936	0.555333234809835	NA
ENSMUSG00000023216	10.1828922783701	-0.0340603437006037	0.0707288577751521	-0.488938391402916	0.624885314624081	NA
ENSMUSG00000074681	3.7174473031942	-0.0168593687213014	0.0478908593961412	-0.359381091705396	0.719310017849691	NA
ENSMUSG00000062175	6.90869164517832	0.025975392665432	0.0596409722474353	0.427026498479035	0.669360027293556	NA
ENSMUSG00000041644	5.40688330374689	0.052746705347643	0.0536024484582179	0.959383765519147	0.33736545051016	NA
ENSMUSG00000027505	4.71030791924622	-0.0155062949428386	0.0493888227169907	-0.318223952990733	0.750315064572058	NA
ENSMUSG00000037727	6.65104607675486	-0.103500231345529	0.0529671775997769	-2.37092150890243	0.0177437987932571	NA
ENSMUSG00000027355	2.21699292184467	-0.0044084002332025	0.0381439491962078	-0.116788075738832	0.907027993266397	NA
ENSMUSG00000026976	8.43227379395717	0.129749501402216	0.0599770250358155	2.15280019716988	0.0313343846546509	NA
ENSMUSG00000089756	4.30423318457318	-0.0456357382768832	0.0512792524324505	-0.943089452306876	0.345635150371213	NA
ENSMUSG00000036587	7.27163723636798	0.0189762190748536	0.0624758374718662	0.300155145801133	0.764058816940209	NA
ENSMUSG00000027470	3.33634009200711	0.028953986447867	0.0430653817176838	0.653253261746365	0.513593018361865	NA
ENSMUSG00000027219	3.1124078321801	0.0112887499201432	0.0406741605911849	0.275101788482629	0.783238037567226	NA
ENSMUSG00000078880	3.22067074878955	-0.00397443503226631	0.0443570116616234	-0.0902089113646752	0.928121202956865	NA
ENSMUSG00000026866	4.07967606566069	0.063379730657514	0.0487742925863095	1.27399495212101	0.202665205145185	NA
ENSMUSG00000027073	9.75474770627175	0.133441553332072	0.0694168697873107	1.88487487235423	0.059446733336018	NA
ENSMUSG00000078887	8.80792419454447	0.0103425791823092	0.0671319275975131	0.153584846420114	0.877937085969558	NA
ENSMUSG00000017767	2.60303199965825	-0.000464220352627663	0.0402458215658499	-0.0115689468166725	0.990769521852702	NA
ENSMUSG00000026828	7.09140690644578	0.0276920584178777	0.062844132770983	0.436296727631695	0.662621455793585	NA
ENSMUSG00000026770	9.54064901711045	0.0450241901320529	0.0677089344124264	0.653475783486767	0.513449596430772	NA
ENSMUSG00000042064	6.51771096635188	0.00121233942308606	0.059343242935723	0.0203234775840646	0.983785327249717	NA
ENSMUSG00000043727	3.4529677800577	-0.0484140912910813	0.0456141282811218	-1.16542986219045	0.243845035445146	NA
ENSMUSG00000027380	2.45747819035871	0.0302416812313131	0.0391327696654545	0.756371815067204	0.449426301624932	NA
ENSMUSG00000070708	3.94903724012555	0.00347218999078582	0.0497005519889287	0.0695893195231773	0.944520538117503	NA
ENSMUSG00000090077	9.73513021171523	-0.0385828601692612	0.0716143212305097	-0.547189287294465	0.584248695215754	NA
ENSMUSG00000074570	6.24828984220254	-0.0541086157672358	0.0599249243582258	-0.944776242903934	0.344773123044685	NA
ENSMUSG00000027107	6.84113040554371	-0.0160010755272696	0.0615279705292296	-0.263351910764219	0.79227935228447	NA
ENSMUSG00000041911	2.96633394610044	-0.0331398887437669	0.0408385268393467	-0.883144248708407	0.377158339296684	NA
ENSMUSG00000068009	3.71981264020141	-0.0021874605981819	0.042043475280934	-0.0522086843032906	0.958362413299152	NA
ENSMUSG00000047841	1.94899339144903	0.0272495629131983	0.0342878429341483	0.768088232340614	0.442434767613014	NA
ENSMUSG00000079009	2.27454151873138	0.0303704470527954	0.0348718884066544	0.855095055107548	0.392498526905198	NA
ENSMUSG00000017007	6.99691328876007	-0.0173410229779048	0.0578682628728535	-0.305050813455605	0.760327451932998	NA
ENSMUSG00000026644	8.65684551444919	0.0248058864707002	0.0677521247578027	0.363067727416113	0.716554291850208	NA
ENSMUSG00000027202	8.78774872559918	0.0231945460041664	0.0688745455371637	0.334088709550255	0.738312619559421	NA
ENSMUSG00000033213	6.68578049666296	0.0125258042318433	0.0584059219642151	0.213476139834152	0.830955597840337	NA
ENSMUSG00000078875	5.21778197820788	-0.0116185768790103	0.0501894732873951	-0.235922488042677	0.81349281780244	NA
ENSMUSG00000068129	7.14166803408513	-0.0222041064283761	0.0606855837347215	-0.372787844850971	0.709306350217333	NA
ENSMUSG00000095648	8.84848384399749	-0.00758641801820392	0.055478917396879	-0.13809859204213	0.890162498503274	NA
ENSMUSG00000060131	4.04397356653321	0.0536674160889112	0.0493990612854886	1.06083639748495	0.288764257941894	NA
ENSMUSG00000035238	8.31090125683677	0.0564107304344182	0.066107617136725	0.835450316720723	0.403464209536162	NA
ENSMUSG00000027401	2.59413180088239	-0.00072411838836317	0.0409979647588998	-0.0177027398345815	0.985875994919188	NA
ENSMUSG00000026809	8.90580774178984	0.00610381986829606	0.0695637424101226	0.0874709798371052	0.930297151731983	NA
ENSMUSG00000012350	5.35339014145404	0.0198017981440325	0.0561387795015984	0.348290131892488	0.727622304078363	NA
ENSMUSG00000027301	4.20239103956481	-0.0138032737006627	0.0488348842719414	-0.288160981030022	0.77322351514071	NA
ENSMUSG00000079497	2.33178583302959	-0.0221095927634201	0.0390057683847113	-0.594516289181864	0.552166850712497	NA
ENSMUSG00000039155	6.11612950780149	-0.0107316051289339	0.0576236436492616	-0.188359935414839	0.850594504408135	NA
ENSMUSG00000074665	3.18577218082973	-0.0542345895741902	0.0433463716621935	-1.41369183531404	0.157452403658453	NA
ENSMUSG00000027568	6.67289736415822	0.0874571632558595	0.0568498007585152	1.50332526204336	0.132755188847871	NA
ENSMUSG00000075267	2.80871553704333	0.00653172668600563	0.0419447336677808	0.15455980961336	0.877168356442476	NA
ENSMUSG00000078898	7.03216821197242	0.00397675514241208	0.0626631876696676	0.0634470545195131	0.949410518613711	NA
ENSMUSG00000044405	2.19019548868623	-0.0291897981010141	0.0365754958663142	-0.876315488804647	0.38085854708889	NA
ENSMUSG00000027157	2.03009278526116	0.0387651151196178	0.0349999031087559	1.08954062059112	0.275915552061958	NA
ENSMUSG00000079008	2.38696909290909	0.00404945274425001	0.0365142505065091	0.110094252787162	0.912334626062949	NA
ENSMUSG00000032671	2.03169091321013	-0.0128669843600314	0.0357535269675149	-0.372722100804743	0.70935528579187	NA
ENSMUSG00000027399	9.18288654304352	0.0577398832857434	0.0692224671511332	0.818914319594862	0.412835299407844	NA
ENSMUSG00000014852	3.34355019319632	0.0391448444252131	0.0416459275247876	0.910520028760156	0.362548323945811	NA
ENSMUSG00000001403	6.37928502299021	-0.0168335367676169	0.0574941576802716	-0.296414802431132	0.766913322290563	NA
ENSMUSG00000027636	8.35948688846899	-0.016839855518892	0.0671552275433971	-0.252978207369024	0.800285053563957	NA
ENSMUSG00000089951	4.71104517617032	0.0923997026794202	0.0501257986096071	1.82819641893654	0.0675200782826046	NA
ENSMUSG00000044083	2.59827433792076	0.0481055667780175	0.0390186880580467	1.20716305951072	0.227369353649325	NA
ENSMUSG00000017720	3.26606764347419	-0.0044301204113258	0.0447197635933263	-0.100022223016065	0.920326682499868	NA
ENSMUSG00000068008	3.64155314703469	-0.0830666547595283	0.04402575709007	-2.71372557253472	0.00665312554890628	NA
ENSMUSG00000038572	2.18454679333657	0.00914843049300002	0.0357774912843138	0.251710663043454	0.80126471440716	NA
ENSMUSG00000095199	2.1269884620635	-0.00220107649568043	0.0367112361934188	-0.0600849157080364	0.952088003777328	NA
ENSMUSG00000026969	4.14898497971646	-0.00245213273315996	0.0499203967222219	-0.0491768821231698	0.960778334364327	NA
ENSMUSG00000078886	4.92828783811237	-0.0190402859541495	0.0511778003901807	-0.380185032901133	0.703808068622975	NA
ENSMUSG00000002104	8.05047716829414	0.0291731916862037	0.0665010619611597	0.434399880133457	0.663998084783332	NA
ENSMUSG00000027249	6.4492011162706	0.0397929951535599	0.0595706180994189	0.653159053622135	0.513653744603849	NA
ENSMUSG00000069132	4.30947906817454	0.0668312812641409	0.0480550997852429	1.36660853488312	0.171748040577717	NA
ENSMUSG00000026890	8.84896137204676	-0.0801395646575457	0.0696765605582152	-1.2025928158873	0.22913392911287	NA
ENSMUSG00000074625	6.81618754047459	0.0705944664899097	0.0618075542045529	1.11560490799285	0.26459129033424	NA
ENSMUSG00000017002	2.37162113480909	0.0636186627234079	0.0366387763317814	1.73787211433049	0.0822333502353105	NA
ENSMUSG00000079277	7.22539893943116	0.088064037749911	0.0519956396019249	1.6861211965128	0.0917724581187706	NA
ENSMUSG00000075217	5.24830622740581	-0.015827451254868	0.055421374387219	-0.29002932273547	0.77179380495049	NA
ENSMUSG00000068614	2.70487414466663	-0.0316657518396737	0.0414751721739423	-0.814751208524713	0.41521473466588	NA
ENSMUSG00000027224	2.27129001530518	-0.00392379629760607	0.0353042976668437	-0.112936574608894	0.910080839469248	NA
ENSMUSG00000083411	5.84689793909577	0.0166978894361877	0.0550823637006492	0.298771259799989	0.765114581234795	NA
ENSMUSG00002076103	5.55155581382062	-0.00817734597793239	0.0532247403242197	-0.155079303458242	0.876758798228793	NA
ENSMUSG00000053593	2.19345672649878	-0.0139372957567326	0.032975357189959	-0.44447278742698	0.656700799034216	NA
ENSMUSG00000005864	9.99679120576112	-0.0183020614641864	0.0691579221929507	-0.266652836314608	0.789736470508929	NA
ENSMUSG00000083049	4.07553352862232	0.0141560290740049	0.049246927238711	0.285083025520286	0.775580534363873	NA
ENSMUSG00000085791	6.20341302429799	0.0232355645932991	0.0594647663975781	0.386155817196647	0.699381273453265	NA
ENSMUSG00000079965	3.09496865707408	-0.0284450227227855	0.0443699423601494	-0.671576951905805	0.501853055204965	NA
ENSMUSG00000065642	2.96891021010608	-0.0216812620617203	0.0401632551051204	-0.566301456727295	0.571188870323453	NA
ENSMUSG00000083595	3.61164169322964	0.0528150453058775	0.0471912873721274	1.0901026467961	0.275667930522479	NA
ENSMUSG00000081473	2.55447070399191	0.0127264575550949	0.0402229985204173	0.310542406864156	0.756148516282758	NA
ENSMUSG00000025527	3.35899985532036	-0.00777556150142565	0.0457865493214681	-0.171464128444599	0.863858834059337	NA
ENSMUSG00000082070	4.94469130032721	0.0528956041629833	0.0530674304332425	0.969381339989242	0.332354959017984	NA
ENSMUSG00000105993	2.1408351290454	0.00978359590316404	0.0368040526253711	0.260639095246613	0.794370837769557	NA
ENSMUSG00000081300	2.06165274735027	0.00016227852079341	0.0357165016646242	0.00456983289124611	0.996353813581408	NA
ENSMUSG00000068014	4.78036382461244	0.00867269938306508	0.0540416972640133	0.159533707746782	0.873248403437849	NA
ENSMUSG00000083554	3.37689708970294	0.0171957995393855	0.0452611438537561	0.373322490374636	0.708908439555326	NA
ENSMUSG00000084932	8.86973915302348	0.0447136414688111	0.0689217113313996	0.640053161844059	0.522138038154906	NA
ENSMUSG00000055109	2.98908081185819	-0.0246354469922557	0.0432533678562372	-0.59552056930191	0.551495553874942	NA
ENSMUSG00000023279	7.32259572395778	-0.0664872589235416	0.0634120901003236	-1.10173951985952	0.270574930561218	NA
ENSMUSG00000102207	6.43411679481036	0.018104596346081	0.0608112193489055	0.29533012738178	0.767741704018572	NA
ENSMUSG00000083906	8.96413593387834	0.0612625431301116	0.0659052336057164	0.909663007568053	0.363000258782542	NA
ENSMUSG00000083223	8.28410869087151	0.0219120341090496	0.0663967526273179	0.32667222991121	0.743915806210336	NA
ENSMUSG00000081761	3.6448917529054	-0.00137955192021105	0.0466309186806334	-0.0297043588897207	0.976302835565889	NA
ENSMUSG00000055691	2.39587415887813	-0.00891894470948285	0.0384648426581242	-0.236320963880334	0.813183620754414	NA
ENSMUSG00000083093	6.84361956710485	-0.0537670257614825	0.0612344535033101	-0.91763439801309	0.358810303040052	NA
ENSMUSG00000086937	2.79891943746213	0.00765727949988208	0.0412436053029828	0.184082038001052	0.853949097281239	NA
ENSMUSG00000048600	2.52687420685898	0.0136904170806528	0.0401666075986923	0.333683387754667	0.738618486448149	NA
ENSMUSG00000081049	9.57559542751842	0.0281190445589996	0.0692786349193538	0.403035484879549	0.686922120096762	NA
ENSMUSG00000081221	7.87903156102785	0.00597295327405367	0.063184777825056	0.0943696981080993	0.924815485765517	NA
ENSMUSG00000076011	3.38490625486663	0.0056449531338004	0.0457928059142937	0.122637996366987	0.902393764787436	NA
ENSMUSG00002076212	6.80720510644739	0.00864237153870078	0.0623683464313128	0.138069008757631	0.890185878587729	NA
ENSMUSG00000081933	2.41208616286723	0.0169626404710881	0.0390274969693857	0.42632672075434	0.669869789785174	NA
ENSMUSG00000083421	8.38074971644535	0.017162443655382	0.0656329766750342	0.259424480409511	0.79530774345727	NA
ENSMUSG00000097961	7.62593728001027	-0.0247612199760936	0.0654586574007566	-0.383100408948279	0.701645316423138	NA
ENSMUSG00000100104	3.30469789466667	0.00611616229529962	0.0448142515806847	0.135066566762583	0.892559243765637	NA
ENSMUSG00000067147	7.51607623545185	0.0407133247837811	0.0644011425048962	0.621162396771048	0.534492778062815	NA
ENSMUSG00000068200	2.88011080091194	0.0538024306504865	0.0406339855758776	1.31089509120387	0.189893209534919	NA
ENSMUSG00000081308	2.26327598294831	0.0190763617872736	0.0355593597259302	0.52602591846462	0.598870198913372	NA
ENSMUSG00000083364	6.26492508614089	0.0231121744052766	0.0589496246441677	0.388156913773423	0.697899916099279	NA
ENSMUSG00000082090	2.87922463449295	0.0307555924724341	0.0413383393905432	0.729450264279979	0.465726280627836	NA
ENSMUSG00000082838	2.95346054798205	0.028783310560027	0.0421414546082622	0.663892617721104	0.506759041476367	NA
ENSMUSG00000085314	2.44937218836416	0.0159110912214272	0.0375458450226674	0.4165447588614	0.677011422299001	NA
ENSMUSG00000087208	2.76456603122339	-0.00594670000761654	0.0376414102231471	-0.158733049966329	0.873879198180462	NA
ENSMUSG00000084265	3.23125131076571	0.00942343627099516	0.0444053107441594	0.210525074562595	0.833257883480876	NA
ENSMUSG00000087155	2.65248919612994	-0.0152252553876996	0.0405749234805502	-0.387612213056904	0.69830302950229	NA
ENSMUSG00002076760	7.56339500944667	0.0278666104981838	0.0628305686711811	0.439570084628663	0.660248511468595	NA
ENSMUSG00000121006	7.55551528500516	0.00074589101888658	0.061685141220634	0.0120504631968146	0.990385354161626	NA
ENSMUSG00000081622	2.19593615367357	-0.0290778409076498	0.0360014039120204	-0.887806267783207	0.374644970841472	NA
ENSMUSG00000088464	5.93407900259315	0.0172124972657826	0.056328299067647	0.303380902988915	0.76159959751541	NA
ENSMUSG00000064398	8.39574693546109	-0.00664407728418676	0.0662120174233453	-0.100465363973889	0.919974879225813	NA
ENSMUSG00000031130	4.80627509135189	0.00805676128298245	0.0535719033554415	0.149662913578009	0.881030569230543	NA
ENSMUSG00000081159	4.05987155354747	0.00978566852904427	0.0459726033422572	0.209565767046978	0.834006600243213	NA
ENSMUSG00000082926	2.59413180088239	-0.00072411838836317	0.0409979647588998	-0.0177027398345815	0.985875994919188	NA
ENSMUSG00000082778	2.69877225723358	0.00920048023658586	0.0386098134291252	0.236496105086592	0.813047729265719	NA
ENSMUSG00000083474	2.36667466660306	0.0486027843997024	0.0350896347728757	1.36627026497156	0.171854150384012	NA
ENSMUSG00000050424	2.48013795367195	-0.00985267388751589	0.0386062245846934	-0.261975284519428	0.793340497001139	NA
ENSMUSG00000082404	6.46567675689947	-0.0200868836858209	0.0604502606702877	-0.337651144331534	0.735626095699065	NA
ENSMUSG00000083392	2.89017615330117	-0.0228102297793583	0.0427442621465726	-0.554722706975618	0.579084342235262	NA
ENSMUSG00000079699	6.24475935158196	0.00973924424792956	0.0584029057800372	0.16602901218395	0.868134118604745	NA
ENSMUSG00000037167	2.8643568561994	0.013752506219245	0.0387335833667419	0.345741409552724	0.729537060897349	NA
ENSMUSG00000083892	2.38608779368328	-0.0369246730021235	0.0393575168096207	-1.0306972858213	0.302682797958988	NA
ENSMUSG00000121950	6.2828743931875	-0.0652691426218277	0.0583335966421506	-1.19139770326908	0.233497494146003	NA
ENSMUSG00000082873	2.51303240707027	-0.0122481333107724	0.0397360353870344	-0.315252552313806	0.752569907253214	NA
ENSMUSG00000082002	3.86748952142321	-0.0191353033833797	0.0475134365271833	-0.414427936240559	0.678560733182902	NA
ENSMUSG00000118604	2.57228083592998	-0.0133412904615634	0.0384213392404259	-0.357111081810558	0.721008648660784	NA
ENSMUSG00000121614	2.54784873977875	-0.0227257883893003	0.0371682872256041	-0.654035552464742	0.513088900768327	NA
ENSMUSG00000122716	2.24583680784229	-0.0192406700354789	0.0373762951275408	-0.537729984801771	0.590763475177325	NA
ENSMUSG00000123176	7.74603788184693	-0.0604112470027285	0.0624629146274488	-1.01223076569751	0.311427729283162	NA
ENSMUSG00000123182	3.00372167562139	-0.025204139460201	0.0432317549372762	-0.60994335726476	0.541899330025102	NA
ENSMUSG00000109128	6.4573168526515	0.0263011475487161	0.0594327370115488	0.435010702377312	0.663554659073058	NA
ENSMUSG00000124689	3.29006189809665	-0.00674960467453295	0.0450398637475727	-0.15069392362002	0.880217166744852	NA
ENSMUSG00000124884	3.51523106342693	9.19610690457861e-05	0.0411712884613373	0.00222814167636974	0.998222201628157	NA
ENSMUSG00000125748	2.11403769588696	-0.0160640002920034	0.0368841203582892	-0.451570954398563	0.651578098496869	NA
ENSMUSG00000120929	5.44735806619139	-0.0198085511118932	0.0560652327122431	-0.360334045751408	0.718597342090222	NA
ENSMUSG00000126297	2.96834292785512	0.00242773570551822	0.0353830145780395	0.0687519295082376	0.945187082188367	NA
ENSMUSG00000126352	2.01793621586592	0.0142262596763019	0.035919065730463	0.388717642837962	0.697485029713063	NA
ENSMUSG00000127494	2.00814498347789	0.00156614193043664	0.0361822150950474	0.043266291657163	0.965489261408677	NA
ENSMUSG00000130925	2.12000527540464	-0.000534607639519729	0.0333709026479969	-0.016189423788829	0.987083272953251	NA
ENSMUSG00000131047	5.53297095387394	-0.0215182730135798	0.0534826495050517	-0.411057166104258	0.681030617447636	NA
ENSMUSG00000131197	8.34327001728672	-0.0287364688501141	0.0680280847185893	-0.428900246110197	0.667995821108506	NA
ENSMUSG00000086426	2.25842148437996	0.0406721943840004	0.0344712503543483	1.17184825846288	0.241257983627192	NA
ENSMUSG00000131833	10.1126848117518	0.0326751674066913	0.0692218595925021	0.465824219747427	0.641341327340353	NA
ENSMUSG00000079694	6.9629065033875	-0.0335749261775724	0.0624282812686978	-0.549140822892476	0.582908811780759	NA
ENSMUSG00000132414	2.60807043750196	0.0397401885449542	0.0361292330676549	1.08231272030158	0.279113595663504	NA
ENSMUSG00000087360	3.22075785123405	0.0469908928069146	0.0440076943682677	1.04205076525588	0.297388143389465	NA
ENSMUSG00000133095	3.71134541576115	0.0229359190134473	0.0460844234879814	0.49079086916077	0.623574368731267	NA
ENSMUSG00000133230	9.22325473427081	-0.0123923856305637	0.0705821800113166	-0.17673453684864	0.859716911394563	NA
ENSMUSG00000133634	4.22691023816054	0.04455147053001	0.0485146567908682	0.895989011782821	0.370258631906866	NA
ENSMUSG00000133776	3.61458404687416	0.0084489306923283	0.0430532057722912	0.192833983280076	0.847088988138964	NA
ENSMUSG00000120533	3.7153137479105	-0.0258537027793653	0.0454354993092969	-0.59729227436437	0.550312261563171	NA
ENSMUSG00000086404	7.43428434888244	0.048808285019831	0.0623544342404156	0.764383184783262	0.444638926381727	NA
ENSMUSG00000135714	7.13627885715715	-0.0285433699543382	0.0573290685122532	-0.512523669923142	0.608284558823832	NA
ENSMUSG00000136028	1.92299988945825	-0.0375823985255401	0.0349500700325284	-1.22617694152511	0.220132096545298	NA
ENSMUSG00000087024	3.92638234400548	0.0296112014231189	0.0491088145549328	0.58860759155641	0.556124540136808	NA
ENSMUSG00000137114	8.15144774846306	-0.0573721738846737	0.0641485952557429	-0.932159108338207	0.351254304670391	NA
ENSMUSG00000137650	4.9179955711928	0.0367291170314926	0.0512279047799124	0.698566036696192	0.484823275103938	NA
ENSMUSG00000137796	9.28734792731252	-0.0134313426581134	0.0696367604140146	-0.194420266554109	0.845846822261841	NA
ENSMUSG00000137992	4.65863493223951	-0.0814912242371697	0.0528470154394444	-1.71910613737842	0.0855950474743472	NA
ENSMUSG00000138314	1.90844612813956	0.0147458326769879	0.0335217399647232	0.425891934306218	0.670186592442553	NA
ENSMUSG00000086676	1.9586877870062	0.0130102293919622	0.0314526169848797	0.402217353720526	0.687524071834414	NA
ENSMUSG00000138691	3.80744689578218	-0.0050435326661281	0.0481729741050613	-0.105512635965191	0.91596904390732	NA
ENSMUSG00000086711	2.27623648351121	0.00636345123332835	0.0353358498306366	0.178831706343273	0.858069848518503	NA
ENSMUSG00000138773	2.54062890420319	-0.0137453263966883	0.0407402097159597	-0.345445479591605	0.729759491251635	NA
ENSMUSG00000139068	3.12265225665151	0.0227886331584087	0.0433245679012551	0.512466724258729	0.608324403170944	NA
ENSMUSG00000139667	3.72803759955671	-0.0299833207648334	0.0472161350008839	-0.663302210250055	0.507137021294392	NA
ENSMUSG00000140118	3.03661126182653	-0.012652907930247	0.0426328793320931	-0.301926506716335	0.762708088720903	NA
ENSMUSG00000086695	7.37423123987998	0.0542548824772431	0.0575126706438742	0.924658388280077	0.355143630933303	NA
ENSMUSG00000120775	4.29337363540264	0.0436926831043181	0.0490845615666389	0.871995428624319	0.383210871413724	NA
ENSMUSG00000140858	3.77184123348556	0.00787362978249215	0.0485112563390628	0.161043315878146	0.872059284727971	NA
ENSMUSG00000141118	6.04526967126761	0.0009370455417684	0.0586587736308545	0.0159263485452356	0.987293149567153	NA
ENSMUSG00000141313	4.19460392173828	0.0191649300514656	0.0429735152090941	0.440112693702126	0.65985548870378	NA
ENSMUSG00000141424	3.02240823959211	0.00145519580391172	0.0432011248642648	0.0336905992528005	0.973123875428032	NA
ENSMUSG00000141477	4.7825022470893	0.00552113119986318	0.0506722306867435	0.107811353391588	0.914145336682913	NA
ENSMUSG00000142283	6.48031762066267	-0.0198430974865993	0.0591926023449425	-0.340925571554061	0.733159613518635	NA
ENSMUSG00000142330	2.18049622593588	-0.0036498297144349	0.0375707938297742	-0.0978443620029837	0.922055880577222	NA
ENSMUSG00000142748	2.44004388244587	-0.021122931202134	0.03645611959173	-0.615152972980183	0.538453701244646	NA
ENSMUSG00000142937	4.34011475578285	0.0513666026286325	0.0489559192823496	1.01912865663317	0.308141891095159	NA
ENSMUSG00000144004	3.26686670744868	-0.0306286568066094	0.0444842891560848	-0.728765111988425	0.466145355989589	NA
ENSMUSG00000144045	2.96801917649392	-0.0378031914531456	0.0432593804048996	-0.94295929572872	0.345701723387549	NA
ENSMUSG00000144171	3.1461013495529	-0.0146463905436888	0.0432231233751	-0.347068916824631	0.728539544541777	NA
ENSMUSG00000082035	4.11327761339581	-0.000682622533739954	0.0496705833915367	-0.0137346611952506	0.989041670417093	NA
ENSMUSG00000126594	2.78913793946045	-0.0324228821662021	0.0416698024133457	-0.835383955650794	0.403501560485921	NA
ENSMUSG00000086008	2.41288035964854	0.00428839624222602	0.0395905025279937	0.107859484159114	0.914107156521781	NA
ENSMUSG00000120242	9.79155037709799	-0.0236955242089861	0.068086073501166	-0.35260304572745	0.724386053919507	NA
ENSMUSG00000137167	2.4356272254063	0.0164356283856497	0.0390777781732526	0.413427643859419	0.679293324591138	NA
ENSMUSG00000087565	7.7589463097458	0.0329071147933823	0.0641438966575784	0.505624345079155	0.613120387781425	NA
ENSMUSG00000087586	3.15252698834714	-0.0151756056419243	0.0433738044208376	-0.358440050278282	0.720014024202086	NA
ENSMUSG00000120303	4.32866041353124	-0.0176043010983194	0.048480777557419	-0.371222249644331	0.710472002415576	NA
ENSMUSG00000031138	3.46512434945294	-0.0216238542833351	0.0450431011782977	-0.498664123613476	0.618016022896951	NA
ENSMUSG00000097953	8.14129042643614	-0.0216103357912709	0.0644515642191454	-0.340548058134333	0.733443837891238	NA
ENSMUSG00000085715	3.52076566860901	-0.0116926837148874	0.0451970714036961	-0.262594987798444	0.792862763681843	NA
ENSMUSG00000082812	4.62787403412488	-0.0659325841803607	0.0521023556350271	-1.3834941985407	0.166513384964635	NA
ENSMUSG00000121754	5.56540734799569	-0.0113960679828115	0.0572394325478239	-0.200901318275234	0.840775736895084	NA
ENSMUSG00000124269	2.19513708969908	-0.00433368111676032	0.0376161878411018	-0.116177141406519	0.907512152578893	NA
ENSMUSG00000081418	5.15354410588716	0.0357871164226917	0.0548413518926344	0.638730290603616	0.522998403870821	NA
ENSMUSG00000082964	2.70847151998393	-0.0132751701421062	0.0373150097302915	-0.37021272817677	0.711223993588313	NA
ENSMUSG00000073060	2.54636470199736	-0.000226110301825908	0.0377872407478391	-0.00597351359617839	0.995233854072837	NA
ENSMUSG00000081782	2.43879649358117	-0.00974098931923465	0.0381173559171765	-0.261446780117668	0.793747985797353	NA
ENSMUSG00000124705	4.57151588624566	0.0141975295495507	0.0526148695580872	0.267053235295748	0.789428173117836	NA
ENSMUSG00000086286	2.65822499392411	-0.00224688591301997	0.0403647009468553	-0.0560739984663926	0.955282857556818	NA
ENSMUSG00000125072	3.60759112582895	0.0398335731147053	0.0473882555424337	0.819988596485661	0.412222608034422	NA
ENSMUSG00000082253	2.52687420685898	0.0136904170806528	0.0401666075986923	0.333683387754667	0.738618486448149	NA
ENSMUSG00000097288	5.01996779390066	0.0031331844540196	0.0546465562479548	0.0573137854726513	0.954295239185262	NA
ENSMUSG00000096966	7.18038052052894	0.0479412444624374	0.0631562345294322	0.744602708766363	0.456511929925454	NA
ENSMUSG00000135059	7.29496737190861	0.0181695767099912	0.059058437252051	0.303997057767633	0.761130132711534	NA
ENSMUSG00000064536	6.33917560120951	-0.0181003671486791	0.060957854262265	-0.300549902149384	0.763757738281019	NA
ENSMUSG00000084007	6.98971367093229	-0.0330408632115652	0.0604699407810231	-0.558954530431784	0.576192752344169	NA
ENSMUSG00000083199	2.79327560930565	0.0309817248640238	0.0401074816945089	0.751703240249325	0.452229541386241	NA
ENSMUSG00000129279	3.54025129655421	-0.0128382992630599	0.0473495398421943	-0.275233235669646	0.783137054261015	NA
ENSMUSG00000025058	8.49576467496745	0.030264880547834	0.0678228254098773	0.442192396155208	0.658349987979028	NA
ENSMUSG00000048621	1.97738895255644	0.00128326745784422	0.0356421419321365	0.0358653831391091	0.971389698351899	NA
ENSMUSG00000056380	5.37231335434145	0.0302774885522213	0.0527648208069077	0.566050908502904	0.571359173855097	NA
ENSMUSG00000009596	8.56524779391223	0.0642978516865598	0.0687564915635102	0.916649691030462	0.359326236597923	NA
ENSMUSG00000142832	2.42303281448228	-0.0228483757872365	0.0382817486406546	-0.630283358147944	0.528509209191502	NA
ENSMUSG00000090084	6.94598253786842	0.0141053571486983	0.0584403882766811	0.238272595210856	0.811669675159973	NA
ENSMUSG00000031383	3.79290286884984	0.0191115495016578	0.0468256490281156	0.401262346790556	0.688226982465597	NA
ENSMUSG00000031364	9.27046947493535	0.17935653250059	0.0677271678668293	2.61056218428055	0.00903935361947524	NA
ENSMUSG00000009941	3.04965399764076	0.0329771375986581	0.0403628423973077	0.78668673135025	0.431465273307575	NA
ENSMUSG00000073294	2.63953356276022	-0.0153557979002851	0.0409822736198018	-0.386504635094264	0.699122970502476	NA
ENSMUSG00000031329	6.78481946313535	-0.039841091831321	0.0608858792056983	-0.674209461536239	0.500178155176792	NA
ENSMUSG00000037636	5.21269569791602	0.00990093306315627	0.055038527501364	0.178796759712902	0.858097289660871	NA
ENSMUSG00000031362	2.85051505641068	-0.00860480932567993	0.0410414055783809	-0.211637365334536	0.832389956243202	NA
ENSMUSG00000031220	5.88285434047666	-0.029522127562381	0.0572971165771559	-0.530321804732207	0.59588883119323	NA
ENSMUSG00000031257	4.58942285501459	0.01041192368979	0.0495176197079453	0.20817400833658	0.835093102352239	NA
ENSMUSG00000067878	4.99318009512857	-0.0486226255118828	0.0540816152166051	-0.949792360734043	0.342217768294722	NA
ENSMUSG00000055555	8.48790018908277	-0.0044420489338226	0.0617880911591483	-0.0724461267562806	0.942246877363056	NA
ENSMUSG00000031250	6.31842311562691	0.0437082318125375	0.0569870418285511	0.75323504233893	0.451308685214934	NA
ENSMUSG00000031163	8.18023956179665	0.034051572762475	0.0637213570649727	0.528362923508608	0.597247465989127	NA
ENSMUSG00000085139	4.94579464689019	0.110733418357173	0.0510656918547255	2.17615617506678	0.0295435846413799	NA
ENSMUSG00000023070	2.88001883127426	0.0188385765149118	0.0415784771025609	0.446561137218967	0.655191960758737	NA
ENSMUSG00000045802	8.81058269380144	0.0836013338186581	0.0693865557552638	1.17884627524774	0.238459393905987	NA
ENSMUSG00000031125	3.50868646727192	0.0363177584376091	0.0438959420751555	0.801084507406415	0.42308272452002	NA
ENSMUSG00000072945	3.49756074357469	-0.00742337090353908	0.0419542875744002	-0.180296470403076	0.856919826477714	NA
ENSMUSG00000041700	3.58573529368336	0.0386130106314365	0.0466020434989576	0.807005423317209	0.419663358603352	NA
ENSMUSG00000050921	2.18534585731105	-0.0174464693227723	0.0378170058193344	-0.481003380864684	0.63051409586428	NA
ENSMUSG00000062168	4.7212073653904	0.0478843547308847	0.0529543844609597	0.879438074880417	0.379163795353901	NA
ENSMUSG00000009670	4.12895419005019	-0.0364255318339454	0.0481016338024928	-0.804193567649389	0.421285193083231	NA
ENSMUSG00000031394	6.89597266072529	0.0168898655769623	0.0602116788907432	0.277488976033988	0.781404669452285	NA
ENSMUSG00000035277	1.97650278613745	-0.0262715454653795	0.0362259851117782	-0.78228176450563	0.434049001266692	NA
ENSMUSG00000042433	6.88051738243299	0.0430245706192846	0.0537935893576259	0.786147842560826	0.431780878420708	NA
ENSMUSG00000031390	5.72480295708395	-0.0159120380007233	0.0577247096673937	-0.278825840120938	0.780378483013421	NA
ENSMUSG00000057000	3.30301753146637	-0.00666553110640771	0.0441846394444219	-0.151865185529329	0.879293267668248	NA
ENSMUSG00000045010	4.76652202482372	-0.017040852764544	0.0536972360557906	-0.322668992489652	0.746945937462916	NA
ENSMUSG00000025333	1.97165315476228	-0.0119902028854191	0.035748657283828	-0.345275864542443	0.729886989560675	NA
ENSMUSG00000051220	9.76866995239996	0.0337036727180005	0.0687996177577835	0.483965219142524	0.628410553145162	NA
ENSMUSG00000005696	9.73525954043963	-0.0568271063264046	0.0644704957305235	-0.925150365795283	0.354887697443002	NA
ENSMUSG00000042498	3.36225135874656	0.0324303115814503	0.0459603286578527	0.687483607231472	0.491778027395231	NA
ENSMUSG00000031397	2.8127709716372	0.00585013458308044	0.0412592118569726	0.140762180979777	0.888057820728637	NA
ENSMUSG00000031410	2.34879203380001	-0.00826910555421433	0.0387375852284005	-0.216652264590051	0.828479351690052	NA
ENSMUSG00000105401	7.02415904680872	0.0150307573430695	0.062386669335511	0.239316306801286	0.810860321737095	NA
ENSMUSG00000098006	2.36747859777072	0.018675901236418	0.0389304537419733	0.468328298379797	0.639549834640913	NA
ENSMUSG00000102525	7.04519634620712	0.0869594783240242	0.0612196882599116	1.38620878188762	0.165683160701042	NA
ENSMUSG00000102498	4.00898789612889	-0.0480334408957315	0.0483113500336214	-1.07693802670403	0.281507953194014	NA
ENSMUSG00000027790	3.84511361249752	-0.0950936609822645	0.0469167641283714	-2.84561877861598	0.00443252249176138	NA
ENSMUSG00000102420	9.72505999213282	0.0474232110854274	0.0720675935250344	0.648130591462946	0.516900489424817	NA
ENSMUSG00000106073	8.69766203056669	-0.0350671685800568	0.0676882446368114	-0.528488158834884	0.597160563519746	NA
ENSMUSG00000103920	5.09262504821349	-0.000995227582679429	0.0505847069810883	-0.0196492948456018	0.984323139810857	NA
ENSMUSG00000104782	8.96688608032204	-0.0375704309737009	0.0650499266897523	-0.593293045667748	0.552985052064567	NA
ENSMUSG00000070443	6.08131879126127	0.0106790455014187	0.0526653745046028	0.19994013211053	0.841527403203641	NA
ENSMUSG00000102370	6.07322739084624	-0.036028513232283	0.0574429943658027	-0.645667178826825	0.518494920620606	NA
ENSMUSG00000106496	6.34817263681623	0.00626894023795532	0.060166155390735	0.103744847130653	0.917371835788091	NA
ENSMUSG00000106619	1.97650278613745	-0.0262715454653795	0.0362259851117782	-0.78228176450563	0.434049001266692	NA
ENSMUSG00000105710	10.1763150783238	0.0586714268244904	0.0711933515496112	0.812307359355139	0.416615288760394	NA
ENSMUSG00000090095	2.02279071443427	-0.011849807216794	0.0339172739624983	-0.362301047130926	0.717127075757292	NA
ENSMUSG00000074517	5.30180912408501	-0.00366893684874735	0.0550072972651429	-0.0671338811041279	0.946475121506586	NA
ENSMUSG00000104043	7.57648008353858	-0.0100765388260601	0.0634863435098824	-0.159375990701662	0.873372653764721	NA
ENSMUSG00000102805	2.89908121927021	-0.0361864889217552	0.0425165669935386	-0.915888241288732	0.359725514793285	NA
ENSMUSG00000047819	3.5946403596524	0.0261187202757491	0.0473038644962685	0.541046121834332	0.588475793017953	NA
ENSMUSG00000102919	4.51633749355934	-0.0241885946776976	0.051468775296211	-0.482081290045203	0.629748200469907	NA
ENSMUSG00000106422	4.49323427254905	-0.00919550906881283	0.0481598369342272	-0.193529192947429	0.846544545524979	NA
ENSMUSG00000083353	9.42840359329626	-0.0405760618705519	0.0700875101545761	-0.590794192061055	0.554658326965118	NA
ENSMUSG00000054779	7.13464262114637	0.0483456184234001	0.0578427213834556	0.811727622167643	0.416947940899203	NA
ENSMUSG00000105063	8.90914148046737	0.0996847630822474	0.0682624697671863	1.4221600013461	0.15497980750776	NA
ENSMUSG00000104696	4.34344595657345	-0.058528606071094	0.0464553424519963	-1.43909105282213	0.150124726674826	NA
ENSMUSG00000106047	4.17604679848976	-0.0328455812120812	0.0450509761890234	-0.778149356524329	0.436480968502539	NA
ENSMUSG00000106385	5.69675326786764	-0.0129203720279427	0.0567753824724821	-0.230721135578488	0.817531452661002	NA
ENSMUSG00000105290	3.02072300919863	0.00193740821240248	0.0433910265599924	0.0446578678439005	0.964380016760437	NA
ENSMUSG00000106018	3.27630233355926	0.0310817431351255	0.0435662536223944	0.690402500559976	0.489941104664767	NA
ENSMUSG00000106166	3.72826451408705	-0.011639136342412	0.042362547609403	-0.28247984384161	0.777575599811956	NA
ENSMUSG00000104605	4.22108733792187	-0.0161048316709295	0.0508318805938988	-0.322929715546995	0.746748471210808	NA
ENSMUSG00000106062	4.68878070565501	0.0056835771278257	0.0447510591338977	0.125693418887695	0.899974611517216	NA
ENSMUSG00000105359	2.86132740011037	0.00641317625030101	0.0410814485383977	0.155509456440292	0.876419699471217	NA
ENSMUSG00000064984	6.1392278616186	-0.0116715276601172	0.0587130005013086	-0.200627979471772	0.840989478426154	NA
ENSMUSG00000064390	9.18888185925936	0.0233371267247368	0.0692040200554668	0.333485142328226	0.738768102926002	NA
ENSMUSG00000105774	2.2129374872508	-0.00385104745345514	0.0376678670972406	-0.103295454428786	0.917728483162939	NA
ENSMUSG00000105119	2.88647145779158	-0.0532776073287202	0.0393436396309054	-1.60436449537376	0.108633732319415	NA
ENSMUSG00000106612	3.28960870601326	-0.00470427682235875	0.0438901586616317	-0.108384042839751	0.913691058534479	NA
ENSMUSG00000104963	3.91165437779777	-0.0209934556878675	0.0481066912124075	-0.448487360032435	0.653801506441031	NA
ENSMUSG00000105202	6.25100591829402	-0.0722059396751197	0.0574770796005177	-1.36579042453261	0.172004752721145	NA
ENSMUSG00000105445	2.37549749732076	-0.0190201388106153	0.0365124277468481	-0.551699722498607	0.58115410012692	NA
ENSMUSG00000105568	4.8070692881332	-0.00436306151414662	0.0535472979167347	-0.0819390012691242	0.934695220170448	NA
ENSMUSG00000105822	4.06788558590434	-0.0136857295996239	0.0494719724276106	-0.280027752287016	0.779456213067292	NA
ENSMUSG00000089988	5.41049041345054	0.0353161544074184	0.0493319864114994	0.703456799747838	0.481771119883175	NA
ENSMUSG00000104888	2.4356272254063	0.0164356283856497	0.0390777781732526	0.413427643859419	0.679293324591138	NA
ENSMUSG00000063689	1.98055822073132	-0.0238109947542394	0.0342317477307543	-0.755990940207388	0.449654627612096	NA
ENSMUSG00000072387	7.23400237456889	0.0147913493047496	0.0533466740201935	0.274055359183461	0.78404207907051	NA
ENSMUSG00000103940	4.8992170375844	-0.0204613374163105	0.0520398396182187	-0.401030777272958	0.68839746442545	NA
ENSMUSG00000102895	2.55042013659122	-0.000704122088815082	0.0393648908114214	-0.0178635639749099	0.985747696108997	NA
ENSMUSG00000106258	3.23926534312258	-0.0141123516753394	0.041730658163384	-0.348855441951322	0.727197838252067	NA
ENSMUSG00000106092	2.27050068571704	-0.00525285131491421	0.0363587468816872	-0.146776949359496	0.883308079355713	NA
ENSMUSG00002075346	3.0910051921179	0.0108689469728228	0.0431803301963427	0.24728836830526	0.804685060052858	NA
ENSMUSG00000106447	2.37638366373976	0.00499658485163107	0.0394979030169869	0.125554055278445	0.900084933631291	NA
ENSMUSG00000105144	8.94150050653096	0.0430960445380531	0.0699880787083664	0.606792802683474	0.543988425157814	NA
ENSMUSG00000074603	2.81276123725085	0.0336978357349592	0.0418872318672986	0.784152470734099	0.432950650132649	NA
ENSMUSG00000102732	2.60303686685143	-0.0147547514903235	0.0408963840826925	-0.37115573127232	0.710521543196835	NA
ENSMUSG00000102423	3.10704299121799	-0.0601758897191667	0.0412003273214825	-1.71466088899383	0.0864074181864523	NA
ENSMUSG00000104339	2.85051018921751	0.00412118295731431	0.0398388088859894	0.102160572697037	0.918629222395102	NA
ENSMUSG00000065669	6.93494878380887	0.00533923366648906	0.0631170611410787	0.0843393835843506	0.93278660035916	NA
ENSMUSG00000105466	6.6538194151545	-0.0612733431293907	0.0604995636168747	-1.0687953993935	0.285161872836274	NA
ENSMUSG00000105558	4.92996820131267	-0.00853918982854351	0.0545835014300722	-0.157500422408243	0.874850475015289	NA
ENSMUSG00000104687	3.43156027280233	-0.0366379370978316	0.0459759302678961	-0.845106526735556	0.398051364574168	NA
ENSMUSG00000105971	3.43649700662201	0.00227019072573549	0.0450876030229941	0.0499416945899681	0.960168851262527	NA
ENSMUSG00000105397	2.03485531419183	-0.0244459452969721	0.0348654783723783	-0.765645901385603	0.44388702459935	NA
ENSMUSG00000105973	3.13551592038356	-0.0155285809663835	0.0446976225942565	-0.355201653107545	0.722438526372907	NA
ENSMUSG00000105719	7.37099021981521	0.0272110329568401	0.0620957805930412	0.43057821111975	0.666775087001595	NA
ENSMUSG00000105691	5.24480082172619	0.00589508640062655	0.0518573574559314	0.112645806083109	0.91031136813641	NA
ENSMUSG00000105259	3.02445955962447	-0.0468048771827651	0.04073346301569	-1.30804639086414	0.1908575748943	NA
ENSMUSG00000105217	6.98519530986869	-0.0074262665863669	0.0621930703722977	-0.120083845051633	0.904416729561425	NA
ENSMUSG00000074483	2.46447111140392	0.000792780140582097	0.0368240675239709	0.0213525251894367	0.982964444331455	NA
ENSMUSG00000106197	8.82108102052628	0.0329336862222209	0.0678289015999147	0.479951794313959	0.631261670807896	NA
ENSMUSG00000106568	5.70867318834618	0.0222163571385515	0.0567564864952972	0.385568769656465	0.699816066248721	NA
ENSMUSG00000105824	5.11976348606985	0.0122687251724361	0.0530720949437052	0.229913796035594	0.818158755788645	NA
ENSMUSG00000103034	8.40972368014247	-0.00388515490485196	0.0669955504998085	-0.0582054540401526	0.95358497639411	NA
ENSMUSG00000072381	9.04649245094151	0.0386390911568597	0.0682489295324777	0.557210747497757	0.577383447495639	NA
ENSMUSG00000106149	5.50571059424576	-0.0191656086587554	0.0545288438607495	-0.35947029888801	0.719243293043495	NA
ENSMUSG00000105855	5.51136415678859	-0.0668144447052671	0.0541203039356806	-1.35372268198253	0.175824868933825	NA
ENSMUSG00000106290	4.06867978268565	-0.0259252845635386	0.0493463471435845	-0.541874787594491	0.587904766411627	NA
ENSMUSG00000104092	2.36343289756321	-0.00905352683069346	0.0390305523516078	-0.235630717581701	0.813719235325357	NA
ENSMUSG00000103592	6.95961752887679	0.00489905954034134	0.0597494948407072	0.0820293277823575	0.9346233918398	NA
ENSMUSG00000058921	4.81732344699097	-0.0164652964515977	0.0478334520982955	-0.350877789836221	0.725680034592561	NA
ENSMUSG00000105302	2.46447111140392	0.000792780140582097	0.0368240675239709	0.0213525251894367	0.982964444331455	NA
ENSMUSG00000106596	2.84520736575895	0.0183718195272246	0.0407210984847667	0.443299669406682	0.657548994886561	NA
ENSMUSG00000104677	3.47896614924166	0.0030205647334407	0.0452147611500743	0.066838359661051	0.946710385079661	NA
ENSMUSG00000106211	2.50324604187541	-0.0347789652125583	0.0376657182122925	-1.03350784027723	0.30136630335965	NA
ENSMUSG00000106528	2.84758243715251	0.00553273439578772	0.0410520665049608	0.134141538990778	0.893290653085006	NA
ENSMUSG00000105293	6.77084822262445	-0.0209689197060557	0.0563150119741721	-0.381542993490524	0.702800375289155	NA
ENSMUSG00002075512	4.40233877915572	-0.0208261191535501	0.0517369593663203	-0.412077376073215	0.680282710522175	NA
ENSMUSG00000105226	3.40765312062438	0.0183517121417458	0.0465061274210018	0.388655270916627	0.697531174558436	NA
ENSMUSG00000093390	4.77057745941759	-0.0175287169567707	0.0537725960202144	-0.331451304236128	0.740303617616396	NA
ENSMUSG00000050075	2.24863511918511	0.0225768311198614	0.0378538319962182	0.584544921043149	0.558853751974312	NA
ENSMUSG00000104333	7.01587883992516	-0.0974253972356476	0.0625497126927199	-1.69600557867942	0.0898848235770011	NA
ENSMUSG00000106071	3.75808653614135	0.0345805052865376	0.048321023388422	0.697749561546422	0.48533382733901	NA
ENSMUSG00000087108	6.49697794954198	0.0144364341447327	0.0598174308666885	0.238958674392721	0.8111376275569	NA
ENSMUSG00000105053	3.22631944413921	-0.0438818987788028	0.0445553068121355	-1.07237825872162	0.283550169128814	NA
ENSMUSG00000104235	3.63827465588542	-0.0522413431222332	0.0461835153204728	-1.24935732595123	0.211534409296642	NA
ENSMUSG00000104125	5.24177136563716	-0.00260155351673165	0.0547913579571105	-0.0476841631752867	0.96196795570009	NA
ENSMUSG00000039617	2.11888732726213	-0.0292895084338461	0.0367678961976233	-0.867337601827639	0.385757059798735	NA
ENSMUSG00000105659	2.36422222715134	-0.00577406321830221	0.0337696763735532	-0.174139004679463	0.86175622017118	NA
ENSMUSG00000105199	2.33178096583642	-0.00740240182805381	0.0382062214546762	-0.196421902035055	0.844279954808469	NA
ENSMUSG00000065130	2.14399466283392	0.00978751227867449	0.0347463842441146	0.275983160384204	0.782561000202895	NA
ENSMUSG00000102397	4.62511561975572	0.0497112794433909	0.0521658174710822	0.930641869874957	0.352038848437206	NA
ENSMUSG00000087795	8.88845566912833	0.0148894864002757	0.0659647823418451	0.223244677535904	0.823345081578845	NA
ENSMUSG00000078162	5.11290000574683	-6.9291351836108e-05	0.054939937506755	-0.00125914408289503	0.998995348641902	NA
ENSMUSG00000104969	9.48066396830393	-0.0287095484516216	0.0699913060735576	-0.416816424280488	0.676812688046169	NA
ENSMUSG00002076123	2.0040944160772	-0.0124515093224067	0.0362964400436584	-0.354214911530268	0.723177829341379	NA
ENSMUSG00000093434	2.5050183747134	0.0122922891949502	0.0379331389524934	0.316459068255763	0.751654088713155	NA
ENSMUSG00000106089	3.434455420976	0.0280357395957553	0.0448669344616434	0.611864553241778	0.540627375610754	NA
ENSMUSG00000056025	3.613693013262	-0.00175205281068641	0.0456832977306466	-0.0382442454446613	0.96949294391817	NA
ENSMUSG00000088772	2.46242465856474	0.0380600253525929	0.0373492906436236	1.00248676552155	0.316108555299084	NA
ENSMUSG00000048916	3.25479237330477	0.00792075274392309	0.0420345181138817	0.187068670104364	0.851606792138581	NA
ENSMUSG00000027831	2.27209394647284	-0.0420119582683278	0.0361947120173884	-1.35635142418947	0.174987380927374	NA
ENSMUSG00000103206	5.78158434491243	-0.0417871247448634	0.0575922332299407	-0.753979851384417	0.450861320393923	NA
ENSMUSG00000036853	9.75184769090491	0.0940488138199118	0.0714836934548692	1.28509554161314	0.198758899365532	NA
ENSMUSG00000105456	2.72276651185603	0.00798964559886504	0.0412644544513235	0.190866957119442	0.848629828612667	NA
ENSMUSG00000103761	4.22602893893473	0.00929944408163833	0.0503311602101394	0.183552672509178	0.854364394033437	NA
ENSMUSG00000102369	2.63673038422423	-0.0428661453405317	0.0406755644918336	-1.1700073148976	0.241998025141711	NA
ENSMUSG00000105639	7.42934761506276	0.0145781510770726	0.0620907650237438	0.232310075658792	0.816297187245615	NA
ENSMUSG00000105358	3.88133132121192	0.00508980080363032	0.0462100572473105	0.109888055468995	0.912498155527289	NA
ENSMUSG00000078601	6.80145957426688	0.0223183857324265	0.0618728284093917	0.357297163261055	0.720869353416893	NA
ENSMUSG00000106218	3.24951463478717	-0.0184537496646947	0.0438927613235266	-0.431500420393503	0.666104547007921	NA
ENSMUSG00000102625	9.90939846629021	-0.0412156293185075	0.0718248593482341	-0.58463195681059	0.558795215153029	NA
ENSMUSG00000093699	5.24741519379365	-0.0268078933581532	0.0545230611697761	-0.506346610369632	0.612613347480677	NA
ENSMUSG00000091272	2.29728838448913	0.0397525550351471	0.0345446200268204	1.14881889847948	0.250630664964391	NA
ENSMUSG00000102775	6.12379280107409	0.000764133172475216	0.0580596815837029	0.0131564166151559	0.989503001131344	NA
ENSMUSG00000102466	7.12456986367704	-0.0699704410653217	0.0614735208688157	-1.21245674593142	0.225337590307205	NA
ENSMUSG00000087893	3.66350094881796	-0.0473302322709478	0.0437817160845995	-1.20789585522984	0.227087324076411	NA
ENSMUSG00000086189	2.99490371209686	0.0405925961995049	0.0429592803427887	0.91958699234358	0.357788626717143	NA
ENSMUSG00000093865	3.75640130574787	0.0302821262508186	0.0449904074151507	0.65551719446822	0.512134819591304	NA
ENSMUSG00000063328	3.45342097214109	-0.0489688319411541	0.0453893540927945	-1.18387758119619	0.236461525841579	NA
ENSMUSG00000090066	9.17258275282576	-0.0413272200305257	0.0658224274670407	-0.645031859311567	0.518906539833998	NA
ENSMUSG00000105925	5.70485440266901	0.0118903457398372	0.0561331734215187	0.210965121570043	0.832914487773583	NA
ENSMUSG00000103024	2.38123329511493	-0.00855819366584254	0.0390744512177322	-0.22291219318391	0.823603846354294	NA
ENSMUSG00000042861	3.80339146118832	-0.00428883052041117	0.0466431316665789	-0.0926604487977561	0.926173319064136	NA
ENSMUSG00000000562	9.62923263211299	-0.0106305846631204	0.0719357692430093	-0.148288753467249	0.882114890666701	NA
ENSMUSG00000092072	1.98064045598265	0.0400085346681453	0.0348634373254177	1.12024725118015	0.26260841347786	NA
ENSMUSG00000098397	5.34854051007887	0.0328255008128858	0.056423163097905	0.570855548050116	0.568097565339571	NA
ENSMUSG00000090005	3.25222584368548	-0.0294920484356112	0.0440784566159342	-0.708427317237035	0.47867993339724	NA
ENSMUSG00000104649	1.989453552314	-0.0103043717772038	0.0339858574203467	-0.313465382775214	0.753927116886977	NA
ENSMUSG00000106455	3.24420694413543	0.00942072151211999	0.0449289872796052	0.208228932376871	0.835050218906719	NA
ENSMUSG00000105813	5.89706222990426	-0.0568611545191641	0.0577460474479903	-1.04096211585533	0.297893131024325	NA
ENSMUSG00000106022	4.92591763391199	-0.0220040150061982	0.054773378333005	-0.409572369179817	0.682119669322758	NA
ENSMUSG00000104676	4.60722325256631	0.0121825552515353	0.0522740314015806	0.231023581479898	0.81729648214465	NA
ENSMUSG00000104869	1.94089225664766	0.00196778410582054	0.0355118547842371	0.0549778559058134	0.956156105532657	NA
ENSMUSG00000077148	2.37638366373976	0.00499658485163107	0.0394979030169869	0.125554055278445	0.900084933631291	NA
ENSMUSG00000104874	5.72920426356891	-0.0374971984736519	0.0555548596623992	-0.703029872329783	0.482037133385022	NA
ENSMUSG00000098208	3.22066588159637	0.00991275043862147	0.0449069849945411	0.218881076796733	0.82674268758934	NA
ENSMUSG00000105004	2.83746745340328	-0.0420966698413878	0.0396690855349494	-1.2035348230784	0.228769424103153	NA
ENSMUSG00000106354	5.25148036277386	-0.0505254107400989	0.0530391554267205	-1.01669442917534	0.309298816695388	NA
ENSMUSG00000084058	3.14935772017227	0.0108978997536674	0.044817367860166	0.239946250565512	0.81037192522087	NA
ENSMUSG00000099033	9.39648727595461	0.0200241044122292	0.0714595247505141	0.278453215228414	0.780664474176608	NA
ENSMUSG00000108394	8.9461808002103	-0.0802417421470689	0.0694563837799489	-1.21094386818832	0.225916918289846	NA
ENSMUSG00000069041	2.62702625428071	-0.00252882924726235	0.0392058873932823	-0.0643888516269142	0.948660606719953	NA
ENSMUSG00000105517	5.18723762325996	0.00758980702439528	0.0520380113254877	0.144173682810816	0.885363321881707	NA
ENSMUSG00000111756	2.32208170308607	0.0187771360006238	0.0383323875205547	0.476044203581476	0.634042886457441	NA
ENSMUSG00000103094	3.89250975455049	-0.0271948800276752	0.0444745708272847	-0.647208701165039	0.517496880653185	NA
ENSMUSG00000106427	2.21214329046949	0.00917063492837898	0.0377051879690645	0.240272764263772	0.810118807606893	NA
ENSMUSG00000106107	2.63477590102272	0.0333854718157885	0.0386257564621556	0.844879850891883	0.398177925383349	NA
ENSMUSG00000082185	8.43494997307501	-0.00458654932890339	0.0660852751195777	-0.0696976690962353	0.944434297063718	NA
ENSMUSG00000078592	5.38504207318083	0.0187381089305307	0.0565856675075024	0.327440961940608	0.743334389308079	NA
ENSMUSG00000104528	7.04806133179349	-0.0237135883598058	0.0633490913941708	-0.379234055307137	0.70451406453558	NA
ENSMUSG00000121774	2.5206900841746	-0.00997553145918525	0.0369367625930923	-0.278394102276304	0.780709846342756	NA
ENSMUSG00000121775	7.1684980711349	-0.0631139431338406	0.0629993437673393	-1.0497183324351	0.293847632587502	NA
ENSMUSG00000105892	2.01220041807175	0.00110497119914148	0.0361967597515478	0.0305276132990673	0.975646271411967	NA
ENSMUSG00000122526	7.92433161888164	-0.0162728553698898	0.0645936137527997	-0.255094785834427	0.798649891280409	NA
ENSMUSG00000114832	2.38123329511493	-0.00855819366584254	0.0390744512177322	-0.22291219318391	0.823603846354294	NA
ENSMUSG00000104588	2.44532648815664	-0.00973346849201859	0.0385967169073081	-0.258079016277588	0.796345925737377	NA
ENSMUSG00000122758	5.02798669345071	-0.0332873147663183	0.052726661694299	-0.657676001367404	0.510746346430024	NA
ENSMUSG00000122822	5.29010574677316	-0.0315764836737445	0.0562036018943275	-0.577091062199941	0.563877941775991	NA
ENSMUSG00000105834	6.13852563447497	0.0373561991356599	0.0597724154038431	0.613245214472136	0.539714212360803	NA
ENSMUSG00000122921	5.79303868716403	0.0304381571293106	0.0562341457202589	0.531873416145091	0.594813670371989	NA
ENSMUSG00000122945	5.6976443014798	-0.00142268811577426	0.0561842489536381	-0.0254200881509265	0.97971988825706	NA
ENSMUSG00000103998	3.4226552068333	-0.022590679460957	0.0454548756158096	-0.513122652289681	0.607865526945667	NA
ENSMUSG00000123098	3.09496865707408	-0.0284450227227855	0.0443699423601494	-0.671576951905805	0.501853055204965	NA
ENSMUSG00000086561	2.55042013659122	-0.000704122088815082	0.0393648908114214	-0.0178635639749099	0.985747696108997	NA
ENSMUSG00000123364	5.58209953179125	-0.0615380744206429	0.0555931824811727	-1.18440852200942	0.236251388395674	NA
ENSMUSG00000123389	2.55447070399191	0.0127264575550949	0.0402229985204173	0.310542406864156	0.756148516282758	NA
ENSMUSG00000123527	6.18391766196644	0.050600836152065	0.0601364508387667	0.823703214699112	0.410108212402477	NA
ENSMUSG00000123582	2.62577399822283	0.0259763498067916	0.0407582221011246	0.623214977924891	0.533143260376767	NA
ENSMUSG00000123739	2.27050068571704	-0.00525285131491421	0.0363587468816872	-0.146776949359496	0.883308079355713	NA
ENSMUSG00000123783	2.64772666719927	0.0454637185278515	0.0385556992361975	1.16150607988913	0.245436152111809	NA
ENSMUSG00000123813	5.13342134658321	-0.0325450283292635	0.0514553019385031	-0.662564553133019	0.5076094786102	NA
ENSMUSG00000105535	5.84444549964405	-0.0454167902557787	0.0584890369476044	-0.806114825898687	0.420176643740061	NA
ENSMUSG00000104710	8.53297819959939	-0.0540485530055105	0.0664515508646965	-0.843686164641529	0.398844800781587	NA
ENSMUSG00000124020	2.20889178704329	-0.0298781403885176	0.0364243848452979	-0.900878278887016	0.367653041316717	NA
ENSMUSG00000087625	2.32693133446124	0.00573961855249265	0.0386309543472451	0.14675896496205	0.883322275108271	NA
ENSMUSG00000105337	9.51048599035823	0.0155234106418044	0.0711207841966915	0.216869945700692	0.828309700050797	NA
ENSMUSG00000124389	1.98540785210649	-0.0384784042983004	0.0352195208111604	-1.24999156230682	0.211302629623849	NA
ENSMUSG00000124404	4.98427016196636	-0.0223456818733578	0.0546254720783991	-0.418108063316492	0.675868109836512	NA
ENSMUSG00000106629	1.95383815563103	0.026396904681491	0.033357610771378	0.764763148596944	0.444412595365269	NA
ENSMUSG00000124594	4.78284325178723	-0.00379396525852181	0.0498584422643623	-0.0764582156833121	0.939054555679433	NA
ENSMUSG00000124672	2.35372876761968	0.0317392862274857	0.038820932550071	0.791872898745149	0.428434790720742	NA
ENSMUSG00000124756	2.7316667106319	0.00832052884640466	0.0415640409128585	0.197481031666154	0.84345112369651	NA
ENSMUSG00000124779	2.62261446443431	0.0231999192921955	0.0394671850285087	0.574629038321688	0.565542208809244	NA
ENSMUSG00000120758	4.32044032136911	-0.00566930992679285	0.0503796058417676	-0.113113628505802	0.909940470352979	NA
ENSMUSG00000125153	7.12519726064944	0.0240736561313973	0.0630517847106832	0.377058302863487	0.706130277550787	NA
ENSMUSG00000125503	2.56011939934157	-0.0259973646015231	0.0392484687271475	-0.705244469417602	0.480658111523427	NA
ENSMUSG00000125547	2.63873449878573	0.0114866866599638	0.0404047374825209	0.28105256318455	0.77867008430295	NA
ENSMUSG00000125593	3.24015637673475	-0.00400862729556219	0.0446845883851945	-0.0904266303069583	0.927948195452579	NA
ENSMUSG00000125680	8.85590222042794	0.00866340630865831	0.0690902754228245	0.125158017945374	0.900398452659794	NA
ENSMUSG00000125794	4.73990366374747	0.0469459406626101	0.0531137320133509	0.860657454322843	0.389426732150361	NA
ENSMUSG00000125810	4.2856288558538	-0.00572267327940165	0.0512322795270918	-0.112069928267176	0.910767960953023	NA
ENSMUSG00000125902	3.05325624015124	0.0401612962903423	0.0433454751007442	0.905995471943593	0.364938249122795	NA
ENSMUSG00000125923	2.798130107874	0.00659912536459422	0.0414104665335163	0.15803801142899	0.874426846283533	NA
ENSMUSG00000126027	3.98678132489904	-0.010575109737307	0.0474120359146139	-0.225089373901658	0.821909747287783	NA
ENSMUSG00000106583	7.048148434238	0.0257595079515466	0.0628458952553116	0.403855792267869	0.68631876641237	NA
ENSMUSG00000126079	3.12256515420701	-0.0289539064542451	0.0442074055073231	-0.687231130020832	0.491937090269482	NA
ENSMUSG00000126112	6.72578682846724	-0.0435573218806938	0.0557765115602025	-0.818442360313213	0.413104642026997	NA
ENSMUSG00000110441	2.20403728847494	-0.0041908226442993	0.0381034985741367	-0.111005525370869	0.911611965201779	NA
ENSMUSG00000126185	7.70284206411999	0.0400282908467984	0.0574709715551271	0.686258424274618	0.492550161451169	NA
ENSMUSG00000126197	2.03000568281665	-0.0124102569392791	0.035743724664168	-0.359679724310791	0.719086656321731	NA
ENSMUSG00000104968	3.14441611915942	-0.0146491803038122	0.0438447958210754	-0.342077083807123	0.732292882763963	NA
ENSMUSG00000086679	5.47295044876281	-0.0741028724912049	0.0565277614664421	-1.42235526390808	0.154923143150873	NA
ENSMUSG00000126580	2.76234537349519	-0.0675964535607025	0.0399551484699924	-2.40474199835086	0.0161838869967523	NA
ENSMUSG00000126619	3.14530228557841	0.0109259480763176	0.0439462236984296	0.245186128396728	0.806312316576633	NA
ENSMUSG00000126837	2.4168486917979	-0.0484596895584394	0.03840682855763	-1.45732958032043	0.145025425287377	NA
ENSMUSG00000106515	3.65210672128778	-0.000701153522028504	0.0467920075483405	-0.0150522891429448	0.987990464392716	NA
ENSMUSG00000105961	4.17030538452733	-0.0569440032392732	0.0461454413072028	-1.39880833443365	0.161870466351064	NA
ENSMUSG00000028177	2.85746077198504	0.0615160000571724	0.039281059281347	1.57607021833204	0.115009621613343	NA
ENSMUSG00000127097	8.46976143859032	-0.00480321118665996	0.0663828334587544	-0.0727215116271219	0.942027730067019	NA
ENSMUSG00000106365	6.96174621696731	0.0299198995241521	0.0632633768970474	0.46657024938198	0.64080737636811	NA
ENSMUSG00000119942	1.94899339144903	0.0272495629131983	0.0342878429341483	0.768088232340614	0.442434767613014	NA
ENSMUSG00000127437	3.24332564490962	-0.0305292967850925	0.0446194117404919	-0.72298161403707	0.469691180085037	NA
ENSMUSG00000106424	2.24943905035277	-0.0182184924096634	0.0373336947451718	-0.511922149360745	0.608705495833474	NA
ENSMUSG00000127524	2.05363384780022	0.0381084559351795	0.0350536348207857	1.07288408293282	0.283323128488226	NA
ENSMUSG00000127618	2.03214410529352	-0.012567071760302	0.0335375839441993	-0.38736032997663	0.698489467895366	NA
ENSMUSG00000127740	3.98590002567322	-0.0497609648151065	0.0487010886054832	-1.10239256238235	0.270291043604835	NA
ENSMUSG00000127778	4.43884034225768	-0.0344188924843032	0.0511911078957004	-0.701866592283561	0.482762364787092	NA
ENSMUSG00000128604	7.10604290301581	0.0391523887336689	0.062327443219603	0.619451160725711	0.535619186577208	NA
ENSMUSG00000128618	2.63881673403706	0.0755400745186367	0.0397980079652113	1.90823799366315	0.0563604630894043	NA
ENSMUSG00000129014	5.06769191753071	0.049381262724533	0.0492850749733694	0.97099104876002	0.33155273606214	NA
ENSMUSG00000129037	1.86869306161139	-0.00846333767893188	0.0329903843826887	-0.261998222003168	0.793322812961193	NA
ENSMUSG00000129039	3.03131330556115	-0.0121276118697183	0.043304645358233	-0.285928401077772	0.774932960515126	NA
ENSMUSG00000129043	2.62577886541601	0.0122095488690216	0.0411525465707582	0.293072751202812	0.769466544145305	NA
ENSMUSG00000129107	4.05604790067712	0.0139564429452374	0.0488513327047489	0.283048220837545	0.777139872851467	NA
ENSMUSG00000129263	2.89694279679334	-0.0290602769647317	0.0390963338182501	-0.810653520111953	0.417564672457808	NA
ENSMUSG00000129463	2.61686893225379	0.0387948091051167	0.0402192136781236	0.939678186861571	0.347382657308717	NA
ENSMUSG00000085773	4.47012693332067	0.0342932651433298	0.0469431013224742	0.708779544050244	0.478461293831021	NA
ENSMUSG00000120405	4.08275823139106	-0.0114503363587636	0.0479504934758749	-0.242997436640764	0.808007383213977	NA
ENSMUSG00000129931	4.74475816231582	0.020542952688556	0.0527255099847352	0.383427002287354	0.701403185424806	NA
ENSMUSG00000130125	2.15458982638961	-0.016048741378791	0.0358742813465228	-0.46628146724562	0.64101404251088	NA
ENSMUSG00000130203	4.50990698757191	-0.00967432889726113	0.049577928418248	-0.197152031228674	0.843708567335058	NA
ENSMUSG00000105966	10.2331118167069	0.0232372476625329	0.0737056195338492	0.312498463339838	0.75466173070842	NA
ENSMUSG00000121018	9.59643014835235	0.027184311573831	0.0719517911287671	0.374620424090596	0.707942781210604	NA
ENSMUSG00000105789	4.47510038924978	-0.018413386509148	0.0456756205753348	-0.414699032158059	0.678362240963781	NA
ENSMUSG00000130389	1.99439028613368	0.0292027834961104	0.0360445433546898	0.787259572677578	0.431129930258866	NA
ENSMUSG00000130528	9.58187638703366	0.0759972361785693	0.0718052471891395	1.03737590508523	0.299560703102679	NA
ENSMUSG00000130640	5.12585563911655	-0.000293425961871367	0.0554109730860404	-0.00529307104084921	0.995776760057421	NA
ENSMUSG00000082766	5.04881167989829	-0.0119204651924398	0.0547009663388643	-0.219699243777529	0.82610539365637	NA
ENSMUSG00000130694	6.71155681850975	0.0350017438277435	0.0619653401811551	0.555067645139921	0.578848392337992	NA
ENSMUSG00000130914	7.3448950138004	-0.0413645247048494	0.063130323088265	-0.673330535092192	0.500737030737172	NA
ENSMUSG00000131030	7.65228638827849	-0.0115809829815232	0.064797097475235	-0.180161017665082	0.857026161024828	NA
ENSMUSG00000052769	8.16087364018729	0.0224838491080259	0.0654853706691443	0.338812795892834	0.734750761114161	NA
ENSMUSG00000131579	4.03013663393767	0.0150808880719679	0.0498334400941804	0.299495808114031	0.764561769976907	NA
ENSMUSG00000131688	8.7476741231458	-0.0350780569655243	0.0640012930897035	-0.560009170331653	0.575473182708134	NA
ENSMUSG00000086090	2.0912908301292	-0.0260357729018603	0.0351229954206416	-0.811576190099741	0.417034858136145	NA
ENSMUSG00000120996	4.38057004945464	0.0313560099543685	0.0516607954680059	0.594614820665266	0.552100970991315	NA
ENSMUSG00000131852	5.87652067132009	0.00663327630818988	0.0562652861993598	0.117646463695802	0.906347787850667	NA
ENSMUSG00000132002	3.39874318746217	0.043731726291478	0.0451424158735729	0.942626626348018	0.345871915608403	NA
ENSMUSG00000100799	2.95435158159421	0.0388496524332604	0.0413005513909738	0.912036365560738	0.361749574461318	NA
ENSMUSG00000132387	9.03871506750134	0.0491359461340319	0.0668810048562586	0.722542490676331	0.469961011271711	NA
ENSMUSG00000109716	3.01262187439726	-0.0255751908237011	0.0437813480355964	-0.611167342418156	0.541088801103647	NA
ENSMUSG00000132908	4.41822216459045	-0.0204376223873085	0.05008810380525	-0.41730585044688	0.676454709785986	NA
ENSMUSG00000133298	3.55893786052492	0.0132974961118814	0.0458963944012115	0.285657331960985	0.775140587617794	NA
ENSMUSG00000103668	3.16310755032331	-0.00224834588342601	0.044471850312406	-0.050713340056109	0.95955394650076	NA
ENSMUSG00000133442	2.09948393456826	0.0312664177916354	0.0334033907366729	0.902085502453143	0.367011449523756	NA
ENSMUSG00000133534	3.63114678994754	-0.00204011768838785	0.0424848868929154	-0.0481930738888939	0.961562370011599	NA
ENSMUSG00000133543	8.92325178408903	0.0291692818406898	0.0673667558747902	0.428984746787082	0.667934325094531	NA
ENSMUSG00000133894	6.36271666374858	-0.0181778214940381	0.0604796183343404	-0.304485953021487	0.760757692896924	NA
ENSMUSG00000104554	8.32783008954903	-0.00290875175416254	0.0671502395709043	-0.043395361945846	0.965386374851372	NA
ENSMUSG00000133919	5.33381741106433	-0.0309080047731445	0.0558077502848818	-0.570164538431643	0.568566105360949	NA
ENSMUSG00000103349	2.12001014259782	-0.0121525496450544	0.033157066737944	-0.384224690944326	0.700811919512974	NA
ENSMUSG00000134000	6.12142746406688	-0.0127124892147622	0.0599666750815871	-0.213752425719869	0.830740126208761	NA
ENSMUSG00000120722	2.89828215529572	-0.00830792180917546	0.0397181283550332	-0.212039111422345	0.832076521498352	NA
ENSMUSG00000105139	9.55396587292588	0.0127956026155913	0.0699058042691718	0.181597328945131	0.855898745189428	NA
ENSMUSG00000134198	6.38943186165569	-0.0575005813896039	0.0604231126013839	-0.998605508636006	0.317985830571887	NA
ENSMUSG00000134256	1.99844572072754	0.0268685502849248	0.0348938972940692	0.749048404833844	0.453828031082924	NA
ENSMUSG00000134601	5.10195335413178	0.0383913982529258	0.054013987997291	0.698545244452629	0.484836273145115	NA
ENSMUSG00000099370	5.72242788569039	-0.00257418911396876	0.0573236211891562	-0.0449657947641214	0.964134573187313	NA
ENSMUSG00000135136	8.18230813516573	-0.0577147138522771	0.0648490931858042	-0.92779283098772	0.353515043485305	NA
ENSMUSG00000086556	2.38528872970879	-0.0092427259109835	0.0395743693435899	-0.237670491319173	0.812136672430692	NA
ENSMUSG00000135184	4.05898538712848	-0.0131327162816124	0.0481126469435182	-0.276359498178435	0.782271961537534	NA
ENSMUSG00000135246	4.27864566919493	-0.00388925458281403	0.0500033971545312	-0.0783634301687893	0.937538962541834	NA
ENSMUSG00000119955	8.07042572270909	0.00171804821623438	0.0672376241321937	0.0255035147974214	0.979653344997487	NA
ENSMUSG00000135327	2.58928216950722	0.0126371923180236	0.0405721302159036	0.30666631126969	0.759097374683488	NA
ENSMUSG00000102590	3.67690003988472	-0.0296116331880131	0.0477197610723973	-0.646094158324639	0.518218378340376	NA
ENSMUSG00000121104	3.92718140797996	0.00335492373110757	0.0488634477895361	0.068305848201375	0.945542168812939	NA
ENSMUSG00000135519	8.90433905456305	0.0128348946228319	0.0634452998482674	0.199682536359794	0.841728872674105	NA
ENSMUSG00000135524	3.47975547882979	0.00394597364814243	0.0443500633386045	0.0889969408307309	0.929084341337455	NA
ENSMUSG00000105516	6.00392334398364	0.0136729208015459	0.0581425449303854	0.232271630780229	0.816327045299544	NA
ENSMUSG00000135735	2.09623243114206	-0.00216700866160294	0.0347521356578931	-0.0623224165917505	0.950306077314967	NA
ENSMUSG00000135820	2.29123370252694	-0.0200724245332535	0.0379918345417668	-0.553672829701113	0.579802773177579	NA
ENSMUSG00000050936	2.2883833185201	0.0536167659072228	0.035252099374345	1.55025165934637	0.12108112501059	NA
ENSMUSG00000078604	4.93005530375718	0.042964482480152	0.0543956621150093	0.77043177134731	0.441043813030303	NA
ENSMUSG00000097745	2.90886271727188	0.00382574960759579	0.0421927555554803	0.0899493267037442	0.928327482945996	NA
ENSMUSG00000106285	1.99114364990065	-0.0246152598957319	0.0347157342918083	-0.769924058458842	0.441344941727951	NA
ENSMUSG00000106157	4.19394403287233	-0.0149077346339411	0.0479262420534073	-0.316101233857944	0.75192567024046	NA
ENSMUSG00000136801	2.97216171353229	0.0151473137322508	0.0432477746907768	0.344196313777378	0.730698654317853	NA
ENSMUSG00000136877	1.94494282404834	0.0157574957510401	0.0356801307190618	0.429730421537807	0.667391751260871	NA
ENSMUSG00000136913	4.45664560700258	-0.0473124417420396	0.051117252563427	-0.987345426179458	0.323473328383408	NA
ENSMUSG00000136945	2.26769750718105	-0.0306079023679652	0.0362198870188467	-0.932908131422697	0.350867403621909	NA
ENSMUSG00000089916	3.02152694036629	-0.0389182951734346	0.0433793363416449	-0.970260336099421	0.331916742601949	NA
ENSMUSG00000137022	9.05179939261816	-0.0087029934274667	0.0679085229611677	-0.128834738427524	0.897488417292953	NA
ENSMUSG00000120945	1.99519421730134	-0.0127074909546046	0.0362684863237982	-0.361310218313375	0.717867555839952	NA
ENSMUSG00000137279	2.99886717705305	0.00198994384849882	0.0439545598382836	0.0452120244920259	0.963938309893531	NA
ENSMUSG00000137364	2.0218996808221	-0.0245756104133278	0.0350348071313878	-0.764512242450175	0.444562043916624	NA
ENSMUSG00000137443	3.22631457694603	-0.0296063484886591	0.0443654980389609	-0.70506213689569	0.480771568093336	NA
ENSMUSG00000097339	2.98636473576671	0.000302703298549663	0.0408852285189052	0.00734057185677233	0.994143123646714	NA
ENSMUSG00000106230	6.07319478695491	0.0226037522675717	0.0553724970729737	0.403033103889018	0.686923871656932	NA
ENSMUSG00000137682	2.74057177660093	-0.00548757815771506	0.0420967214853036	-0.1311922757224	0.895623206227068	NA
ENSMUSG00000137746	8.86771778512525	0.0364231347151142	0.0644931613586506	0.55483006119016	0.579010903317325	NA
ENSMUSG00000120358	3.16400345112865	-0.00326645636693666	0.0406785430958452	-0.0806008129181548	0.935759419695265	NA
ENSMUSG00000137860	3.71833346961319	0.0087216645892796	0.0469768339616452	0.183597570216883	0.854329169406221	NA
ENSMUSG00000137871	2.2534798833671	0.0190340760301072	0.0343471112094622	0.542198188388127	0.587681983174413	NA
ENSMUSG00000137955	3.09090835528704	-0.010924911308383	0.0398414387230053	-0.280460831961278	0.779123971630186	NA
ENSMUSG00000137968	3.3209050314626	0.0405757305249981	0.0428542260240105	0.916472971339571	0.359418877534182	NA
ENSMUSG00000097365	5.58490271032724	-0.0372151871703936	0.0563880852233436	-0.6833382443783	0.494393133112206	NA
ENSMUSG00000091575	2.14884916140227	-0.0162027493051179	0.0369990505010096	-0.455669103886786	0.64862794248706	NA
ENSMUSG00000138557	7.89110102797858	-0.0165851821469278	0.0634673760087699	-0.26444316113515	0.791438457038332	NA
ENSMUSG00000106108	7.78184537373293	-0.016076702393194	0.0545916773153739	-0.30088937481008	0.763498852773482	NA
ENSMUSG00000138757	2.05186638215541	-0.0228373083170781	0.0333559500291054	-0.752753793427395	0.451597877834663	NA
ENSMUSG00000120422	3.85824345075625	0.00404559410249722	0.0474370690420991	0.0845301575417278	0.93263492638831	NA
ENSMUSG00000105085	3.70863907405601	0.0205117205500808	0.046882757387105	0.428040181718251	0.668621866275901	NA
ENSMUSG00000138837	4.26172170367585	0.048300775307576	0.050636567744645	0.932977526742419	0.350831571780883	NA
ENSMUSG00000139207	3.3808654218523	-0.0318863215720719	0.0433765788271882	-0.782992493451531	0.433631520143609	NA
ENSMUSG00000074398	3.74909923492098	-0.018428945529352	0.0483109625998251	-0.38983674483677	0.69665727067751	NA
ENSMUSG00000097786	2.20403242128177	0.00972814282650538	0.0369980454464411	0.2593910878075	0.795333505361664	NA
ENSMUSG00000103334	2.16269096119098	0.0101423875123603	0.0375609996180093	0.265400084695307	0.790701270922067	NA
ENSMUSG00000139408	1.94493795685517	0.0273771232369883	0.034069101123276	0.775829408059101	0.437849717634714	NA
ENSMUSG00000139426	2.18534585731105	-0.0174464693227723	0.0378170058193344	-0.481003380864684	0.63051409586428	NA
ENSMUSG00000139490	7.59575403551026	-0.0286691431148984	0.0607285098457125	-0.484877838795776	0.627763003336206	NA
ENSMUSG00000105296	3.54025129655421	-0.0128382992630599	0.0473495398421943	-0.275233235669646	0.783137054261015	NA
ENSMUSG00000139647	8.56324367935073	0.0126423797717886	0.0670043189633553	0.187058385266022	0.851614855923754	NA
ENSMUSG00000105057	4.51642459600384	0.0254691918230453	0.051055755736512	0.48850792020237	0.625190117086906	NA
ENSMUSG00000087660	4.35368551385169	-0.0468057069431778	0.0516156571629246	-0.962301086187272	0.335898383535763	NA
ENSMUSG00000140027	2.19998672107426	-0.0178775355624445	0.0376298109701081	-0.495908823247369	0.619958740760821	NA
ENSMUSG00000103408	3.63034285877988	0.0372204767866475	0.0468799956095146	0.775937781401851	0.437785723392491	NA
ENSMUSG00000140082	1.91329089232156	0.0148646375368121	0.0329326487363747	0.436897840521089	0.662185438113246	NA
ENSMUSG00000121472	10.2525974446521	0.0228525724854273	0.0731787625381977	0.309613579087873	0.756854828779492	NA
ENSMUSG00000140213	2.20808785587563	0.00987979767118475	0.0381582241735372	0.255693097106957	0.798187825740686	NA
ENSMUSG00000084754	10.1617165528383	-0.0239304847950761	0.0733464670433096	-0.328907406976235	0.742225675570426	NA
ENSMUSG00000140423	2.0218996808221	-0.0245756104133278	0.0350348071313878	-0.764512242450175	0.444562043916624	NA
ENSMUSG00000140474	8.4102388897294	0.0694499307634846	0.0622541220921809	1.09376425896671	0.274058383227468	NA
ENSMUSG00000140628	5.79698755054069	0.0347410904293404	0.0579962438733449	0.588854675727555	0.555958764460938	NA
ENSMUSG00000140711	2.01918847192379	-0.0112071386789759	0.0319453828995384	-0.363055922295458	0.716563110202998	NA
ENSMUSG00000085754	2.44127592075596	-0.0221854207630084	0.0379673255780598	-0.619948236006306	0.535291867237768	NA
ENSMUSG00000140813	2.77538324211624	-0.00544448083684114	0.0413667989345457	-0.132849722156862	0.894312230239762	NA
ENSMUSG00000140903	7.96306357409815	0.00292968655874003	0.0626715756372246	0.04664517445849	0.962796027181486	NA
ENSMUSG00000120149	6.27463895047076	-0.0403099423797184	0.0593902085618793	-0.702900334479366	0.482117862702448	NA
ENSMUSG00000120952	7.29250033087736	-0.00147744099110078	0.0598396218102561	-0.0247232857948879	0.980275681377324	NA
ENSMUSG00000141229	2.78517447450427	0.00711166009821715	0.0421885762839256	0.167042241308433	0.86733681207361	NA
ENSMUSG00000141385	7.36021036800908	-0.0383648170554514	0.0617420034088614	-0.641411025153131	0.521255671709024	NA
ENSMUSG00000141481	3.18496338246889	-0.00213945035297538	0.0437555518534587	-0.0491211447240178	0.960822752693128	NA
ENSMUSG00000141551	6.30464004460725	0.0704644699191882	0.0528479033291962	1.29701392801127	0.194626394562173	NA
ENSMUSG00000141588	2.62894813359088	-0.0127813812913038	0.0376244896594752	-0.351293541350632	0.725368139830627	NA
ENSMUSG00000141626	4.23044072878112	-0.0166625821121262	0.0496434742541443	-0.341349801725054	0.732840260432373	NA
ENSMUSG00000141702	2.43077759403112	0.0296294904850611	0.0390499268041616	0.741201358050281	0.458571360115772	NA
ENSMUSG00000141703	1.99430805088235	-0.0382183781557213	0.0352605737321806	-1.24627531014087	0.212663338925616	NA
ENSMUSG00000104444	1.92705045685894	-0.0251788575581503	0.0358098260802352	-0.755999389823255	0.44964956154253	NA
ENSMUSG00000141756	2.89017128610799	-0.0083257114446447	0.0416351920555847	-0.202404507604716	0.839600504772827	NA
ENSMUSG00000142055	8.24348892669705	-0.0782765496845083	0.0675830458974991	-1.21493262446759	0.224391789531973	NA
ENSMUSG00000142239	2.96642591573812	0.00206855706492427	0.0424742253531507	0.0485218590931141	0.961300343920429	NA
ENSMUSG00000142576	5.21101046752254	0.0106545557013479	0.0557563502511769	0.189950613841563	0.849347830295499	NA
ENSMUSG00000037884	4.31602366432954	0.0322822995647609	0.0492900497988758	0.643976847050964	0.519590447800639	NA
ENSMUSG00000142616	2.73651634200707	-0.00481940978133698	0.0412821596138559	-0.117489710838606	0.906471997135752	NA
ENSMUSG00000143150	7.55170136652117	-0.0227821781626012	0.0650812630504451	-0.354588151022969	0.722898154204324	NA
ENSMUSG00000143217	3.99847983501771	0.0280543719104761	0.0479097974022883	0.573455893136029	0.566336055094104	NA
ENSMUSG00000143447	5.0107438437636	-0.0325220528153212	0.0513370462689705	-0.659240062058449	0.509741624771717	NA
ENSMUSG00000100666	7.56641959834252	0.051884406506359	0.0649863222697026	0.783042796858092	0.433601980797807	NA
ENSMUSG00000105012	7.58380649033135	-0.0216930323293995	0.0602843561728835	-0.364819148994794	0.715246410010663	NA
ENSMUSG00000120830	10.0026619484479	-0.0271951269919601	0.0701381533314844	-0.393609750808235	0.693869181112834	NA
ENSMUSG00000143611	4.71176687208665	-0.00114580841769441	0.0511205849267076	-0.0225422198422354	0.982015433982447	NA
ENSMUSG00000106139	5.34396986589807	-0.0540401542145471	0.0541113857861558	-1.06536692115919	0.286709919800292	NA
ENSMUSG00000103965	6.19282272793548	0.0377077703809005	0.0603465329570808	0.614351386750115	0.538983152478066	NA
ENSMUSG00000144185	5.54354664865693	0.00206441278331603	0.0575836769348795	0.0357989976208456	0.971442632338876	NA
ENSMUSG00000144191	5.31881045766225	0.0211941993831104	0.0544085839905645	0.385853824894	0.699604929711623	NA
ENSMUSG00000134356	9.98238699091461	-0.0308406041246437	0.0729923774181108	-0.428268587607232	0.668455585992606	NA
ENSMUSG00000044330	4.67977393566194	0.0102549732957406	0.0520362322651578	0.194980489170376	0.845408221860959	NA
ENSMUSG00000127440	2.06165274735027	0.00016227852079341	0.0357165016646242	0.00456983289124611	0.996353813581408	NA
ENSMUSG00000136825	3.29365927341395	0.00809205455046707	0.0441172812128784	0.182684007438263	0.855045964800402	NA
ENSMUSG00000104091	4.50947888042949	-0.0487607115337733	0.050759804891148	-1.02535204910374	0.305197104880684	NA
ENSMUSG00000102564	6.5942919991004	0.0354326962517962	0.0574676896179182	0.605126074655713	0.545095230275963	NA
ENSMUSG00000120716	4.18997570072298	0.0301472868789625	0.0468301942912064	0.623433378026092	0.532999769588776	NA
ENSMUSG00000126924	2.66521304777615	-0.0133036306572214	0.0356649532851125	-0.386240546821928	0.69931852716426	NA
ENSMUSG00000098198	8.41784915090972	-0.0388971287711456	0.064201379526758	-0.62235361904857	0.533709371119825	NA
ENSMUSG00000141331	5.77504948314377	-0.029631683090238	0.0584337515037388	-0.519605047116542	0.603338879601764	NA
ENSMUSG00000132270	4.2678235911089	0.00736124946097294	0.05061177643022	0.14400721332026	0.885494773606232	NA
ENSMUSG00000141291	3.91041185612624	-0.0193695459920089	0.0466597761153281	-0.428366423077578	0.668384366404239	NA
ENSMUSG00000105512	2.57147203756915	0.0396110397463515	0.0401748472898973	0.95631339248184	0.338913925748453	NA
ENSMUSG00000119987	1.9359506556348	-0.0229641105777484	0.0344655566059538	-0.721486951647087	0.470609965923295	NA
ENSMUSG00000128500	2.02110061684762	0.00130549124901744	0.0357944238530327	0.036505343818255	0.970879417800281	NA
ENSMUSG00000130994	7.10404852284066	-0.0371697751548156	0.0631566024882048	-0.60276147078939	0.546667381626884	NA
ENSMUSG00000138320	3.83255909854715	0.0171996967713704	0.0441749217838598	0.383176766405114	0.701588703530079	NA
ENSMUSG00000104786	5.12664983589786	-0.0117607095221883	0.0533951251929055	-0.222863998263464	0.823641356923029	NA
ENSMUSG00000105596	4.4834284385815	0.0167630669235405	0.0501019402884227	0.331406122687611	0.740337740728741	NA
ENSMUSG00000053957	6.37099687063214	0.0922985034459336	0.0598768279825454	1.50112324841957	0.133323686707944	NA
ENSMUSG00000103718	3.69875100483713	-0.01282089212918	0.0435649812085961	-0.300909148060893	0.763483774294114	NA
ENSMUSG00000102820	5.9839747895687	0.0428527069868974	0.0591342333001363	0.710551577442339	0.477362158646546	NA
ENSMUSG00000106550	7.1785984533046	0.0251940898494658	0.0629694819430116	0.395664200272812	0.692352768777484	NA
ENSMUSG00000105279	2.33583153323711	0.00576901234614719	0.03793294042258	0.150315611787723	0.880515616504021	NA
ENSMUSG00000140633	2.28513181509389	0.0195639814653038	0.0360924406841211	0.532720217682464	0.594227268683453	NA
ENSMUSG00000120086	5.04404915096762	0.0484880020000285	0.0531875894723273	0.883967050253553	0.376714000030358	NA
ENSMUSG00000105350	2.43968266000016	0.0152042481607888	0.0382045028355491	0.391256090726812	0.695607951607898	NA
ENSMUSG00000102439	3.10747596555359	-0.0371149960137639	0.0419559185958289	-0.966906930752993	0.333590561601596	NA
ENSMUSG00000128035	3.9392508749307	-0.0229529340178752	0.0493438572787302	-0.478102346956477	0.632577361723974	NA
ENSMUSG00000097250	7.93941594034188	0.00629669737281035	0.0656078502833995	0.0957188939499132	0.923743834598998	NA
ENSMUSG00000141315	6.11039371000733	-0.0230131908830757	0.0583025138590196	-0.403209856218525	0.686793849526926	NA
ENSMUSG00000134824	6.06713037060637	-0.0123288174546289	0.0593898774416643	-0.208958291219563	0.834480798604742	NA
ENSMUSG00000127413	2.26555908470419	-0.0277542402109071	0.0353144240967153	-0.873699078902945	0.38228215270362	NA
ENSMUSG00000120121	9.71526875974479	0.0366396860792114	0.0725443887498169	0.499013150649307	0.617770119678803	NA
ENSMUSG00000098008	5.20299156797249	0.0492619464038821	0.0556284141908408	0.865440494058477	0.386797063340212	NA
ENSMUSG00000103912	1.98055335353814	-0.0117371612112294	0.0357769998004877	-0.338143614494252	0.73525496466405	NA
ENSMUSG00000102270	6.72000382520222	0.0353616657893551	0.0604412836922935	0.577238428979218	0.563778400374671	NA
ENSMUSG00000097724	2.31229533789122	-0.00669479263355656	0.0363565957964651	-0.186530785037109	0.852028539503869	NA
ENSMUSG00000090303	2.45343249015119	0.00302710089593883	0.0392045795977609	0.0771508624211751	0.938503531180785	NA
ENSMUSG00000093416	2.58118103470584	-0.0146395126908678	0.0406109706095212	-0.370213478242379	0.711223434761026	NA
ENSMUSG00000106536	2.01794108305909	6.44557407766989e-05	0.0337556188201197	0.00191148475495256	0.998474856754568	NA
ENSMUSG00000120150	4.58781499267927	0.0812879766149074	0.0497162904643322	1.6012974909269	0.109311044493199	NA
ENSMUSG00000143449	2.10019589609824	-0.0413836935530643	0.0362481450806203	-1.3134420729331	0.189034028242662	NA
ENSMUSG00000009108	7.76547630432127	0.035658280963729	0.066390207667817	0.529763362093424	0.596276010524999	NA
ENSMUSG00000027869	2.34473173201297	0.00536946469505506	0.0357022437463513	0.148661440920529	0.881820788751981	NA
ENSMUSG00000070368	3.19396041807561	0.0232871412597076	0.0449088952175366	0.508049448449083	0.61141866558404	NA
ENSMUSG00000028031	7.13409259223212	0.0383465046650775	0.064038503125104	0.588916081154509	0.5559175695853	NA
ENSMUSG00000036832	9.51516141684439	-0.0952004192802089	0.0715272838737247	-1.40114649498207	0.161170270352378	NA
ENSMUSG00000028116	5.50085609567741	0.00487530251456604	0.0540218807305013	0.0902823767045508	0.928062824307048	NA
ENSMUSG00000058952	5.59230161798498	0.0313080472906187	0.0527113514316074	0.581857058405109	0.560662967013027	NA
ENSMUSG00000054988	3.249509767594	-0.00554840468959525	0.0445418427365193	-0.124964127644136	0.900551949664181	NA
ENSMUSG00000091091	8.40331751012092	-0.0534364908107984	0.0665894868430827	-0.829783398359667	0.406661258841157	NA
ENSMUSG00000028008	5.32254700808809	-0.0315155745581038	0.0560896656186747	-0.577971210111269	0.563283556635669	NA
ENSMUSG00000027606	1.94494282404834	0.0157574957510401	0.0356801307190618	0.429730421537807	0.667391751260871	NA
ENSMUSG00000039865	9.18296391110167	0.13306776100765	0.0702125830621474	1.84865623446422	0.0645074670581206	NA
ENSMUSG00000027776	4.07473933184101	0.0262974017256861	0.0491099673468946	0.527088351422674	0.598132235531221	NA
ENSMUSG00000001021	2.25269055377897	0.021829815217238	0.0376375713914766	0.56880292864865	0.569489886957648	NA
ENSMUSG00000028148	2.61202903526497	0.0244400797891694	0.0402100974518769	0.593868175621394	0.552600285936799	NA
ENSMUSG00000062410	2.35937746296934	-0.00848306891813393	0.0387651960206329	-0.222291675756195	0.824086831796244	NA
ENSMUSG00000027870	4.36744021119591	-0.0730264072758616	0.0512261448518967	-1.58730426208998	0.112443750412401	NA
ENSMUSG00000038403	8.74109957485666	0.0478109678198806	0.0674387128221548	0.699288434785801	0.484371793172363	NA
ENSMUSG00000047940	3.6314982780069	-0.0145267692565084	0.0464157379776913	-0.3182984169587	0.750258585005823	NA
ENSMUSG00000027762	2.37718272771424	-0.0224139970552928	0.0391353469573081	-0.603173300500188	0.546393407479484	NA
ENSMUSG00000028040	9.0609591098157	-0.0501172936892362	0.0660222736685398	-0.785821121743601	0.431972290555818	NA
ENSMUSG00000027793	4.59337658558442	0.000578750653722939	0.0529702470604822	0.010934033457083	0.991276077346286	NA
ENSMUSG00000027559	9.2285526905362	-0.0134217727831212	0.0705072316880137	-0.191286660390968	0.848301011590611	NA
ENSMUSG00000027908	3.00451100520953	-0.0206889161896053	0.0402095992317713	-0.541326563573991	0.588282514292985	NA
ENSMUSG00000063767	4.92502660029982	-0.0307956324797067	0.0520620119977064	-0.614245236670041	0.539053284632432	NA
ENSMUSG00000027859	9.46588329245489	0.00443150082414735	0.0712543182016827	0.0620162114969909	0.950549921943317	NA
ENSMUSG00000001023	3.10061735242374	-0.0659939236293485	0.043190511825991	-1.7556654090885	0.0791455564843172	NA
ENSMUSG00000028068	8.11222524207644	-0.0123896528000514	0.065810028971538	-0.188901423258615	0.850170078060879	NA
ENSMUSG00000027690	6.06061762936761	-0.0582174646985811	0.0571840839816299	-1.08183729702744	0.279324830608512	NA
ENSMUSG00000028175	2.31883019965987	-0.0210777005831404	0.0382390189701432	-0.578459548363499	0.562953900389288	NA
ENSMUSG00000068547	4.81517529012775	0.00821159786044463	0.0533858562288586	0.153123783001573	0.878300660919963	NA
ENSMUSG00000038997	4.13108287814071	-0.0136922697245629	0.0497838200443635	-0.279301395626836	0.78001353533589	NA
ENSMUSG00000014603	9.88250419630091	-0.0839611112347366	0.0704182198746111	-1.25387806117816	0.209886330331941	NA
ENSMUSG00000046561	5.86955283521584	-0.00608439837294318	0.0565158166759361	-0.10803208022925	0.913970244778316	NA
ENSMUSG00000068877	4.25599564026804	0.00756182898304031	0.048190244833392	0.15606334662854	0.875983089455387	NA
ENSMUSG00000055301	3.1445080887971	0.0240231155169849	0.0445441597907197	0.526432985090102	0.598587402628944	NA
ENSMUSG00000045326	2.72188034543704	-0.0184755639352922	0.0418184043548468	-0.456040149207157	0.648361107314905	NA
ENSMUSG00000041237	2.79090540510526	0.030497479180737	0.0398073681962256	0.745146936627632	0.456182897134977	NA
ENSMUSG00000058400	6.55939829833376	-0.0196437363686604	0.0577875215353494	-0.345968734523328	0.72936621168603	NA
ENSMUSG00000027863	2.33988696783097	0.00551210803605788	0.0386677736303736	0.14098439891961	0.887882267092593	NA
ENSMUSG00000011463	3.31360296063571	-0.00728308908260241	0.0454134253496925	-0.16147991296833	0.871715430859951	NA
ENSMUSG00000001865	2.89266044766913	-0.0435504165706681	0.0398382438208821	-1.24045913957093	0.214805618441526	NA
ENSMUSG00000005493	5.35904857119005	-0.0443577213197716	0.0553676839728069	-0.83835872852791	0.401829261350306	NA
ENSMUSG00000008601	3.53134623058517	0.00103775129066865	0.0469094189692782	0.0220700434471268	0.982392082519641	NA
ENSMUSG00000040329	7.1189163011342	-0.0218264191528933	0.0621097508697669	-0.357680990974663	0.720582060241532	NA
ENSMUSG00000027713	4.63481488250607	0.0247814587518898	0.0524837817182698	0.465145363276353	0.641827362180636	NA
ENSMUSG00000074604	4.74061562527745	-0.0302571906938268	0.0534767064551169	-0.58336391585631	0.55964834370444	NA
ENSMUSG00000034151	8.30883437579664	-0.0959693358738546	0.064534510894132	-1.60770175461993	0.107900514114477	NA
ENSMUSG00000093594	6.54079883680756	0.00248365552002348	0.0598724467057489	0.0414167576311815	0.966963653601552	NA
ENSMUSG00000083340	2.46322372253922	0.0129863250319419	0.0361451988832409	0.353570630317632	0.723660687953343	NA
ENSMUSG00000087449	2.68626494875407	0.0202477326230007	0.0390382602891702	0.502803010464169	0.615102776863213	NA
ENSMUSG00000119649	7.33386125974085	-0.0549676115654252	0.0643934129852191	-0.886307787937304	0.375451693532073	NA
ENSMUSG00000119144	3.38411205808532	0.0178700485385151	0.0452696593594642	0.388041402865785	0.697985394449703	NA
ENSMUSG00000084869	2.58927730231404	0.0261505911441669	0.0401908525436184	0.634003310232685	0.526078661810998	NA
ENSMUSG00000070717	4.60228165155346	-0.0129595245178631	0.0528567547925726	-0.248474931752308	0.803766963571464	NA
ENSMUSG00000084105	2.55852613858577	0.0119967285239403	0.0397992930912861	0.295958972951466	0.767261413344472	NA
ENSMUSG00000059343	2.92191032027929	0.0408213555088498	0.0420489098250119	0.938842860764548	0.347811429460068	NA
ENSMUSG00000083767	9.34952410823724	-0.0158498779734628	0.0685378411674831	-0.233005128402267	0.81575742347555	NA
ENSMUSG00000082771	3.1395762221706	-0.0259231973091	0.0414908846272171	-0.659683560330465	0.509456918618223	NA
ENSMUSG00000081544	9.84104302987429	-0.06069612943458	0.0652717572761705	-0.976267677703884	0.328931832957733	NA
ENSMUSG00000083496	7.76052983611524	0.0230966794610995	0.0646518143818583	0.353712035102284	0.723554702257395	NA
ENSMUSG00000083076	2.03899298403702	0.0389669747057945	0.0350387661519748	1.09474887298867	0.273626670817998	NA
ENSMUSG00000084851	2.01873527984041	-0.0121432723120165	0.0349596880674925	-0.359639449610746	0.719116778286115	NA
ENSMUSG00000083044	6.19194629590284	-0.0140015641423313	0.0588430504078949	-0.240510639692344	0.809934416019747	NA
ENSMUSG00000087016	2.7446272111948	-0.00571420710711561	0.0413053530988775	-0.13929458056357	0.889217372217427	NA
ENSMUSG00000082969	5.4579483625539	-0.0329662780242551	0.0557900790852726	-0.610926807793724	0.541248036474835	NA
ENSMUSG00000070077	2.92587378523547	0.0031999073611693	0.0425151745841834	0.0747663343527229	0.940400628113165	NA
ENSMUSG00000095937	7.59994377801949	-0.0879293772727229	0.0651954019046658	-1.43652396896755	0.150853300943571	NA
ENSMUSG00000082932	4.22162763244977	0.0304407915550762	0.0481583704807064	0.61352019001253	0.539532437003281	NA
ENSMUSG00000043383	2.50008164089372	-0.0265007984619454	0.0401085988448021	-0.698601371070518	0.484801186643529	NA
ENSMUSG00000088552	1.95464208679869	-0.0113242209165915	0.0356781508459067	-0.326302414544294	0.744195561576564	NA
ENSMUSG00000081046	3.82129356276407	0.00693156619351612	0.0485325362713019	0.142101428206513	0.886999890080354	NA
ENSMUSG00000080773	2.56337090276777	0.0131199292045689	0.0405135620049555	0.31809524164316	0.75041269294558	NA
ENSMUSG00000083614	2.95346054798205	0.028783310560027	0.0421414546082622	0.663892617721104	0.506759041476367	NA
ENSMUSG00000084758	2.55367164001742	0.0392145412028056	0.0401208275237714	0.946905087458513	0.343687145314098	NA
ENSMUSG00000083679	8.09824913437236	0.0146980632565479	0.0643091679411156	0.227540091441154	0.820003798214433	NA
ENSMUSG00000102997	9.49090352558217	-0.00707105558848448	0.070797625622515	-0.100149662349737	0.920225508633529	NA
ENSMUSG00000083826	2.01388078127206	0.013035116402679	0.0338775434045775	0.376987157240312	0.706183149047803	NA
ENSMUSG00000096233	3.24657714833582	0.00785730730413652	0.0413100130212949	0.188729125843306	0.850305122673069	NA
ENSMUSG00000081998	5.48025738678287	-0.0360875671859772	0.0571196712213616	-0.651484963102478	0.514733480665004	NA
ENSMUSG00000083038	5.19804509976646	0.0366903258160814	0.0548346408068052	0.655924556743339	0.511872667034955	NA
ENSMUSG00000083104	6.54396810498243	-0.0231189420928113	0.0616714043230317	-0.380729003342369	0.703404345309818	NA
ENSMUSG00000076271	10.0214280959128	0.0619240604052602	0.0714129830428964	0.852178058343319	0.394115272840595	NA
ENSMUSG00000062545	7.77545942145917	-0.104096006681738	0.0655266589730214	-1.71741059938357	0.0859041763741927	NA
ENSMUSG00000081792	8.15763187114744	-0.036527895903469	0.0649690560060827	-0.573817231323333	0.566091487062598	NA
ENSMUSG00000085574	2.09543823436075	0.0087754925074315	0.0338111728195202	0.253172834929336	0.800134657412669	NA
ENSMUSG00000103000	2.29969044360577	-0.0372112693996662	0.0339087099760707	-1.31211963376027	0.189479772371041	NA
ENSMUSG00000081540	2.63873449878573	0.0114866866599638	0.0404047374825209	0.28105256318455	0.77867008430295	NA
ENSMUSG00000089945	2.63230885999148	0.00983673132517991	0.0368292709442463	0.263422189955909	0.792225189283306	NA
ENSMUSG00000086774	4.9925552360431	0.0740052911150635	0.0526848548841706	1.36975053478238	0.170764787862289	NA
ENSMUSG00000085996	3.67521967668442	-0.0392034695733228	0.0455894201394621	-0.923800992523215	0.355589938349198	NA
ENSMUSG00000104347	5.34766407804623	-0.0192383693182058	0.0557898923552445	-0.350386191368621	0.726048888076474	NA
ENSMUSG00000087564	9.70797642330425	-0.0357772641778827	0.0698460257167663	-0.521128939025498	0.602276952580847	NA
ENSMUSG00000082762	5.7186139672064	-0.0253222653860398	0.0561247187697631	-0.463244927552894	0.643188816050623	NA
ENSMUSG00000081720	3.77580469844174	-0.0318562095972381	0.0484782815901676	-0.686918334937075	0.492134192216583	NA
ENSMUSG00000056412	9.40936067407301	-0.0411660018959428	0.070484804096379	-0.596315578838495	0.550964425599631	NA
ENSMUSG00000082186	2.4347410589873	-0.00995729124459914	0.0394489090478868	-0.257955071571057	0.796441581677855	NA
ENSMUSG00000089265	4.82496652251578	0.0207377881635289	0.0539904901879461	0.379470975935221	0.704338153275772	NA
ENSMUSG00000089308	3.09011902569891	-0.0147306602831572	0.0439876836123787	-0.341513071789188	0.732717365891255	NA
ENSMUSG00000083328	7.73303017581317	0.0484465618278748	0.0659349171304989	0.721276232585678	0.470739577062323	NA
ENSMUSG00000081239	2.7851696073111	0.0214567351192283	0.0424105049448675	0.495146047171989	0.620497031821347	NA
ENSMUSG00000081026	2.83225173238922	0.0163484282667335	0.0382341151834577	0.419221376975088	0.675054350508833	NA
ENSMUSG00000081679	5.18589826475758	-0.0147405627985672	0.0551861241121199	-0.270648314310641	0.786661532673223	NA
ENSMUSG00002075553	2.20888691985012	-0.0176153755523648	0.0376525374616933	-0.488956551860568	0.624872457212699	NA
ENSMUSG00000094066	3.00865840944107	0.0141806708628556	0.0430027049751333	0.324901941860542	0.745255287165197	NA
ENSMUSG00000096596	8.44049506161853	-0.00993026970154171	0.0525071563526225	-0.191061631364716	0.848477307567198	NA
ENSMUSG00000070999	2.39498799245914	-0.0340588990352649	0.0380122117925541	-0.993195789100972	0.32061455004622	NA
ENSMUSG00000086211	8.2264111844899	0.0626109313513184	0.0609103771942658	1.0083324290157	0.313294899772734	NA
ENSMUSG00000102880	3.74219341632027	0.0547276262514895	0.0445081068116254	1.21301392258568	0.225124497560668	NA
ENSMUSG00000082194	6.14529714516032	0.0118495515978561	0.0566649510752072	0.208260496201957	0.835025574809555	NA
ENSMUSG00000081483	3.5946403596524	0.0261187202757491	0.0473038644962685	0.541046121834332	0.588475793017953	NA
ENSMUSG00000080816	9.85043346529391	0.0376024879455878	0.0673102058808239	0.549384877162336	0.582741350121615	NA
ENSMUSG00000081953	7.25906293119396	-0.0266113067392841	0.0532763517173337	-0.518042005687203	0.604428961908949	NA
ENSMUSG00000080850	2.4761696215226	0.038934281963233	0.0374214306756792	1.02380622493833	0.305926809583635	NA
ENSMUSG00000019836	5.2134947618905	-0.0149724427367991	0.0541477704625251	-0.280556506627826	0.779050579285358	NA
ENSMUSG00000081516	2.16754059256616	-0.00352429029315408	0.0379951534588008	-0.0932957542498848	0.925668604990952	NA
ENSMUSG00000085922	2.85367945739238	-0.0209428716799141	0.041467719241971	-0.524686602565071	0.599801072264646	NA
ENSMUSG00000081170	2.20324309169363	0.00859699592361787	0.0369886967424278	0.229364104220719	0.818585933194063	NA
ENSMUSG00000088982	3.86184569326672	0.00540005709833247	0.0472619070447556	0.113906820098503	0.909311659102248	NA
ENSMUSG00000110389	4.45887113192395	0.00125846024333781	0.0492262278695551	0.025429519084925	0.979712365892128	NA
ENSMUSG00000082264	3.15826765333448	-0.0147610252334154	0.0416214782155832	-0.36393343354251	0.71590771776285	NA
ENSMUSG00000050550	3.84879322306614	-0.0175752325039197	0.0468419649351065	-0.386001412221508	0.699495622908634	NA
ENSMUSG00000083708	8.60886748856572	0.0273852339165093	0.0679545826910585	0.399204689207413	0.689742388336989	NA
ENSMUSG00000085910	2.0575973127564	0.000626529109437298	0.0359152235604004	0.0175269211721594	0.986016256153281	NA
ENSMUSG00000078722	5.79859541287601	-0.0430272000562014	0.0580206212215284	-0.77050282105827	0.441001682253822	NA
ENSMUSG00000104479	3.80428736199366	-0.00603248121119248	0.0475656096789472	-0.127779637444656	0.898323364914488	NA
ENSMUSG00000084314	4.05279153005775	-0.0113721391934158	0.0495532815962281	-0.233064965691216	0.815710959141516	NA
ENSMUSG00000043003	3.18020085353822	0.062679392853445	0.0442040525547174	1.38218551936407	0.166914745181357	NA
ENSMUSG00000081405	4.52117739054816	-0.0102596868991928	0.0514741907418688	-0.201392023233076	0.840392051975904	NA
ENSMUSG00000088545	5.25765475107189	-0.00402949204176129	0.0554932278269491	-0.07270418675721	0.942041516818652	NA
ENSMUSG00000087714	5.17936340298893	-0.00160651158114141	0.0557322468811178	-0.0288777416500992	0.976962097807474	NA
ENSMUSG00000084593	8.37005771605881	0.0207488389826849	0.0670003101854071	0.307214733202603	0.758679931964366	NA
ENSMUSG00000082699	2.08644119875403	-0.0148885735132713	0.0364182615748555	-0.423233643152128	0.672124802930109	NA
ENSMUSG00000100505	3.13965845742193	0.036000079688753	0.0437696041717379	0.797916133631139	0.424919160207875	NA
ENSMUSG00002075696	5.30416959389905	0.0202952033531159	0.0525511188025535	0.382060365178811	0.702416589741969	NA
ENSMUSG00000064595	2.09543823436075	0.0087754925074315	0.0338111728195202	0.253172834929336	0.800134657412669	NA
ENSMUSG00000084010	2.83374063736379	-0.0191603434549005	0.0409808966616348	-0.487059646825032	0.626216062091623	NA
ENSMUSG00000082414	4.22233959397975	-0.0437224503173251	0.0505237489703255	-0.914915141633039	0.360236180412559	NA
ENSMUSG00000091542	7.85943449467227	0.0213145225508714	0.0647051916539467	0.326985043065584	0.743679197864179	NA
ENSMUSG00000073879	3.07414853781968	-0.0591348458593409	0.0409593535743943	-1.69442372457144	0.0901847944587952	NA
ENSMUSG00000087416	8.82224617413964	-0.0398507603732434	0.0686756706965588	-0.592201810039002	0.553715457518346	NA
ENSMUSG00000081593	3.79449612960563	-0.0190126489337235	0.0486857177469103	-0.399994891697688	0.689160279253614	NA
ENSMUSG00000083834	4.39962270306424	0.00346776512583173	0.0504389498638599	0.0681834422682718	0.945639607450634	NA
ENSMUSG00000073774	2.96721524532626	0.00316107357249584	0.0422931502894761	0.0744590735610926	0.940645105296964	NA
ENSMUSG00000110296	3.02726273816046	-0.0246306200100526	0.042487140902494	-0.608240329872277	0.54302808995254	NA
ENSMUSG00000108391	10.0839654992832	0.0228546845588583	0.0707997113238257	0.318915468147661	0.749790614428056	NA
ENSMUSG00000084987	2.9356650176235	0.0156887002739183	0.042900752674283	0.358364751333733	0.720070366673344	NA
ENSMUSG00000092483	4.88949830606135	0.0525761114638216	0.0518935650425358	0.982237514422047	0.325982850033181	NA
ENSMUSG00000086172	2.67602539147583	-0.00173069674094593	0.0396451781768788	-0.0440384248474958	0.96487377496539	NA
ENSMUSG00000066178	9.07708580027214	0.103121490942514	0.067523918911917	1.49342789677342	0.135325215141735	NA
ENSMUSG00000070683	2.61442135999525	-0.0397112317833229	0.0395405347734788	-1.12102659648738	0.262276541490663	NA
ENSMUSG00000103119	3.30955239323502	-0.0198825752384702	0.0445494208058141	-0.459416628040086	0.645935009730655	NA
ENSMUSG00000034762	5.42874887027883	0.0313418823438495	0.0559637894353484	0.551165281399874	0.58152037763414	NA
ENSMUSG00000073779	8.79455770736904	-0.0626705884592841	0.0633398144987498	-1.04391802363488	0.296523318572086	NA
ENSMUSG00000085968	2.53092477425967	0.0265856269000675	0.0397278672504064	0.648499846551592	0.51666171004352	NA
ENSMUSG00000080780	2.23479331939639	-0.00341133295089191	0.0356566131196896	-0.0968910767221739	0.922812895209534	NA
ENSMUSG00000070577	3.41815631454239	-0.047892740279246	0.045324353240492	-1.15848208122117	0.246667359942087	NA
ENSMUSG00000080746	9.38184641219141	0.0205283145807699	0.0712242868835509	0.286313993139372	0.774637641568487	NA
ENSMUSG00000087198	3.93934284456838	0.014944788584483	0.0479654412361936	0.306733542728007	0.759046196287364	NA
ENSMUSG00000087476	4.55679278723113	-0.0485434509830789	0.0511846738742704	-1.01517917100662	0.31002042752135	NA
ENSMUSG00000122099	9.12999877106344	-0.0481862770879454	0.0705654085804052	-0.699294146977917	0.484368224094179	NA
ENSMUSG00000122119	4.33192165134379	-0.00701396918764293	0.0489904310915625	-0.144012223424419	0.88549081735882	NA
ENSMUSG00000087084	2.06253891376926	0.0246579538046295	0.0348422606776493	0.69398124152874	0.487693972903838	NA
ENSMUSG00000122132	7.53803863881464	0.0371362285829021	0.0636527731106913	0.573621892188081	0.566223694050111	NA
ENSMUSG00000122188	4.61771671209797	-0.0254904222412498	0.0520886400373896	-0.504025195119279	0.614243672027287	NA
ENSMUSG00000086767	4.89560992788075	-0.00870937422715508	0.0511717296125587	-0.170698578016214	0.864460780997157	NA
ENSMUSG00000087049	2.81593537261889	-0.00646617101797354	0.0412774569581331	-0.158588415082234	0.873993156704571	NA
ENSMUSG00000122502	3.0443511741822	0.0530123761293007	0.0430347291996157	1.20649045339668	0.227628437857083	NA
ENSMUSG00000086150	7.6001179829085	0.0114695219360357	0.0633748712629419	0.179386892941716	0.857633922374301	NA
ENSMUSG00000122580	1.94485572160384	-0.0375083779457907	0.0350493228877509	-1.22732359029646	0.219700992518375	NA
ENSMUSG00000085581	5.12665470309104	-0.0261214898735941	0.0551020627861836	-0.48573006694673	0.627158563018797	NA
ENSMUSG00000087195	4.23008437352859	0.00849188926203076	0.0494383083749391	0.170650865617855	0.864498299529425	NA
ENSMUSG00000120813	2.42177569123123	0.0154113131794138	0.0358596191971772	0.420958073560692	0.673785697582054	NA
ENSMUSG00000123126	4.36583721605376	-0.00607706576161623	0.0505118647044528	-0.121188272315318	0.903541912987906	NA
ENSMUSG00000123256	1.96680352338711	0.00136201441861981	0.0337850228670633	0.0401153980707578	0.968001125797888	NA
ENSMUSG00000123504	3.04515997254304	-0.000275105114798957	0.0389343249387929	-0.00707713323994298	0.994353311789641	NA
ENSMUSG00000123851	7.63818095185001	0.0480080788177333	0.0646236974178016	0.727052983217518	0.467193499265995	NA
ENSMUSG00000087110	4.57962188824021	0.027155507158274	0.0528551186598427	0.504836329361143	0.613673797051111	NA
ENSMUSG00000124010	5.58974260731606	-0.0237496580582711	0.0567801996421877	-0.427435850805135	0.669061899681986	NA
ENSMUSG00000124237	10.0667502742965	-0.015776507676151	0.0682330296231771	-0.233669096962356	0.815241880676167	NA
ENSMUSG00000124267	2.68818196087107	0.0230145430028719	0.0396025432327323	0.571119913284634	0.567918360991823	NA
ENSMUSG00000124273	4.66999243766026	-0.0254274597708541	0.050086242349393	-0.523668850169961	0.600508884895062	NA
ENSMUSG00000085654	6.51717553901716	-0.0618767795963441	0.0615262258344538	-1.05605314312933	0.290943936114219	NA
ENSMUSG00000124540	4.74591844873601	-0.0424939034913774	0.052204252482013	-0.854656119495271	0.39274154969972	NA
ENSMUSG00000124566	2.42098636164309	0.0174112542154524	0.0393060475244872	0.434856988739229	0.663666236225301	NA
ENSMUSG00000085710	2.62297568688002	-0.0154339276812396	0.0398761166782939	-0.397458915819219	0.691029077125677	NA
ENSMUSG00000098760	3.51750443079646	-0.0240316911720387	0.0460017338374364	-0.542062159839349	0.58777568529917	NA
ENSMUSG00000124640	2.80026366315769	0.0148591397378363	0.0380303572252032	0.378478329072911	0.705075289486033	NA
ENSMUSG00000124652	5.27862441679848	-0.0244041395901791	0.0512550244131473	-0.49104273866601	0.623396219761656	NA
ENSMUSG00000124681	4.03498626531285	0.00188841810271792	0.0497214710487628	0.0380004410582943	0.969687330369909	NA
ENSMUSG00000086810	3.06136224214579	0.0518351682628563	0.0429072607704402	1.18573413392775	0.23572731009195	NA
ENSMUSG00000124900	5.51471249704565	-0.00903151542107146	0.054411047264283	-0.167801129220309	0.866739734107427	NA
ENSMUSG00000125050	2.13264202460634	-0.0524522115681862	0.0353926650947685	-2.08407742803836	0.0371531248651847	NA
ENSMUSG00000046683	3.6448917529054	-0.00137955192021105	0.0466309186806334	-0.0297043588897207	0.976302835565889	NA
ENSMUSG00000125276	3.14045265420324	0.0240952292640225	0.0441853233953944	0.53198546780875	0.594736060531547	NA
ENSMUSG00000125334	2.29808744846362	0.0193141072467501	0.0361248294065568	0.526153946671244	0.598781248955351	NA
ENSMUSG00000125355	2.44452742418216	0.0168796840299243	0.0393558713183219	0.421945637219143	0.673064697868726	NA
ENSMUSG00000125394	7.8416813025914	-0.0769701766566084	0.0644373175244781	-1.26450574201991	0.206048561063767	NA
ENSMUSG00000125494	7.12016855719208	-0.0505359055391562	0.0638054625545883	-0.819527526159812	0.412485503789982	NA
ENSMUSG00000125518	5.19312296752631	-0.0403003393600601	0.054717548555256	-0.768199488813292	0.442368677163394	NA
ENSMUSG00000125531	2.38211946153392	0.0162073052421092	0.0370708883304145	0.427144601584402	0.669274008514752	NA
ENSMUSG00000125666	5.65438582927202	-0.00285954874655882	0.0536395342591225	-0.0532736832770838	0.957513848120065	NA
ENSMUSG00000125668	2.22994855521439	-0.00447015836647143	0.0374888054304746	-0.120662974620936	0.903957986631151	NA
ENSMUSG00000125697	7.46369615410833	0.0432408442462647	0.064402357252827	0.661421703558971	0.508341911130852	NA
ENSMUSG00000125765	2.74453524155712	-0.0429036875536182	0.0405340369001537	-1.18677164970033	0.235317704322816	NA
ENSMUSG00000125954	2.41413261570642	-0.0231130639691206	0.0382647252734996	-0.637150104790858	0.524027074359607	NA
ENSMUSG00000126330	5.55668622130201	0.0706618912216623	0.0550112988131379	1.24992772325201	0.211325951090237	NA
ENSMUSG00000126407	3.40280348924921	0.0315484250436191	0.0463066417423748	0.665866893967459	0.505496182871206	NA
ENSMUSG00000120655	2.14884429420909	-0.00187250004074937	0.034704776508675	-0.0541982361689485	0.956777225954217	NA
ENSMUSG00000086127	5.40947416933206	0.0254210953879504	0.0523320875281621	0.477249762322302	0.633184279850166	NA
ENSMUSG00000110373	9.27709376845475	0.00131052509477526	0.0636972335993402	0.0206596963357708	0.983517119816693	NA
ENSMUSG00000126898	9.46711533076498	0.00510949175003891	0.0680380880758933	0.0750287797900169	0.940191813461371	NA
ENSMUSG00000126912	5.02095079715051	0.049210117708043	0.0528812736198444	0.908711909533365	0.363502215987293	NA
ENSMUSG00000126927	2.02110061684762	0.00130549124901744	0.0357944238530327	0.036505343818255	0.970879417800281	NA
ENSMUSG00000126974	5.18016246696341	-0.028045428827378	0.0558697302096957	-0.514997095071638	0.606555049943039	NA
ENSMUSG00000127711	4.0479370314894	0.0152356520036455	0.0494390916820403	0.305208804098538	0.760207127421462	NA
ENSMUSG00000085482	8.60961871009205	0.0588409289663197	0.0623113743947693	0.91933812751602	0.357918740957334	NA
ENSMUSG00000127926	2.04059111198599	-0.0126148635078214	0.0357801648818013	-0.36559059671282	0.714670592822223	NA
ENSMUSG00000127976	2.20809272306881	-0.00454885057346589	0.0376568768329536	-0.12196398822611	0.902927538532954	NA
ENSMUSG00000128061	4.17569044323722	-0.0157787078432539	0.0508189837881416	-0.315758198065391	0.752186049079414	NA
ENSMUSG00000128083	2.41456559004202	0.00301790403395086	0.0356603195602979	0.084209760625946	0.932889657897954	NA
ENSMUSG00000120700	6.42513436078317	-0.0432215556414557	0.0588942120565591	-0.762347968420224	0.445852351707092	NA
ENSMUSG00000128456	9.00685082282373	0.00213386071282089	0.0682435631458669	0.0311694579761511	0.975134397078461	NA
ENSMUSG00000073821	4.68823067674076	-0.0140120970694475	0.0522646290797356	-0.272749616753669	0.785045691491767	NA
ENSMUSG00000086233	6.6395023027525	-0.0197266364641726	0.0565390880643701	-0.356140655063098	0.721735232246265	NA
ENSMUSG00000128851	5.0915022328778	-0.0131082899678017	0.0515117054002017	-0.256547316678713	0.797528249143804	NA
ENSMUSG00000129020	7.70237098172258	0.0658956847319902	0.0633585949812923	1.0141155629768	0.310527612718914	NA
ENSMUSG00000129138	4.0933436605604	-0.0120529184495761	0.048822904605097	-0.25125212393492	0.80161918761942	NA
ENSMUSG00000129675	8.74323799733353	0.0478390211068796	0.069057102417604	0.681449434840832	0.495587151778212	NA
ENSMUSG00000078494	3.45349347300607	0.0331264968226197	0.0407201844489894	0.784466400033585	0.432766489975143	NA
ENSMUSG00000086806	8.48333960173927	0.0987277287175646	0.0668853479666254	1.43545549471794	0.151157341900114	NA
ENSMUSG00000085833	2.36747859777072	0.018675901236418	0.0389304537419733	0.468328298379797	0.639549834640913	NA
ENSMUSG00000130336	3.83425406332697	-0.00654496498369555	0.0463036949094269	-0.142683034462046	0.886540516149916	NA
ENSMUSG00000130537	2.33010060263612	-0.0183315473119593	0.0359990473514543	-0.537589163322269	0.590860713288349	NA
ENSMUSG00000120824	2.02110061684762	0.00130549124901744	0.0357944238530327	0.036505343818255	0.970879417800281	NA
ENSMUSG00000130719	3.32655372681226	0.00634453706454372	0.0457302656710581	0.137516606808599	0.890622467110388	NA
ENSMUSG00000066060	2.58919506706271	-0.037950068826735	0.0389664512058213	-1.08981150347282	0.275796185603453	NA
ENSMUSG00000130799	2.44373322740085	0.028595954920048	0.0385979762691743	0.724641191544048	0.468672181693854	NA
ENSMUSG00000130845	2.66641809836316	0.0579500576081415	0.038966368974787	1.48842539255703	0.136638744160877	NA
ENSMUSG00000131078	5.23375246608712	0.0362597974826247	0.0558939032323956	0.637319799262238	0.523916556841033	NA
ENSMUSG00000131464	6.12796232583553	-0.0241370782261809	0.0579158674633804	-0.425052063014951	0.670798722068922	NA
ENSMUSG00000131612	4.27548126821324	0.00812136550924169	0.0497308890422955	0.162605572962867	0.870828998807937	NA
ENSMUSG00000131849	2.49928257691923	0.000619697716640202	0.0395794113344492	0.0155712137437203	0.987576471003345	NA
ENSMUSG00000084828	8.19710108328804	0.0948617936286052	0.0665435739949296	1.39129873706817	0.164134856647802	NA
ENSMUSG00000132051	3.74909436772781	-0.0045107915171834	0.0484835439121338	-0.0934579579379364	0.925539748165633	NA
ENSMUSG00000132068	9.04441583551503	-0.095192031437005	0.0692741171724552	-1.45503438911047	0.14565974134378	NA
ENSMUSG00000073728	5.41388109198528	0.0153432932796794	0.0539843780133556	0.27990679284476	0.779549015523888	NA
ENSMUSG00000086103	3.21670241664019	0.0497472645545188	0.0450080404783162	1.07780110745332	0.2811225252287	NA
ENSMUSG00000120529	4.92600473635649	0.029993507360821	0.0544605125215981	0.539834652757396	0.589311066933205	NA
ENSMUSG00000132286	3.10712035927614	0.0104627310817949	0.0406526088791939	0.252926314527382	0.800325154395818	NA
ENSMUSG00000120262	5.86833243407421	-0.0642038372905781	0.055898754573813	-1.24045107209313	0.214808600712573	NA
ENSMUSG00000132501	3.67293657492854	0.00906219710075721	0.0465732763580948	0.191914330918554	0.847809311652883	NA
ENSMUSG00000132643	3.86095952684773	-0.0193868355575187	0.0475183559237806	-0.419647921088276	0.674742675277338	NA
ENSMUSG00000132718	4.94900550436766	-0.0170335186881915	0.0497405645475075	-0.351392248127912	0.72529409717595	NA
ENSMUSG00000132766	2.60957172862008	-0.0273731061975102	0.039865382027682	-0.732646277263063	0.46377419812617	NA
ENSMUSG00000086136	7.45323454949292	-0.00716504031720968	0.0621676828790897	-0.115898662111684	0.907732856031747	NA
ENSMUSG00000133033	3.92638234400548	0.0296112014231189	0.0491088145549328	0.58860759155641	0.556124540136808	NA
ENSMUSG00000133103	5.80987068304544	-0.0524163168574161	0.0560795156879594	-0.989230056249506	0.322550596096723	NA
ENSMUSG00000133186	9.04953164141689	0.0217462832047189	0.0663439164948294	0.323065126766048	0.746645920112415	NA
ENSMUSG00000133190	7.172289869089	0.017601726917627	0.0576561076835427	0.299715225791659	0.764394383724608	NA
ENSMUSG00000133313	3.28467197219358	-0.0429007136225302	0.0440112601062427	-1.06815811808934	0.285449193395522	NA
ENSMUSG00000133689	5.76694348114922	-0.0418918564956585	0.0580363778435753	-0.749460182017657	0.453579889363258	NA
ENSMUSG00000133928	5.4235852219288	-0.0205950804368995	0.0549897204546552	-0.380801702578678	0.703350395811105	NA
ENSMUSG00000085263	4.26200069087023	-0.0547333997414928	0.0496883547351192	-1.19940942473946	0.230368784682961	NA
ENSMUSG00000117251	1.99924478470203	0.0013661854786011	0.0365882181954905	0.0372885955764008	0.970254898581881	NA
ENSMUSG00000133987	2.0575973127564	0.000626529109437298	0.0359152235604004	0.0175269211721594	0.986016256153281	NA
ENSMUSG00000134032	6.01069485466899	-0.00973466095462214	0.0586615664012101	-0.167238432262406	0.867182445651645	NA
ENSMUSG00000134105	5.10241141340834	0.0225220546499014	0.0531140067559809	0.41633489515719	0.67716496149355	NA
ENSMUSG00000086589	6.66155932751017	0.000878830436262666	0.060822368105491	0.0144807535460868	0.98844643410035	NA
ENSMUSG00000134169	2.62092923404083	0.0252025481021381	0.0406665175656992	0.605996506054768	0.544517073344867	NA
ENSMUSG00000134242	4.98604736199752	0.0144040018286718	0.0531005695263847	0.268321068559323	0.788452190271998	NA
ENSMUSG00000134281	2.39418892848465	-0.00876589680250622	0.0391113906859834	-0.228359582676258	0.819366707687846	NA
ENSMUSG00000134346	4.37731367883526	0.00531559947562965	0.0506046837849109	0.104553660850352	0.916729986374805	NA
ENSMUSG00000087027	5.53464644988107	0.00183932081440148	0.0575920608778371	0.031879906586217	0.974567822715499	NA
ENSMUSG00000134624	5.53553261630006	0.0267632504466854	0.056880346410984	0.462732700474443	0.643555975917263	NA
ENSMUSG00000134714	7.18839942007898	0.011554954548411	0.063955748175518	0.179745262012595	0.85735255814106	NA
ENSMUSG00000085920	3.55480505787291	-0.0661982805281114	0.0466896247233535	-1.59949864817235	0.109709848741339	NA
ENSMUSG00000134842	8.91066224035819	-0.0184673778509012	0.0688245326626075	-0.270523671657198	0.786757408235821	NA
ENSMUSG00000135089	4.27672378988476	0.00757950859659268	0.0506138913170792	0.148332830952067	0.882080106590366	NA
ENSMUSG00000135180	3.32487823080513	-0.0167058461867079	0.0407885870589356	-0.423743904658894	0.671752592033385	NA
ENSMUSG00000135285	3.92541394233516	-0.0610232041923243	0.0483485797621733	-1.39825681049765	0.1620359623834	NA
ENSMUSG00000120490	6.3279874334846	0.0353531860889372	0.0536316423830381	0.643785220250099	0.519714719089438	NA
ENSMUSG00000087500	6.5796511353372	0.0364916440477199	0.05777115825505	0.619693216303605	0.535459782689138	NA
ENSMUSG00000135974	2.64843862872925	-0.0286667070406363	0.0405028257164771	-0.756062123609442	0.449611949753026	NA
ENSMUSG00000135979	3.3345726263623	-0.032224177017173	0.0446860657737221	-0.764544481217179	0.444542839764504	NA
ENSMUSG00000121729	5.15624558039911	0.0461255039866147	0.0516304681058299	0.876480606559082	0.380768814791827	NA
ENSMUSG00000136286	2.53172383823416	0.000403573826822197	0.0400782203534734	0.0100419417435138	0.991987824381353	NA
ENSMUSG00000136476	9.36069767438263	-0.0400391176383151	0.0709730493886377	-0.575417125658828	0.56500922461187	NA
ENSMUSG00000136479	2.00824182030875	0.0227468371205105	0.0330850343036774	0.670237898771512	0.50270614793031	NA
ENSMUSG00000136568	3.85285839204636	-0.0407037221698232	0.0451001292715477	-0.979340597564496	0.327411717382124	NA
ENSMUSG00000136587	1.89055376095015	-0.0235207923505724	0.0349005976287231	-0.72445551242059	0.468786129845035	NA
ENSMUSG00000136709	3.20762801297532	-0.0571739827792511	0.044563949553794	-1.44137689704765	0.149478233507671	NA
ENSMUSG00000136854	3.79448639521928	0.00803356916210667	0.0458525916014134	0.173927953658558	0.861922083599555	NA
ENSMUSG00000137079	2.23497725867175	0.0650610809407839	0.0350620438519033	2.03977271915122	0.0413729681930804	NA
ENSMUSG00000137247	2.84432606653313	-0.0205601925661073	0.0422595230627737	-0.506309845008711	0.61263915279966	NA
ENSMUSG00000137498	7.15524619723408	0.079956183984868	0.0614185048659497	1.26802815502641	0.204787896220972	NA
ENSMUSG00000137543	3.60513868637723	-0.0251895432152122	0.0456763726031818	-0.57513089420593	0.565202775276559	NA
ENSMUSG00000137564	7.81404246718079	0.00973394359128066	0.0658818705237248	0.147302616367633	0.882893167444689	NA
ENSMUSG00000137677	2.714892291585	-0.00224309897827446	0.0383481280329445	-0.0591830089684154	0.952806342797597	NA
ENSMUSG00000085256	7.25072028028271	-0.0389188953807862	0.0632922435353001	-0.632192889786807	0.527260842852022	NA
ENSMUSG00000137801	2.30498839987115	-0.0463533645916615	0.0377651420045849	-1.41526212972911	0.156991654122491	NA
ENSMUSG00000137995	4.61946692440606	0.0769634767885743	0.0489176245985836	1.54576824683724	0.1221605482778	NA
ENSMUSG00000138026	3.43165224244001	0.00155830980987922	0.0439193395855786	0.0351894738651977	0.971928655672978	NA
ENSMUSG00000138329	3.03050937439348	0.0285841350846771	0.043661516103084	0.640709062862689	0.521711724845695	NA
ENSMUSG00000086041	4.82003465588927	-0.0305932372743688	0.0525885754539851	-0.602213242123827	0.547032202182729	NA
ENSMUSG00000138670	3.19307425165662	-0.00302178132942049	0.0437709325877784	-0.0693913384100776	0.944678123249142	NA
ENSMUSG00000138766	4.66865307915788	-0.0472738116495397	0.0500077635382188	-1.01955652886182	0.307938830667736	NA
ENSMUSG00000138831	7.03710981298527	0.0281418571539645	0.062954360722876	0.441952009204	0.658523933934619	NA
ENSMUSG00000138838	1.95781135497356	-0.0362467966073054	0.0344439857625704	-1.21579797588032	0.224061890073174	NA
ENSMUSG00000138854	8.16370867363952	-0.035476478449551	0.0654337920894016	-0.554138956220549	0.579483751240032	NA
ENSMUSG00000138879	2.24863998637828	0.0084394462280362	0.0378053457767497	0.221319727903705	0.824843490182571	NA
ENSMUSG00000138925	6.85216902679644	-0.0183951766182322	0.0624377340160268	-0.297641290657008	0.765976956666814	NA
ENSMUSG00000139010	3.18901881706276	-0.00267483043827778	0.0445106981903394	-0.0603841014172838	0.951849720781029	NA
ENSMUSG00000085761	2.79318363966797	-0.00417988194385665	0.0382423240009128	-0.110531136765345	0.911988157579415	NA
ENSMUSG00000086164	5.57915231095355	-0.00981806072926608	0.0555475103738824	-0.178523155452675	0.858312137856252	NA
ENSMUSG00000139082	2.11403769588696	-0.0160640002920034	0.0368841203582892	-0.451570954398563	0.651578098496869	NA
ENSMUSG00000139211	1.8646424942107	-0.0206997704595248	0.0329843131271939	-0.677533796569457	0.498067334471221	NA
ENSMUSG00000139249	5.40284733792573	0.00571875359220718	0.0568026751958657	0.100392031145607	0.920033096030657	NA
ENSMUSG00000139291	6.62902609655756	-0.0335290041915703	0.0594414034646266	-0.581296191587933	0.561040846915992	NA
ENSMUSG00000139336	5.42470803726449	-0.00777872579673078	0.0564218156282216	-0.138879824319246	0.889545114311318	NA
ENSMUSG00000086205	2.39913539669068	0.00277281385133813	0.0365451908142578	0.075436996749885	0.939867023908111	NA
ENSMUSG00000073699	6.54406007462011	0.0142443635523622	0.0612443129473557	0.23066702975363	0.817573489258832	NA
ENSMUSG00000120687	7.0930147687811	-0.0454435806936942	0.0610748777329553	-0.772631214448007	0.439740665733936	NA
ENSMUSG00000120228	9.97931455957059	0.0156098796241816	0.0710099234989685	0.218548805694913	0.827001535775925	NA
ENSMUSG00000120599	2.63467906419187	0.0122599160721937	0.0409030281107965	0.296246004890392	0.767042217894534	NA
ENSMUSG00000139838	2.22272871963883	0.0085670660721741	0.0370433315227344	0.228619347138603	0.819164785940438	NA
ENSMUSG00000139888	2.39824436307852	-0.00909980629546671	0.0388709977774689	-0.238600378978204	0.81141547123248	NA
ENSMUSG00000139939	7.71602884223594	0.0231211476448957	0.0660046461017139	0.346565268754647	0.728917942083424	NA
ENSMUSG00000139987	3.51582406759615	-0.0343266486489814	0.044299574342574	-0.829362021614965	0.406899585087632	NA
ENSMUSG00000085843	7.33880286075371	-0.0305156319140887	0.0646809913254797	-0.480333857629718	0.630990017562761	NA
ENSMUSG00000087289	3.52164210064165	0.0394043589943291	0.0458893980810452	0.832421035828206	0.405171332432921	NA
ENSMUSG00000140293	7.14571860148582	-0.010694996298819	0.0610736650784936	-0.176902394097969	0.85958505806394	NA
ENSMUSG00000140320	3.42345913800096	-0.0598432128880033	0.0446039360526893	-1.5239472923364	0.12752187829676	NA
ENSMUSG00000140436	2.76447892877888	-0.0558446362581656	0.0401710846473052	-1.61402614672669	0.106521755014195	NA
ENSMUSG00000120023	4.50742756039712	0.0020885722793492	0.0522273942905178	0.0398624923527486	0.968202754087137	NA
ENSMUSG00000085749	4.38093613909352	-0.0205359451146484	0.0495554061533323	-0.423192034295674	0.672155158108762	NA
ENSMUSG00000085870	2.94130884577998	-0.0098466620882175	0.0423169831400463	-0.236277133147764	0.813217629756449	NA
ENSMUSG00000140777	3.43833178348768	-0.0603942745825377	0.045069817620797	-1.52001686011809	0.128506738250937	NA
ENSMUSG00000140885	8.75896177945877	-0.0899612925820925	0.0688877122890094	-1.3777223852595	0.168289017235701	NA
ENSMUSG00000140913	2.35858326618803	0.00435711546017433	0.0387144628512157	0.111506903211335	0.911214391768903	NA
ENSMUSG00000140923	5.0516099912411	0.0283674313533274	0.0543792207228121	0.514041499125491	0.607222976844817	NA
ENSMUSG00000140939	4.62627103898274	-0.00146411980210414	0.0520531918151962	-0.0280683106994319	0.977607668509035	NA
ENSMUSG00000087011	7.02090754338252	-0.0212626242443769	0.0612748677827856	-0.352296055897878	0.724616245729897	NA
ENSMUSG00000140984	6.77405188360249	0.0817183128047999	0.061430458545429	1.29634156227687	0.194857835453736	NA
ENSMUSG00000141000	5.13484294033692	0.0501963358140456	0.0548514579329082	0.8911988754624	0.372822487603922	NA
ENSMUSG00000086712	4.87566624065899	0.00523560758055227	0.0538598423649749	0.0965851030954593	0.923055887186332	NA
ENSMUSG00000141199	2.46549708990875	-0.00805763946813796	0.0360814651107463	-0.229263369270067	0.818664222347565	NA
ENSMUSG00000120622	3.96852773526392	-0.00997784330557744	0.0484834421118916	-0.208173930562485	0.835093163076837	NA
ENSMUSG00000141377	3.43030801674446	-0.00863725265272585	0.0460750185579172	-0.1900882736673	0.849239958810682	NA
ENSMUSG00000141416	2.10918806451178	-0.0026752608198022	0.0366559618152487	-0.0730031910515542	0.941803578196737	NA
ENSMUSG00000141473	5.07684115136682	0.0129025980947273	0.0522097002766552	0.24528063749328	0.806239142952453	NA
ENSMUSG00000141479	4.37572528527264	0.0285169442609147	0.049898008127388	0.559519888323361	0.575806961843766	NA
ENSMUSG00000120354	6.31079464168163	-0.0285145765542728	0.0577125210470344	-0.505758250861853	0.613026370064651	NA
ENSMUSG00000141614	7.14299279100798	0.0385203204210879	0.064024873369978	0.591844690070163	0.553954594050268	NA
ENSMUSG00000141653	4.62979104624188	-0.0655687772927016	0.0523644884063423	-1.3693464030759	0.170891019419997	NA
ENSMUSG00000086890	2.37726983015875	0.0289052126939743	0.0374716824975176	0.748922260176182	0.45390406263842	NA
ENSMUSG00000141933	4.9238711810728	0.0175599697321746	0.0524952792365985	0.331716233136896	0.740103541827765	NA
ENSMUSG00000141975	2.22994368802122	0.00926112311587489	0.0370733263765902	0.247103746587688	0.804827934272805	NA
ENSMUSG00000087228	3.75270147743146	-0.0136050052414059	0.0428142831394758	-0.327156465701622	0.743549545976708	NA
ENSMUSG00000142088	2.42672215943726	0.0299953330222502	0.0389765721577468	0.751183981375186	0.452541939207975	NA
ENSMUSG00000142199	2.59008123348171	-0.0147527457956984	0.0411350295170442	-0.368492009725166	0.712506401975634	NA
ENSMUSG00000142246	5.69359373407911	-0.0134214696220673	0.0555053622297197	-0.245171131496812	0.806323928075335	NA
ENSMUSG00000087326	2.38123329511493	-0.00855819366584254	0.0390744512177322	-0.22291219318391	0.823603846354294	NA
ENSMUSG00000142332	2.00823695311557	0.0412469363287681	0.03594980931273	1.12400495079581	0.261010925674513	NA
ENSMUSG00000086765	8.13443181330629	-0.0498407629023936	0.067350221966392	-0.761233573083258	0.446517568688023	NA
ENSMUSG00000142518	4.35296868512854	0.0454128546795138	0.0512774174732361	0.862101009741625	0.388631935795383	NA
ENSMUSG00000142572	2.43473619179413	0.00412147529151044	0.0389074180834632	0.105668725404588	0.915845194902213	NA
ENSMUSG00000142588	2.80386590566816	0.0197614562595007	0.0419636476048363	0.461610331469247	0.644360784339777	NA
ENSMUSG00000142649	6.99094084204921	-0.0202660470315778	0.0609486028808606	-0.337353939562796	0.735850102411907	NA
ENSMUSG00000142697	3.17606318369303	-0.00250011714366176	0.0448022258668579	-0.0560238232746514	0.95532282873397	NA
ENSMUSG00000142779	3.16143205431618	-0.0272433507977468	0.0426148151594504	-0.674603210301618	0.49992789283234	NA
ENSMUSG00000142813	6.95400630461164	-0.0338475516145905	0.0624466536373454	-0.553247098851717	0.58009421984028	NA
ENSMUSG00000142867	3.05642550832611	0.0132983844700277	0.0425417210931521	0.308995670779368	0.757324820009889	NA
ENSMUSG00000085967	4.04388646408871	0.00209063640247835	0.0494891847997916	0.0422864452552102	0.966270350740985	NA
ENSMUSG00000119949	1.91329575951473	0.00286321499555787	0.035199274685053	0.0804517367106021	0.935877980273804	NA
ENSMUSG00000142956	5.57724016602973	-0.0246882247401787	0.0563202415251643	-0.446798694157599	0.655020414234479	NA
ENSMUSG00000143072	1.92793662327793	0.00199864026646621	0.033639049132535	0.0588586764236955	0.953064672394008	NA
ENSMUSG00000143074	6.92119408646466	0.0307289462332461	0.0629005305502629	0.48129980149108	0.630303438131176	NA
ENSMUSG00000085990	2.80386590566816	0.0197614562595007	0.0419636476048363	0.461610331469247	0.644360784339777	NA
ENSMUSG00000143304	9.15035817928409	0.0108908837637711	0.0677505355355277	0.159920866085054	0.872943411302555	NA
ENSMUSG00000084809	6.17390438224125	0.00803099024406272	0.0554703995647853	0.143296409192618	0.886056091616759	NA
ENSMUSG00000143355	2.93961874819333	0.00359515447764131	0.0392852195070443	0.0909349839504488	0.927544252166842	NA
ENSMUSG00000143467	2.29720128204463	-0.00410007840878961	0.0343982959221605	-0.121416897789172	0.90336083339653	NA
ENSMUSG00000143895	1.8995459293637	0.0140190284702135	0.0328699222185737	0.412561377059818	0.679928003574074	NA
ENSMUSG00000087614	2.07135687729379	-0.0379114334134464	0.0347822920132571	-1.26310437179106	0.206551673087821	NA
ENSMUSG00000043385	2.98996697827718	0.00172680635398955	0.0436385537582663	0.0394908679115151	0.968499034189867	NA
ENSMUSG00000081885	2.81267413480634	-0.017030691581301	0.0397422249955132	-0.446574712346269	0.655182157288438	NA
ENSMUSG00000087070	9.21234555374027	-0.050828113095912	0.070817632694115	-0.735065112217905	0.462299840414652	NA
ENSMUSG00000082876	2.01714201908461	0.0262185791190828	0.0353160781175325	0.72438866186578	0.468827158657787	NA
ENSMUSG00000142442	8.32738176465882	-0.0135689631616749	0.0662059823372238	-0.207091166772249	0.835938660465058	NA
ENSMUSG00000085790	5.37445664401149	0.0186567542127232	0.0561162666807935	0.328586753952249	0.742468061435096	NA
ENSMUSG00000122786	4.89707374791436	-0.00617972217167935	0.0531816519617161	-0.117287449305864	0.906632270387636	NA
ENSMUSG00000085063	8.41132667528461	-0.0657267393867482	0.0672149330623766	-1.0204322946586	0.307523484193931	NA
ENSMUSG00000085180	8.11072881815149	0.0329682404477314	0.0569759315393335	0.564708031549951	0.572272370458281	NA
ENSMUSG00000085643	1.94573702082965	0.00244123784630678	0.033705547742232	0.0718742281721476	0.94270199993128	NA
ENSMUSG00000086074	7.90581925979994	0.0542667870936941	0.0649408107778282	0.821466750276625	0.411380455790436	NA
ENSMUSG00000121438	4.57557132083953	0.0139949650583467	0.0530615465894175	0.26111578140854	0.794003221939613	NA
ENSMUSG00000122077	2.41288522684172	-0.00988849366597601	0.0391678450464157	-0.257524703424808	0.796773747633959	NA
ENSMUSG00000126789	9.90701852770347	-0.0166945463827806	0.0726943987239601	-0.231226904428913	0.817138529573789	NA
ENSMUSG00000129446	3.56388432873095	0.023434857162954	0.0449970053150913	0.509032658943949	0.610729332318763	NA
ENSMUSG00000134044	2.76816340654068	0.0076097331021382	0.0416326928175436	0.18083289680473	0.856498740850292	NA
ENSMUSG00000073739	5.95064736183479	0.0166449725508317	0.0569416799382992	0.289228455457977	0.772406557641137	NA
ENSMUSG00000086187	5.94819492238307	-0.046732118647177	0.0589633998001518	-0.825303162274535	0.409199496959062	NA
ENSMUSG00000120546	4.48716985620051	-0.0492779529418287	0.0515003192410836	-1.01966003293242	0.307889722809595	NA
ENSMUSG00000123051	2.82740696820722	0.017561984574652	0.0402488698071772	0.428170065667075	0.668527308314114	NA
ENSMUSG00000143688	9.48764228776962	-0.0182150501649399	0.0708946056941566	-0.25905525535183	0.795592607595329	NA
ENSMUSG00000121088	4.38533257838531	-0.0342833691254025	0.0518488486161948	-0.688151040369109	0.491357671585341	NA
ENSMUSG00000138043	3.67778620630371	-0.00334212552374206	0.0465513677376821	-0.0718494683147511	0.942721704495064	NA
ENSMUSG00000141341	4.34002278614517	0.0184925703633902	0.0511215917260077	0.356050941360392	0.721802415905862	NA
ENSMUSG00000123461	4.6793304779649	-0.0141233467261287	0.0520162449598075	-0.276127956842549	0.782449788643085	NA
ENSMUSG00000123502	7.71029304444177	0.0107244057996789	0.0655208516913835	0.162748389247477	0.870716545754955	NA
ENSMUSG00000126236	2.24290418858412	-0.00419064362841174	0.035325810848317	-0.120255925429374	0.904280417077561	NA
ENSMUSG00000122915	4.27379603781976	0.00845966229092921	0.0494491207857991	0.170326319993254	0.864753513320153	NA
ENSMUSG00000122872	3.27665793983671	-0.0167254819060004	0.0425945126247274	-0.405629839855737	0.685014600260023	NA
ENSMUSG00000127295	8.86155578297077	-0.0391110657574603	0.0676824310420545	-0.591332238575809	0.554297832792335	NA
ENSMUSG00000135516	4.92415016826718	-0.0809998968830746	0.0522023304553812	-1.75636166083005	0.0790266748635473	NA
ENSMUSG00000135556	6.47106668280253	0.0153919573962903	0.0607903847407912	0.25052504106836	0.802181342017364	NA
ENSMUSG00000138205	4.91736330702722	-0.0416153790931463	0.0512972943652633	-0.860576964392111	0.389471077584344	NA
ENSMUSG00000139851	2.55852613858577	0.0119967285239403	0.0397992930912861	0.295958972951466	0.767261413344472	NA
ENSMUSG00000138568	2.67038643051252	0.00894691553200478	0.0384054035514935	0.230757126976828	0.817503490048536	NA
ENSMUSG00000138322	6.87366363649632	0.0200822807992342	0.0622045310402539	0.32040511934639	0.748661245269147	NA
ENSMUSG00000130887	4.36744021119591	-0.0730264072758616	0.0512261448518967	-1.58730426208998	0.112443750412401	NA
ENSMUSG00000137720	2.41208616286723	0.0169626404710881	0.0390274969693857	0.42632672075434	0.669869789785174	NA
ENSMUSG00000123806	2.60032565795312	-0.00262907029758682	0.0361375544190518	-0.0725600221842836	0.942156240498113	NA
ENSMUSG00000086997	2.18703108770453	-0.0169066083100445	0.0367680101492763	-0.480132326840308	0.631133303028655	NA
ENSMUSG00000129862	4.85343458448817	0.0702701350546114	0.0489248695241412	1.40750177036117	0.159278652659936	NA
ENSMUSG00000086443	2.40802586108019	0.031397375181269	0.0390314994341733	0.78323275277608	0.433490444699041	NA
ENSMUSG00000124409	4.02247895683334	0.0128076220196007	0.0478423756477522	0.263027226669599	0.792529593912144	NA
ENSMUSG00000080997	9.60491462612933	-0.0419076902209059	0.0685743244688496	-0.625534572814061	0.531620264853943	NA
ENSMUSG00000135795	10.2558635496578	0.0214349636697261	0.0732195960767097	0.290276407740681	0.771604786103333	NA
ENSMUSG00000086017	2.60428425571613	-0.0266786015406381	0.0391222418878208	-0.727547732110907	0.466890486151966	NA
ENSMUSG00000086369	3.02566461021149	0.0279039691249648	0.0436421150667237	0.625725627904943	0.531494920603493	NA
ENSMUSG00000141168	6.29546393691834	-0.017365638617008	0.0596331644980247	-0.294455511935357	0.768409853571871	NA
ENSMUSG00000141102	4.87027631475592	-0.0303993844773399	0.0528118579511688	-0.597200214857337	0.550373715769955	NA
ENSMUSG00000135336	2.91371721584023	-0.0235349084110467	0.0431034457177393	-0.568160277547379	0.569926141085402	NA
ENSMUSG00000086275	6.6363379017708	-0.0109701962620883	0.0603170298154473	-0.183607786790748	0.854321154004019	NA
ENSMUSG00000073761	7.40075763131855	-0.026275564516542	0.0608449585136213	-0.442099925632114	0.658416898214883	NA
ENSMUSG00000080993	4.22593696929705	-0.0287729222847129	0.0503602497934081	-0.593119596305678	0.553101116727216	NA
ENSMUSG00000144297	8.59592158958235	0.00249825878503424	0.0686981990872726	0.0363622741667143	0.970993495126735	NA
ENSMUSG00000080946	3.54216830867121	-0.00957118863493917	0.044028256241509	-0.221999048434071	0.824314624090646	NA
ENSMUSG00000138397	2.94456034920618	0.0294037872610021	0.0427179683501812	0.668810506229781	0.503616363929506	NA
ENSMUSG00000138479	6.50293579467332	0.0472088233938169	0.0562677242774026	0.822195668269386	0.410965543726022	NA
ENSMUSG00000138438	4.24620440788001	-0.00344049655448049	0.0478618064780337	-0.0723245820243779	0.942343602293919	NA
ENSMUSG00000129925	2.04949131076185	-0.0111349138564556	0.0339967717574488	-0.340680497450349	0.733344122090048	NA
ENSMUSG00000129961	1.94000609022867	-0.0247551680113201	0.0354350241668185	-0.753240988517972	0.451305112686003	NA
ENSMUSG00000087343	4.44208697849071	0.0174263273651629	0.0508808495537859	0.338730884284868	0.734812472360048	NA
ENSMUSG00000130247	9.3631598482207	-0.00393028799039431	0.0701555739837828	-0.0561407929301833	0.955229647105683	NA
ENSMUSG00000130289	4.76978326263627	-0.00457236684168524	0.0519717225356409	-0.0883439369244129	0.929603318831282	NA
ENSMUSG00000138748	4.17163987583653	-0.029014900853663	0.050519049474099	-0.594357083701832	0.552273306190914	NA
ENSMUSG00000099289	5.62219360301734	-0.0501287439801698	0.0565827503193801	-0.932436581020151	0.35111094717243	NA
ENSMUSG00000136824	5.30754978907235	-0.00431367272118568	0.0530926331236189	-0.0818005452485751	0.934805322483342	NA
ENSMUSG00000028602	8.07320943247237	0.0741952301492095	0.0646968515873161	1.12215592478221	0.261796148985564	NA
ENSMUSG00000052912	3.83019862873311	-0.00653294132773204	0.047962894325395	-0.137416105370425	0.890701901562911	NA
ENSMUSG00000144271	2.84918056510148	-0.0439917194408296	0.0403641285325309	-1.22903378625202	0.21905913875106	NA
ENSMUSG00000127798	4.84673525221686	-0.029784845809266	0.0525689537649911	-0.58742993817717	0.556914991913643	NA
ENSMUSG00000120352	7.24835007608233	-0.0387232791334278	0.0631364448132136	-0.630593788487058	0.528306161319665	NA
ENSMUSG00000144267	4.99325746318673	0.029803826202067	0.0548863319243374	0.533863912066405	0.593435691504365	NA
ENSMUSG00000078597	4.64786248551347	0.0576710086997965	0.0507124631060705	1.11116683334478	0.266496544538222	NA
ENSMUSG00000094035	7.27073160117628	0.0446011018879934	0.0621607073130131	0.702275773935473	0.482507198391294	NA
ENSMUSG00000028451	4.04027935438506	0.012609553269778	0.0466527142683475	0.265701255033993	0.790469296740611	NA
ENSMUSG00000078487	5.29909304799353	0.0200504297509247	0.0560298474298108	0.352606356947373	0.724383571185717	NA
ENSMUSG00000063245	4.70612304393016	0.0231510860086376	0.051955921703376	0.4402904036074	0.6597267902089	NA
ENSMUSG00000037188	4.27053480000721	-0.00298416964595511	0.0497006517965468	-0.060471436979834	0.951780164193555	NA
ENSMUSG00000025330	1.9676896898061	0.0273357174729464	0.0351696302604418	0.753544692505064	0.451122665313794	NA
ENSMUSG00000050493	5.20334792322503	0.0208238635090089	0.0530597756865795	0.384868287735615	0.700335002231879	NA
ENSMUSG00000094686	6.78725655203245	0.0325941101545394	0.0587539916263129	0.548040274553223	0.583664248971177	NA
ENSMUSG00000070806	9.86083230343069	-0.0170006757705555	0.0719394779419189	-0.237738346077327	0.812084040316827	NA
ENSMUSG00000028310	7.60656574223264	-0.0445729393911948	0.0617728576689442	-0.746168882367167	0.455565403076869	NA
ENSMUSG00000028996	10.1625204840059	-0.0610145484565527	0.0732462348109291	-0.855108919118679	0.39249085238867	NA
ENSMUSG00000028642	9.07481551118394	-0.07274755292369	0.0703544654741908	-1.07438750931074	0.282649038386219	NA
ENSMUSG00000028427	3.02971517761217	0.040809645993713	0.0433295829773684	0.919239683029631	0.357970219002069	NA
ENSMUSG00000028459	8.11413738700026	0.00170700320010623	0.0664749623747878	0.0256581280017512	0.979530021865578	NA
ENSMUSG00000028874	7.97352031152039	0.0678971855667517	0.0668494970480145	0.994088503620503	0.320179781795476	NA
ENSMUSG00000028217	2.31318150431021	0.0183246335931281	0.0380550720919669	0.467593516521746	0.64007530226975	NA
ENSMUSG00000062585	5.15186374268685	0.021641661502664	0.053219172682702	0.400098766071694	0.689083773026243	NA
ENSMUSG00000028836	2.55358453757292	-0.0139473248354363	0.0407741561744984	-0.350582252149757	0.725901773197662	NA
ENSMUSG00000028825	3.5443889663994	0.052288976737485	0.0464975721305806	1.09041722560246	0.27552939733672	NA
ENSMUSG00000028264	1.91815025808308	-0.0235011432679439	0.0344143459293469	-0.736875824561274	0.46119786693224	NA
ENSMUSG00000084782	3.71541058474136	-0.00306741599993294	0.0436424205840736	-0.0708596952532121	0.943509421232249	NA
ENSMUSG00000042477	3.86184569326672	0.00540005709833247	0.0472619070447556	0.113906820098503	0.909311659102248	NA
ENSMUSG00000040533	2.72276164466286	0.0199559795164204	0.0395591173322412	0.490604575314926	0.623706149771931	NA
ENSMUSG00000078554	2.0040944160772	-0.0124515093224067	0.0362964400436584	-0.354214911530268	0.723177829341379	NA
ENSMUSG00000028713	3.92233177660479	0.0162063743415021	0.0488179294340779	0.32654743894767	0.744010203437606	NA
ENSMUSG00000041616	4.00855492179329	-0.0723074348241061	0.0476586594073378	-1.74196774343977	0.0815140887304344	NA
ENSMUSG00000066058	9.9702255543262	-0.0421558382080497	0.0727113501255393	-0.591134984421624	0.554429980867396	NA
ENSMUSG00000071005	7.58053551813244	-0.0109163301496439	0.0645430360506254	-0.169818049469247	0.865153231679029	NA
ENSMUSG00000039653	9.85431469499876	-0.0512935275961382	0.0715642950349214	-0.734580650430712	0.462594925832666	NA
ENSMUSG00000028965	7.09760076351651	0.0252085506469949	0.0633132620988116	0.392910843476458	0.69438533242358	NA
ENSMUSG00000001333	7.41909345620499	0.0322566170726907	0.064679474014318	0.492659900225194	0.62225291590246	NA
ENSMUSG00000042367	3.19800611828312	0.049842057400241	0.0444650199647323	1.09079210040529	0.275364373241628	NA
ENSMUSG00000058935	2.4693207427791	-0.0106439401092671	0.0369593825632711	-0.294107130235491	0.768676042579685	NA
ENSMUSG00000044254	3.18910591950726	0.0499786801748056	0.0445855082880677	1.09028702855627	0.275586727323124	NA
ENSMUSG00000002384	7.49739453867431	0.00363024587098132	0.0652739549731773	0.0554741434672077	0.955760728745723	NA
ENSMUSG00000012123	2.3001339013028	-0.0177891420351332	0.0361289647444434	-0.518391490447425	0.604185150673458	NA
ENSMUSG00000038598	3.80753399822669	0.0477829859149042	0.0486437030125201	0.957335050496823	0.338398169410994	NA
ENSMUSG00000087166	2.65471472105131	0.0281448497485999	0.0368316319203296	0.735169839065803	0.462236065156775	NA
ENSMUSG00000078502	3.79369706563115	0.00794355113087771	0.0487554549109363	0.161867663397968	0.871410067825876	NA
ENSMUSG00000073877	3.20276864721379	-0.0135746442071257	0.041672374548727	-0.335275029985002	0.737417627950753	NA
ENSMUSG00000028327	3.19026620592746	-0.014689869157539	0.0416573518030227	-0.361390585165671	0.71780748506816	NA
ENSMUSG00000056300	10.0024177805809	0.00315863325954772	0.072322656697729	0.0435424690410285	0.965269111211355	NA
ENSMUSG00000028813	6.83842406383858	-0.0178229889121922	0.060193393236584	-0.299222364834708	0.76477038591096	NA
ENSMUSG00000028834	7.05504938564553	-0.0345616936491285	0.0605253009005022	-0.58427627451468	0.559034451806141	NA
ENSMUSG00000028971	3.8501374487617	-0.00820231318580913	0.0478485700070824	-0.172368107272456	0.863148143598078	NA
ENSMUSG00000028750	2.96237048114426	0.00264647799737932	0.0435971484745646	0.0604642810708625	0.951785863354215	NA
ENSMUSG00000046694	8.04990924906588	0.0209442337739991	0.062458315485185	0.329875916708392	0.741493721541077	NA
ENSMUSG00000040728	2.75272834599617	0.0190270511226935	0.039613270178634	0.468464361379405	0.639452551170046	NA
ENSMUSG00000000409	6.13349206382444	-0.0227642098391736	0.0575815831854166	-0.403424573047871	0.686635912507054	NA
ENSMUSG00000035551	9.52379797898049	-0.00850703356925881	0.0695631450067607	-0.122495560535901	0.902506561695629	NA
ENSMUSG00000035683	2.93557304798582	-0.0231736398928228	0.0428994117298503	-0.563315650189253	0.573219963077508	NA
ENSMUSG00000033770	2.35857839899486	0.0187002553873293	0.0391550599644386	0.465962929516356	0.641242035440802	NA
ENSMUSG00000006221	2.35532689556866	-0.0214647640971573	0.0381971869130757	-0.591627387484572	0.554100130076975	NA
ENSMUSG00000028280	8.57008282370788	0.0851832037069947	0.0667878385896773	1.2444097813174	0.213348784803058	NA
ENSMUSG00000086322	2.18948839434942	0.033263633990938	0.0359904391440641	0.899682184135342	0.368289407109323	NA
ENSMUSG00000028362	3.18910105231409	0.062166352709878	0.0439869775856354	1.37858052601176	0.168024124203993	NA
ENSMUSG00000037157	3.1996042462321	-0.00287203030051473	0.0443237116796414	-0.0651512814808894	0.948053550411488	NA
ENSMUSG00000037600	3.51839546440862	-0.0123896912111479	0.0464443820254522	-0.270544971471379	0.786741024115599	NA
ENSMUSG00000048003	2.59132862234641	-0.0265059495606353	0.039086803114961	-0.722832627360919	0.469782719365467	NA
ENSMUSG00000028963	9.11825792266709	0.00188541591905999	0.0677540614041539	0.0278638874668563	0.977770710879486	NA
ENSMUSG00000028678	3.33052205896162	-0.0469634389427513	0.0454242159622067	-1.12833164951029	0.259179881912365	NA
ENSMUSG00000028749	7.96569816391339	-0.0568836736025254	0.065770113287618	-0.896209140662567	0.370141074702403	NA
ENSMUSG00000028784	6.66165129714785	0.0368894165903361	0.0609686767864294	0.59602339496843	0.551159597929772	NA
ENSMUSG00000029019	1.90439069354569	0.0151911784423075	0.0335132836023698	0.438475136098215	0.661041890292818	NA
ENSMUSG00000078639	2.21947234901946	-0.0142276239776281	0.0337370854386487	-0.443970223170118	0.657064112415858	NA
ENSMUSG00000069733	2.27137711774968	0.045469578259463	0.0365354595068124	1.23457452445409	0.21698889508816	NA
ENSMUSG00000028523	5.42153390189644	0.0306905955259081	0.0559622380802718	0.539601874080586	0.589471623907727	NA
ENSMUSG00000028415	2.3821243287271	0.00373221705312327	0.0380496224756647	0.0973766713335497	0.922427270251541	NA
ENSMUSG00000044556	5.43360823604035	-0.0075969909335334	0.0566211976791207	-0.135204544306435	0.892450154250651	NA
ENSMUSG00000104966	3.38085568746594	-0.00781156740532954	0.0460207060420642	-0.171615873645971	0.863739527242478	NA
ENSMUSG00000083909	3.18576244644338	-0.0256746188225856	0.0420335048673674	-0.646721894285314	0.517811950417067	NA
ENSMUSG00000079906	6.46398179211964	0.00611423467975779	0.0586704644143597	0.104121215009225	0.917073155219583	NA
ENSMUSG00000105761	2.99401754567787	0.0154765936625442	0.0437738486397082	0.348067083742176	0.727789803875962	NA
ENSMUSG00000106189	1.97738895255644	0.00128326745784422	0.0356421419321365	0.0358653831391091	0.971389698351899	NA
ENSMUSG00000107363	3.93035067615483	-0.0228724368328165	0.0489898731400987	-0.479724946012176	0.631422987220979	NA
ENSMUSG00000106673	3.47005134888627	0.041832193777043	0.0449162343699528	0.910770912917982	0.362416091362071	NA
ENSMUSG00000106753	4.0560527678703	0.000606718214680667	0.04751979688792	0.0127880953820466	0.989796854229241	NA
ENSMUSG00000107312	3.48991280085671	-0.036945532358044	0.0460262866788336	-0.854343310603131	0.392914796332206	NA
ENSMUSG00000107148	4.8168653877144	-0.00565399962175675	0.053357264366062	-0.106591198191618	0.915113301627156	NA
ENSMUSG00000105970	4.54957295165557	-0.0374278991525557	0.0521193318497241	-0.750926416331074	0.452696941356301	NA
ENSMUSG00000088583	3.78480173404846	-0.00583699122964306	0.0466378541391055	-0.125993460872976	0.899737100793776	NA
ENSMUSG00000104708	2.83586445826113	0.0148669814246759	0.0371271318540167	0.388564038435357	0.697598673431552	NA
ENSMUSG00000104684	4.41547348460763	0.0641700747403274	0.0498477840874056	1.25661016064883	0.208894833684264	NA
ENSMUSG00000105510	9.54372144845446	0.00383553855089966	0.0714574652599717	0.0536083718614855	0.957247186324642	NA
ENSMUSG00000063935	2.29808258127044	0.0305980736472163	0.0353647830112972	0.85140060502034	0.394546855784865	NA
ENSMUSG00000105261	7.05165383991762	0.00396374742733659	0.0626181317545175	0.0633186118736307	0.949512795368789	NA
ENSMUSG00000092094	8.13067092691458	0.052407821985838	0.0595370063465831	0.862425583340871	0.388453367351199	NA
ENSMUSG00000095159	7.48715011420289	-0.00617868615731654	0.0637720440428435	-0.0975133174673376	0.92231875882271	NA
ENSMUSG00000105954	2.13589352803254	-0.0164196392736408	0.0374090370473095	-0.455847765899199	0.648499453063638	NA
ENSMUSG00002076468	9.07039885414437	-0.0321059240560278	0.0686241483572568	-0.476397614684794	0.633791133710195	NA
ENSMUSG00000084878	2.41413261570642	-0.0231130639691206	0.0382647252734996	-0.637150104790858	0.524027074359607	NA
ENSMUSG00000094708	10.1439112880934	-0.0115813471115401	0.0729818954950655	-0.159096444007109	0.873592889809273	NA
ENSMUSG00000106643	9.69166758248429	-0.0800549297177717	0.069706241024323	-1.20552829208909	0.227999422800248	NA
ENSMUSG00000106671	2.69303645943942	-0.00240601242899721	0.0400106748273844	-0.0607446252607668	0.951562591458482	NA
ENSMUSG00000106631	8.58871148839314	-0.0104285411512385	0.0665209148110246	-0.157633600260326	0.874745525394424	NA
ENSMUSG00000106773	5.65135637318299	-0.0127757848186601	0.0572326601082936	-0.225928069028938	0.821257366258525	NA
ENSMUSG00000106992	4.74791769610434	0.022386347452083	0.0535903184062603	0.41121187213921	0.680917183623728	NA
ENSMUSG00000106888	9.45483493681581	0.0318245261838074	0.0711645438424577	0.443194588565705	0.65762499270281	NA
ENSMUSG00000107287	2.73976784543327	0.0341251292017363	0.0409776087812899	0.806291656394306	0.420074700270898	NA
ENSMUSG00000096344	3.26326933213138	-0.0423843364935817	0.0431459868146321	-1.07620581723891	0.281835218680536	NA
ENSMUSG00000106265	2.80782450343117	-0.00570760912023164	0.0417072106269812	-0.13845916438321	0.889877540810372	NA
ENSMUSG00000087063	3.6076008602153	0.0116545435670793	0.0466801020990489	0.246988856651832	0.80491684806736	NA
ENSMUSG00000107165	9.8616070314393	0.0198045787026347	0.0693432406742089	0.283179893102055	0.777038940767704	NA
ENSMUSG00000104748	2.39427603092916	0.0453145239286595	0.0393148791505559	1.12261328001527	0.26160177278568	NA
ENSMUSG00000077222	7.50762922875937	0.0355618520095016	0.0619502115464472	0.561541298629814	0.574428584875856	NA
ENSMUSG00000106636	3.53856606616073	-0.0112125109595436	0.0452103312607129	-0.252022076390603	0.801023999944286	NA
ENSMUSG00000105740	4.76042987177702	-0.00294113220741026	0.0494995876850125	-0.0598812489475868	0.952250214263872	NA
ENSMUSG00000104535	5.4126288359274	0.0423943593022263	0.0552080433853713	0.751639314773776	0.452267993810856	NA
ENSMUSG00000106664	3.53055690099704	-9.49958369180833e-05	0.0451118167210401	-0.00209957086797245	0.998324786050912	NA
ENSMUSG00000078183	6.660668293898	-0.00965020120261046	0.0585015397455667	-0.166687329539497	0.867616075616551	NA
ENSMUSG00000083988	2.22883060707188	-0.0263170887620228	0.0338162839364776	-0.866077284760015	0.386447781050467	NA
ENSMUSG00000057157	2.32684909920991	-0.0581513598134791	0.0371906178575381	-2.20338026200414	0.0275679581834432	NA
ENSMUSG00000107037	2.14074802660089	-0.0432513875534465	0.0367890397597089	-1.34391936749187	0.178974462417243	NA
ENSMUSG00000080875	6.91514427169564	-0.0423657754557953	0.0598878074622458	-0.730930012141438	0.464821903207025	NA
ENSMUSG00000106815	3.13145561859652	-0.000567132570610999	0.0397944929353351	-0.0142626172169768	0.988620463735719	NA
ENSMUSG00000106637	3.04472213101426	-0.0129703319692595	0.0418299449112858	-0.315765557222286	0.752180462868416	NA
ENSMUSG00000107388	2.82371762325224	-0.033119680674579	0.0411452534705792	-0.865690301941348	0.386660019747318	NA
ENSMUSG00000104625	6.17404906152026	-0.038753969193418	0.0594987971935814	-0.672514768990125	0.501256041104536	NA
ENSMUSG00000106048	8.69362119755236	-0.0764413027683296	0.0692899693819985	-1.15172392600398	0.249434537213208	NA
ENSMUSG00000106411	5.63097971162562	-0.0204409919972692	0.0523133644192125	-0.400870137859601	0.688515736796795	NA
ENSMUSG00000107317	4.51553356239168	0.0137436644789773	0.0504316286616707	0.26889619327114	0.788009566452374	NA
ENSMUSG00000106750	2.82167603760623	-0.00665142264438729	0.0390944050823858	-0.172432869921432	0.863097232714909	NA
ENSMUSG00000106777	4.34002278614517	0.0184925703633902	0.0511215917260077	0.356050941360392	0.721802415905862	NA
ENSMUSG00002075826	4.9108235780654	-0.0176980090762835	0.0520594578642965	-0.347971218664007	0.727861798521548	NA
ENSMUSG00000118543	2.8533133677535	0.0326176816597724	0.042110776235681	0.757888868138096	0.448517514944005	NA
ENSMUSG00000107168	4.49322940535587	0.00286692649699784	0.0504806585556917	0.0568318630447581	0.954679131908578	NA
ENSMUSG00000106934	2.7307805442129	-0.017738720989437	0.0413139394016716	-0.443895200688339	0.657118354569383	NA
ENSMUSG00000051503	4.0122393995551	-0.0101767650577398	0.0491828225129594	-0.209757615742184	0.833856854823692	NA
ENSMUSG00000104885	5.55325077860045	-0.0377171177292684	0.0575910868778988	-0.676678934937681	0.498609684573056	NA
ENSMUSG00000097686	1.85979286283553	-0.00869784836565555	0.0329593188176026	-0.269238682400708	0.787746014656228	NA
ENSMUSG00000098027	4.86676604188313	0.00498209275925469	0.0536693343093161	0.0921987645017648	0.926540119650122	NA
ENSMUSG00000106926	7.29833783269556	0.0209203545473647	0.0644632733275938	0.321050275481993	0.748172291539766	NA
ENSMUSG00000101013	9.18150242037432	-0.100148483927957	0.0702951112869053	-1.50876986440514	0.131357604461574	NA
ENSMUSG00000106158	8.43732017727539	-0.00479636334812343	0.0676416744724525	-0.0712119298336119	0.943229086888928	NA
ENSMUSG00000106116	4.79714311085251	0.00427448088696419	0.0470383311274194	0.0899792777264897	0.928303681999898	NA
ENSMUSG00000105189	9.29432624677821	-0.00255495207915815	0.0704537833501458	-0.036288583863919	0.97105225270242	NA
ENSMUSG00000105275	2.54547853557837	-0.0270006933762208	0.0403891384690898	-0.709264684030892	0.47816023974615	NA
ENSMUSG00000085328	2.05760217994958	-0.0132698167933774	0.0358458212960561	-0.384349209346126	0.7007196398365	NA
ENSMUSG00000106294	2.47617448871577	0.0266981423086967	0.0376740673051616	0.69484313125581	0.487153614935281	NA
ENSMUSG00000106851	3.18225217357059	0.00723219852948565	0.0408383571513847	0.173775476161157	0.862041918320048	NA
ENSMUSG00000105087	2.05354674535572	-0.0129684568831349	0.0360399359071958	-0.373492625631068	0.708781832809747	NA
ENSMUSG00000106484	9.58082575011201	-0.0665338533772259	0.0694881711802246	-0.995308583470027	0.319586204384734	NA
ENSMUSG00000107244	7.8148366639621	-0.00213993901442342	0.0653717752634086	-0.032830187364565	0.973810005146662	NA
ENSMUSG00000089910	3.37591895364627	-0.0437292803143999	0.0439037113670955	-1.09739067448645	0.27247064823974	NA
ENSMUSG00000105106	2.17644565853519	-0.017709813897918	0.0377935809059376	-0.487938513933068	0.625593393359648	NA
ENSMUSG00000105081	2.07143424535194	0.0377134834860047	0.0347780667835391	1.07200979601005	0.283715632218811	NA
ENSMUSG00000119906	2.27342843778204	-0.00610157234623459	0.0362338217096493	-0.169967906379391	0.865035376362515	NA
ENSMUSG00000105156	8.89532666840173	0.00653901334223755	0.0676353151739455	0.0963420117115495	0.923248945729248	NA
ENSMUSG00000095524	6.29950963712585	0.00809364126584719	0.0596545255977554	0.134871499861456	0.892713473443838	NA
ENSMUSG00000082389	6.56265466895314	0.00255090804173305	0.0605817301785171	0.0420701823309682	0.966442750170585	NA
ENSMUSG00000107295	2.73977271262645	0.0212095118935953	0.0415193586645716	0.497962865815254	0.618510215852737	NA
ENSMUSG00000058905	3.78153562904273	-0.00443463053435836	0.0472119558169317	-0.0945373869219562	0.924682284950923	NA
ENSMUSG00002074913	2.22104835643853	-0.00460686618399987	0.0370103359793586	-0.125859797077471	0.899842906827473	NA
ENSMUSG00000092344	5.91538757142926	0.00631186663450294	0.0574199073026975	0.109864449636195	0.91251687690541	NA
ENSMUSG00000038044	6.38906090482363	0.00645236973264754	0.0549539068763048	0.117351273996881	0.906581694908696	NA
ENSMUSG00000105574	2.72761614323121	-0.0050581483093336	0.0412650401943985	-0.12326955056341	0.901893652036125	NA
ENSMUSG00000105530	10.1556146654052	0.0142562672996506	0.0738485657576634	0.192227705434717	0.847563844775794	NA
ENSMUSG00000105454	2.9898750086395	-0.0346073806697375	0.0415650016657846	-0.905444916426613	0.365229729273364	NA
ENSMUSG00000105958	5.16464030397439	-0.0622444823691348	0.0535993294134528	-1.26025996331038	0.207575597831558	NA
ENSMUSG00000106404	2.62172829801532	-0.00163619899061204	0.0410582734499515	-0.0400279431518664	0.968070848726532	NA
ENSMUSG00000105974	5.33822358474247	-0.0641250446242313	0.0535944713540003	-1.30614737990537	0.191502443188902	NA
ENSMUSG00000105791	3.52561529998418	-0.0253272776130893	0.0463908543109015	-0.566213266061609	0.571248812841691	NA
ENSMUSG00000105332	3.22631457694603	-0.0296063484886591	0.0443654980389609	-0.70506213689569	0.480771568093336	NA
ENSMUSG00000104929	3.572934073979	-0.0319378724462816	0.0426340666281202	-0.808684863604882	0.418696436851802	NA
ENSMUSG00000104562	6.40429963994923	-0.0374012837003164	0.056686623755481	-0.687947000629456	0.491486157295894	NA
ENSMUSG00000105828	6.67090298398307	0.022555748913559	0.0581015986658545	0.382448724961308	0.702128554869484	NA
ENSMUSG00000093490	4.84402404331855	-0.0199115141885728	0.0532647044142218	-0.380187385111637	0.703806322682443	NA
ENSMUSG00000106539	9.16680461675391	0.0258240188491789	0.0673907535462192	0.38054002315135	0.703544592923553	NA
ENSMUSG00000104651	4.85167685322971	-0.00585003024335736	0.0534644501240865	-0.110231076609478	0.912226116872933	NA
ENSMUSG00000106627	3.07017047128397	0.0137596055477182	0.0419871529311494	0.324066706198358	0.745887532494606	NA
ENSMUSG00000106430	2.31803113568538	0.0055106579301679	0.0386052892509633	0.140886543720461	0.887959572667216	NA
ENSMUSG00000067700	2.11808826328764	-0.00251295089355413	0.0371353451220559	-0.067746106147012	0.945987746194574	NA
ENSMUSG00000105422	7.26860291308577	0.0234910546006899	0.0634256500111118	0.367252143761824	0.71343094743201	NA
ENSMUSG00000073116	4.27379117062658	0.0216708567523167	0.0497743715425877	0.429746588438531	0.667379989695505	NA
ENSMUSG00000105622	6.04438350484861	-0.024302858408164	0.0594905837698797	-0.41519204169716	0.678001324235332	NA
ENSMUSG00000105663	1.99033971873299	0.0155884521212302	0.0362709700481828	0.420475282472364	0.674138282469435	NA
ENSMUSG00000106607	2.22677928703952	0.0223531017573426	0.0375690224295616	0.581802794890323	0.560699521271759	NA
ENSMUSG00000104974	6.13224467495974	-0.00968150160934513	0.0571090883872336	-0.171576282532051	0.86377065471336	NA
ENSMUSG00000104733	3.53812260846369	-0.0331641913728318	0.0434146205246796	-0.821284896749003	0.411484008535283	NA
ENSMUSG00000081970	3.96270483502525	-0.0724981067419102	0.0479002234457021	-1.73000742990076	0.0836289477706666	NA
ENSMUSG00000106537	3.01182281042277	0.00173591321696364	0.0436748015885935	0.0397289953581645	0.968309184967216	NA
ENSMUSG00000048703	7.8987815745879	-0.0527495754807276	0.0648794468019894	-0.843250494451694	0.399088363564672	NA
ENSMUSG00000105775	2.29132567216462	0.0162614038618962	0.0357241462291236	0.440902167237079	0.659283824627213	NA
ENSMUSG00000106914	2.64358413016091	-0.0016021406944742	0.0408372089048391	-0.0394785710793626	0.96850883799713	NA
ENSMUSG00000089975	6.17652848869505	-0.0510575552391997	0.0592641915899301	-0.9016641114653	0.367235322915621	NA
ENSMUSG00002076332	3.74908463334146	0.0198437047914508	0.0445937016814166	0.435759653118683	0.663011119933753	NA
ENSMUSG00000107225	3.77184123348556	0.00787362978249215	0.0485112563390628	0.161043315878146	0.872059284727971	NA
ENSMUSG00000107173	9.01360286473637	0.0300932586990655	0.0697379710459356	0.427406907963395	0.669082976779817	NA
ENSMUSG00000083902	2.03891074878569	-0.0257630326275107	0.0354847605070124	-0.790364674905232	0.429314826105813	NA
ENSMUSG00000105940	2.79001923868627	0.00779744901057586	0.042200282272524	0.183139240614877	0.854688766864062	NA
ENSMUSG00000104871	2.22103862205218	0.022574408242543	0.0369658555141125	0.596410137189285	0.550901270005447	NA
ENSMUSG00000106044	7.34663474274705	0.0611432257392447	0.0602746979903597	0.994477981093073	0.319990219995782	NA
ENSMUSG00000105694	9.18277510463314	0.0722127942725114	0.0691142814633832	1.02298075017853	0.306316947465841	NA
ENSMUSG00000090326	4.09987852232905	-0.0225638398152225	0.0463329221482314	-0.505900566553447	0.612926454575359	NA
ENSMUSG00000106311	2.30338540472901	0.0167913055158594	0.0349760222002948	0.465059134501559	0.641889109621579	NA
ENSMUSG00000087552	4.15382974389846	-0.00184289054951395	0.05069161649997	-0.0364050578884728	0.970959381242654	NA
ENSMUSG00000106915	3.66808694355336	0.0212993354268999	0.0463929679453428	0.447962201362475	0.654180476179657	NA
ENSMUSG00000105006	9.57494527303883	-0.0334643684914893	0.0694277855936084	-0.489245220652227	0.624668098103083	NA
ENSMUSG00000094282	2.86301263050384	0.00595678159922023	0.0410777319962169	0.144465017060456	0.885133278975855	NA
ENSMUSG00000105935	2.14893626384677	0.0344288489935292	0.0357988653997806	0.931039691965036	0.351833032705488	NA
ENSMUSG00000104641	8.20309639950389	0.0542496863303093	0.0638689805227529	0.828747158617545	0.407247494577827	NA
ENSMUSG00000107195	5.4054187347382	0.0248083043907933	0.0513485699659622	0.474398970064773	0.635215427366677	NA
ENSMUSG00000107362	2.27623648351121	0.00636345123332835	0.0353358498306366	0.178831706343273	0.858069848518503	NA
ENSMUSG00000106696	4.64812687112832	-0.00136095657113557	0.0512473052821479	-0.0265279934010375	0.978836205947112	NA
ENSMUSG00000088494	2.4761696215226	0.038934281963233	0.0374214306756792	1.02380622493833	0.305926809583635	NA
ENSMUSG00000106940	5.54434571263141	-0.0240611475613417	0.0574508659534649	-0.427105078544743	0.669302794096187	NA
ENSMUSG00000077347	5.61485481008102	0.0011679080158207	0.0569222261690623	0.0205419116275231	0.983611078477028	NA
ENSMUSG00000104985	7.42729142783723	0.0784794655065794	0.0637434243649051	1.20291961011286	0.229007430911637	NA
ENSMUSG00000106115	3.937117319647	-0.0309776291185466	0.0464389472850388	-0.705358827458973	0.480586959577068	NA
ENSMUSG00002075048	3.18496338246889	-0.00213945035297538	0.0437555518534587	-0.0491211447240178	0.960822752693128	NA
ENSMUSG00000106832	6.05115501553396	-0.0477092895256945	0.0585917820041012	-0.850905652890934	0.394821764437349	NA
ENSMUSG00000099063	2.20404215566812	-0.0168095716020728	0.036044818104739	-0.488184995575745	0.625418811450307	NA
ENSMUSG00000107083	4.63701088181744	-0.0726595245224964	0.0503853450524286	-1.63137331223734	0.102811572613355	NA
ENSMUSG00000070473	4.67669663712475	0.0641527056203272	0.0494164999968091	1.25728692341257	0.208649757375002	NA
ENSMUSG00000107335	4.23175986953571	0.0319836798492402	0.0480340495566417	0.651564879011847	0.514681910606899	NA
ENSMUSG00000102415	7.98504948394323	-0.0042507591086698	0.0625686498221511	-0.0684191943623608	0.945451942740442	NA
ENSMUSG00000046440	5.53869701728175	0.0149418646154971	0.0574647866557333	0.25748367883974	0.796805413077143	NA
ENSMUSG00000104668	3.8727874776886	-0.0204601759566768	0.0480729366857137	-0.436533378024311	0.662449787599128	NA
ENSMUSG00000106497	5.9400937875817	-0.0734754703240532	0.058970598465833	-1.33618061543398	0.181490245411787	NA
ENSMUSG00000105699	7.10881105177132	-0.101262421437705	0.0632458620013288	-1.74223121229552	0.0814679944661015	NA
ENSMUSG00000105873	2.4031810968982	0.0313850140300168	0.0394184760922432	0.775402347919457	0.438101948170738	NA
ENSMUSG00000096810	9.11138957515089	0.00230239035216199	0.0704677669171871	0.0326435356307339	0.973958851902053	NA
ENSMUSG00000057244	3.5086913344651	0.026711273760927	0.0461223168681263	0.564139574431213	0.572659147112308	NA
ENSMUSG00000065304	4.36877470250511	-0.032928562056268	0.0502819334182301	-0.681101775890348	0.495807093451836	NA
ENSMUSG00000106840	2.63468393138504	-0.00183847614906347	0.0408180408878945	-0.0452885435262259	0.963877319011631	NA
ENSMUSG00000107118	6.51944329021843	-0.0642929474156512	0.0498754028989411	-1.48042203804622	0.138760652287856	NA
ENSMUSG00000106757	8.12357226413575	0.0350602283048396	0.0642619615039877	0.538803825968529	0.590022223393203	NA
ENSMUSG00000106178	4.5625285850253	-0.0380800741328077	0.052449083500662	-0.759241638360823	0.447708022224695	NA
ENSMUSG00000104195	7.52040579004691	-0.03988687276111	0.0605463921151735	-0.680700312441458	0.496061138605267	NA
ENSMUSG00002076053	6.10002482400468	-0.0131037635806474	0.0574135681615548	-0.229531789818633	0.818455615372105	NA
ENSMUSG00000107076	2.96642591573812	0.00206855706492427	0.0424742253531507	0.0485218590931141	0.961300343920429	NA
ENSMUSG00000106802	1.99599328127583	-0.0378610059280971	0.0349144405558511	-1.24593722245103	0.212787443373883	NA
ENSMUSG00000105289	2.94447324676168	-0.0204600898384871	0.0406748719003126	-0.526720055521118	0.598388006225815	NA
ENSMUSG00000106386	2.21610675542568	-0.0277840244331089	0.035582375914014	-0.863178902980802	0.3880391112385	NA
ENSMUSG00000106320	1.97730185011194	-0.0493628596118131	0.0343770200461711	-1.99985370347336	0.0455160635893713	NA
ENSMUSG00000105985	4.54090453460323	-0.0304413882295129	0.0481683162761859	-0.665711333269426	0.505595628104293	NA
ENSMUSG00000105624	7.79131020300257	-0.0391012378053981	0.0643688707600945	-0.623306869548948	0.533082884390901	NA
ENSMUSG00000106384	2.22183768602667	-0.00320798128493131	0.0356158056188754	-0.0911066401747016	0.927407856492404	NA
ENSMUSG00000106190	3.23846627914809	0.00956382499696637	0.0432533780479849	0.219364197418392	0.826366357133318	NA
ENSMUSG00000099145	4.80301872073251	-0.0175981316076895	0.0536833562185402	-0.333806420258657	0.738525638387851	NA
ENSMUSG00000106751	8.54692245238722	0.00148250466307752	0.0662954710125305	0.0222852299995834	0.982220430710528	NA
ENSMUSG00000105406	3.35325919033302	-0.00651158230633527	0.0446903559750272	-0.147127067253084	0.883031725775771	NA
ENSMUSG00000083700	2.53252290220864	-0.0255571914346364	0.0394320331889267	-0.688623755146242	0.491060068033988	NA
ENSMUSG00000090468	2.05768928239408	0.0368208824260148	0.034697693430608	1.0489462696381	0.294202848355084	NA
ENSMUSG00000106834	2.44858285877602	0.0161858610839335	0.0391080303241764	0.407341239876857	0.683757377587695	NA
ENSMUSG00000118625	8.22340056019627	-0.014161821794888	0.0651055813368968	-0.21885035380664	0.826766620841218	NA
ENSMUSG00000106818	4.64372481566828	-0.00178333316081561	0.0495135438656637	-0.0361200176856755	0.971186660936593	NA
ENSMUSG00002076874	3.21662018138886	-0.0169305773849255	0.043968925304438	-0.395804774704664	0.692249054180505	NA
ENSMUSG00000107155	2.10918319731861	0.0103972023709048	0.0353114758578371	0.287507518236181	0.773723746120419	NA
ENSMUSG00000106732	2.31184214580783	-0.00494077511963543	0.0354276641404984	-0.142235324887619	0.886894130205902	NA
ENSMUSG00000107091	2.00734591950341	0.0267297310184493	0.0347108059432076	0.749681533824359	0.453446531831217	NA
ENSMUSG00000105787	7.95843599006015	0.0412430936966032	0.0644881307796044	0.631276741248985	0.527859591983697	NA
ENSMUSG00000107263	2.0358334502485	0.0350625294456745	0.0337774026360798	1.02424195594652	0.305721006238392	NA
ENSMUSG00000104633	1.99034458592617	0.00109320279518817	0.0361200098858972	0.0301928763674151	0.975913229778363	NA
ENSMUSG00000029618	2.15458495919643	-0.00321654497139597	0.0374866337768948	-0.086203785147051	0.931304421798754	NA
ENSMUSG00000107259	3.99848470221088	0.016236134599356	0.0494334742230947	0.324431449050391	0.74561141333768	NA
ENSMUSG00000081865	5.45644707143578	0.0379862631738119	0.0541581273814536	0.687835113105332	0.491556621561595	NA
ENSMUSG00000097271	7.87327142726781	0.0567203690568415	0.0647142168940485	0.860519638755459	0.389502662665454	NA
ENSMUSG00000105031	1.96274808879324	0.00202243845104925	0.0360230513155561	0.0558424985898276	0.955467278766167	NA
ENSMUSG00000105071	3.03852827394353	-0.010988640949646	0.042489573674915	-0.264371431496914	0.791493722992652	NA
ENSMUSG00000080753	3.32081792901809	-0.00619635066869493	0.044204093851509	-0.141277120446853	0.887651023553647	NA
ENSMUSG00000085234	1.96275295598642	-0.0110225966481991	0.0339007569535174	-0.335098719151707	0.737550619031158	NA
ENSMUSG00000082305	1.9181453908899	-0.0105605224945883	0.0353245124064315	-0.306279208076685	0.759392068577903	NA
ENSMUSG00000106654	2.62982943281669	0.0254103758478143	0.0406904753406697	0.611014452529527	0.541190012421226	NA
ENSMUSG00000104706	2.71377434344249	-0.0313809470927909	0.0414874943384291	-0.808219363717831	0.418964312557511	NA
ENSMUSG00000073226	2.5397427377842	-0.0373089121479154	0.0388235421124753	-1.07212454643496	0.283664095002707	NA
ENSMUSG00000062438	4.18450353956858	-0.0622351275030465	0.0482162416179628	-1.45054121206088	0.146907655421721	NA
ENSMUSG00000104999	2.83136556597023	-0.00591865971064748	0.041026603168665	-0.146226826585195	0.883742328620799	NA
ENSMUSG00000082265	2.11808826328764	-0.00251295089355413	0.0371353451220559	-0.067746106147012	0.945987746194574	NA
ENSMUSG00000105179	2.99481660965236	-0.0117865645390035	0.0437302109707085	-0.2744460881498	0.783741828893451	NA
ENSMUSG00000106229	6.78548908638765	-0.0230063018742833	0.0581933928402583	-0.404971225024904	0.685498662386934	NA
ENSMUSG00000105526	2.08193743926995	-0.0208723045715241	0.0319568191211242	-0.724483195224308	0.468769140402206	NA
ENSMUSG00000097561	9.2895734522339	0.0306158164443326	0.0690454610448304	0.437715530769168	0.661592509712351	NA
ENSMUSG00000104806	2.66227556132479	0.0111491020253719	0.0407148523912659	0.271252177844643	0.786197084558494	NA
ENSMUSG00000091204	2.85656000398652	0.0816572679499341	0.0408328058273791	2.01869153499424	0.0435192903700924	NA
ENSMUSG00000103529	9.23429335552354	-0.0144169956341911	0.0708420914358105	-0.204494599297459	0.837967011964212	NA
ENSMUSG00000121495	2.07055294612613	0.000372037106362562	0.0353239798168592	0.0105953873797893	0.991546262166819	NA
ENSMUSG00000063820	7.48127450432289	0.0152797537349542	0.0640127334571984	0.236549785996115	0.813006079550492	NA
ENSMUSG00000119880	3.61449694442966	-0.0401355398713777	0.0462000540164979	-0.928276620369921	0.353264098415136	NA
ENSMUSG00000105107	9.00066183294617	-0.00778073684643396	0.0691295787333126	-0.113017740305484	0.910016490595614	NA
ENSMUSG00000080836	2.44937218836416	0.0159110912214272	0.0375458450226674	0.4165447588614	0.677011422299001	NA
ENSMUSG00000104704	5.07515592097334	0.0146352348230105	0.0544408457615163	0.266970492055058	0.789491880682294	NA
ENSMUSG00000084552	3.48100773488767	-0.0229963805500264	0.0454923349824968	-0.523751241259423	0.600451570613498	NA
ENSMUSG00000104877	5.29607819348402	-0.0279460116736247	0.0539345078581047	-0.534646216839935	0.592894518619711	NA
ENSMUSG00000104694	3.54114233016638	-0.000311865064869644	0.0451169179847791	-0.00689854181853741	0.994495803648311	NA
ENSMUSG00000107354	2.68176605646317	-0.00241937925291873	0.0375952535288421	-0.0649484146528415	0.948215072620221	NA
ENSMUSG00000024437	7.33306219576636	-0.0291453223556096	0.0641686568233918	-0.462571723897496	0.643671380490345	NA
ENSMUSG00000121673	8.52055312637121	0.0166576436544801	0.0685498708493689	0.241332313901928	0.809297568012691	NA
ENSMUSG00000052154	8.93259544056193	0.0558158357811644	0.0700264545873784	0.782862178350099	0.433708049653393	NA
ENSMUSG00000105130	5.61337077229963	0.0242360218900049	0.055157113875301	0.433104499298295	0.664938854249705	NA
ENSMUSG00000107340	3.78480173404846	-0.00583699122964306	0.0466378541391055	-0.125993460872976	0.899737100793776	NA
ENSMUSG00000098656	2.43959069036248	-0.0233603528556777	0.0393175352107112	-0.628679768381126	0.529558725903377	NA
ENSMUSG00000107256	5.25695252392826	0.0402759621571148	0.0526063757420368	0.744375053652812	0.456649606686052	NA
ENSMUSG00000106390	6.21231322307386	0.023545645547522	0.0595939339615323	0.390581399323373	0.696106676838952	NA
ENSMUSG00000087250	2.41604962782342	-0.021944608118221	0.0383706650197984	-0.605264099001265	0.54500353157739	NA
ENSMUSG00000106993	3.02557750776698	-0.0255300142210112	0.0436161826649374	-0.613089916994653	0.539816886872298	NA
ENSMUSG00000120663	9.93669164026288	0.110018171271129	0.0702567761612963	1.53265363602757	0.125361218511063	NA
ENSMUSG00000122351	1.99844572072754	0.0268685502849248	0.0348938972940692	0.749048404833844	0.453828031082924	NA
ENSMUSG00000097368	2.5754403697185	-0.0130105231977209	0.0395606911342021	-0.338103762307331	0.735284995421822	NA
ENSMUSG00000122765	3.06612963826963	-0.025158323499021	0.0425613065994071	-0.621692524538119	0.534144068058644	NA
ENSMUSG00000122794	4.41012589698225	-0.0595998049119331	0.0505869381779432	-1.2847074077854	0.198894548675007	NA
ENSMUSG00000052295	3.26820119875789	0.00671008388412026	0.0444309333747209	0.149099781970685	0.88147489792995	NA
ENSMUSG00000122927	3.42670577423398	-0.00937796497220661	0.0448772570840286	-0.210982647970935	0.832900811506187	NA
ENSMUSG00000087487	8.9643319368463	-0.103592449595286	0.0656004382061396	-1.7271495745307	0.0841408042421616	NA
ENSMUSG00000106492	8.62204939948849	0.00992053156278755	0.0655068818765535	0.14998486332323	0.880776557485321	NA
ENSMUSG00000123190	3.61077012839017	-0.012682800148049	0.0439792262998708	-0.294420917516641	0.768436285008322	NA
ENSMUSG00000123600	2.04994450284524	-0.0135652570448454	0.0354237168177118	-0.395582564396368	0.692413001667232	NA
ENSMUSG00000105686	7.44785510695129	-0.0457368393593307	0.0649010455524528	-0.724848030460438	0.468545266185112	NA
ENSMUSG00000091351	2.23885362118343	-0.0176762345992408	0.0369369545150263	-0.501925767811506	0.615719738763867	NA
ENSMUSG00000100465	7.11213992325568	0.0137064767104439	0.0623552535639844	0.21815767755237	0.827306259276152	NA
ENSMUSG00000124087	3.63439342618056	0.0509306287021228	0.0471566004874143	1.05448221011519	0.291662201215487	NA
ENSMUSG00000085858	5.83261268161001	-0.0292705319466593	0.0566782259398359	-0.530765215314302	0.595581487514494	NA
ENSMUSG00000124104	6.2656516492504	-0.089912144332046	0.0588688053878417	-1.68037682705915	0.0928840217487932	NA
ENSMUSG00000124109	2.08114324248864	-0.0123741710636334	0.0341244562598256	-0.378204354468434	0.705278790904849	NA
ENSMUSG00000124156	2.02110548404079	-0.0126623248182112	0.0357168022729316	-0.366814672115395	0.71375726262852	NA
ENSMUSG00000105239	2.31318637150338	0.00411311251839666	0.0356087236705254	0.113951801399062	0.909276001386155	NA
ENSMUSG00000124300	7.45456417360895	0.0374901641319416	0.062124618137436	0.591608604801946	0.554112710451585	NA
ENSMUSG00000120368	3.59148082586388	0.020421747182858	0.0430239464291413	0.464453567295371	0.642322819120319	NA
ENSMUSG00000105402	3.44009924913248	0.00381331349101376	0.0458377863265607	0.0830429314671257	0.933817403107349	NA
ENSMUSG00000097962	10.1914865022286	0.133569154504087	0.0735183674748829	1.77323793241228	0.0761892889773295	NA
ENSMUSG00000124512	2.64762983036842	0.0239553503041179	0.0392826849418071	0.597020848141519	0.550493461497188	NA
ENSMUSG00000124602	1.94574188802283	-0.0115770133024319	0.0356491443468325	-0.333439972200635	0.738802194354298	NA
ENSMUSG00000124762	4.99811682894825	-0.0103716728237107	0.0544269047950033	-0.192355077779863	0.847464077991465	NA
ENSMUSG00000124774	3.22631457694603	-0.0296063484886591	0.0443654980389609	-0.70506213689569	0.480771568093336	NA
ENSMUSG00000124791	2.32773039843573	-0.0208125322510681	0.0382586794472099	-0.571580891938135	0.567605943709597	NA
ENSMUSG00000106692	2.56733923491713	-0.0418118757643276	0.0407190109179752	-1.13443053879303	0.256613995083669	NA
ENSMUSG00000054622	4.87036341720043	0.0199394991786443	0.0537005078025254	0.367507679829651	0.713240364352855	NA
ENSMUSG00000125536	3.55497926276192	0.0333585513713212	0.0434272936043952	0.746330367175662	0.455467871570424	NA
ENSMUSG00000125662	3.22146494557086	-0.0170455759297683	0.0450260516344874	-0.38904726361687	0.697241183756307	NA
ENSMUSG00000105907	2.90682113162587	0.0273086425217162	0.0397789725444866	0.674199031285993	0.500184785431533	NA
ENSMUSG00000125872	2.14893626384677	0.0344288489935292	0.0357988653997806	0.931039691965036	0.351833032705488	NA
ENSMUSG00000086165	8.83089733785527	0.00515593879872806	0.0662540193655004	0.0772755974330251	0.938404303274589	NA
ENSMUSG00000125921	3.03940957316934	0.027955941610734	0.0430672909721212	0.635447789381264	0.525136408243383	NA
ENSMUSG00000105845	8.92115569988984	-0.05596601942199	0.0698766022630131	-0.82447636872448	0.409668937713625	NA
ENSMUSG00000126191	7.29990897292146	0.0392209780693618	0.0597588675504993	0.642688349817086	0.520426342020673	NA
ENSMUSG00000126312	2.23693660906643	-0.0175114823833223	0.0354811781935257	-0.516951656026667	0.605189906724382	NA
ENSMUSG00000126337	5.93047676008268	0.0175955273907083	0.0591594092128163	0.294223764672366	0.768586922331244	NA
ENSMUSG00000126536	8.63914270270341	0.0595381386687071	0.0632338435777001	0.914177657430511	0.360623502166402	NA
ENSMUSG00000126539	6.63486359837576	-0.012174962177814	0.0595700618396706	-0.20631530642948	0.836544622928516	NA
ENSMUSG00000105482	2.20323822450046	0.0234958923658306	0.0379739585281929	0.603629160484124	0.54609022107006	NA
ENSMUSG00000126696	2.26364207258719	-0.0334735677722989	0.0380552166898256	-0.962998775281794	0.335548137880135	NA
ENSMUSG00000121177	7.20046888702972	-0.0132344567315094	0.0632183354156264	-0.211206835798691	0.832725876875083	NA
ENSMUSG00000126817	2.93240864700412	-0.010090207226002	0.0423035635208161	-0.242024514734964	0.808761167806801	NA
ENSMUSG00000104847	4.50338186018961	-0.0244406937876607	0.0518934607746472	-0.482663301483109	0.629334824622627	NA
ENSMUSG00000073152	5.73739736800797	0.0204394169339638	0.0547359974109325	0.369762854465763	0.711559194489927	NA
ENSMUSG00000107318	5.93936722447219	0.040354649450292	0.0563614511904056	0.700083747892899	0.48387500476128	NA
ENSMUSG00000072573	2.24098717646712	-0.00611874911030875	0.0366299056245865	-0.168059232007154	0.866536681260251	NA
ENSMUSG00000106674	9.62843843533168	0.00106119817484731	0.0717563703827832	0.0147670112938404	0.988218057885126	NA
ENSMUSG00000127492	3.52155499819714	-0.0107582813143757	0.0455075988455767	-0.239972014681394	0.810351951826206	NA
ENSMUSG00000106738	3.42839587182064	-0.021920152657881	0.0440306408367145	-0.514903977807455	0.606620121088943	NA
ENSMUSG00000120915	3.89464817702736	-0.035288362506495	0.0491029015476936	-0.753207613446616	0.451325164998393	NA
ENSMUSG00000127609	6.90243015443579	-0.0647589595943633	0.0597668829071895	-1.15070766659085	0.249852521432932	NA
ENSMUSG00000127648	4.94381000110139	0.017093178755351	0.0548118888654491	0.308048617527041	0.758045338430174	NA
ENSMUSG00000120465	5.76622665242607	0.0477934661860245	0.0579469087932352	0.806379555849203	0.420024031300696	NA
ENSMUSG00000127837	1.98055335353814	-0.0117371612112294	0.0357769998004877	-0.338143614494252	0.73525496466405	NA
ENSMUSG00000106263	2.04384748260537	0.0137350947844728	0.0360021647751405	0.375578091700062	0.707230580589691	NA
ENSMUSG00000128081	8.86365748333822	0.0522825973625715	0.067322369937366	0.760905730979233	0.446713375249404	NA
ENSMUSG00000128092	4.38856948023198	0.0391577118102412	0.0473509814173355	0.805217956336961	0.42069391628615	NA
ENSMUSG00000055424	9.16119264351367	-0.0310486392188073	0.0669806613645347	-0.473265362827918	0.636023870400279	NA
ENSMUSG00000052014	7.09625653782095	0.0153021694014857	0.0626262778494336	0.243202978648532	0.807848159499815	NA
ENSMUSG00000128166	4.63922180515929	0.0108628153753253	0.0507302068986533	0.211406657063627	0.832569962548646	NA
ENSMUSG00000128201	3.0910051921179	0.0108689469728228	0.0431803301963427	0.24728836830526	0.804685060052858	NA
ENSMUSG00000097191	4.62944030715761	-0.0242820353412426	0.0498288349570561	-0.501931829481638	0.61571547467832	NA
ENSMUSG00000128440	2.19028259113073	0.0237594322967901	0.0379371917553851	0.610059118714443	0.541822646299968	NA
ENSMUSG00000128448	4.43803641109002	0.00485153057246537	0.0515329438062654	0.0939871778699978	0.925119342224092	NA
ENSMUSG00000128457	2.24503774386781	0.00595764704092741	0.0351942691940456	0.165843404049181	0.868280187571081	NA
ENSMUSG00000128532	2.77221884113455	0.00734483628263833	0.0421631016947524	0.172429239844877	0.863100086357129	NA
ENSMUSG00000128962	2.19522905933676	0.0289722375784863	0.0341514378998046	0.827325727275704	0.408052465435888	NA
ENSMUSG00000129002	3.48055940999745	-0.034143840090864	0.0448940083742172	-0.812755288969048	0.416358374817465	NA
ENSMUSG00000129031	4.58201908016367	-0.0503784087597992	0.0517575549829844	-1.04112530083175	0.297817398552073	NA
ENSMUSG00000129086	8.95378090048013	0.0150762029371467	0.0669419110801429	0.223600527609053	0.823068153089408	NA
ENSMUSG00000085639	1.95789359022489	0.0271179647598309	0.0341134096749604	0.768915159106716	0.441943677645153	NA
ENSMUSG00000097228	5.64864516428468	-0.00232909364793947	0.0565207897804077	-0.0411571011868629	0.96717065296715	NA
ENSMUSG00000129242	4.4392886671479	-0.0220215119689365	0.0507173056210992	-0.444213377350879	0.656888321446918	NA
ENSMUSG00000089926	4.22918847272325	0.010427296018576	0.0503454424599048	0.20578714268427	0.836957184905527	NA
ENSMUSG00000129499	3.40810631270777	0.0131314604295505	0.0418492473402994	0.30631378611907	0.759365743586203	NA
ENSMUSG00000129819	4.10367032028314	0.0594090850074707	0.0485436794305194	1.1854094966327	0.235855578746548	NA
ENSMUSG00000129890	1.97649791894428	-0.0103836901858227	0.0343749090364044	-0.311759016649917	0.755223672708477	NA
ENSMUSG00000129937	3.81238849679504	0.02070661592963	0.048715451661401	0.41856614763505	0.675533234295958	NA
ENSMUSG00000130078	4.11035472852398	-0.01199293972271	0.0474124727813052	-0.257781419026826	0.796575605432912	NA
ENSMUSG00000130243	3.20851417939431	-0.0301622477185155	0.0443521585890287	-0.717168990750222	0.473269830428486	NA
ENSMUSG00000119946	5.74032998726614	0.00811539996203181	0.0567324241201251	0.142095624656476	0.887004474128386	NA
ENSMUSG00000120570	8.50848852661365	0.0269198809222636	0.0670244235165764	0.396849522763844	0.691478429046164	NA
ENSMUSG00000106219	3.61649132460481	0.0391800764654343	0.0469156833225128	0.814896129332379	0.415131768964954	NA
ENSMUSG00000130619	1.98223858393162	-0.0120522813064092	0.0355734481609825	-0.349217534907082	0.726926002951531	NA
ENSMUSG00000130725	5.27096112352588	-0.0409328507236837	0.054990380756949	-0.778604283321088	0.436212855128953	NA
ENSMUSG00000130776	5.58164147251469	-0.0493211346754727	0.0565985371544224	-0.916098499915679	0.359615234521635	NA
ENSMUSG00000130837	2.39013836108397	-0.0229067532212804	0.0394278960819895	-0.612124601976836	0.540455321500805	NA
ENSMUSG00000131045	2.81690864148239	0.0705663688569837	0.0414189445716072	1.69317574775452	0.0904220194375026	NA
ENSMUSG00000106741	4.52963413162698	-0.0329847433805308	0.0498834681467807	-0.694524292482965	0.487353471808435	NA
ENSMUSG00000131154	1.94000122303549	-0.00939406699015862	0.0335886090726384	-0.28775004521701	0.773538078803705	NA
ENSMUSG00000120435	2.83226146677557	-0.00638402048394158	0.0376746957615623	-0.171957056023403	0.863471290351031	NA
ENSMUSG00000072612	4.37149077859659	-0.0589017278201386	0.0510324255775105	-1.25682351368611	0.208817549580601	NA
ENSMUSG00000120357	3.32935690534825	0.0297504639263702	0.0422962994514641	0.691148691257787	0.489472103914621	NA
ENSMUSG00000131613	5.00780635731225	-0.00855778719947894	0.053089853005368	-0.162844819772316	0.870640618168296	NA
ENSMUSG00000120419	3.14945455700313	0.0284774587217553	0.0398641470696895	0.693568450539516	0.487952884910324	NA
ENSMUSG00000131727	2.85647776873519	0.0190981912622319	0.0412713223963604	0.455224233722942	0.648947927858247	NA
ENSMUSG00000131745	6.71641618427127	-0.0034131382994939	0.0590033973729316	-0.0578966583359418	0.953830944920847	NA
ENSMUSG00000131938	2.39014322827714	-0.0348139440697963	0.0380247902032434	-1.01197010669293	0.311552346660076	NA
ENSMUSG00000131939	3.11558196754814	-0.0244398014487775	0.0414638862459703	-0.623127301851174	0.533200869823203	NA
ENSMUSG00000092183	5.03181034632105	-0.0375663680006443	0.054203055667106	-0.71902049270194	0.472128293286167	NA
ENSMUSG00000132514	5.94659192724093	0.0173696300085463	0.0574233516038908	0.299264374363802	0.764738334800648	NA
ENSMUSG00000132775	9.82308335146403	0.00932990758643939	0.0720230681365953	0.129233597067121	0.897172812492314	NA
ENSMUSG00000132818	2.49117657492468	-0.0122990434112499	0.0396818183107472	-0.316379098035195	0.751714780140093	NA
ENSMUSG00000121040	5.99694502451795	0.00237012169381405	0.0572401086131776	0.0413504146158823	0.967016542361095	NA
ENSMUSG00000132971	2.20412925811262	0.0333698641705358	0.0364903469494103	0.891815492121795	0.372491836534648	NA
ENSMUSG00000132979	3.52324022859062	-0.0110249459564937	0.0451861980086461	-0.2477045549057	0.804363007380872	NA
ENSMUSG00000105283	9.37374527739004	-0.00427551154224979	0.0713740367292	-0.0600379627441872	0.952125399311513	NA
ENSMUSG00000133025	7.39229602304655	0.0078598922626369	0.0640333226010389	0.122428849087953	0.902559392092478	NA
ENSMUSG00000133116	4.65341921122545	-0.0137478944972257	0.0520167358163988	-0.268483947909807	0.788326829163719	NA
ENSMUSG00000133149	5.62060034226154	-0.0128132481883759	0.0566877379926389	-0.228527290439493	0.819236342662295	NA
ENSMUSG00000097092	5.57915717814672	-0.0236927748975817	0.0569242018747246	-0.425151917436861	0.670725932974625	NA
ENSMUSG00000133224	4.46563777541612	-0.00910264987588557	0.0502178512176123	-0.183402774090264	0.854481999376239	NA
ENSMUSG00000133322	2.9210241538603	0.0145758162841667	0.0404022209825749	0.352870722189003	0.724185360993557	NA
ENSMUSG00000085271	4.58852695420925	0.013609398285022	0.0527977449517569	0.255330741299201	0.798467658488446	NA
ENSMUSG00000133503	2.4725722462053	0.0243897084939522	0.0372606430028767	0.630697090854753	0.528238601588804	NA
ENSMUSG00000133694	3.36710099012173	0.0191488661492552	0.0459400932557914	0.409322895326347	0.682302715613808	NA
ENSMUSG00000105912	8.44350916715295	0.00539749373040599	0.0682539827776831	0.0787975747310212	0.937193633135245	NA
ENSMUSG00000134035	2.58038197073136	0.0122468288681226	0.0402818850791998	0.299102207505638	0.764862061997845	NA
ENSMUSG00000134138	3.17200774909917	-0.0018964318557059	0.043433263060361	-0.0438266194132892	0.965042608242555	NA
ENSMUSG00000134366	2.61679156419564	-0.0421163732802028	0.0406890776533903	-1.1478913870221	0.251013404249333	NA
ENSMUSG00000134485	2.46278588101044	0.00122257689087222	0.0370696342551681	0.032702835960516	0.973911562332898	NA
ENSMUSG00000134568	2.2280315430974	-0.00539903169491738	0.035165804115408	-0.154400758656407	0.877293755511246	NA
ENSMUSG00000134680	2.25754018515414	0.00866457214276153	0.0378328640251833	0.227242705453096	0.820235022029522	NA
ENSMUSG00000107319	3.33220728935509	-0.0474153013950472	0.0454356271101631	-1.13802004897094	0.255112110667869	NA
ENSMUSG00000134846	8.3494541399711	-0.00483433853934579	0.0662587288839453	-0.072972959177069	0.941827635577264	NA
ENSMUSG00000121057	1.94979732261669	-0.0111115216602763	0.0342880865484016	-0.333353098945303	0.738867761991789	NA
ENSMUSG00000135043	2.19027772393756	0.0344190713718585	0.036024915228154	0.928735541301938	0.353026156923761	NA
ENSMUSG00000086610	6.71272197212312	-0.0394231425704918	0.0602183157340372	-0.673332974014345	0.500735479462405	NA
ENSMUSG00000087272	4.16856257729934	0.0308699194698832	0.0470101593818651	0.640490517865491	0.521853751753416	NA
ENSMUSG00000135138	1.99025748348166	-0.0495406054974098	0.0344364752504947	-2.00514066855961	0.0449480108215491	NA
ENSMUSG00000135253	9.3914683068836	-0.0776740128284311	0.0704886237069941	-1.15056868579135	0.249909721800931	NA
ENSMUSG00000135480	2.27534544989904	-0.00477127391883616	0.0371663226964225	-0.130470108124717	0.896194502228889	NA
ENSMUSG00000135575	4.52443376116754	0.0138479399559175	0.0502563939890214	0.271966545991611	0.785647742532125	NA
ENSMUSG00000135790	3.39955685301618	-0.0197157626871396	0.042718694319631	-0.478613661805362	0.632213497425451	NA
ENSMUSG00000135924	5.11202357371419	-0.0526429847064472	0.0549940768591491	-1.01238196002382	0.311355460483225	NA
ENSMUSG00000135948	5.07031115679134	0.013781704336964	0.0540955004567541	0.2529465801625	0.800309493814292	NA
ENSMUSG00000136303	1.99351385410104	-0.0208827134994759	0.0320059923086685	-0.716480185648151	0.473694898044552	NA
ENSMUSG00000136344	5.86682627576292	0.0178258151180855	0.0564376313519458	0.312891800506952	0.754362867284031	NA
ENSMUSG00000107164	3.09134619681582	0.000309583197781981	0.0381949467866078	0.0081402506654038	0.993505091402513	NA
ENSMUSG00000107061	2.16348515797229	-0.00289286900093012	0.0370565998735351	-0.0785099208333677	0.937422438899157	NA
ENSMUSG00000136518	6.91728333114981	-0.0142426284665415	0.0580752461184833	-0.249084024704396	0.803295786531127	NA
ENSMUSG00000136698	2.43562235821312	0.0301997789131921	0.0390046473287401	0.756244868074623	0.449502396210344	NA
ENSMUSG00000136699	5.3428047122847	0.0199539754393014	0.0560001905700183	0.351691680805959	0.725069500244745	NA
ENSMUSG00000136781	2.04869224678737	0.014241910324287	0.0358112734159172	0.391527004217213	0.695407732056918	NA
ENSMUSG00000136850	4.47658442703117	-0.0506828091733998	0.0522508018361757	-1.03125129757626	0.302422990566609	NA
ENSMUSG00000136852	3.13957135497742	-0.0157505821780703	0.0443994688158502	-0.362811707346398	0.716745545750176	NA
ENSMUSG00000136888	2.39022546352847	0.0316645486774105	0.0393880482443442	0.781762378222869	0.434354234832184	NA
ENSMUSG00000136892	5.35656914401526	-0.0312980455360388	0.0549319196433962	-0.587293577428526	0.557006553852168	NA
ENSMUSG00000136903	3.24509311055442	0.0326378887165667	0.0431266619596316	0.73964123279572	0.459517715475062	NA
ENSMUSG00000106380	5.95887232119009	-0.00876838343913009	0.0580962302378897	-0.151854610554437	0.879301608544556	NA
ENSMUSG00000136964	4.06057864788427	-0.0495633919579368	0.0481175815570844	-1.11690353751504	0.264035571932976	NA
ENSMUSG00000136982	2.4136842908162	-0.0343699767089493	0.0376843046274195	-1.0118967407111	0.31158742782539	NA
ENSMUSG00000107141	3.98878543946054	0.0425763042245191	0.0495756231494732	0.837337348672547	0.402402971187249	NA
ENSMUSG00000137209	3.12265225665151	0.0227886331584087	0.0433245679012551	0.512466724258729	0.608324403170944	NA
ENSMUSG00000106808	1.87759812758043	-0.0233272253606143	0.0348462431032774	-0.718790921012974	0.472269752479559	NA
ENSMUSG00000107198	4.53582312150454	-0.0253007529953902	0.052662339493662	-0.492788114629997	0.622162309572908	NA
ENSMUSG00000086632	5.36555157804245	0.0320881413138048	0.0564029718534732	0.558670219135266	0.576386807565054	NA
ENSMUSG00000137605	6.65671456332817	0.00025908623184817	0.0614139146895482	0.00422805068200749	0.996626513689509	NA
ENSMUSG00000137642	6.36058310846489	-0.0268642826567177	0.0578094748153065	-0.477430864502379	0.633055340368271	NA
ENSMUSG00000137749	3.8322450815723	-0.04637795026687	0.0479406211397884	-1.03892712085154	0.29883863198063	NA
ENSMUSG00000121792	7.80432860285092	0.0685180846247471	0.0639314635731068	1.0475112692502	0.294863837407656	NA
ENSMUSG00000104846	7.08446119087142	-0.0448771054419671	0.0613414368016853	-0.758592939425739	0.448096097617784	NA
ENSMUSG00000138003	4.79323235553766	-0.0432351513335921	0.0533094111666294	-0.853300597179214	0.39349262900106	NA
ENSMUSG00000138027	2.57624430088617	-0.0534101215981041	0.0397447185353011	-1.5432209869912	0.122777166890671	NA
ENSMUSG00000104872	5.84652698226371	0.0850714431749929	0.0584274605449577	1.42163669701238	0.155131745789346	NA
ENSMUSG00000104886	3.27869952548272	-0.0422542869161519	0.0433783121498816	-1.06860353201375	0.285248356347705	NA
ENSMUSG00000138330	6.92445045708404	0.0553115581999111	0.0628304814013448	0.860668584332778	0.389420600381363	NA
ENSMUSG00000121070	8.22273157392128	0.00122751083027888	0.0638213113578607	0.019265425578279	0.984629365198493	NA
ENSMUSG00000138596	3.79774763303184	0.0211364776398155	0.0483742815496601	0.429844346584359	0.66730887150815	NA
ENSMUSG00000138956	5.611608173848	-0.0513218702053388	0.0572919438368255	-0.941320162766307	0.34654081315961	NA
ENSMUSG00000139245	2.24142015080272	0.0163533831292464	0.0329375862469731	0.48528819753002	0.627471926401272	NA
ENSMUSG00000139329	4.88412298173781	-0.0190135633537433	0.0528890816562355	-0.367347113221226	0.713360115529586	NA
ENSMUSG00000106764	4.263324698818	-0.0160508727261623	0.0485748135680073	-0.337798645634144	0.735514930585995	NA
ENSMUSG00000139420	6.3052503021132	0.00675682448107201	0.057776424691358	0.11625632157701	0.9074494011482	NA
ENSMUSG00000139447	3.14362192237811	-0.00217311786459761	0.0437012059223437	-0.0498203573393803	0.960265544015077	NA
ENSMUSG00000139489	9.81930203687137	-0.0752041948702373	0.0717797218144227	-1.08899683197088	0.276155282729891	NA
ENSMUSG00000139814	8.90963626185336	-0.00739829757887137	0.0630147763081742	-0.117536814717619	0.906434672285986	NA
ENSMUSG00000139874	2.86301263050384	0.00595678159922023	0.0410777319962169	0.144465017060456	0.885133278975855	NA
ENSMUSG00000139982	9.9569191818722	-0.00631927882276563	0.0720467845791919	-0.087794298621414	0.930040169309349	NA
ENSMUSG00000087258	3.37195062149691	0.0057914935270157	0.0454572506908956	0.12663621166663	0.899228334892214	NA
ENSMUSG00000140238	7.09309700403243	0.0138517078069779	0.0619271214271311	0.222583367556199	0.823859782494117	NA
ENSMUSG00000140240	6.11172820131653	0.0128924368632201	0.0599800322021742	0.213141063640612	0.831216936290833	NA
ENSMUSG00000140296	2.91888573138343	0.0148233494747013	0.0379814743549738	0.385057604188113	0.70019473766847	NA
ENSMUSG00000140383	5.92958572647051	0.00556115407114534	0.05844303852734	0.094814190271659	0.924462415444683	NA
ENSMUSG00000140406	3.91739504278511	-0.0229224189697569	0.0492138674510628	-0.478165728454333	0.632532253050021	NA
ENSMUSG00000089842	7.42529704766207	0.0030235634288837	0.0617082804062293	0.0487775189989099	0.961096598084087	NA
ENSMUSG00000140539	4.33508605232549	-0.0200985607647292	0.051106742504024	-0.401430287102526	0.688103354368289	NA
ENSMUSG00000140605	9.63408713068134	-0.0360232380602802	0.0722813480896258	-0.505821870387837	0.612981703854529	NA
ENSMUSG00000141062	4.35694188447107	-0.0201841539588025	0.0513075808282061	-0.40196219319526	0.687711850397008	NA
ENSMUSG00000141583	9.04595702360679	-0.0173218662836994	0.0676136874194416	-0.259136976191515	0.795529556067538	NA
ENSMUSG00000141699	6.0481599522481	0.0756749142284198	0.0582549133836333	1.26874756209638	0.204531113023463	NA
ENSMUSG00000106209	6.82060419751416	0.0314473379227041	0.0612851679412023	0.503747572681896	0.614438773530551	NA
ENSMUSG00000142087	9.51612981851471	-0.00813677731993463	0.0717977293970718	-0.113675261616138	0.909495223750112	NA
ENSMUSG00000142166	2.81276610444402	0.0204375356701079	0.0424473517829901	0.472341259837994	0.636683224461397	NA
ENSMUSG00000142376	4.05897078554895	0.0222346162153801	0.0454360730113197	0.476890091455267	0.633440388083257	NA
ENSMUSG00000120987	5.35339500864722	0.00658478239176398	0.056643523269573	0.115701379177683	0.907889213169449	NA
ENSMUSG00000142450	2.32693620165442	-0.00830738785512458	0.0386764478912169	-0.21754518196081	0.827783499870638	NA
ENSMUSG00000142544	3.72184860967915	-0.0365163451822976	0.0443885431886556	-0.890331598894264	0.373287858729742	NA
ENSMUSG00000142552	4.83960738627898	0.019366014770797	0.0531832135584894	0.359884986062866	0.718933145206192	NA
ENSMUSG00000142621	3.81229652715736	-0.0173180866252157	0.0471879168007583	-0.376767630157813	0.70634629838627	NA
ENSMUSG00000142836	9.03510234162943	0.0487509122952844	0.0661726704414835	0.726738593183893	0.46738610673189	NA
ENSMUSG00000142957	7.66594911598502	-0.0708628059387513	0.063821557218536	-1.17517044125209	0.239926533383179	NA
ENSMUSG00000097516	2.21859104979364	-0.0528101069219669	0.0355049646742386	-2.1070654023121	0.0351119107979282	NA
ENSMUSG00000143197	1.95384302282421	0.0159798518024823	0.0357152682201559	0.435743804643354	0.663022619877741	NA
ENSMUSG00000143381	8.43707600940833	0.0246015498363545	0.0639058400327487	0.379554398046638	0.704276216934343	NA
ENSMUSG00000143424	4.87249697248412	0.0290849403813234	0.0523471928627499	0.542893389981569	0.587203207325054	NA
ENSMUSG00000106015	6.44418701439276	-0.0720322755753259	0.0604099759967939	-1.26940096132813	0.204298093500232	NA
ENSMUSG00000143439	2.47044355811478	0.00203966994650841	0.0374320600542807	0.0545130113053538	0.956526442481694	NA
ENSMUSG00000104970	3.83434116577148	0.0412272695482907	0.0464286900892591	0.867129961718888	0.385870805784303	NA
ENSMUSG00000143516	2.61407548810416	-0.0152700768516626	0.0393659227332167	-0.398231218456612	0.690459755928928	NA
ENSMUSG00000097840	8.87379458761734	0.0443623477251426	0.0689745137838964	0.634634599153119	0.525666757114212	NA
ENSMUSG00000143772	2.04059597917917	-0.0247051134284725	0.0344684822492541	-0.782944917256703	0.433659459076998	NA
ENSMUSG00000097673	3.47499294989912	0.0691044339292901	0.0459200368001517	1.48181260725326	0.138390163595033	NA
ENSMUSG00000144038	2.61688353383332	-0.00207276815332974	0.0376980103843555	-0.0552259386972268	0.955958464372887	NA
ENSMUSG00000144083	8.26631316051296	0.00955115131264775	0.0678795070176617	0.139965263571131	0.888687435828306	NA
ENSMUSG00000144104	2.46321398815287	0.0343675831816974	0.0350790813512526	0.963561977851031	0.33526557715855	NA
ENSMUSG00000121007	3.81443494963422	-0.0189453792527888	0.046852308606835	-0.41385385454054	0.678981140488289	NA
ENSMUSG00000141641	9.44989820299613	-0.00434598812109764	0.0706684440185757	-0.0617363556020049	0.950772787591814	NA
ENSMUSG00000137388	9.45977167063549	0.0679712772785395	0.0712191743298861	0.937840139823282	0.348326569497966	NA
ENSMUSG00000123413	2.39992472627882	0.00434472631489708	0.0388165598080904	0.111302724227504	0.911376295209249	NA
ENSMUSG00000123238	3.05237494092542	0.000547391302646826	0.0429571542681252	0.012773667769059	0.989808364858719	NA
ENSMUSG00000140766	3.66270188484347	-0.0266028907703941	0.0456495416328958	-0.609447881924117	0.542227608367229	NA
ENSMUSG00000106969	2.2258979878137	-0.0182714257460621	0.0377147937449248	-0.506802935651069	0.612293096330498	NA
ENSMUSG00000082088	3.19792388303179	-0.016269142175816	0.0444850694758833	-0.375467231021894	0.707313012636066	NA
ENSMUSG00000106304	9.14709207427836	0.0136373240550983	0.0709337446716481	0.191313628428916	0.848279884351526	NA
ENSMUSG00000121853	3.20762801297532	-0.0571739827792511	0.044563949553794	-1.44137689704765	0.149478233507671	NA
ENSMUSG00000060730	1.95383815563103	0.026396904681491	0.033357610771378	0.764763148596944	0.444412595365269	NA
ENSMUSG00000142352	2.7446272111948	-0.00571420710711561	0.0413053530988775	-0.13929458056357	0.889217372217427	NA
ENSMUSG00000106783	5.4543509872366	-0.048080003411263	0.0563122129542145	-0.893697298240764	0.371483871335822	NA
ENSMUSG00000120248	5.78573174914397	-0.00486858687539229	0.0556920498350348	-0.0877371738657024	0.93008557306421	NA
ENSMUSG00000120302	5.12865395045936	0.0376930470893231	0.0532193997401499	0.696460378100584	0.486140562350187	NA
ENSMUSG00000122947	2.42504179623696	0.0148443079246134	0.0369306959557213	0.39441408170242	0.693275348980483	NA
ENSMUSG00000125815	4.22998753669773	-0.0154629503259804	0.0502254722124218	-0.314062774417507	0.753473361797956	NA
ENSMUSG00000085971	7.73391634223216	0.072799190107049	0.065870154096732	1.0790238913244	0.280577077325501	NA
ENSMUSG00000107271	5.47945832280839	-0.00963490277971218	0.0563041536364673	-0.172182603271195	0.863293974201696	NA
ENSMUSG00000120179	4.50338186018961	-0.0244406937876607	0.0518934607746472	-0.482663301483109	0.629334824622627	NA
ENSMUSG00000085900	3.05890006830772	0.0128838039828231	0.0409910074878479	0.310413429447514	0.756246582967336	NA
ENSMUSG00000105730	2.77626940853523	0.0212430918443363	0.0423898526821278	0.490153237027984	0.624025468593823	NA
ENSMUSG00000137365	2.19918278990659	0.0236649546606279	0.0377257058724712	0.611446405662146	0.54090408888569	NA
ENSMUSG00000086729	2.17644079134202	-0.00319204624383246	0.037555522021367	-0.0855832015956867	0.931797752642975	NA
ENSMUSG00000086769	6.18340731957269	-0.0473143274935499	0.0563399160863144	-0.88155810335085	0.378015820170008	NA
ENSMUSG00000105858	4.1303757838039	0.0498911776131739	0.0499442995356915	0.969610825592778	0.332240514789392	NA
ENSMUSG00000104190	6.54641567724097	0.0516444357930255	0.0601645849756295	0.838973918359763	0.401483945698504	NA
ENSMUSG00000067724	7.28600705841131	-0.103785338852142	0.0634918665184012	-1.78499640488264	0.0742619000236264	NA
ENSMUSG00000121818	2.22273358683201	-0.00456706972334247	0.0349445636299712	-0.132248449977727	0.894787780088838	NA
ENSMUSG00000128459	3.22154718082219	0.0491540625397234	0.0444749177223117	1.07755380466744	0.281232927172189	NA
ENSMUSG00000083182	10.142673633615	-0.0226638049289504	0.0716846725523622	-0.319206376640231	0.749570021848812	NA
ENSMUSG00000083875	6.2105360230427	-0.0118902486337829	0.0575892638587672	-0.208900430834698	0.83452596782375	NA
ENSMUSG00000106269	2.56742147016846	0.0267817266316169	0.0405703667357041	0.642092782673578	0.52081294178331	NA
ENSMUSG00000105042	3.41161658558057	-0.020684291977344	0.0451943686128852	-0.473944136022412	0.635539744524824	NA
ENSMUSG00000134940	4.61541635700537	0.0703375818134295	0.0505547417489451	1.35953907817433	0.173975828133019	NA
ENSMUSG00000106438	9.25272601724084	0.0584031806069439	0.0659436051947591	0.862199787002943	0.388577586892772	NA
ENSMUSG00000125392	2.01219555087858	0.0150035881590504	0.0356987571611078	0.412062655023927	0.68029350015978	NA
ENSMUSG00000120602	4.02767932729278	-0.0350752011616632	0.0479325330063922	-0.77358293785257	0.439177465169112	NA
ENSMUSG00000127716	6.14003179278626	-0.0510777876418915	0.0595102909022513	-0.896972748668235	0.369733458701293	NA
ENSMUSG00000106391	6.10888268450286	0.0720734524945459	0.0573461097579697	1.2303012435747	0.2185843188163	NA
ENSMUSG00000140370	5.59246355060072	-0.0534509354991324	0.0530413872866118	-1.08821703171852	0.27649930759126	NA
ENSMUSG00000096726	4.89920243600488	0.0176795692941016	0.0532338541306391	0.327265736921122	0.74346690479382	NA
ENSMUSG00000143999	4.29373485784835	0.00691299855178406	0.0506176607273313	0.135399833594153	0.892295755693818	NA
ENSMUSG00000129673	2.4210734640876	0.0675762952645917	0.0382534945611559	1.77208563386098	0.0763803433065884	NA
ENSMUSG00000129634	2.06650237872544	-0.0130174770921766	0.0358718417813716	-0.377223439572538	0.706007562537911	NA
ENSMUSG00000088712	7.46267504279668	0.0379127225492208	0.0631135107102793	0.589274176244045	0.555677365078324	NA
ENSMUSG00000120423	8.57273126612755	-0.0305426177864879	0.0657291264793891	-0.474621163821183	0.635057018647719	NA
ENSMUSG00000118522	5.10805037437165	0.0127311764800982	0.0552095994669516	0.22824485462902	0.819455892630096	NA
ENSMUSG00000119733	10.2553183879367	-0.0117589167980538	0.0732775441861988	-0.161484049016525	0.871712173518939	NA
ENSMUSG00000141016	6.29544933533882	0.0184903132226458	0.0554751153969918	0.328675736652383	0.742400795673131	NA
ENSMUSG00000107115	2.47608251907809	-0.00841011832611554	0.036472869093727	-0.23687665407501	0.812752481957813	NA
ENSMUSG00000106205	9.42644424290157	0.0439000346561231	0.0708344303359832	0.611743101098424	0.540707740468573	NA
ENSMUSG00000054909	6.05426183968115	0.0358868587130962	0.057619305356469	0.608921261386113	0.542576630719359	NA
ENSMUSG00000133570	2.6088597670901	0.0464065156209392	0.0384949656367738	1.18212652502624	0.237155501010435	NA
ENSMUSG00000139432	8.21925802315791	-0.0613386159932552	0.0658266364092707	-0.969831647981816	0.3321304149354	NA
ENSMUSG00000139480	4.00254500399792	0.00209118861393464	0.0494804439628471	0.0422150248934367	0.966327285104806	NA
ENSMUSG00000029082	10.0738952797008	0.108259368311456	0.0724678575390213	1.45569741660702	0.145476284368204	NA
ENSMUSG00000033036	3.5589427277181	0.000141211906197391	0.0469308295406953	0.00300750433434523	0.997600362342565	NA
ENSMUSG00000105264	2.82158406796855	-0.0473593489238532	0.0420949971348262	-1.25442066512058	0.209689145207031	NA
ENSMUSG00000132561	1.94485572160384	-0.0375083779457907	0.0350493228877509	-1.22732359029646	0.219700992518375	NA
ENSMUSG00002076905	2.91055281485854	-0.00853525692999914	0.0389297229662858	-0.222532968624807	0.823899011348236	NA
ENSMUSG00000086259	6.88630038569802	-0.0317103556761385	0.0620607396078873	-0.521602118845446	0.601947387740563	NA
ENSMUSG00000121004	2.41773485821689	-0.0234428071118224	0.0392619326502481	-0.63038187547152	0.528444766169744	NA
ENSMUSG00000124837	2.00983021387137	0.000900489242274004	0.0334145600412707	0.0269303539220055	0.978515283363563	NA
ENSMUSG00000133527	2.38934416430266	-0.00912214439776136	0.0383782569099617	-0.242107313971937	0.808697011041914	NA
ENSMUSG00000105437	5.97507459079284	0.0430664508148422	0.0593922746890701	0.710871584359632	0.4771638160578	NA
ENSMUSG00000093688	1.94979245542352	0.00224846785574986	0.0359752101483502	0.0620746849494932	0.950503356594531	NA
ENSMUSG00000136256	8.85679400301519	0.0378261294231714	0.0651668933267922	0.568418793816148	0.569750632006267	NA
ENSMUSG00000121595	9.47072318944371	0.0176859057983998	0.0712093288467343	0.24657398456769	0.80523794027965	NA
ENSMUSG00000133215	5.57644596924842	-0.0128890572478776	0.0563871851565934	-0.230121422850139	0.817997418537332	NA
ENSMUSG00000059179	7.61681080368136	-0.00672013182448181	0.0598912685917805	-0.11331843547216	0.909778101986886	NA
ENSMUSG00000104852	2.77618230609073	-0.0329911098155873	0.0420982090743111	-0.839512467329228	0.401181796024262	NA
ENSMUSG00000101587	2.23082985444021	0.0364776155584024	0.0378764203125995	0.940760734267566	0.346827487195732	NA
ENSMUSG00000106350	2.95551673520758	-0.0353696667194244	0.0413541536931508	-0.926389042517425	0.354243836487708	NA
ENSMUSG00000066684	1.99033485153982	0.0262473485954535	0.0338903866826758	0.751921455024702	0.452098294847529	NA
ENSMUSG00000029371	7.91841928689222	0.0987587643544509	0.064479413789788	1.48990864345029	0.136248258572673	NA
ENSMUSG00000029321	4.39673728927692	-0.0759153496469161	0.0477585814731862	-1.85317952848591	0.0638566308652241	NA
ENSMUSG00000066861	5.60287731276797	0.0634436174426761	0.0571056452911381	1.08381014207622	0.278448987444307	NA
ENSMUSG00000079666	2.62577886541601	0.0122095488690216	0.0411525465707582	0.293072751202812	0.769466544145305	NA
ENSMUSG00000041827	8.4358140189641	0.0791921386560041	0.0675444656331495	1.14744786204279	0.251196569726249	NA
ENSMUSG00000105078	7.55497985767044	-0.0576357963835209	0.063488156863634	-0.947350092989578	0.343460413015127	NA
ENSMUSG00000036526	3.24429404657994	0.0602886715293472	0.0442160389134172	1.33784735316997	0.180946201978184	NA
ENSMUSG00000029380	5.12505657514206	0.0253200603098833	0.055049657282088	0.452159587965261	0.651154018806558	NA
ENSMUSG00000019178	9.28463185122104	0.00882291191834994	0.0705602730418577	0.124489077649715	0.900928047881406	NA
ENSMUSG00000053030	2.30507550231566	0.00523547222119084	0.036678164802062	0.140666277720452	0.888133586632006	NA
ENSMUSG00000054892	3.36710585731491	0.00532178536571576	0.0463061351793118	0.114217709940554	0.909065213278581	NA
ENSMUSG00000109713	2.06863593400913	-0.00133694619837052	0.034758415323743	-0.0383307387032361	0.969423982847212	NA
ENSMUSG00000029660	5.92069039488783	-0.00804489579652434	0.0591665391741456	-0.136617758545452	0.891332938830698	NA
ENSMUSG00000035187	10.1757374247092	0.0759700314742242	0.0708146294719788	1.046534280141	0.295314426495431	NA
ENSMUSG00000029306	2.13589352803254	-0.0164196392736408	0.0374090370473095	-0.455847765899199	0.648499453063638	NA
ENSMUSG00000038204	1.96679865619393	0.0145442219055791	0.0343768643069505	0.412502140907295	0.679971411821728	NA
ENSMUSG00000029556	5.64695506669803	0.0100936242118692	0.0543058634748345	0.183958444293624	0.854046055151322	NA
ENSMUSG00000046245	6.09462516371526	-0.0218401435779088	0.0570998729794167	-0.389909359222415	0.696603572922183	NA
ENSMUSG00000029235	2.5012044562294	-0.00908671968590821	0.0350312717151931	-0.267314081103752	0.789227345975448	NA
ENSMUSG00000036586	7.08597400528773	0.0380293252718655	0.0556465613244452	0.669941281442855	0.502895222496674	NA
ENSMUSG00000029423	2.36747859777072	0.018675901236418	0.0389304537419733	0.468328298379797	0.639549834640913	NA
ENSMUSG00000053368	4.00254013680475	0.0160549586107737	0.0498378349867299	0.318340781869512	0.750226452588436	NA
ENSMUSG00000052271	6.26670228617205	0.0571035126833671	0.0584220124599651	0.956601330073219	0.338768517242298	NA
ENSMUSG00000053129	4.38136424623595	0.0183406745879445	0.051058835367386	0.354225899936856	0.723169595000101	NA
ENSMUSG00000044092	1.96186192237425	-0.0198562582409711	0.0319600456937077	-0.680643459662814	0.496097120526877	NA
ENSMUSG00000029372	5.62988705887723	0.101850638920199	0.0482514333588868	2.17099563380671	0.0299315024261551	NA
ENSMUSG00000039883	3.11366008823797	-0.015362463932052	0.0443551211756006	-0.353640971160831	0.723607965431144	NA
ENSMUSG00000004814	6.31888604209665	0.0194507455620115	0.0584093782905522	0.328933262178706	0.742206132394052	NA
ENSMUSG00000047182	8.12112057365912	0.000222684912336243	0.0655312444651725	0.00338779384674292	0.997296936765078	NA
ENSMUSG00000091034	3.86024269812458	0.0636346584330837	0.0456854578682403	1.36928372685204	0.170910602754905	NA
ENSMUSG00000029658	4.9482015732	0.0162030254086038	0.0498813856305804	0.322046825161809	0.747417221231938	NA
ENSMUSG00000004948	3.59067689469622	0.0568211967900103	0.0441379596333599	1.25728349320411	0.208650999031824	NA
ENSMUSG00000089798	7.04997347671731	-0.00838009413451581	0.0620908678277953	-0.135981432512159	0.891835959320207	NA
ENSMUSG00000029193	3.79369706563115	0.00794355113087771	0.0487554549109363	0.161867663397968	0.871410067825876	NA
ENSMUSG00000029723	3.03861050919486	0.0541034804971388	0.0430683496416734	1.2288842485766	0.219115207964685	NA
ENSMUSG00000029015	5.25640736220719	0.0101484078844971	0.0557133637365568	0.181385304687637	0.856065152720594	NA
ENSMUSG00000029477	7.69292075403248	0.0474282948330038	0.0641580168768033	0.727398508157055	0.466981868131645	NA
ENSMUSG00000105096	8.02591499444343	0.0256092436109571	0.065848736656378	0.383637257283695	0.701247321825573	NA
ENSMUSG00000029102	2.40802586108019	0.031397375181269	0.0390314994341733	0.78323275277608	0.433490444699041	NA
ENSMUSG00000082361	10.1532997087331	0.139699129959472	0.0716751244145678	1.89977711977652	0.057462374760616	NA
ENSMUSG00000029526	4.49526612380871	-0.0094250483011288	0.0504257602848289	-0.188682070266366	0.850342005023817	NA
ENSMUSG00000034855	7.14785215676951	-0.000574652925348873	0.0636383887928752	-0.00902892300753657	0.99279605961102	NA
ENSMUSG00000029491	5.84453746928173	-0.00712850750278014	0.0563312900222953	-0.126875245833242	0.899039139247688	NA
ENSMUSG00000037913	4.96329076185341	0.0272270726960716	0.0517179429885753	0.516250154001907	0.605679705267788	NA
ENSMUSG00000093445	4.98427016196636	-0.0223456818733578	0.0546254720783991	-0.418108063316492	0.675868109836512	NA
ENSMUSG00000051498	9.29907638956534	-0.0246688656650035	0.0665926928799621	-0.37551732134174	0.707275766835749	NA
ENSMUSG00000001739	9.46084485461118	-0.0399160766539334	0.0695125316581051	-0.58658470874901	0.557482654913235	NA
ENSMUSG00000029322	8.99721919374518	0.111901549036227	0.0662839271050042	1.63777298211588	0.101469059626313	NA
ENSMUSG00000032661	7.79427298484804	0.113579178075163	0.0632646401053539	1.76444950997347	0.0776563288324038	NA
ENSMUSG00000034438	5.17664732689744	0.0205864906812883	0.0535097413131816	0.376987235093595	0.706183091190768	NA
ENSMUSG00000029154	3.59454839001472	-0.0121071080380833	0.0459356849274691	-0.268604406548369	0.788234120947148	NA
ENSMUSG00002076894	2.98511247970883	0.0295023906075428	0.0437932744342637	0.657097934773948	0.511117946762696	NA
ENSMUSG00002075822	6.84415499443957	0.00603860098994672	0.0621769160120488	0.0965690160885855	0.923068663040583	NA
ENSMUSG00000046652	4.15462880787295	-0.0279911868133695	0.0501542848232467	-0.577469925919234	0.563622048921513	NA
ENSMUSG00000056203	6.21841511050691	-0.0154855620286722	0.0590879975191318	-0.264427071933148	0.791450853288806	NA
ENSMUSG00000090631	6.87269036763282	-0.0518774457709673	0.0606488577283082	-0.895792924992081	0.370363369248147	NA
ENSMUSG00000107719	1.97165315476228	-0.0119902028854191	0.035748657283828	-0.345275864542443	0.729886989560675	NA
ENSMUSG00000107432	2.3853758321533	0.0447472243139314	0.0391276891148577	1.11332744130785	0.265567825023336	NA
ENSMUSG00000048473	8.62022986117965	0.0524155298252009	0.0626171284808256	0.819877532891572	0.412285925834336	NA
ENSMUSG00000107676	2.4703515884771	-0.0333693450162014	0.0373304446179819	-1.00035273802725	0.31713983341787	NA
ENSMUSG00000080465	9.08802758469401	0.0856268018615606	0.0698309791632801	1.19637689449846	0.231549513792584	NA
ENSMUSG00000107605	9.21639612114096	-0.0381967657065378	0.0708220460463467	-0.548568442159991	0.583301647819338	NA
ENSMUSG00002076797	2.45062931161521	-0.0243943544050251	0.0389440840419119	-0.661640935010743	0.508201366537029	NA
ENSMUSG00000099662	3.38086055465912	-0.0220899407984842	0.0462626566023343	-0.492774505688157	0.622171926444394	NA
ENSMUSG00000067344	6.95194525019293	0.0419647884795232	0.0615312780021063	0.669185121049529	0.503377396334366	NA
ENSMUSG00000108298	2.16674639578484	0.00837496275504568	0.0350269308108632	0.234971969862988	0.814230489005621	NA
ENSMUSG00000107481	2.16665442614716	-0.0273094562741835	0.0355409161178954	-0.845749847955788	0.397692308562795	NA
ENSMUSG00000108126	3.23936217995344	0.00852037366913148	0.0444114342517234	0.190449117461511	0.848957211751112	NA
ENSMUSG00000098240	3.17200774909917	-0.0018964318557059	0.043433263060361	-0.0438266194132892	0.965042608242555	NA
ENSMUSG00000107990	8.62770296203133	-0.0350574629387631	0.0658029885586187	-0.542317859932015	0.587599554149395	NA
ENSMUSG00000108057	8.13371011738996	0.0510089641796456	0.0672789471821472	0.744353152413767	0.456662852914957	NA
ENSMUSG00000108077	3.42863252073733	-0.0318080510592865	0.0432591025227183	-0.785864173443384	0.431947065544171	NA
ENSMUSG00000108005	4.90428871629674	-0.00496208291167362	0.0502938026831899	-0.0996379474974934	0.92063176596944	NA
ENSMUSG00000107947	2.11189927341009	-0.0107701818617519	0.0322737210303896	-0.349872118353038	0.726434672503473	NA
ENSMUSG00000107707	2.11190414060326	-0.0242260914787239	0.0339671933113942	-0.78685586577085	0.431366245777235	NA
ENSMUSG00000108102	3.89834238917551	0.0044295186448557	0.0461465248524646	0.095857905382327	0.923633427204016	NA
ENSMUSG00000108108	8.64109156973665	-0.0122033357609268	0.0668083951113169	-0.183510832659001	0.854397219870941	NA
ENSMUSG00000107788	2.59818236828308	0.0126847429167164	0.0403268571174814	0.309869479607718	0.756660212949649	NA
ENSMUSG00000107498	2.78031997593592	0.0344036708493991	0.0420138866563321	0.796122240134659	0.425960988561214	NA
ENSMUSG00000107996	2.63107682168139	0.00882627693659556	0.0370868361794797	0.232623832415682	0.81605351934693	NA
ENSMUSG00000107826	5.30903382685375	-0.027146116021399	0.0530184221150148	-0.52897486359644	0.596822887189148	NA
ENSMUSG00000108173	2.51009492061891	0.0115096779805088	0.0330854785533779	0.342804117364227	0.731745828237477	NA
ENSMUSG00000108256	2.34562276562513	0.0171736052186443	0.037232336609122	0.449115096590085	0.653348630626747	NA
ENSMUSG00000107969	1.985494954551	0.0143442040984566	0.0355976306919387	0.394068970454565	0.693530119260211	NA
ENSMUSG00000029553	2.11888246006895	-0.011961545903496	0.0327950496284792	-0.380740707472347	0.703395659671432	NA
ENSMUSG00000098531	2.72601801528224	0.0432099854660075	0.0393494856034057	1.06306403683189	0.287752912082512	NA
ENSMUSG00000107502	6.2877687887295	0.0570704117068928	0.058961371205636	0.948429590278445	0.342910801438196	NA
ENSMUSG00000097525	2.6801679285142	0.0469617502821033	0.0394145372404016	1.1762169192766	0.239508205141089	NA
ENSMUSG00000107045	5.70690572270137	-0.0405719052054576	0.0576869615888393	-0.729111099121359	0.465933705802596	NA
ENSMUSG00000106962	4.09467328467643	0.0368495541934406	0.0489412205302485	0.731484061478081	0.46448353640703	NA
ENSMUSG00000107042	4.06788071871116	-0.000264165494629341	0.0496006369752178	-0.0053106764092523	0.995762713203214	NA
ENSMUSG00000106862	2.07540744469448	-0.026305977160059	0.0356189732824849	-0.806354779591896	0.420038313021737	NA
ENSMUSG00002076474	2.12223080032601	0.0418236712748862	0.0336835059260201	1.21413089027746	0.224697745771737	NA
ENSMUSG00000107647	8.32053288591532	-0.0672478842556544	0.068068486413647	-1.02742897682107	0.304218512751187	NA
ENSMUSG00000107813	2.17327639036032	0.00880192511512006	0.0355050620219265	0.243726524256867	0.8074426293421	NA
ENSMUSG00000108170	2.82483070420158	0.00692244581225414	0.0405095511854669	0.169738352950199	0.865215910414157	NA
ENSMUSG00000108220	2.8188631246839	-0.00660530435798683	0.0391745377787817	-0.169948499075296	0.865050639112937	NA
ENSMUSG00000108280	6.80259212398891	0.00819506183536188	0.0568694082641403	0.143915972043411	0.885566823119623	NA
ENSMUSG00000053173	3.25929613278885	0.0179854940828533	0.0423017652246425	0.414077233358151	0.678817545469898	NA
ENSMUSG00000108267	3.21661531419568	-0.0036513757121344	0.0451693566859497	-0.0813603093120919	0.935155413006541	NA
ENSMUSG00000097253	8.33762618913023	-0.00429281970487043	0.0680643121209519	-0.0631909989106391	0.949614412284862	NA
ENSMUSG00000108176	3.42625744934377	-0.0221709880158382	0.0461023752389161	-0.497824206906823	0.618607952509045	NA
ENSMUSG00000082072	2.66228042851797	-0.00262657521404329	0.0396177066527691	-0.0668098229602304	0.946733103292367	NA
ENSMUSG00002075364	2.00734591950341	0.0267297310184493	0.0347108059432076	0.749681533824359	0.453446531831217	NA
ENSMUSG00000108525	1.95958368781155	0.0133337512066962	0.0336909725204369	0.385570749755971	0.699814599535892	NA
ENSMUSG00000084947	7.92027618428778	-0.0154923740821757	0.063856740211812	-0.245679056453582	0.80593068591245	NA
ENSMUSG00000107097	5.5840068095219	-0.0356600730710049	0.0563674646497983	-0.65541186774251	0.512202612592585	NA
ENSMUSG00000108750	2.00013095112102	0.0253359535168912	0.0342176378329011	0.720514298434401	0.471208399350478	NA
ENSMUSG00000079501	4.8070692881332	-0.00436306151414662	0.0535472979167347	-0.0819390012691242	0.934695220170448	NA
ENSMUSG00000107534	4.04063009346933	-0.0213659512004841	0.0470096072831415	-0.470593170769413	0.637931285416868	NA
ENSMUSG00000106803	7.24483006882318	0.0212411814441848	0.0629721230250823	0.333077338434976	0.739075904967415	NA
ENSMUSG00000108257	3.49159803125018	-0.0376355661491957	0.0461792629297122	-0.866778528702272	0.386063368701543	NA
ENSMUSG00000030068	3.07018020567032	-0.0123798596780742	0.0427658113669068	-0.296424853761862	0.766905647190531	NA
ENSMUSG00000107713	4.99045428465074	0.00204610502688875	0.0529158332739568	0.0384472780186308	0.969331066418228	NA
ENSMUSG00000079224	10.1983052183848	0.0106247923284984	0.0729977366783885	0.14473052689452	0.884923635937625	NA
ENSMUSG00000107427	5.35418920542853	-0.00567670733076234	0.0555125219885216	-0.10276012494059	0.918153353356745	NA
ENSMUSG00000108092	5.08451904621894	-0.0128890714696977	0.0533183947583085	-0.244137919590528	0.807124005314494	NA
ENSMUSG00000107595	7.64418038628394	-0.023197013898891	0.0642249403730327	-0.366828831713857	0.713746699998744	NA
ENSMUSG00000107511	2.6613893949058	-0.0146070785680578	0.0400957625432564	-0.376839514681161	0.706292873366558	NA
ENSMUSG00000108166	2.95911897771806	-0.0380993234775117	0.0432509777069663	-0.949278949437696	0.342478756949304	NA
ENSMUSG00000108233	2.06244694413158	-0.0114664562365845	0.0342531523955575	-0.348563275546075	0.727417202385047	NA
ENSMUSG00000107431	2.21787908826366	0.0218470823293639	0.0372994561008444	0.572266575342766	0.567141390424079	NA
ENSMUSG00000107477	8.497108900663	0.0394699181579768	0.0678628493491551	0.572440081611209	0.567023868111683	NA
ENSMUSG00000051956	5.42135969700743	-0.0611187323126519	0.0523157807183969	-1.28475415023989	0.198878209021214	NA
ENSMUSG00000087001	9.21461097563529	0.143935046973749	0.0701377576189189	2.00455615424897	0.0450105179982989	NA
ENSMUSG00000106946	3.1987180798131	-0.0260911167520083	0.0422531242085616	-0.654081282657664	0.513059439655134	NA
ENSMUSG00000029679	4.7701242673342	-0.0135257504756883	0.0496863595941703	-0.278140315222736	0.780904649163002	NA
ENSMUSG00000108075	2.84837663393382	-0.00694836856912901	0.0423088295138553	-0.166609151905861	0.867677592177407	NA
ENSMUSG00000102192	7.85143506389492	0.00721893862699163	0.0646872038643543	0.111345792894971	0.911342143663045	NA
ENSMUSG00000108246	6.66789786385991	-0.0466569542593978	0.0595625375563826	-0.817968921138332	0.413374933756366	NA
ENSMUSG00000107751	1.95869752139255	-0.0120785789647266	0.036131812853963	-0.34350303670823	0.731220056694963	NA
ENSMUSG00000089694	4.46856552748113	-0.010484864263191	0.0512245495226848	-0.206308507042877	0.8365499338149	NA
ENSMUSG00002075608	4.1156478175962	-0.000597350219543608	0.0481942280772028	-0.0123882636356099	0.990115848529237	NA
ENSMUSG00000085689	3.06206933648259	-0.0114805477080331	0.0427082173181403	-0.275182952844331	0.783175683229483	NA
ENSMUSG00000030219	1.92219595829059	0.00303923465561541	0.0348132689975285	0.0864228335762476	0.931130296265436	NA
ENSMUSG00000062905	7.52676823583839	0.0347575035388029	0.0619013723575412	0.551614784942766	0.581212304595628	NA
ENSMUSG00000107927	9.80225911399153	0.00792721658455971	0.0621997097328259	0.126727224634075	0.89915629741403	NA
ENSMUSG00000107553	2.0040944160772	-0.0124515093224067	0.0362964400436584	-0.354214911530268	0.723177829341379	NA
ENSMUSG00000030230	2.13781054014954	-0.0104246771763035	0.0313106467250231	-0.350289890008484	0.726121151833556	NA
ENSMUSG00002076174	1.95296172359839	-0.0221295492967801	0.033472136595165	-0.719252755470991	0.471985199643443	NA
ENSMUSG00000107411	8.00508514080267	0.0169374566296135	0.0667070838201934	0.252322567780977	0.80079174578031	NA
ENSMUSG00000086675	2.37144692992008	-0.0332459770463935	0.0376756198056331	-0.977885021098477	0.32813119428634	NA
ENSMUSG00000107556	2.73572214522576	0.00795624695499537	0.0418120175207162	0.187800502194536	0.851033042078312	NA
ENSMUSG00000107428	2.88486846264943	0.00578788597027881	0.0406086807860221	0.142192272091483	0.886928135745636	NA
ENSMUSG00000042087	2.39102939469613	-0.00878613068290758	0.0367349552243032	-0.243896309097316	0.807311127792733	NA
ENSMUSG00000077787	7.81580506563242	0.0809990265633193	0.0647140195517612	1.22221972217292	0.221624547627049	NA
ENSMUSG00000107089	5.04677009425228	0.0140767565395485	0.0537801370283537	0.259616529037216	0.795159585081377	NA
ENSMUSG00000029830	7.21309590184507	-0.0384914735969998	0.0630513391190462	-0.626214819926534	0.531174047934298	NA
ENSMUSG00000057696	5.03585604652856	-0.0115980500272894	0.0544337805001484	-0.21471123190034	0.829992465018504	NA
ENSMUSG00000115026	6.98485430517077	0.00255821556739526	0.0623719482300544	0.0408327075697957	0.967429264224635	NA
ENSMUSG00000097831	2.08033931132098	0.0250654435249741	0.0349134071513205	0.705050148590305	0.480779028337836	NA
ENSMUSG00000108171	4.49482266611167	-0.0328989285789673	0.0498388663947035	-0.692209224340546	0.488805946699426	NA
ENSMUSG00000108096	2.37233309633907	-0.00903265700246174	0.0395372014510611	-0.232230394204286	0.816359071809919	NA
ENSMUSG00000086527	5.47402055445716	0.0197469303982215	0.0494845789093163	0.390940845246704	0.695840961585569	NA
ENSMUSG00000000942	8.25800288762499	0.143585259626339	0.0602730025490161	2.37214919401796	0.0176849480401086	NA
ENSMUSG00000005503	9.12641695675392	0.141361854216729	0.0678112867942536	2.04281156602874	0.0410710951728862	NA
ENSMUSG00000107017	2.80871553704333	0.00653172668600563	0.0419447336677808	0.15455980961336	0.877168356442476	NA
ENSMUSG00000097513	2.97621228093297	0.0290328388919721	0.0435826398420117	0.649365139234883	0.516102391167281	NA
ENSMUSG00000107932	7.43736164741963	-0.0076551582829354	0.0621187006357442	-0.123595712157414	0.901635387658061	NA
ENSMUSG00000097385	5.66239499443572	-0.0149779807058584	0.0577599767583685	-0.261729308078234	0.793530143365237	NA
ENSMUSG00000097464	3.77517983935627	0.0906241111771503	0.0459088423042221	1.95886720481066	0.0501283406041626	NA
ENSMUSG00000107668	2.44364612495634	-0.0233247626724522	0.0389289805470859	-0.63440398728316	0.525817208100711	NA
ENSMUSG00000107549	7.62548895512005	-0.0357476369432641	0.0649344003065842	-0.563425626385399	0.573145091125141	NA
ENSMUSG00000101210	3.01587337782346	0.0148311933195118	0.0429696835775659	0.340221251594771	0.733689915301052	NA
ENSMUSG00000100174	2.59819210266943	-0.0128984242985108	0.0373113249676393	-0.356699552066319	0.721316740906912	NA
ENSMUSG00000108291	9.09807758652863	0.0249684638145424	0.067465937397312	0.367020281087803	0.713603889975411	NA
ENSMUSG00000108197	6.18066615854024	0.0118007797569419	0.0596422219904166	0.196628423286465	0.84411832624326	NA
ENSMUSG00000107846	3.52640949676549	-0.0382221552273952	0.0465439710061223	-0.874672914827623	0.381751901483868	NA
ENSMUSG00000108024	5.48845049122193	0.0265106121279447	0.055602119467184	0.467906696044865	0.639851314792398	NA
ENSMUSG00000051397	4.88736475077766	0.0445614294123345	0.0528857274773782	0.82591799860746	0.408850609873027	NA
ENSMUSG00000067714	9.18871252156353	-0.082586936716257	0.0689797742727721	-1.26021950702257	0.207590187718747	NA
ENSMUSG00000107761	2.15952656020929	0.0200289858680551	0.0349174003640955	0.556676673146396	0.577748357425253	NA
ENSMUSG00000108239	3.08606845829822	-0.0279822990322667	0.0438106653965815	-0.669165363829724	0.503389998011098	NA
ENSMUSG00000121036	4.94381973548774	-0.00919704702678801	0.051554477696551	-0.179811061438582	0.857300899387059	NA
ENSMUSG00000090063	2.44084294642035	-0.0492856794276417	0.0384141651026755	-1.48074085187314	0.13867564344688	NA
ENSMUSG00000108227	1.9319920578718	0.00154607772732899	0.0334514625824882	0.0458153395395329	0.963457432464791	NA
ENSMUSG00000107576	4.20653357660317	0.0367229883276159	0.050563475728324	0.710431190335357	0.477436787117758	NA
ENSMUSG00000107688	3.10466791982443	-0.0515937560452697	0.0428020981149879	-1.36416274232649	0.172516351421017	NA
ENSMUSG00000090891	2.89106231972016	0.0033744039125381	0.0421599889518033	0.0793002865591622	0.936793778379784	NA
ENSMUSG00000108195	2.13184296063185	-0.0306245931397391	0.0375048476196798	-0.88710299531841	0.375023451576193	NA
ENSMUSG00000108143	2.75837704134583	-0.0194934055952405	0.0423621317382553	-0.475910745855446	0.634137966219248	NA
ENSMUSG00000082633	4.65737780898846	-0.0364448194774112	0.0508804344493186	-0.75396867722643	0.45086803022544	NA
ENSMUSG00000107970	3.33545392558812	0.00643011165458351	0.0452157345178102	0.141020329677626	0.887853882073426	NA
ENSMUSG00000107928	6.17007586217773	0.0252298039550749	0.0596554603741425	0.417494602332773	0.676316671573182	NA
ENSMUSG00000107745	2.67612222830669	0.0191948850495507	0.0373873667630134	0.503780729692046	0.614415470727659	NA
ENSMUSG00000107750	3.97502587492315	0.0775704274778121	0.0478385278240984	1.58342602215718	0.11332439575537	NA
ENSMUSG00000107478	6.15138929820701	-8.74913641836508e-05	0.0594665201888903	-0.00147064274953162	0.998826597278663	NA
ENSMUSG00000076498	2.90966178124637	-0.0213715068749374	0.0415496236597289	-0.536523305858637	0.591596933149484	NA
ENSMUSG00000108232	3.02240823959211	0.00145519580391172	0.0432011248642648	0.0336905992528005	0.973123875428032	NA
ENSMUSG00000108035	3.80754373261304	0.0189584576731359	0.0474763457984741	0.393012042815962	0.694310586735259	NA
ENSMUSG00000103132	2.36668440098941	0.0292083658810036	0.0374547573551963	0.756441056225342	0.449384800158765	NA
ENSMUSG00000106707	2.59502283449456	0.0112655344621149	0.0398746948041626	0.278258024250154	0.780814295914805	NA
ENSMUSG00000118619	8.6231894681609	-0.0222197480987784	0.0666953417027219	-0.336888679931146	0.736200819137496	NA
ENSMUSG00000121300	2.29449007314632	0.00535940310971178	0.0362658225033917	0.145495733773704	0.884319483865826	NA
ENSMUSG00000108211	4.67050764724719	0.0633471341745379	0.0526280630968768	1.17694421061697	0.239217774473081	NA
ENSMUSG00000108278	3.91129315535206	0.0173490148780303	0.0472300432266695	0.363511742260547	0.716222642936752	NA
ENSMUSG00000108772	5.30798837957622	0.0325124934441167	0.0551423604211262	0.577286415190554	0.563745989098212	NA
ENSMUSG00000107570	4.13919374732843	-0.0149404914204177	0.0503987240707888	-0.301019773826521	0.76339941610681	NA
ENSMUSG00000108784	2.43554012296179	-0.0371272533074034	0.0392572727593241	-1.04365068677489	0.29664703292079	NA
ENSMUSG00000108574	2.19019548868623	-0.0291897981010141	0.0365754958663142	-0.876315488804647	0.38085854708889	NA
ENSMUSG00000108310	6.64294526440443	0.0603864482250027	0.0594324861194413	0.993264825965271	0.320580914075462	NA
ENSMUSG00000072789	3.47219463855631	0.0267166259716364	0.0454111248533003	0.571603567760155	0.567590577835906	NA
ENSMUSG00000106580	2.05768928239408	0.0368208824260148	0.034697693430608	1.0489462696381	0.294202848355084	NA
ENSMUSG00000052631	8.25437863845489	0.0119455907519531	0.0648348822592627	0.183620841868357	0.854310911678596	NA
ENSMUSG00000107729	5.76718013006592	-0.045828942712257	0.0537980017531811	-0.905532945032583	0.365183114599799	NA
ENSMUSG00000108070	10.2501131502841	0.0462123576286386	0.0726344170819059	0.626409371907397	0.531046463980789	NA
ENSMUSG00000107643	2.83057136918892	0.00672283652334419	0.0425560750528996	0.157084688140313	0.875178104858231	NA
ENSMUSG00000108146	8.62666301892427	0.036467491725154	0.0648786891859724	0.554238437441558	0.57941567590337	NA
ENSMUSG00000107779	6.03063367469758	-0.0115300465098828	0.0589219738241874	-0.196763540193669	0.844012584009565	NA
ENSMUSG00000107414	3.39573806733902	-0.0249182565764547	0.0389721582189497	-0.689630285583657	0.490426716834655	NA
ENSMUSG00000108055	2.42989142761213	0.00344078525964764	0.0388937318236974	0.0882154924455808	0.929705404130666	NA
ENSMUSG00000107606	3.5978047606341	0.0132409934956193	0.0470549552020097	0.278214290940188	0.780847865183326	NA
ENSMUSG00000107571	3.50655777918141	0.0151922951786027	0.0451513800545938	0.333274609303725	0.738927003724982	NA
ENSMUSG00000107853	8.0193752654816	0.0487580602411836	0.0648368312004932	0.73561353838852	0.461965921114243	NA
ENSMUSG00000048206	6.46612994898285	-0.0219242729072967	0.0607251531417945	-0.365947074786051	0.714404568443354	NA
ENSMUSG00000104030	2.89457259259295	-0.0287871233643459	0.0389148447838969	-0.807056966162002	0.419633663790705	NA
ENSMUSG00000106867	4.60641445420548	0.0654373900466815	0.052600581127723	1.21190518070949	0.225548678791806	NA
ENSMUSG00000056445	5.74153017065998	0.0919223495578815	0.0554696794726732	1.63155341975282	0.102773597680775	NA
ENSMUSG00000087626	2.24784578959697	0.01758571914709	0.0344998683402313	0.499198538447218	0.617639524126514	NA
ENSMUSG00000087658	5.32905001494049	0.0445562173959791	0.0553279674859918	0.785618284202314	0.432091149362511	NA
ENSMUSG00000107597	5.80442318030786	0.00596467434177543	0.0544830562164366	0.108970881500406	0.913225585966034	NA
ENSMUSG00000122749	6.75870138761556	-0.070989100679191	0.0591402998020632	-1.29399077899158	0.195668605899383	NA
ENSMUSG00000122887	3.39144598382846	-0.0209881157961087	0.044948549292622	-0.48288584744154	0.629176791185832	NA
ENSMUSG00000121056	7.78585783307182	0.0308558609627594	0.063491630090353	0.479206649467785	0.631791624239815	NA
ENSMUSG00000123032	4.23627336340614	0.0169102138235004	0.0472116384013207	0.350477309039685	0.725980516362474	NA
ENSMUSG00000086763	4.65703680429054	-0.0269745712876327	0.0516383249946524	-0.537730310614393	0.590763250210212	NA
ENSMUSG00000123202	5.04747718858908	-0.0484197585472398	0.0540606116746683	-0.948742767653115	0.342751456623538	NA
ENSMUSG00000107497	4.8894209380032	-0.0210716202442572	0.0543203858722393	-0.395027562812251	0.692822546573246	NA
ENSMUSG00000123375	3.78973846786814	0.0314842272996366	0.0472285633506303	0.651173455956383	0.514934523109882	NA
ENSMUSG00000123415	1.96354715276773	-0.0260767554921321	0.0361743358483584	-0.77676937498336	0.437294848136483	NA
ENSMUSG00000123752	2.06738854514443	0.0121433346742611	0.0346910581904075	0.34518292527609	0.729956854448947	NA
ENSMUSG00000072660	4.85969088558658	-0.0290394522932039	0.0518009120877992	-0.581966966370674	0.560588931773414	NA
ENSMUSG00000124556	6.41136506185943	0.0194036452661645	0.0604284128058548	0.318251069771045	0.750294496832107	NA
ENSMUSG00000124584	2.8305762363821	-0.00717536713421452	0.0414771159334421	-0.175285426905088	0.860855362138556	NA
ENSMUSG00000124627	10.0106954495775	-0.104172447976194	0.0722453255852124	-1.52691564304542	0.126781989193929	NA
ENSMUSG00000124646	2.66791938948128	-0.0121845755571704	0.0369812959739127	-0.341885085108154	0.732437374412564	NA
ENSMUSG00000124727	7.57657692036944	0.0121583033328121	0.0640622790237679	0.188019052377936	0.850861715891669	NA
ENSMUSG00000086021	3.57109929711334	0.0266840272765472	0.0472974829831537	0.552034891710459	0.580924448063435	NA
ENSMUSG00000124804	5.06536468858531	0.00261224110164701	0.0540108928457063	0.0484320954039998	0.961371880876125	NA
ENSMUSG00000124904	3.46400153411726	-0.0357254667312305	0.0454513831607918	-0.836522455200541	0.402861049521142	NA
ENSMUSG00000125188	3.84519098055567	-0.0183247123845131	0.0465299742753955	-0.403892560407867	0.686291727333601	NA
ENSMUSG00000100680	3.95793743890141	0.00366665019912928	0.0494676143806668	0.0738672908928431	0.941115982807238	NA
ENSMUSG00000054488	9.8263202533107	0.0823047205418845	0.071788912074963	1.12346325756115	0.261240796916703	NA
ENSMUSG00000125582	7.62109251582827	-0.0252688065875326	0.0652802322957098	-0.391956730946759	0.695090184596303	NA
ENSMUSG00000121651	2.21214815766267	-0.00436703505605452	0.0349139221143981	-0.126454529415443	0.899372140302644	NA
ENSMUSG00000098318	3.54995542649773	-0.0532055538816257	0.0468773104104607	-1.24379432331841	0.213575270184592	NA
ENSMUSG00000097496	5.00789345975675	0.0407231968920472	0.0536779473648015	0.742276954917921	0.457919551392458	NA
ENSMUSG00000125981	4.15788031129915	0.0115943051311518	0.0507507441794016	0.22620090171859	0.821045169316018	NA
ENSMUSG00000126145	4.62185438194317	0.0376317652322283	0.0519373743415804	0.70932279620737	0.478124185124297	NA
ENSMUSG00000126207	4.80151742961439	0.0534555092165397	0.0512508780052715	1.01660554318775	0.309341116165552	NA
ENSMUSG00000126316	2.03088211484929	0.0372363171853165	0.0338448795890849	1.08177791798991	0.279351220896365	NA
ENSMUSG00000126399	3.36756391659147	-0.00682289498060934	0.03775450968307	-0.18249233087246	0.855196372382719	NA
ENSMUSG00000126501	1.99564254219156	0.000120231715781175	0.0312726181488625	0.00380249590703027	0.996966054534557	NA
ENSMUSG00000126746	4.63966451388124	0.011973395409409	0.0523981613179542	0.226844779776352	0.820544441992167	NA
ENSMUSG00000126784	2.27535031709222	-0.0182459732068531	0.037050306342959	-0.51808470908914	0.604399168344447	NA
ENSMUSG00000126977	4.4461375458914	0.0285696018409442	0.0496336090621451	0.565223208838035	0.57192195248409	NA
ENSMUSG00000046764	3.75342084404154	0.0959759128622978	0.0422063677636391	2.34576585065718	0.018988031843074	NA
ENSMUSG00000127175	2.39913052949751	0.0176611101360364	0.0394794805896729	0.438320347826701	0.66115407767734	NA
ENSMUSG00000092625	3.79529519358012	-0.0451510697422923	0.0481075773159256	-1.00740504809873	0.313740166435861	NA
ENSMUSG00000109556	3.29975629365382	-0.0184404757210642	0.0443812336558818	-0.427746407665491	0.66883575871175	NA
ENSMUSG00000127888	6.65274623117881	0.0493497761830708	0.0608559631083842	0.795696877847665	0.426208241999702	NA
ENSMUSG00000108282	9.98960682649017	-0.0410718821912903	0.0714273135781719	-0.586898652624532	0.557271774760774	NA
ENSMUSG00000107479	5.67083713393501	0.000484723118691033	0.0558148128662373	0.00871198627312971	0.993048928588407	NA
ENSMUSG00000128100	6.38907625537824	-0.00681858644898809	0.0595760650456232	-0.114695397244972	0.908686562318835	NA
ENSMUSG00000128138	4.65667558184483	0.0110068937575866	0.0518188853445551	0.211008488167327	0.832880647878705	NA
ENSMUSG00000107714	5.31970149127442	0.0326558499892755	0.0546321119165637	0.588999890997236	0.555861346730232	NA
ENSMUSG00000085413	2.43473619179413	0.00412147529151044	0.0389074180834632	0.105668725404588	0.915845194902213	NA
ENSMUSG00000128528	5.83427357603761	0.0303876258608441	0.0541938266991628	0.551028046281321	0.581614448701186	NA
ENSMUSG00000128622	3.58484912726437	0.0136800047149914	0.0473799630901709	0.285267040694278	0.775439561915757	NA
ENSMUSG00000128684	5.45333538009542	-0.0255765140144315	0.0500984387450403	-0.531463386339013	0.595097706900866	NA
ENSMUSG00000107060	10.129954649162	-0.0300800078453012	0.0687964037707173	-0.445060736682146	0.656275862195573	NA
ENSMUSG00000128969	5.67782518778705	-0.0133606369451424	0.0556725404855	-0.242527467231132	0.8083714762547	NA
ENSMUSG00000129009	2.05363384780022	0.0381084559351795	0.0350536348207857	1.07288408293282	0.283323128488226	NA
ENSMUSG00000129180	5.91698083218506	-0.0281958524847323	0.0555809190792773	-0.523332491931526	0.60074289374747	NA
ENSMUSG00000107429	2.6408729212626	0.00822011388762805	0.0387010617616506	0.207937232952205	0.835277976816091	NA
ENSMUSG00000129308	10.1523777635586	-0.0550444133645026	0.0699626389940246	-0.810600659234433	0.417595038168011	NA
ENSMUSG00000108132	6.37003333615499	-0.00657306982005204	0.0591246657694619	-0.111647113364722	0.91110321445772	NA
ENSMUSG00000092134	2.13264202460634	-0.0524522115681862	0.0353926650947685	-2.08407742803836	0.0371531248651847	NA
ENSMUSG00000048636	7.58134431649328	-0.0611996787339303	0.064472307279508	-0.988555020230084	0.322880902418725	NA
ENSMUSG00000130713	6.83973347020682	0.0546936986707488	0.060583686031476	0.88399237179894	0.376700330706166	NA
ENSMUSG00000130717	4.50631447944779	-0.0325419168115914	0.0478540808677595	-0.712827452926951	0.475952535545247	NA
ENSMUSG00000130726	7.22449012937524	-0.0854030544089135	0.0616003136874381	-1.49843368340971	0.134020610490205	NA
ENSMUSG00000097834	2.62172829801532	-0.00163619899061204	0.0410582734499515	-0.0400279431518664	0.968070848726532	NA
ENSMUSG00000053442	2.11808826328764	-0.00251295089355413	0.0371353451220559	-0.067746106147012	0.945987746194574	NA
ENSMUSG00000089781	8.1682124331236	-0.0255533844367664	0.0660936885868772	-0.391253025439448	0.695610217140564	NA
ENSMUSG00000131070	7.49702358184225	0.0659210858705517	0.0638880190593097	1.01161667178453	0.311721371392501	NA
ENSMUSG00000131074	2.16833965654064	-0.0311763397764548	0.0376359609993888	-0.902347548105665	0.366872274813468	NA
ENSMUSG00000107396	3.54518803037389	0.0261463735043193	0.0463585083077862	0.550729817460004	0.581818901246154	NA
ENSMUSG00000131263	7.86643715010383	-0.0308187312694034	0.0656942725260281	-0.476866072243834	0.633457492834603	NA
ENSMUSG00000131629	4.08488691948157	0.0124170331565485	0.0494360723557884	0.247690054018843	0.80437422786985	NA
ENSMUSG00000131731	1.93278625465311	-0.0100637177615413	0.0335702925682513	-0.308124581447787	0.757987537291757	NA
ENSMUSG00000132135	4.22594183649022	-0.0427412691772667	0.0504759489808541	-0.896950292961453	0.369745441634971	NA
ENSMUSG00000085171	2.42877347946962	-0.0192774751437444	0.0346699785777048	-0.59215779140972	0.553744930769933	NA
ENSMUSG00000132156	8.17859666968085	-0.048703475620284	0.0659099560386964	-0.760960916473006	0.446680411811316	NA
ENSMUSG00000132255	7.31040729964629	-0.00405097754438211	0.0641891160838978	-0.0632219837444385	0.949589739298649	NA
ENSMUSG00000132396	3.07591113627131	0.0135756168903654	0.0430419571520234	0.312206561670092	0.754883545685153	NA
ENSMUSG00000132500	9.27685933497404	0.00780326270849728	0.0658308304869975	0.118215369955374	0.905897011888506	NA
ENSMUSG00000132932	3.23124644357253	0.0215092431392292	0.0429749655726438	0.491022911515813	0.623410242837541	NA
ENSMUSG00000097716	4.73127271777963	-0.0271906453420718	0.0507788817248013	-0.552306756751942	0.580738202114229	NA
ENSMUSG00000133028	3.45137451930191	-0.00888130389546249	0.0439358178005734	-0.205355315511102	0.837294529289982	NA
ENSMUSG00000108660	3.94903724012555	0.00347218999078582	0.0497005519889287	0.0695893195231773	0.944520538117503	NA
ENSMUSG00000120046	3.80753399822669	0.0477829859149042	0.0486437030125201	0.957335050496823	0.338398169410994	NA
ENSMUSG00000108237	4.20742947740852	0.0326979263438447	0.0488938726520303	0.654080201817018	0.513060135963232	NA
ENSMUSG00000072679	8.25203277022038	-0.0481397044881808	0.0648984579346436	-0.766661061163723	0.443283060748147	NA
ENSMUSG00000133613	2.06650237872544	-0.0130174770921766	0.0358718417813716	-0.377223439572538	0.706007562537911	NA
ENSMUSG00000133624	4.74219163269652	-0.0150508851099742	0.0495337892722165	-0.309211126566285	0.757160930592948	NA
ENSMUSG00000133819	2.15863552659712	0.0106064793462061	0.037550256144064	0.277465752085256	0.781422499691045	NA
ENSMUSG00000133980	3.94814620651338	-0.00805808670984306	0.0474267087035672	-0.171783844165778	0.863607467196608	NA
ENSMUSG00000133986	7.95158711131665	-0.00768644293545571	0.0659923225318813	-0.116910263575887	0.906931164774263	NA
ENSMUSG00000108103	2.91865881685309	0.00238586410484599	0.0413922304673622	0.0572246320483477	0.954366256770092	NA
ENSMUSG00000134170	9.31500719092408	0.0870653346571782	0.0672559709971658	1.26677226869606	0.205236730567201	NA
ENSMUSG00000134771	2.44857799158284	0.0307070906315684	0.0395199391036364	0.760084546202021	0.447204049445262	NA
ENSMUSG00000134795	8.45823713336065	0.0507731154694859	0.0666199236220301	0.746533138968416	0.455345420730994	NA
ENSMUSG00000134823	5.79699241773387	0.0218533418129846	0.0584078497841685	0.369926722878143	0.711437089676206	NA
ENSMUSG00000134937	1.8824477589556	-0.0349166246010018	0.0339894264945056	-1.18338614223769	0.236656146864805	NA
ENSMUSG00000107525	2.26070458613584	-0.00322341162579029	0.0327512412771659	-0.0999373891901316	0.920394032642474	NA
ENSMUSG00000135592	3.59455325720789	-0.0270003772243836	0.047373838953416	-0.592708690915131	0.553376124138281	NA
ENSMUSG00000120319	2.47822094155496	-0.0107165817742767	0.0374788368807257	-0.2921027035782	0.770208099632822	NA
ENSMUSG00000136109	9.66662522882712	-0.0124563031532257	0.0713199164907938	-0.175376037967392	0.860784167713168	NA
ENSMUSG00000136168	1.95384789001738	0.00174418288507408	0.0355597582193459	0.0487369289854638	0.961128945756751	NA
ENSMUSG00000136217	4.94857253003206	-0.0478529418953835	0.054339360808447	-0.928841727479726	0.35297111591995	NA
ENSMUSG00000085416	9.26380199758028	-0.000598655730486778	0.0704269227140972	-0.00851760594441306	0.993204015896383	NA
ENSMUSG00000136429	8.31824978415944	-0.0157791386950752	0.0661826844182126	-0.240345067556728	0.810062759849748	NA
ENSMUSG00000136442	3.06532083990879	0.0263332807849169	0.0422803112928899	0.610752085844648	0.54136371813152	NA
ENSMUSG00000136756	2.63785319955992	-0.0237686346101412	0.0370142514490852	-0.691912486237327	0.488992288844612	NA
ENSMUSG00000087277	3.44335561975186	0.0292594698524329	0.0456424057523668	0.628199154553093	0.52987348408244	NA
ENSMUSG00000137047	2.97384694392576	0.0114230275728225	0.0383886314363766	0.292040026861177	0.770256020250589	NA
ENSMUSG00000090576	9.9398901115968	0.0151737010344027	0.0672986798703863	0.224363115159965	0.822474768926398	NA
ENSMUSG00000137150	2.41772999102372	-0.00906520800942353	0.0389182177255096	-0.237821164233589	0.812019802867917	NA
ENSMUSG00000137251	6.25029882395721	-0.0145233553428362	0.0588288327624714	-0.2500022457872	0.802585611886025	NA
ENSMUSG00000137329	2.68413626066356	-0.00263660638574412	0.0399923992538555	-0.0665492155907777	0.94694057614667	NA
ENSMUSG00000121511	4.26252563484351	0.00828373709450254	0.049561728015207	0.166308874513477	0.867913882453081	NA
ENSMUSG00000107593	3.4048499420884	-0.00930275378784766	0.0446019349396162	-0.210317469849693	0.833419901238245	NA
ENSMUSG00000120580	2.61194193282047	-0.0281346549877041	0.0404105952319522	-0.741890335231411	0.458153781983996	NA
ENSMUSG00000137973	7.46855065267668	0.0180810877210217	0.0644067402812598	0.279012109012723	0.780235531996387	NA
ENSMUSG00000138169	7.52903673601475	0.028719739261261	0.0654380697007823	0.433416549778195	0.664712179476665	NA
ENSMUSG00000120614	5.63363334368942	0.0651260593169081	0.0578043757943833	1.1005245757034	0.271103627915894	NA
ENSMUSG00000138362	5.20886231065932	0.031261362934779	0.049435623189717	0.622649999020859	0.53351454709482	NA
ENSMUSG00000138373	2.59007636628853	-0.000247139993055206	0.0402151993232033	-0.00615637391869632	0.995087955328281	NA
ENSMUSG00000138411	1.95789845741807	0.0143302922733567	0.0343409491310286	0.406530136636607	0.684353118369886	NA
ENSMUSG00000087312	2.39903855985983	-0.0204702704044004	0.0375748104896763	-0.576931849782845	0.563985494028969	NA
ENSMUSG00000138571	3.12986235784072	0.0333808211076322	0.0413397171437973	0.782068654631405	0.434174226939438	NA
ENSMUSG00000085012	10.0338857730323	-0.0705894177268438	0.0734107631876947	-0.992687638169898	0.320862201055815	NA
ENSMUSG00000138625	3.41081752160608	0.00486722309665258	0.0444225527669448	0.109154576102824	0.913079887976308	NA
ENSMUSG00000138652	7.23098826903447	-0.00228741138714406	0.0632706422272675	-0.0361403176854194	0.971170474448494	NA
ENSMUSG00000120276	2.69023328090343	-0.0305775259479848	0.0411390154347785	-0.79365376971168	0.427397020598645	NA
ENSMUSG00000139144	4.64452387964276	-0.022441903772022	0.0471977780587419	-0.492286709054422	0.622516674551176	NA
ENSMUSG00000139174	4.36276478470974	0.0436281464511863	0.0510717408377741	0.832270819952179	0.405256097389392	NA
ENSMUSG00000139213	3.47401968103563	-0.00695448621655534	0.0416200210288425	-0.170047142421286	0.864973062205607	NA
ENSMUSG00000139218	2.16269096119098	0.0101423875123603	0.0375609996180093	0.265400084695307	0.790701270922067	NA
ENSMUSG00000139419	2.86212646408485	-0.0174941851256627	0.0395727615826131	-0.462413181028823	0.643785048730759	NA
ENSMUSG00000139425	3.03536874015501	-0.0122145757671126	0.042672760691367	-0.292397731886718	0.769982542189974	NA
ENSMUSG00000121703	2.20889178704329	-0.0298781403885176	0.0364243848452979	-0.900878278887016	0.367653041316717	NA
ENSMUSG00000139848	2.57227596873681	-0.000741423268385271	0.0409468784888115	-0.018114493974219	0.985547515329619	NA
ENSMUSG00000140032	5.73897602718424	0.0212844024528898	0.0533593517663918	0.394636825109846	0.69311093229864	NA
ENSMUSG00000140113	1.83220123289578	-0.0201154228142228	0.0324830161191151	-0.666931250345339	0.504816048546587	NA
ENSMUSG00000140170	3.25142191251782	0.00888090983168682	0.0422535829176368	0.208628657986839	0.83473813699332	NA
ENSMUSG00000140412	4.44694634425223	-0.0209110557763424	0.0501819481185213	-0.427794897196054	0.668800452366791	NA
ENSMUSG00000140440	4.54632144822937	-0.0745640652791709	0.0511739453460596	-1.63485075119503	0.10208033869714	NA
ENSMUSG00000140441	2.94941971496771	-0.0109783864155104	0.0428162632427819	-0.260380209478984	0.794570507153426	NA
ENSMUSG00000121097	8.04875382983886	0.0640282836504235	0.0626175749995978	0.995580133897915	0.319454191203965	NA
ENSMUSG00000140597	3.27092214204254	-0.0301248346962248	0.0438210269226168	-0.728530833998282	0.4662887008179	NA
ENSMUSG00000140608	3.74918147017231	0.0469542471255752	0.0476783752567921	0.956067778800437	0.339037992325087	NA
ENSMUSG00000140836	7.0313740151911	0.0150390036490792	0.06125041837063	0.243889682545604	0.807316260079461	NA
ENSMUSG00000141113	3.44654214126346	-0.038870345752033	0.041211138648559	-1.05439396409411	0.291702584559196	NA
ENSMUSG00000141462	5.14994186337668	0.0300618940228443	0.0515436644532835	0.566962298078025	0.570739796815223	NA
ENSMUSG00000141463	3.79943773061849	0.00663577131399744	0.0475683165782723	0.138604332364706	0.889762819627379	NA
ENSMUSG00000108190	10.0594163485533	0.0172770172676527	0.0708057360569369	0.242933405232715	0.808056986955413	NA
ENSMUSG00000101162	3.18990985067492	0.00961403530788056	0.0446638791676979	0.212993557205929	0.831331987992483	NA
ENSMUSG00000101191	2.44047685678147	0.00320123204514809	0.0389161655351869	0.0820939937011719	0.934571969335952	NA
ENSMUSG00000141708	9.76058341917811	-0.0255354036805087	0.0725691555240541	-0.355851670396899	0.721951651093789	NA
ENSMUSG00000141730	5.07101825112814	-0.0480409899329786	0.0537155959356102	-0.948840428895916	0.342701776213897	NA
ENSMUSG00000089957	4.67572336826125	-0.00238876466240701	0.0528233248530414	-0.0452230661109266	0.963929508958197	NA
ENSMUSG00000121002	9.70302995509822	-0.0495251685942285	0.0721881235791099	-0.701677110168992	0.482880550995598	NA
ENSMUSG00000085412	1.94899825864221	0.0135854203174837	0.0336588059514001	0.392818655205388	0.694453425136514	NA
ENSMUSG00000142371	2.95752571696226	0.00174429982730941	0.0414631273500837	0.0418863268573781	0.966589316419661	NA
ENSMUSG00000121153	7.63853655812746	0.000368228102592397	0.064312521768149	0.00573279459816584	0.995425916754374	NA
ENSMUSG00000142409	3.74424473635264	0.00881132607768872	0.0485023272606301	0.179977201178834	0.857170466745094	NA
ENSMUSG00000142514	4.68066010208093	0.0352511993776705	0.0525191739617862	0.654269998744043	0.512937870964355	NA
ENSMUSG00000142952	2.49072825003447	-0.0207397047459865	0.036261343252805	-0.611651494261024	0.540768360644159	NA
ENSMUSG00000142984	2.0040944160772	-0.0124515093224067	0.0362964400436584	-0.354214911530268	0.723177829341379	NA
ENSMUSG00000120571	2.4356272254063	0.0164356283856497	0.0390777781732526	0.413427643859419	0.679293324591138	NA
ENSMUSG00000143566	3.31067034137753	0.00709097961134209	0.0433162380143881	0.163196481777536	0.870363736208372	NA
ENSMUSG00000143596	5.31373877894991	0.00546405560366509	0.0536897297837778	0.101113930612378	0.919460019693912	NA
ENSMUSG00000143645	4.42396769677096	-0.0329156830576489	0.0492818745549182	-0.697158822290499	0.485703405479268	NA
ENSMUSG00000143732	4.26489097185072	0.021632535389905	0.0499392919805469	0.42743485711576	0.66906262331387	NA
ENSMUSG00000143790	6.75494959863289	-0.0161640699679134	0.0605930009455149	-0.268903973417202	0.788003579214805	NA
ENSMUSG00000125045	2.04464167938668	0.000847866075419659	0.035871772049632	0.0237146630701515	0.981080209856771	NA
ENSMUSG00000141552	2.00735078669658	0.0133624758585331	0.0345062061772525	0.37943835254015	0.704362374890315	NA
ENSMUSG00000134474	5.0269558477527	-0.0118410708559093	0.0544397926001611	-0.219096352195998	0.826574992270888	NA
ENSMUSG00000125936	5.7183773182897	-0.015091639575981	0.0570294058887716	-0.267684710081822	0.788942020033765	NA
ENSMUSG00000121048	5.06141095801548	0.0131673780193513	0.0533840116840206	0.24476644950299	0.806637273239863	NA
ENSMUSG00000086126	6.9311976318035	0.0853532181227011	0.0589044998647854	1.41795632775083	0.156203515526706	NA
ENSMUSG00000087327	5.1468350392295	-0.0507822920262962	0.054085724105533	-0.996513053028174	0.319000928100661	NA
ENSMUSG00000093535	5.26893975562766	-0.0305314887418753	0.0467375564424529	-0.689867983643217	0.490277211373339	NA
ENSMUSG00000097354	7.39803668803389	0.00713525573341882	0.064593559401122	0.110197746722495	0.912252549246768	NA
ENSMUSG00000101268	3.92223980696711	-0.0219877525728151	0.0489715906721089	-0.461322030545931	0.644567581401407	NA
ENSMUSG00000107799	5.64088503418123	-0.0364095342065786	0.0555367137639782	-0.680826195096901	0.495981472874926	NA
ENSMUSG00000084772	1.95383815563103	0.026396904681491	0.033357610771378	0.764763148596944	0.444412595365269	NA
ENSMUSG00000099869	6.57437826401278	0.00105353022016592	0.058044119863202	0.0180906820127974	0.985566511413201	NA
ENSMUSG00000121125	3.68385062265225	0.0319163401402132	0.0446068250346465	0.701180015575898	0.48319067987896	NA
ENSMUSG00000108063	2.20403728847494	-0.0041908226442993	0.0381034985741367	-0.111005525370869	0.911611965201779	NA
ENSMUSG00000130805	8.72219583074195	-0.0134765275595527	0.0652798675188086	-0.207831534303067	0.835360509369399	NA
ENSMUSG00000121870	2.62657792939049	-0.0151573827438402	0.0409508462944336	-0.381435687153875	0.702879984459526	NA
ENSMUSG00000120456	9.32340191449936	-0.0147183124291203	0.0708813278409976	-0.20905106625795	0.834408374093884	NA
ENSMUSG00002076693	2.77310500755354	0.0289806781415404	0.0390238399732045	0.721460664132518	0.470626134028949	NA
ENSMUSG00000137095	1.98954065475851	0.0402128896572028	0.0349035522721355	1.12545440488635	0.2603965279233	NA
ENSMUSG00000142408	2.83956353760246	0.0453253138817131	0.0419359106304035	1.05726132651854	0.290392338082433	NA
ENSMUSG00000102577	5.2228384183634	0.00859559154161941	0.0527275618645572	0.161342821408474	0.871823398424587	NA
ENSMUSG00000107610	9.6413069662569	-0.0467465065036003	0.0711740865945101	-0.67153061944604	0.501882560188842	NA
ENSMUSG00000139955	2.04509973866324	-0.0115602328203631	0.0320464597301978	-0.374294312656053	0.708185362927352	NA
ENSMUSG00000121011	2.79002897307262	-0.0182027457427734	0.039719245366579	-0.476530457554068	0.633696513919923	NA
ENSMUSG00000108026	2.10918806451178	-0.0026752608198022	0.0366559618152487	-0.0730031910515542	0.941803578196737	NA
ENSMUSG00000138688	4.68066983646728	0.00852506666822471	0.0514539146661329	0.163938956776281	0.869779198890901	NA
ENSMUSG00000135616	2.67937373173289	0.0512756568565197	0.0368778541759334	1.40034228303383	0.16141084468166	NA
ENSMUSG00000135577	2.61607473547248	0.0492012119458472	0.0393591922640351	1.22490205310507	0.220612126780384	NA
ENSMUSG00000126813	4.75357125864717	-0.0308290709041988	0.0538163306787336	-0.590742788198508	0.55469277383933	NA
ENSMUSG00000121058	3.01270897684176	0.028177209214339	0.0436248540552575	0.631433833322078	0.52775689980229	NA
ENSMUSG00000097596	7.34212686504489	0.09206109294764	0.0629847542671536	1.42198575933421	0.155030385078699	NA
ENSMUSG00000134689	6.58379853956875	0.0774830231952971	0.0612715963300693	1.23261865925456	0.217718072004841	NA
ENSMUSG00000091313	6.21063285987355	0.0111228938317485	0.0601407037159239	0.184000316829594	0.854013206371938	NA
ENSMUSG00000102623	2.72063295657234	-0.00306534782386355	0.038178906011947	-0.0812759497823971	0.935222499994738	NA
ENSMUSG00000102287	2.69877712442676	-0.00301564370372807	0.0375357645563595	-0.0812000921108407	0.935282826265763	NA
ENSMUSG00000068259	2.41693579424241	0.00382681792072215	0.0396004844414108	0.0962607689546285	0.923313468186641	NA
ENSMUSG00000045514	2.71386631308017	0.00741260461699456	0.0402880765311292	0.18122556525868	0.856190528659446	NA
ENSMUSG00000108284	3.4976478460192	0.0412361628270336	0.0451831742430052	0.894405340835946	0.371105055935229	NA
ENSMUSG00000126238	2.55932033536708	-0.0004969230699144	0.040143313869393	-0.0123706555988554	0.990129896633425	NA
ENSMUSG00000122715	4.58527058358987	-0.0121984673865416	0.0525955042125649	-0.234908903935619	0.814279438585591	NA
ENSMUSG00000137908	3.80358026765686	0.0538232022745034	0.0463893135597612	1.13163756973974	0.257786838255443	NA
ENSMUSG00000108101	5.99279762028641	-0.0347157407804218	0.0591469333849591	-0.603994593368746	0.54584723675636	NA
ENSMUSG00000124370	2.68581662386386	0.0091990874355571	0.0381619693993201	0.238934671246532	0.81115624028781	NA
ENSMUSG00000122995	2.61281836485311	0.025587054989293	0.040231221457736	0.621016564993749	0.534588724138526	NA
ENSMUSG00000085589	2.00013095112102	0.0253359535168912	0.0342176378329011	0.720514298434401	0.471208399350478	NA
ENSMUSG00000133845	2.21610675542568	-0.0277840244331089	0.035582375914014	-0.863178902980802	0.3880391112385	NA
ENSMUSG00000133802	2.17813088892867	-0.0154763328452568	0.034904470079899	-0.463979464978374	0.642662458127551	NA
ENSMUSG00000133683	4.84085477514368	0.00530501473688215	0.0530227940494672	0.0992549825841046	0.920935820546968	NA
ENSMUSG00000133885	6.64612913415883	0.000468681758303305	0.061178223638085	0.00767506998142948	0.99387624028054	NA
ENSMUSG00000133763	1.98954552195168	0.0263167278789271	0.0346358063001852	0.738580359880509	0.460161853865225	NA
ENSMUSG00000107961	9.8528907719388	0.0865916682808102	0.0705446111802966	1.19694646772154	0.231327420748266	NA
ENSMUSG00000052850	2.95911411052488	-0.0232029470799791	0.0426499511417555	-0.568441383849946	0.569735296649057	NA
ENSMUSG00000037140	3.63564081504526	0.032653231709014	0.0450188962715821	0.701177668210794	0.483192144616731	NA
ENSMUSG00000049093	6.02435758237552	-0.0720275549684433	0.0582857751057804	-1.33178131488177	0.182932059683004	NA
ENSMUSG00000029917	7.68473326576168	-0.000559496778394263	0.0611244163121607	-0.00913165417042706	0.992714095381385	NA
ENSMUSG00000033182	4.11644688157068	-0.0266270259893274	0.0497775160113431	-0.552842312828172	0.580371391773132	NA
ENSMUSG00000079560	7.75469899040206	0.173653537132316	0.0633892443954413	2.73420159204918	0.00625317468563994	NA
ENSMUSG00000090667	9.42849652236218	0.200266160370987	0.0642603640279485	3.15410868227393	0.00160989119813231	NA
ENSMUSG00000039264	5.98081525578018	0.0406776598163728	0.0584209024337058	0.682572164036089	0.494877228407512	NA
ENSMUSG00000038115	3.58564819123886	-0.0129902692041522	0.047053290167191	-0.28104009544831	0.77867964689987	NA
ENSMUSG00000030217	2.74542140797611	-0.019029444137066	0.0420470501888396	-0.467817738857487	0.63991493405739	NA
ENSMUSG00000042638	6.5680071237717	0.103598362330236	0.0578867340117133	1.76487664793046	0.0775844991483414	NA
ENSMUSG00000029683	3.88988564809669	0.0295207735886029	0.0483561798771556	0.594541529736685	0.552149974107309	NA
ENSMUSG00000059430	6.23306084146328	-0.0266033822975707	0.0567945841172729	-0.478613038498426	0.632213940931903	NA
ENSMUSG00000030165	2.65258116576762	0.0210392776303691	0.0385225550459866	0.535250167355803	0.592476880164067	NA
ENSMUSG00000029517	9.29036764901521	0.0196447249742304	0.0690858035803846	0.281816123778633	0.778084506846611	NA
ENSMUSG00000030117	4.53694593684022	-0.00951442829091156	0.0493022146254496	-0.195928740576643	0.84466594149636	NA
ENSMUSG00000002588	7.02989971179606	0.0129742215509107	0.0601164078967591	0.214325906670513	0.830292916795031	NA
ENSMUSG00000034387	2.81593537261889	-0.00646617101797354	0.0412774569581331	-0.158588415082234	0.873993156704571	NA
ENSMUSG00000064330	2.81761086862602	0.019852301470741	0.0412058503212963	0.472415311018421	0.636630377801722	NA
ENSMUSG00000030236	5.2698161876603	0.00721487460798132	0.0530370176519858	0.134917062712245	0.892677448804784	NA
ENSMUSG00000029811	2.31883019965987	-0.0210777005831404	0.0382390189701432	-0.578459548363499	0.562953900389288	NA
ENSMUSG00000029707	3.65219869092546	0.0373666060406329	0.0470463599214942	0.777287015686535	0.436989453871734	NA
ENSMUSG00000050241	6.06912961797469	0.0531485349036265	0.0591716014519645	0.880634622267215	0.378515612941362	NA
ENSMUSG00000023349	9.44429671311733	-0.0668437401018645	0.0702678026733246	-0.984601363062573	0.324819919880215	NA
ENSMUSG00000030206	3.8359295593341	0.0190337828609844	0.0474213177466692	0.395566031587844	0.692425200203137	NA
ENSMUSG00000030365	2.37727469735192	0.016450424132888	0.0380599768632258	0.422424388293918	0.672715279722248	NA
ENSMUSG00000058831	2.89026325574567	0.0284559054301818	0.0416216210964674	0.661447629170763	0.508325289713083	NA
ENSMUSG00000039070	3.65098877314527	-0.0269097478624836	0.0458495169549356	-0.611920291748588	0.540590495451674	NA
ENSMUSG00000046733	9.12648849819065	-0.0123393851351011	0.0691091990449067	-0.179069797958138	0.857882896407113	NA
ENSMUSG00000042717	4.99316549354905	-0.00748655703436285	0.051711605464697	-0.146204063092934	0.88376029814468	NA
ENSMUSG00000030008	9.55720764196573	0.0690730910175578	0.0689680738814016	0.976687811329389	0.328723731222695	NA
ENSMUSG00000014704	9.53214020336759	0.177952182205848	0.0694944614200711	2.52313267253999	0.0116314508412182	NA
ENSMUSG00000005892	7.58091230158592	0.117926525049822	0.0549325356931174	2.12758882013094	0.033371189975014	NA
ENSMUSG00000030054	4.30535113271569	-0.0157261921817857	0.0489312533457683	-0.329215661388599	0.741992686078536	NA
ENSMUSG00000030228	4.05596079823262	-0.0363936601996519	0.0486161702313012	-0.79147038516973	0.428669551133649	NA
ENSMUSG00000029847	8.47866650455935	-0.0169908706617554	0.0666575524092677	-0.257894843250249	0.796488064772589	NA
ENSMUSG00000023274	7.98473546696838	-0.0692364996361898	0.0661168506569844	-1.09750779614197	0.272419474606646	NA
ENSMUSG00000029685	3.44335075255869	0.0441352182201143	0.0463191998448506	0.930854779003516	0.351928689096054	NA
ENSMUSG00000029664	2.78271716785938	-0.0447178890362933	0.0410497500357612	-1.2193080667236	0.222727288055108	NA
ENSMUSG00000033726	2.25763215479182	0.0433653395922949	0.0359835789807515	1.19642864074143	0.231529330186678	NA
ENSMUSG00000010797	2.04383288102584	0.0431100351098866	0.031653923828735	1.37903335392259	0.167884470399967	NA
ENSMUSG00000030359	5.12021667815324	0.0105637161135866	0.0532669550447425	0.196351248626544	0.844335251393696	NA
ENSMUSG00000038527	9.45776755607399	0.0175127518699375	0.0704725192441541	0.246615079621313	0.805206133101887	NA
ENSMUSG00000030345	2.56822540133612	-0.0142467710420823	0.0403101457103513	-0.36271057890195	0.716821096322157	NA
ENSMUSG00000029923	3.44540207259105	-0.0108744208048017	0.0457509234865799	-0.240120783012704	0.810236622956667	NA
ENSMUSG00000030159	3.17615515333071	0.0365573209612853	0.0446637022543309	0.796425906975038	0.42578452513703	NA
ENSMUSG00000046500	5.43773617149919	0.0820890704972449	0.0561836693705601	1.42577781338508	0.153932487092094	NA
ENSMUSG00000029697	2.59978049623205	-0.0386578730228565	0.0392710654478829	-1.10059301867566	0.27107382534411	NA
ENSMUSG00000047515	9.49575802415052	-0.0317053507212574	0.0709289231621906	-0.453431795502104	0.650237845530301	NA
ENSMUSG00000030344	2.39013836108397	-0.0229067532212804	0.0394278960819895	-0.612124601976836	0.540455321500805	NA
ENSMUSG00000029844	3.61569226063032	0.0642427095973002	0.0465186871712045	1.34812498144999	0.17761818780153	NA
ENSMUSG00000049409	3.29570572625313	-0.031726678475746	0.0446217208039735	-0.752193676944252	0.451934595586681	NA
ENSMUSG00000062694	3.16391148149097	-0.0428334371038201	0.0443059870090392	-1.04974333433922	0.293836134356211	NA
ENSMUSG00000052955	8.27601729045648	-0.0283112207874989	0.0678325928115042	-0.423111904799518	0.672213617005089	NA
ENSMUSG00000030158	4.0479370314894	0.0152356520036455	0.0494390916820403	0.305208804098538	0.760207127421462	NA
ENSMUSG00000030336	9.23409893288674	-0.0700094706218428	0.0642303521394754	-1.15891172391505	0.246492169554301	NA
ENSMUSG00000119750	8.48396932801792	-0.0315976645974979	0.0679816398965606	-0.472619024669593	0.636485006997872	NA
ENSMUSG00000108503	3.69391110784831	-0.0294880472289244	0.0471879498452512	-0.651596783978952	0.514661322953148	NA
ENSMUSG00000101643	6.54387613534475	-0.054465128242274	0.0583963741681696	-0.985947786695255	0.324158735431146	NA
ENSMUSG00000092592	5.22204908877527	0.00815977148530562	0.0548988092876127	0.147155118322368	0.883009585239504	NA
ENSMUSG00000085745	5.93207488803165	-0.033000262980437	0.0580795349135487	-0.584016450169869	0.559209244552402	NA
ENSMUSG00000119568	2.00814498347789	0.00156614193043664	0.0361822150950474	0.043266291657163	0.965489261408677	NA
ENSMUSG00000104453	2.26407991411597	-0.0145862686227888	0.0328148949005813	-0.470676073387625	0.637872073263287	NA
ENSMUSG00000066180	6.95467592786394	-0.0176354337183258	0.0606879610599661	-0.295248490135124	0.767804062292903	NA
ENSMUSG00000092281	4.5253247947797	0.0263658024877552	0.0517296549005379	0.499395017740939	0.617501128414502	NA
ENSMUSG00000108917	5.92949862402601	-0.0409782930323667	0.0560570635042271	-0.763816549393916	0.444976573183152	NA
ENSMUSG00002075559	4.55011324618347	0.0108774911658096	0.0495083371980712	0.21603297598877	0.828962043304054	NA
ENSMUSG00000070526	6.8514018177382	-0.0777980014416778	0.0605623461779551	-1.38047820962605	0.167439454303362	NA
ENSMUSG00000109057	5.55010172817336	-0.0320816438242761	0.0519823842600006	-0.639335263558266	0.522604852759974	NA
ENSMUSG00000081788	8.09262742674577	-0.0207155474369206	0.0657698126006663	-0.319447507002143	0.7493871909811	NA
ENSMUSG00000093751	2.08844531331553	0.0333390871800123	0.0331510486590947	0.998568587610911	0.318003723432334	NA
ENSMUSG00000108629	2.796213095757	0.00401163396543514	0.0378902211495038	0.104161124155669	0.91704148453465	NA
ENSMUSG00000095061	2.94941971496771	-0.0109783864155104	0.0428162632427819	-0.260380209478984	0.794570507153426	NA
ENSMUSG00000108418	3.9717841058833	0.015604367545877	0.0494165106447161	0.311502846621204	0.75541837917504	NA
ENSMUSG00000073907	2.64201298993501	-0.0245628823156508	0.0378240695983441	-0.698678157834543	0.484753187067945	NA
ENSMUSG00000050266	4.52073393285112	-0.0337435878219901	0.0502437448718295	-0.704658528859067	0.481022765421974	NA
ENSMUSG00000090467	2.2676877727947	-0.00470572797355348	0.0346222866667639	-0.137177665681274	0.890890364210328	NA
ENSMUSG00000108967	6.27685960819896	0.0197542367220814	0.0593904764057919	0.328174332268561	0.742779853990613	NA
ENSMUSG00000108472	4.88994101478331	0.0507189773889528	0.0506901835869588	0.978747470447689	0.327704770468492	NA
ENSMUSG00000098404	4.64202985088845	0.0249487939248605	0.0520064214676706	0.472637926492712	0.636471519297479	NA
ENSMUSG00000063177	2.56742633736163	0.0128099877886609	0.0407567110186419	0.308902595167529	0.757395622633524	NA
ENSMUSG00000108777	2.53982984022871	0.0134498256409155	0.0401975063846724	0.32796241170608	0.742940083258923	NA
ENSMUSG00000030510	6.72045701728561	0.0356338316181016	0.0623277787679673	0.562005916541441	0.574111988018713	NA
ENSMUSG00000108993	8.52936135550939	-0.0173574158665267	0.0652526520342179	-0.26902346789876	0.787911623408428	NA
ENSMUSG00000109244	8.99953901761049	-0.020956078451859	0.0691877362224761	-0.305369384052311	0.760084836855187	NA
ENSMUSG00000109199	2.93071854941747	0.00376164577300913	0.0417701018562127	0.0894734272134524	0.928705670879066	NA
ENSMUSG00000109038	10.1126303131987	-0.0673342502859716	0.0706552108453757	-0.986458971149752	0.3239079392486	NA
ENSMUSG00000109245	9.39021605082573	-0.0478802588202139	0.0681378977670629	-0.724627799688209	0.4686803995373	NA
ENSMUSG00000099558	5.336712559238	0.0302351267651652	0.0532909395351953	0.559195843974906	0.576028069213073	NA
ENSMUSG00000097530	4.62088598027284	-0.0523344407346417	0.0525216310824262	-1.0654390525922	0.286677292257633	NA
ENSMUSG00000108678	9.15509637224888	0.0141704408015714	0.0683129858254097	0.206374200945192	0.836498621725761	NA
ENSMUSG00000109209	5.34288694753603	0.0810591655296826	0.0551166100694501	1.42880502156362	0.153060281882156	NA
ENSMUSG00000108741	3.63995015189254	-0.0257564544190884	0.0461382162384937	-0.583073935191854	0.559843529271883	NA
ENSMUSG00000108812	3.00371194123504	0.00249522103488536	0.042350668040064	0.058846268239218	0.953074555562264	NA
ENSMUSG00000051965	6.19361205752362	0.0355486177832011	0.0578932831779266	0.603073053825425	0.546460091393847	NA
ENSMUSG00000074355	4.48476779708388	0.0396870120672912	0.0509508085148194	0.757037000587765	0.44902769547396	NA
ENSMUSG00000098009	6.87491102536102	0.00636615437698304	0.0627358477402233	0.100997335852478	0.919552575045248	NA
ENSMUSG00000109429	6.11128961081267	-0.0208024063798394	0.0536640853608628	-0.396870402918246	0.691463030718813	NA
ENSMUSG00000109498	10.1717541685294	-0.043046490574225	0.0693048904982483	-0.635953666384543	0.524806622066207	NA
ENSMUSG00000108630	3.44643291828905	-0.0312672608705717	0.0432663848434904	-0.773594466408653	0.439170645465567	NA
ENSMUSG00000064580	2.34482856884382	0.0308704573225867	0.0383865109458636	0.778403073702234	0.436331427310543	NA
ENSMUSG00000097266	2.17644565853519	-0.017709813897918	0.0377935809059376	-0.487938513933068	0.625593393359648	NA
ENSMUSG00000064451	8.03356780435459	0.0397210320680327	0.0662176698625409	0.591422397777372	0.554237436839611	NA
ENSMUSG00000108670	6.74309244463298	0.0521465924328416	0.0568883232585766	0.893287349458217	0.371703310845199	NA
ENSMUSG00000109799	7.66285456411111	0.0317241012034657	0.0611646131197193	0.511312241951286	0.609132434223148	NA
ENSMUSG00000108521	5.39305123834452	0.00678142798284826	0.0556931871187693	0.12136014237968	0.903405785251796	NA
ENSMUSG00000108460	3.16716298491717	-0.00277847158419337	0.0451041149084085	-0.0618029019003995	0.95071979252525	NA
ENSMUSG00000108808	7.8614035794533	-0.0895719204826818	0.0649327203254499	-1.4790367109174	0.139130503507779	NA
ENSMUSG00000110062	2.01873041264723	0.00108783170709807	0.0330318500810384	0.0329336208422133	0.973727521775188	NA
ENSMUSG00000108599	4.64608041828914	0.0358237331650404	0.0508020052688761	0.690881649684347	0.489639918886557	NA
ENSMUSG00000103663	9.0962955193043	0.00443672498995013	0.0684188119798481	0.0649029387888212	0.948251280714751	NA
ENSMUSG00000109125	7.19111062897729	0.00101965236424256	0.0607262136109484	0.0168563683553707	0.98655120082498	NA
ENSMUSG00000108920	7.28855633469388	-0.0167820323187661	0.0634572144089794	-0.266783646722033	0.789635746082178	NA
ENSMUSG00000109481	3.99848956940406	0.00259504000859393	0.0499531536971366	0.0518817093241785	0.958622948490378	NA
ENSMUSG00000108953	3.11962280056248	0.012166651221731	0.0410798858144662	0.293737178502945	0.768958742524723	NA
ENSMUSG00000110326	9.37490069661706	-0.0523484952621696	0.0702600180247822	-0.765013365863703	0.444263585691162	NA
ENSMUSG00000118555	3.65131739169965	-0.00173267165037819	0.0447740115665307	-0.0388742738900664	0.968990627522009	NA
ENSMUSG00000109257	2.39093742505845	-0.0481341525125733	0.0383198950109936	-1.44937056097016	0.147234125413171	NA
ENSMUSG00000030543	2.51303727426344	-0.02668586293192	0.0401455688228524	-0.703479371888441	0.481757057668322	NA
ENSMUSG00000014686	7.19053784255585	0.00856685013564696	0.0617973736750201	0.137485722813521	0.890646877124274	NA
ENSMUSG00000089886	7.71830220960547	-0.000425121815643205	0.0636708297767497	-0.00667932938804759	0.994670705831148	NA
ENSMUSG00000108494	4.46968347562364	0.0168634665160032	0.0514106319942233	0.324901822905705	0.745255377197806	NA
ENSMUSG00000108528	5.19445745883552	-0.00382394021038255	0.0540020211751311	-0.0707379997947004	0.943606277111291	NA
ENSMUSG00000108389	8.11698290381393	-0.0596324614891805	0.0659489723980219	-0.93904179590976	0.347709285706751	NA
ENSMUSG00000083974	5.58726318014127	-0.0109391680154177	0.0562391064601813	-0.196485464831089	0.844230208316223	NA
ENSMUSG00000108392	2.30824477049053	-0.0207171865653513	0.0380547282905821	-0.571024648082217	0.567982934967668	NA
ENSMUSG00000108571	5.66653266428091	0.0471385381973197	0.0568949530772638	0.806798365353647	0.419782661079493	NA
ENSMUSG00000108436	6.11489260229823	0.00054858888571052	0.0585810484699548	0.00935892276648199	0.992532769027461	NA
ENSMUSG00000108643	9.00407040179494	-0.0400855456643191	0.061073288336482	-0.682731003262952	0.494776835195722	NA
ENSMUSG00000084821	3.57269742506231	-0.0266591947800618	0.0469834987651085	-0.589520972972503	0.555511847246972	NA
ENSMUSG00000109105	5.24153958391364	-0.00461877972609481	0.0539474122233207	-0.0856816563877173	0.93171948457768	NA
ENSMUSG00000081372	6.19408471837971	-0.0149699162451736	0.0570147910725939	-0.264893138509435	0.791091784262162	NA
ENSMUSG00000109367	5.20379063194698	0.0228124079278405	0.0549608338218904	0.409367865492892	0.682269718300894	NA
ENSMUSG00000091900	2.74048467415643	-0.0579111805092947	0.0411371388145614	-1.61674531417539	0.105933268128873	NA
ENSMUSG00000081747	2.28998144646907	0.0071083687751188	0.0351599837928456	0.200901060258684	0.840775938649609	NA
ENSMUSG00000089780	4.89595579977185	-0.0335971040829452	0.0536019744307223	-0.648718073065352	0.516520620403652	NA
ENSMUSG00000090179	4.4608655120991	0.0820494910437804	0.0516991567548827	1.55609713356492	0.119684996537929	NA
ENSMUSG00000108500	2.80782937062434	-0.0202661065534181	0.0424690079513867	-0.495199334761268	0.620459420161379	NA
ENSMUSG00000109016	7.14388869181333	0.035333444714844	0.062698610175172	0.55421985352503	0.579428392655357	NA
ENSMUSG00000109435	4.2763528330527	0.0593115999920029	0.0453560438709094	1.28387334892697	0.199186273725781	NA
ENSMUSG00000089987	9.4361483728451	0.00748631210590525	0.0711082203357279	0.10515163955416	0.916255483947067	NA
ENSMUSG00000109045	8.58708902447829	0.0991183999662225	0.0675793974678383	1.43042796162771	0.152594227772217	NA
ENSMUSG00000093826	3.04020863714383	0.00178927493502376	0.0419372395632898	0.0427176569596473	0.965926604198555	NA
ENSMUSG00000110240	8.50400985207054	-0.0214071014553854	0.0660634983300489	-0.32685442062506	0.743777996265103	NA
ENSMUSG00000109123	4.46642710500426	-0.00835789090505582	0.0512957145022861	-0.164845692685704	0.869065438417805	NA
ENSMUSG00000040205	8.49287439398695	-0.0447526245623263	0.0682971578930075	-0.671441212970448	0.501939497741098	NA
ENSMUSG00000030858	5.11616124355938	0.0116815303548948	0.0548475070639687	0.210877650593975	0.832982744212161	NA
ENSMUSG00000108964	3.42052651874278	-0.0479030765320321	0.0453314122403831	-1.15864670337372	0.246600223581382	NA
ENSMUSG00000108989	5.12012957570874	-0.0378288523221314	0.053677936963416	-0.734124453858915	0.462872890942902	NA
ENSMUSG00000087348	2.40486632729167	0.0261549482043116	0.036382804777462	0.699965185482525	0.483949046651111	NA
ENSMUSG00000119711	3.1947594820501	-0.00362916186509579	0.0448265809563276	-0.0813661492351164	0.935150768819793	NA
ENSMUSG00000087492	2.33989183502414	-0.00829980400377061	0.0382382014530371	-0.220155840078833	0.825749787359653	NA
ENSMUSG00000109035	3.03367864256836	0.00162018975644398	0.0424007213677401	0.0382479926874375	0.969489956236951	NA
ENSMUSG00000109109	2.42098149444992	0.0311191557124274	0.0390611026071691	0.776832078151933	0.437257848394296	NA
ENSMUSG00000110282	2.60391816607725	0.0259448754174771	0.0406389478448774	0.623100897040082	0.533218220287884	NA
ENSMUSG00000109051	3.0406666964204	-0.0134528286154272	0.0431847408148154	-0.316842502927861	0.751363111766888	NA
ENSMUSG00000109392	4.80524911284706	0.0153990886250465	0.0497507251842162	0.303650822742372	0.761393927624839	NA
ENSMUSG00000109206	9.16894790642395	0.0136053119035862	0.0708758237460101	0.191110658829086	0.84843889701079	NA
ENSMUSG00000081491	2.09939683212375	-0.0150869506527571	0.0364647843373324	-0.4288385859906	0.668040696138773	NA
ENSMUSG00000108737	8.69010605748639	-0.0259191562474525	0.0678336421046534	-0.386130888376587	0.699399734812711	NA
ENSMUSG00000078380	4.01144520277378	0.00234504979726129	0.0497204313999428	0.047134704185264	0.962405868124983	NA
ENSMUSG00000108447	7.56951149845924	-0.0464235559878299	0.0636350396986126	-0.753292496274599	0.451274166936198	NA
ENSMUSG00000108723	9.20042076606855	-0.0708852250160339	0.069394146677622	-1.06581550505853	0.286507050473317	NA
ENSMUSG00000087127	4.4575269062284	-0.00867581174665533	0.051544796894805	-0.170202570629856	0.864850830147118	NA
ENSMUSG00000108640	4.97546193282818	0.0151331873640385	0.0539034540595398	0.277648257931181	0.781282383515259	NA
ENSMUSG00000108443	9.956615536261	-0.0545445409117832	0.0673863761729695	-0.841547243302351	0.400041430206392	NA
ENSMUSG00000108752	4.72509346228843	-0.0682940345122393	0.0528374128932327	-1.4152741963405	0.156988117546906	NA
ENSMUSG00000108317	2.30418933589667	-0.0207962272356849	0.0385065619388932	-0.566020806082161	0.57137963680529	NA
ENSMUSG00000108455	2.87921976729977	0.0443957354979903	0.041498025048542	1.04961349368647	0.293895850608235	NA
ENSMUSG00000108341	8.07870339170572	-0.103193676060228	0.0646821976814202	-1.74214035885455	0.0814838870195297	NA
ENSMUSG00000054672	2.19927962673745	0.0455985190430918	0.0362813816155442	1.2374500857448	0.215920034183056	NA
ENSMUSG00000056043	6.26493968772041	-0.0152995069257967	0.0591404093105199	-0.262053075349006	0.793280523280053	NA
ENSMUSG00000108347	7.53309703780178	0.0147115665569599	0.0646339630783371	0.225907704547963	0.821273205356777	NA
ENSMUSG00000109618	4.33419015152014	-0.0170294327497787	0.0491479275986674	-0.354242244980376	0.723157346635072	NA
ENSMUSG00000108597	3.51626190912493	-0.022141960811553	0.0444822980914513	-0.518775460801686	0.603917332155473	NA
ENSMUSG00000066543	5.56937081295187	-0.0471838599966658	0.055741066169423	-0.890978652452085	0.372940622808552	NA
ENSMUSG00000102516	8.04580660900116	0.126893391561538	0.0666531731459209	1.86084930273701	0.0627654608149945	NA
ENSMUSG00000104454	3.26829316839557	0.0380541032800616	0.0414155581627714	0.886568726541235	0.375311137333243	NA
ENSMUSG00000119687	4.63391898170072	0.0259259058343603	0.0520824594049925	0.490170884421718	0.624012981853175	NA
ENSMUSG00000119238	2.63188075284906	-0.0291741735508508	0.0403583242333783	-0.769821932173846	0.441405527893055	NA
ENSMUSG00000099934	3.42634455178827	0.0304966612776638	0.0459895538276149	0.649028196443838	0.516320151190228	NA
ENSMUSG00000066108	4.2450864597375	-0.0301385754857271	0.0494957462513466	-0.63147454320569	0.527730289129849	NA
ENSMUSG00000109638	3.48292474700467	-0.0180717897457447	0.0417640258521062	-0.451483038677641	0.651641446853896	NA
ENSMUSG00000109592	3.42554548781379	0.0578955376207866	0.0463359348256484	1.21985087163931	0.222521412559331	NA
ENSMUSG00000110091	2.17564659456071	0.00893360175134379	0.0357474404285757	0.245823280182172	0.805819034950633	NA
ENSMUSG00000109936	4.58376442527858	0.0752364104499638	0.051640944545257	1.4197845568186	0.155670412246319	NA
ENSMUSG00000065118	5.15257083702366	-0.0406612039381833	0.0555190427375331	-0.762052360198313	0.44602875434606	NA
ENSMUSG00000073787	9.03848815297099	0.0390179769550175	0.0699394067142856	0.549310974230331	0.582792057406072	NA
ENSMUSG00000110400	3.15914408536712	0.033195826173106	0.0421592589477361	0.764554572588089	0.444536828582806	NA
ENSMUSG00000054061	8.27307493681196	0.0116200527001345	0.0666352276832287	0.173922592683923	0.861926296828991	NA
ENSMUSG00000074547	2.67523606188769	-0.00279577129133882	0.0392307987349668	-0.0718899872671137	0.942689458435793	NA
ENSMUSG00000109710	4.65475370253465	0.0213141929772797	0.0510414273741944	0.409050850785309	0.682502343986783	NA
ENSMUSG00000110237	6.83884730378783	0.0333821382108206	0.0621991549147027	0.529464421457883	0.596483319065601	NA
ENSMUSG00000108959	3.10484699190661	0.0320127717431922	0.0410492850101209	0.754408487764165	0.450603976530334	NA
ENSMUSG00000110167	2.11110507662878	-0.000746507571400785	0.0337481028303049	-0.0223380229316571	0.982178318528321	NA
ENSMUSG00000109501	3.09417446029277	-0.0139856433483837	0.0423139640275752	-0.33757633728667	0.735682476528178	NA
ENSMUSG00000117238	5.07030628959816	0.0275287440170381	0.0546820413814208	0.496577396689653	0.619487095907466	NA
ENSMUSG00000059031	3.33466459599999	0.00510297454520009	0.0443366052129382	0.114132401012786	0.909132837740994	NA
ENSMUSG00000073964	7.87658473774439	-0.0429822492265583	0.0651020128629918	-0.676479596690828	0.498736195920814	NA
ENSMUSG00000121201	2.74947197537679	-0.00524422834818349	0.0421135798065316	-0.125421629461487	0.900189765484022	NA
ENSMUSG00000121219	5.68999149156864	-0.0156266150313494	0.0574670327013187	-0.274726431775096	0.783526422613058	NA
ENSMUSG00000054161	2.94940998058136	0.0161699777457206	0.0423973227993815	0.373935440954899	0.708452347965098	NA
ENSMUSG00000110197	2.28638893834494	-0.0192385703618675	0.0365929146470359	-0.551890707438839	0.58102323539033	NA
ENSMUSG00002075324	2.03000568281665	-0.0124102569392791	0.035743724664168	-0.359679724310791	0.719086656321731	NA
ENSMUSG00000109702	2.98097480986364	-0.0383160416672664	0.0434767822831389	-0.951045868800575	0.341581091750364	NA
ENSMUSG00000108807	3.80348829801918	0.0201497018435356	0.0483169549012604	0.410423988012592	0.681494952529445	NA
ENSMUSG00000108985	9.34703981386928	0.00785414578593285	0.0708860295443898	0.110456334891318	0.912047477617114	NA
ENSMUSG00000109384	2.08438501152849	0.0482894886902643	0.0340726867453851	1.43392773176372	0.15159288709188	NA
ENSMUSG00000073906	4.15382974389846	-0.00184289054951395	0.05069161649997	-0.0364050578884728	0.970959381242654	NA
ENSMUSG00000109427	2.85331823494667	0.018216571460388	0.0415198788396856	0.431678671808544	0.665974970840208	NA
ENSMUSG00000077667	2.52687420685898	0.0136904170806528	0.0401666075986923	0.333683387754667	0.738618486448149	NA
ENSMUSG00000038801	2.16428908913995	-0.042653130690807	0.0364946983219673	-1.34308902702541	0.179243148232423	NA
ENSMUSG00000092257	2.72761614323121	-0.0050581483093336	0.0412650401943985	-0.12326955056341	0.901893652036125	NA
ENSMUSG00000082154	3.49271597939269	-0.00931110065756123	0.0452708739576385	-0.209371206209698	0.834158468744701	NA
ENSMUSG00000051457	6.99744384890161	0.0547604665854218	0.0634231093956091	0.846248072671119	0.397414369265487	NA
ENSMUSG00000110350	1.98460392093883	0.00180411429299613	0.0338493951450594	0.0531253214613115	0.957632056328093	NA
ENSMUSG00000108840	2.78517447450427	0.00711166009821715	0.0421885762839256	0.167042241308433	0.86733681207361	NA
ENSMUSG00000109549	5.21179979711067	0.0112806206650965	0.0546646739264769	0.205074264227286	0.837514103277035	NA
ENSMUSG00000109274	4.85618061271379	0.0043070065597143	0.0484126159044858	0.0883066112156238	0.929632984495888	NA
ENSMUSG00000083649	6.85621959419713	-0.00556511259851453	0.0618924031961922	-0.0901019519542983	0.928206198095827	NA
ENSMUSG00000065219	5.8237027484478	-0.00429065371685823	0.057886369690791	-0.0744818737557598	0.940626963748633	NA
ENSMUSG00000038300	2.68413139347038	0.0108119250138073	0.0402303787121739	0.266617829540531	0.789763426431503	NA
ENSMUSG00000064982	5.22573843373025	0.0592777124334532	0.0548787725025212	1.05443031528343	0.291685948990605	NA
ENSMUSG00000087009	1.95384789001738	0.00174418288507408	0.0355597582193459	0.0487369289854638	0.961128945756751	NA
ENSMUSG00000109940	2.46233755612023	-0.0103391462034468	0.0385665481131327	-0.274708224784084	0.783540411727453	NA
ENSMUSG00000009246	3.81274971924075	-0.0186634215062674	0.0470166455422543	-0.406227070284389	0.684575765607589	NA
ENSMUSG00000100586	4.7259650271279	-0.00181973203367186	0.050176493379438	-0.0363485125553954	0.971004468050005	NA
ENSMUSG00000065568	3.36894063418058	-0.0509357110863736	0.0418029559077061	-1.40875496489003	0.158907635930226	NA
ENSMUSG00000109465	4.95542627596873	-0.00642888868972304	0.0516611987557507	-0.12592447011328	0.899791712507392	NA
ENSMUSG00000108316	2.38528386251562	0.00504099477086633	0.0387827005528699	0.129090509358382	0.897286031608067	NA
ENSMUSG00000101008	5.08531324300025	-0.0264013837523156	0.0552145242085406	-0.488998476947453	0.624842775131931	NA
ENSMUSG00000064745	2.40477435765399	-0.00845959377793317	0.0380165270712692	-0.227050462941391	0.820384502913359	NA
ENSMUSG00000108366	2.73580924767026	0.054867240826308	0.0395413664537777	1.35437702272377	0.175616124356244	NA
ENSMUSG00000007209	4.10628955954377	0.0135505934013754	0.0480159111935218	0.280181821034715	0.779338013054036	NA
ENSMUSG00000076315	8.22037597130042	-0.0375591581086457	0.0671685395090821	-0.571730066907694	0.567504861558593	NA
ENSMUSG00000109136	2.29808258127044	0.0305980736472163	0.0353647830112972	0.85140060502034	0.394546855784865	NA
ENSMUSG00000108388	3.02637170454829	-0.0347502580623094	0.0414530821992395	-0.914160402682745	0.36063256737158	NA
ENSMUSG00000108704	8.95965164316696	0.00716989745852051	0.0676558026274692	0.105996708718801	0.915584963538252	NA
ENSMUSG00000109198	9.81711090475317	0.00788748662987482	0.0717596551568019	0.109407158051704	0.912879556527905	NA
ENSMUSG00000110234	2.90841439238167	-0.00685262478769571	0.0389899082375495	-0.179206225939727	0.857775775271684	NA
ENSMUSG00000081911	2.58038683792453	-0.00143689230608603	0.0371242347646476	-0.038766482561526	0.969076567777477	NA
ENSMUSG00000084964	2.86706806509771	0.00574298633375392	0.0418077111153598	0.136929914362044	0.891086193297033	NA
ENSMUSG00000108614	5.18915463537695	0.0106096411219951	0.055614022899267	0.189462137704164	0.849730627365274	NA
ENSMUSG00000109847	3.89745135556335	-0.00684152125486193	0.0478410790642037	-0.14480232897442	0.884866943352327	NA
ENSMUSG00000043795	5.79214765355187	0.0204402379721245	0.057434451834433	0.351738392621565	0.725034465017177	NA
ENSMUSG00000086266	9.70143669434243	-0.0129280923688984	0.0721230189057534	-0.180097388568902	0.857076112709671	NA
ENSMUSG00000121622	5.14718091112059	-0.0696988529102514	0.0521255149130764	-1.49265886769317	0.135526505451153	NA
ENSMUSG00000044141	2.37232822914589	0.00514587193024537	0.0382709598888596	0.133352321520933	0.893914750463354	NA
ENSMUSG00000109304	4.561022426714	0.0495621745969195	0.0511067313418654	0.943623362338131	0.345362149405006	NA
ENSMUSG00000108615	2.01299461485307	-0.0109788195145917	0.0345130414584504	-0.329496424744871	0.741780495864396	NA
ENSMUSG00000104914	9.31013226415478	-0.0750019829615782	0.069381108024083	-1.1277871678679	0.259409813969871	NA
ENSMUSG00000077711	6.75290314579371	0.0220949497732182	0.0623175815147841	0.350617838489861	0.725875071949533	NA
ENSMUSG00000109455	4.95350926385174	-0.00899740904445634	0.0547181921873809	-0.165693057197577	0.868398510084658	NA
ENSMUSG00000122062	9.61266914006453	-0.0210927069849579	0.0695487894637091	-0.306570382529799	0.759170400049814	NA
ENSMUSG00000122071	5.0079031941431	0.0151631105956813	0.0544100844642981	0.275998224164828	0.782549430192443	NA
ENSMUSG00000122140	2.15864039379029	-0.00367487283647177	0.0375021658944846	-0.0984753162595854	0.921554871449296	NA
ENSMUSG00000122242	2.38132526475261	0.0307810637919761	0.0389458049989034	0.768039238991061	0.442463873261512	NA
ENSMUSG00000109186	4.57645748725852	0.0388054511290568	0.0522554234169503	0.725536157917927	0.468123170964427	NA
ENSMUSG00000122624	2.78023287349142	-0.0186616481353394	0.0415990463313489	-0.4653007537181	0.641716095112791	NA
ENSMUSG00000122630	2.13589839522572	-0.028815130246956	0.0361580121277153	-0.870484747196295	0.384035551126408	NA
ENSMUSG00000110208	5.08206173957405	-0.063400140504363	0.0540390437011004	-1.26651762791813	0.205327822365852	NA
ENSMUSG00000122751	9.64676939302494	0.0597440144200544	0.0655535367079075	0.886894768042755	0.375135558746722	NA
ENSMUSG00000123132	2.61679156419564	-0.0421163732802028	0.0406890776533903	-1.1478913870221	0.251013404249333	NA
ENSMUSG00000123437	9.2075830248096	0.0104536592202295	0.0703304659732861	0.147741650470207	0.882546659986749	NA
ENSMUSG00000123493	2.02604221786047	0.02763638039783	0.0361198998562011	0.747196328426186	0.454945060034619	NA
ENSMUSG00000109898	2.17563686017436	0.0326103679002809	0.0346438541193887	0.913816681470585	0.360813179540288	NA
ENSMUSG00000123631	2.09614532869755	-0.0519692445715386	0.0352361459695855	-2.06977687155084	0.0384732442050252	NA
ENSMUSG00000099590	2.43554012296179	-0.0371272533074034	0.0392572727593241	-1.04365068677489	0.29664703292079	NA
ENSMUSG00000123865	2.15458495919643	-0.00321654497139597	0.0374866337768948	-0.086203785147051	0.931304421798754	NA
ENSMUSG00000097115	4.23987073872344	0.0329511559614431	0.0493443122381313	0.654238569824285	0.512958116064447	NA
ENSMUSG00000073862	9.6644770719639	0.0146380636395983	0.0712204526477829	0.204847943673779	0.837690927560541	NA
ENSMUSG00000123954	8.40702220563051	-0.0193081942383437	0.0673204379836088	-0.289074360457931	0.772524473778763	NA
ENSMUSG00000120596	2.15053439179574	-0.0166586763618637	0.03700975687841	-0.468212608470444	0.639632556464403	NA
ENSMUSG00000124003	2.46153849214575	0.0152966157602744	0.0384065932899674	0.392338929700212	0.694807802966823	NA
ENSMUSG00000124035	4.87250183967729	0.0170735891842858	0.053237557550057	0.31570485594697	0.752226540563482	NA
ENSMUSG00000108788	2.88082276244192	-0.0201713476613811	0.0413647249150731	-0.509393199398505	0.610476642200739	NA
ENSMUSG00000124189	2.02763547861627	-0.0118964126631762	0.0349861441571321	-0.352462383563597	0.724491524283509	NA
ENSMUSG00000124453	1.93198719067862	0.014802923688746	0.0342474463044561	0.419708918153192	0.674698109358908	NA
ENSMUSG00000120825	2.26644038393	0.00854340800029264	0.0371706309454198	0.228161298596542	0.819520847179114	NA
ENSMUSG00000120564	2.49197563889917	-0.0380283040175579	0.0391548814553195	-1.07632487253908	0.281781988624832	NA
ENSMUSG00000124905	9.39561084392197	-0.028390739049715	0.0693850619454608	-0.415123929243349	0.678051182817555	NA
ENSMUSG00000124939	4.7548137803187	-0.0278427476452774	0.0510685949494125	-0.562735458678507	0.573615035063093	NA
ENSMUSG00000125080	2.47248027656762	-0.00930083772808977	0.036470297668965	-0.260577650209295	0.794418226922342	NA
ENSMUSG00000125148	2.59493086485688	-0.0281075181360279	0.0407894537378024	-0.733074022272317	0.463513283333401	NA
ENSMUSG00000097017	3.58565305843203	-0.0272743962034497	0.0473703456675137	-0.598302385416644	0.549638185233844	NA
ENSMUSG00000125235	2.63952869556704	-0.00112455265822565	0.0403253587761752	-0.0280536854582982	0.977619333169738	NA
ENSMUSG00000110020	5.1664077696192	-0.00140584571850104	0.0559450092301776	-0.025161300202566	0.979926305140344	NA
ENSMUSG00000126048	6.19273562549098	-0.0133683513235873	0.0597862073300795	-0.22599288278209	0.821206955863733	NA
ENSMUSG00000126065	2.61767773061463	-0.015039876883256	0.0404313853397604	-0.383178159598464	0.701587670605011	NA
ENSMUSG00000126200	1.99518935010817	0.00175067903346133	0.0357038923397885	0.0489390940396798	0.960967833634547	NA
ENSMUSG00000126256	3.32744476042443	0.017492783382447	0.0443390911720296	0.386298866413478	0.699275339945554	NA
ENSMUSG00000126355	4.23087370311672	0.0099622367196891	0.0503351999425316	0.196656800129918	0.84409611834662	NA
ENSMUSG00000121858	3.03176649764453	-0.0131408152421165	0.0423443611361109	-0.315618102139929	0.752292395992201	NA
ENSMUSG00000121090	2.03405625021734	0.000937282580845755	0.0338135452924487	0.0277739765707052	0.977842421641752	NA
ENSMUSG00000108351	4.9624094626276	-0.00859338118952853	0.0542442053143475	-0.159716768283458	0.873104191293897	NA
ENSMUSG00000126688	2.16754059256616	-0.00352429029315408	0.0379951534588008	-0.0932957542498848	0.925668604990952	NA
ENSMUSG00000126755	2.45836922397087	0.0385573327428012	0.0373606610237973	1.01436664384165	0.310407834579006	NA
ENSMUSG00000126796	2.27454638592455	0.0190410311497074	0.0353758617805405	0.528359309429668	0.597249973932258	NA
ENSMUSG00000126810	6.74637315121823	0.0204346197377149	0.0603663643260475	0.334561343937421	0.737956009058937	NA
ENSMUSG00000126871	2.23648341698304	-0.0176748197828832	0.0369276820295486	-0.501895493910389	0.615741035152247	NA
ENSMUSG00000109107	3.16636392094268	0.0235765450452654	0.0442189378830123	0.521170497001036	0.602248004625159	NA
ENSMUSG00000127172	3.83344039777296	0.0582139013294739	0.0475499452676067	1.19476423493229	0.232179157556793	NA
ENSMUSG00000127268	2.70891984487414	-0.00372085730790877	0.0402659062386203	-0.0928241619198055	0.92604325544367	NA
ENSMUSG00000127332	4.18458577481991	-0.00153100694857135	0.0499279556779576	-0.0307557531264968	0.975464327601085	NA
ENSMUSG00000093540	2.17318928791582	-0.042390438419407	0.0365322356948218	-1.33955304189066	0.18039069904804	NA
ENSMUSG00000127359	4.03093083071898	0.0022664550030374	0.0490851999360865	0.0461863340340648	0.963161734712327	NA
ENSMUSG00000127399	2.15458495919643	-0.00321654497139597	0.0374866337768948	-0.086203785147051	0.931304421798754	NA
ENSMUSG00000109111	4.2648958390439	0.00809197068598769	0.049044228259019	0.164188087381509	0.86958307873668	NA
ENSMUSG00000109383	8.07394572996823	-0.0572934417992308	0.0654184428161528	-0.911023254537794	0.362283121074443	NA
ENSMUSG00000127933	8.76907189601482	-0.026843339893024	0.0689871305160389	-0.394362243138029	0.693313615371604	NA
ENSMUSG00000127994	4.43478490766382	-0.0346784836734352	0.0516848239706878	-0.699957108942219	0.483954090651244	NA
ENSMUSG00000128053	2.6934025490783	-0.0450566859561293	0.0365078668134873	-1.49048788109342	0.13609600063142	NA
ENSMUSG00000128146	3.25319911254898	0.0474623221856822	0.0444667156026013	1.04397248899177	0.296498118102106	NA
ENSMUSG00000128148	3.19791901583862	-0.00231338442335751	0.043472494005346	-0.0535065028277485	0.957328349566052	NA
ENSMUSG00000128169	1.95296172359839	-0.0221295492967801	0.033472136595165	-0.719252755470991	0.471985199643443	NA
ENSMUSG00000128362	2.97780067449559	0.00250904018593429	0.038826838640196	0.0643848995845627	0.948663753464083	NA
ENSMUSG00000108795	1.89549536196301	0.00211991807305664	0.0327060272123818	0.0639920412019691	0.94897656402117	NA
ENSMUSG00000121301	9.75449613332459	-0.022498787164467	0.0681263509308395	-0.334876011322188	0.737718618548928	NA
ENSMUSG00000128714	3.53055690099704	-9.49958369180833e-05	0.0451118167210401	-0.00209957086797245	0.998324786050912	NA
ENSMUSG00000128768	3.86579455664338	0.00641924485544505	0.0436113986556642	0.146581479447233	0.883462373022842	NA
ENSMUSG00000128923	2.66352295018949	-0.00337728697887933	0.0403925134051723	-0.0836905534240144	0.933302468071166	NA
ENSMUSG00000086184	3.6481432563316	0.0386891459326129	0.0475448467529328	0.796133749796652	0.425954299419239	NA
ENSMUSG00000086526	4.27785147241362	0.00729930185124031	0.0475204360331388	0.152905600340532	0.878472719414604	NA
ENSMUSG00000108624	8.78163710377978	0.0760070430416023	0.0647364245806493	1.1507307759079	0.249843011211545	NA
ENSMUSG00000129215	2.81682153903789	0.0195061387211066	0.041986065910399	0.455902533337725	0.648460067734065	NA
ENSMUSG00000129449	2.15864039379029	-0.00367487283647177	0.0375021658944846	-0.0984753162595854	0.921554871449296	NA
ENSMUSG00000129507	2.77150687960457	0.0764630266973238	0.0391484115184675	1.96699677940433	0.0491835820686278	NA
ENSMUSG00000129558	6.31485007627549	-0.0259728251766741	0.054824904861458	-0.48598584579248	0.626977201413841	NA
ENSMUSG00000129876	2.20483635244943	-0.0310718582065061	0.0373834266794275	-0.909421345612306	0.363127758612888	NA
ENSMUSG00000087090	3.85205932807187	-0.0187245483640391	0.0463867574522027	-0.415343036086445	0.677890800780295	NA
ENSMUSG00000109003	3.14936258736545	-0.00306769156209885	0.0437075506390731	-0.0703392738983936	0.943923623851966	NA
ENSMUSG00000130550	2.42178542561758	-0.00987818110283333	0.0396732268022487	-0.254142783841102	0.799385251429424	NA
ENSMUSG00000130573	2.33495023401129	-0.0311387317772907	0.0366594146807275	-0.943058995272738	0.345650727926666	NA
ENSMUSG00000097471	4.74997388332987	-0.0411767782351854	0.0512097739387641	-0.845745180659284	0.397694912811466	NA
ENSMUSG00000131001	4.85652648460488	-0.0187222816325068	0.0536037970712235	-0.356406988290884	0.721535796644197	NA
ENSMUSG00000131006	8.79417923158661	0.00953844493952843	0.0671671733414973	0.141532127969254	0.88744958103868	NA
ENSMUSG00000108776	5.79204594952784	0.00933418942230153	0.0553500581348143	0.167764897641129	0.866768238670125	NA
ENSMUSG00000131072	9.59183928642377	-0.0291330879318683	0.0682455464914034	-0.434966135344814	0.663587008476791	NA
ENSMUSG00000131121	7.96416692066114	0.0646547314311273	0.0644538739604297	0.9851763012067	0.324537479326055	NA
ENSMUSG00000101559	3.4571925523474	0.0687682518875823	0.0458848039175143	1.47455253510245	0.140332883802855	NA
ENSMUSG00000074274	4.91981087928576	0.0307950065268467	0.0525529520306322	0.577408745258572	0.563663367890475	NA
ENSMUSG00000109327	6.05537978782366	0.0643412079165113	0.0586408603725279	1.07292630752002	0.283304181432384	NA
ENSMUSG00000131861	3.75799943369685	-0.0184444267959162	0.0486609738513744	-0.387507289646917	0.69838068932348	NA
ENSMUSG00000131888	5.92887376494053	0.0784424761826614	0.0577205506806977	1.32022747247028	0.186759082226012	NA
ENSMUSG00000108417	3.40191732283022	0.00476511291720538	0.0449258967032197	0.105622872166883	0.915881576894732	NA
ENSMUSG00000132424	6.67901872036397	0.0114083309470266	0.0613836743278476	0.184459444835824	0.85365303953277	NA
ENSMUSG00000132509	9.529760691305	0.0152656994836646	0.0668838911417257	0.226722653264436	0.820639411009975	NA
ENSMUSG00000108657	7.74633654826717	0.0112617807249509	0.0639467662622828	0.175728516259384	0.860507231174213	NA
ENSMUSG00000120034	3.66418592262487	-0.0471114066376654	0.0438581010311384	-1.20058202319541	0.229913377798212	NA
ENSMUSG00000109485	4.44950313948518	0.0389123160346089	0.0489084963895872	0.777763366586207	0.436708528037603	NA
ENSMUSG00000133024	6.14011889523077	-0.000325042662178215	0.0596438304193179	-0.00544841927350245	0.995652811888813	NA
ENSMUSG00000133040	2.92057096177691	0.0160217344524364	0.0398794356620757	0.396846136255911	0.691480926480227	NA
ENSMUSG00000133090	2.05768928239408	0.0368208824260148	0.034697693430608	1.0489462696381	0.294202848355084	NA
ENSMUSG00000133193	2.85490662850929	-0.00570360027058257	0.0389551027459832	-0.148712419856966	0.881780560590611	NA
ENSMUSG00000040705	4.50831372681612	0.0274227643917169	0.0520520435563128	0.515757011839881	0.60602413024188	NA
ENSMUSG00000133329	4.2697406032259	0.00926457785510156	0.0503398454234405	0.183228146149866	0.854619010761019	NA
ENSMUSG00000133362	2.77538324211624	-0.00544448083684114	0.0413667989345457	-0.132849722156862	0.894312230239762	NA
ENSMUSG00000133368	9.89474786814066	-0.01521168729103	0.0709792725230919	-0.215810131622124	0.82913575051863	NA
ENSMUSG00000133440	9.19822476675718	0.0243262303107384	0.069781232455211	0.345725201513793	0.729549242785093	NA
ENSMUSG00000133481	8.26227232749862	-0.0270361911611706	0.065457624532376	-0.418971306014018	0.675237102957099	NA
ENSMUSG00000133722	3.72555330518875	-0.00393778288077099	0.0477408203595587	-0.0827589861820087	0.934043181492409	NA
ENSMUSG00000133871	6.83436376205154	-0.00569251096364302	0.0623464641880726	-0.091428535797758	0.927152088412048	NA
ENSMUSG00000100717	2.84477439142334	-0.00779579747649983	0.0411668639745591	-0.191080234930099	0.848462732565537	NA
ENSMUSG00000134126	2.63873936597891	-0.00216587107144594	0.0391536754315189	-0.0556490804412473	0.955621364516456	NA
ENSMUSG00000134163	3.79934576098081	-0.0319667711539954	0.0483344471699704	-0.692341134921614	0.488723123313379	NA
ENSMUSG00000134167	8.75691045942641	-0.039109809522246	0.0694448800983628	-0.574521260048512	0.565615118126285	NA
ENSMUSG00000134302	6.76990934656412	0.0348981686883919	0.0625611352513908	0.54924513460332	0.582837233919979	NA
ENSMUSG00000134419	2.83858540154579	-0.0169880857941363	0.0393494697819095	-0.450951310132408	0.652024641576669	NA
ENSMUSG00000134513	4.78918178813697	-0.0571638129649561	0.053564717742706	-1.14413844684255	0.252566225311832	NA
ENSMUSG00000134769	5.04271465965841	0.0150923032611929	0.0547318152811855	0.273517019530912	0.784455811261501	NA
ENSMUSG00000087175	2.33592350287479	0.041658349091502	0.0371315526449248	1.08725824778525	0.276922695081879	NA
ENSMUSG00000135465	6.01607017899253	0.0585009226235331	0.0559895629253765	1.01240244815882	0.311345668288637	NA
ENSMUSG00000121747	6.05292734837194	0.00182309218135138	0.0580581881518151	0.0314161827077106	0.97493763558689	NA
ENSMUSG00000074067	8.92124766952753	-0.0186398197308726	0.0687883313878399	-0.273251519683604	0.784659879293976	NA
ENSMUSG00000136008	2.54467947160388	0.000179340551629669	0.0406131394408368	0.00440922755893913	0.996481956804875	NA
ENSMUSG00000109635	5.98478358792954	-0.00944737208154812	0.0589951501563453	-0.161235692259366	0.871907770513122	NA
ENSMUSG00000136494	2.16349002516547	-0.0175093806635908	0.0377493432968386	-0.482441873282105	0.629492081170399	NA
ENSMUSG00000136531	2.22794444065289	-0.054236296065768	0.0359621727134033	-2.13480755877022	0.0327767326149713	NA
ENSMUSG00000136569	2.8030619745005	0.0608688729719021	0.0420906928190338	1.41584136515324	0.156821955460748	NA
ENSMUSG00000136843	10.0335399011412	-0.0430471746377532	0.0706648610983417	-0.620957132325225	0.53462782874859	NA
ENSMUSG00000110366	9.07107409356493	-0.00681195842396996	0.0678264254763188	-0.101015396207192	0.91953823828776	NA
ENSMUSG00000097455	2.39499285965232	-0.0489802081446456	0.0384880590316282	-1.46040428787992	0.144178995038105	NA
ENSMUSG00000137273	2.22994368802122	0.00926112311587489	0.0370733263765902	0.247103746587688	0.804827934272805	NA
ENSMUSG00000097697	4.54075985532421	0.0135680027889925	0.0518029346976323	0.258800842398458	0.795788907874825	NA
ENSMUSG00000137314	6.97153258216216	0.0529470931252704	0.062154701608972	0.833835966670546	0.404373424669365	NA
ENSMUSG00000137599	5.12674667272872	0.0114999300941545	0.0549840316334843	0.207168213282464	0.835878490905988	NA
ENSMUSG00000110144	1.95869752139255	-0.0120785789647266	0.036131812853963	-0.34350303670823	0.731220056694963	NA
ENSMUSG00000137665	7.05967760666084	-0.0458580639798709	0.0623190098779445	-0.762717142992137	0.445632104557618	NA
ENSMUSG00000137684	6.25648294664159	0.00844559546004831	0.0592705755380846	0.141455130937215	0.887510403874018	NA
ENSMUSG00000121387	3.32126063774005	-0.00518274284919413	0.0401937301867649	-0.130720229441269	0.895996628882344	NA
ENSMUSG00000109632	5.04881654709146	-0.0253169606022411	0.054659743514674	-0.473215511658258	0.636059432211774	NA
ENSMUSG00000108714	3.10792429044381	-0.0282096000214256	0.0440877865291116	-0.671197512011966	0.502094713430855	NA
ENSMUSG00000137874	9.53089589278423	-0.00316996482685893	0.064090765221183	-0.0497265592997448	0.96034029137589	NA
ENSMUSG00000138127	6.72855815208698	0.0597747256285948	0.061635421840499	0.946530162153752	0.343878245597646	NA
ENSMUSG00000108724	4.34496438715802	0.0400307942187618	0.0492006781689472	0.791756466516786	0.428502690499369	NA
ENSMUSG00000138487	7.47103981423782	-0.0189864680602791	0.0624694380989292	-0.308136828093432	0.757978218914902	NA
ENSMUSG00000138533	2.14567989322739	0.00982742683482938	0.0356552122448605	0.270189124470335	0.787014759075406	NA
ENSMUSG00000138553	2.69597394589077	-0.0289762175787915	0.0395470690653669	-0.785502177612255	0.432159194063587	NA
ENSMUSG00000138570	2.34148509577994	-0.0468332468008874	0.0378933860917536	-1.42727380145432	0.153500989043712	NA
ENSMUSG00000138841	5.85455074900693	0.0310664533611747	0.0565647329719241	0.540841651910323	0.588616730921861	NA
ENSMUSG00000138909	3.94014190854286	-0.00997477523230622	0.0478136434517169	-0.210753586079035	0.833079557934735	NA
ENSMUSG00000139529	5.05971599323565	0.0395572253497757	0.0536389232548075	0.723286904076856	0.469503636861935	NA
ENSMUSG00000139585	8.03470862200208	0.025129433444684	0.0620742244244656	0.398964756666006	0.689919172954901	NA
ENSMUSG00000139995	2.15379076241512	0.00954984866546593	0.0368444181507504	0.254490831359304	0.799116386497867	NA
ENSMUSG00000108854	8.41671173399451	-0.0181997407739758	0.0676054193831217	-0.27140776609667	0.78607742965717	NA
ENSMUSG00000090075	2.54962593980991	0.0103397550689859	0.0373626051963528	0.271378395845321	0.78610001641614	NA
ENSMUSG00000121230	9.21804388044993	0.0319794548460173	0.0658810278461076	0.480637803107788	0.630773942974376	NA
ENSMUSG00000140702	2.33583640043028	-0.00827623759001979	0.0391798582845547	-0.21408907310574	0.830477596658224	NA
ENSMUSG00000140746	3.71824636716868	-0.0424867088808753	0.0473250190118295	-0.962490953423758	0.335803045326176	NA
ENSMUSG00000140783	3.67214237814723	0.0206536043498855	0.0461732518528804	0.436594550952189	0.662405415124499	NA
ENSMUSG00000085407	2.6525665641881	0.0646409926690366	0.0404170055690545	1.58688985125194	0.112537593862438	NA
ENSMUSG00000140861	1.99924965189521	-0.0119053954918003	0.0344790554722563	-0.356945188461337	0.721132839475232	NA
ENSMUSG00000102124	3.26201707607351	-0.0176723265589135	0.0445790548597572	-0.408481420063709	0.682920268525606	NA
ENSMUSG00000141049	2.91211908789126	0.0267309007692355	0.0404262493469282	0.640648562009695	0.521751040840986	NA
ENSMUSG00000085560	3.26525884511336	0.0461350357348432	0.0433100316522795	1.0419829394945	0.297419588741125	NA
ENSMUSG00000109193	2.04869224678737	0.014241910324287	0.0358112734159172	0.391527004217213	0.695407732056918	NA
ENSMUSG00000109194	4.70331013100782	0.022344949343155	0.0516340101179659	0.424807609986441	0.670976929664918	NA
ENSMUSG00000141406	6.4421356943604	-0.0197757798582266	0.0605505335220329	-0.331630849043845	0.740168022453182	NA
ENSMUSG00000141578	4.32698005033094	-0.0331653440371595	0.0512882222103153	-0.671605634057807	0.50183479057752	NA
ENSMUSG00000110101	9.77109709645756	-0.0810516658229228	0.0693436605744655	-1.22774501177737	0.219542703610179	NA
ENSMUSG00000120649	3.32972786218031	-0.0311465844301066	0.043499976187586	-0.760366119195826	0.447035769474542	NA
ENSMUSG00000108321	3.27989970887656	0.0470371147557709	0.0440874387007783	1.04495313874592	0.296044628322487	NA
ENSMUSG00000120896	2.0040944160772	-0.0124515093224067	0.0362964400436584	-0.354214911530268	0.723177829341379	NA
ENSMUSG00000142070	2.09534626472307	-0.0294415253982092	0.0369938699817538	-0.863732811525817	0.38773468457149	NA
ENSMUSG00000142328	9.56901505260786	-0.108895087841267	0.0682863076641116	-1.72747037417749	0.0840832213474327	NA
ENSMUSG00000142383	4.85010571300381	-0.029787202568049	0.0518569355775534	-0.595868868760638	0.55126283174459	NA
ENSMUSG00000142444	3.30829526998397	0.0176777094524411	0.0410918913942825	0.423837167037867	0.671684570369702	NA
ENSMUSG00000142594	5.78492781797631	0.0334316054447625	0.0579789165766649	0.566668971062442	0.570939105886907	NA
ENSMUSG00000142850	2.28718313512625	-0.0334092487022184	0.037909946575153	-0.967491180710391	0.333298547953791	NA
ENSMUSG00000086254	7.06509938748015	-0.0920064425692366	0.0604129788193394	-1.67136999759338	0.0946486182137194	NA
ENSMUSG00000142911	8.63717108003545	-0.0308126665369305	0.0658520412293034	-0.477885336062958	0.632731818940518	NA
ENSMUSG00000143210	5.72288107777378	-0.00397056843204921	0.0556735106689602	-0.07120829777462	0.943231977514415	NA
ENSMUSG00000143224	8.42444191196382	0.0653366534091328	0.0659133992776609	0.970741406198568	0.331677067162591	NA
ENSMUSG00000143461	6.64207856675814	-0.0121765242286368	0.0612310661298774	-0.200736057378539	0.840904963823099	NA
ENSMUSG00000143485	9.66730046824767	0.0121989572086469	0.0694638953205077	0.17462443616774	0.861374746319488	NA
ENSMUSG00000143500	8.62670947542004	-0.0811556528789205	0.0669377082981494	-1.2828069843647	0.199559706583576	NA
ENSMUSG00000143581	2.14893626384677	0.0344288489935292	0.0357988653997806	0.931039691965036	0.351833032705488	NA
ENSMUSG00000143669	3.37116129190877	0.00467090640162158	0.0454551945243138	0.102142143855945	0.918643849964829	NA
ENSMUSG00000143727	5.428753737472	0.0186435890417307	0.0565511427560623	0.326533563850365	0.744020699392875	NA
ENSMUSG00000109816	6.74804864722536	0.0480272724683475	0.0624188811423238	0.753979511852389	0.450861524274466	NA
ENSMUSG00000030664	2.64278993337959	0.00954559794639653	0.037823946322155	0.249365693329411	0.803077919828386	NA
ENSMUSG00000142647	3.39875292184852	0.0179636297940048	0.0462816314642871	0.382053355323195	0.702421789135703	NA
ENSMUSG00000124610	5.51921138933655	0.0131289408346577	0.0539536226393756	0.240645986349764	0.80982950537303	NA
ENSMUSG00000108592	9.16886080397944	-0.0352902937481518	0.0702788648173	-0.511222550246985	0.609195230121221	NA
ENSMUSG00000121480	9.9115320215739	-0.030286369848821	0.0714758362529954	-0.428524211475401	0.668269510213248	NA
ENSMUSG00000137235	5.67120809076707	-0.06567264678879	0.0574190103722354	-1.22287449549569	0.221377102946732	NA
ENSMUSG00000137195	7.87701771208	-0.0181192793099693	0.0656413531908373	-0.278518705187258	0.780614208208841	NA
ENSMUSG00000137349	5.96034662458514	-0.00708485376643109	0.0575345659221897	-0.123931522161766	0.901369494261658	NA
ENSMUSG00000140389	1.94573702082965	0.00244123784630678	0.033705547742232	0.0718742281721476	0.94270199993128	NA
ENSMUSG00000120115	4.68830804479891	0.0625354931825798	0.0521956885858094	1.17216544289854	0.241130639632991	NA
ENSMUSG00000144053	2.03970981276018	-0.0491369654415992	0.034296967448029	-2.01068973079956	0.0443582394009049	NA
ENSMUSG00000137035	8.34327001728672	-0.0287364688501141	0.0680280847185893	-0.428900246110197	0.667995821108506	NA
ENSMUSG00000109509	6.16197472737635	-0.000315096374849973	0.059980905487564	-0.00525606815058625	0.995806283681573	NA
ENSMUSG00000142531	4.51183373407526	-0.0335278332803856	0.0498925940675846	-0.705030266185663	0.480791401167991	NA
ENSMUSG00000030636	2.54557050521605	0.0119292635901179	0.0392819564937318	0.297779149023974	0.76587172968054	NA
ENSMUSG00000091864	6.23653925941983	0.0229400787587312	0.0589180701239613	0.385153187154301	0.700123924130947	NA
ENSMUSG00000101360	3.17121355231786	0.0108817473559236	0.0448492967708885	0.239779597227447	0.810501124675483	NA
ENSMUSG00000108390	3.89949780840253	-0.0475710908300645	0.0485895515886565	-1.05395619532411	0.29190297285183	NA
ENSMUSG00000108726	8.32801402882439	0.0668178835574083	0.066752918056594	0.978579953483023	0.327787568306039	NA
ENSMUSG00000108811	2.40398016087268	0.00405593683842264	0.0395665690885123	0.101991890387792	0.918763112049564	NA
ENSMUSG00000109021	5.63038184026322	0.0254802379196722	0.0571755605389156	0.439874201707908	0.660028221742001	NA
ENSMUSG00000109203	2.13509933125123	-0.00277746969224657	0.0348863194714437	-0.0798891830156602	0.936325393034316	NA
ENSMUSG00000109382	2.621820267653	0.0345479505842325	0.0390824771505604	0.86297414537892	0.388151682330763	NA
ENSMUSG00000120042	3.0119050456741	0.0685208429414937	0.0433693392444374	1.55139098035507	0.120808015432981	NA
ENSMUSG00000120471	2.03573661341764	0.0141341676751656	0.0353458215099889	0.392986071741837	0.694329768650159	NA
ENSMUSG00000121384	3.50295553667094	0.0139787425858651	0.0457103472015189	0.300515135499231	0.763784253194517	NA
ENSMUSG00000123576	2.02675417939045	-0.0493554407460481	0.0343717245333798	-2.01089937981148	0.0443360858888491	NA
ENSMUSG00000124921	5.04440475724507	0.00092726366393036	0.052332019271417	0.0177273164995834	0.98585638865431	NA
ENSMUSG00000138335	4.37696780694417	0.0260290561690173	0.0484954767998139	0.521593077873094	0.601953683922133	NA
ENSMUSG00000142625	2.03494241663633	0.0282016730361467	0.0363751432157029	0.757735973154857	0.448609058979263	NA
ENSMUSG00000143628	5.07403797283083	-0.0113848864030442	0.0519384402985354	-0.22138152425042	0.824795377065436	NA
ENSMUSG00000098129	3.25920903034434	-0.0308737470041547	0.0443233491076023	-0.735747535417144	0.461884355045922	NA
ENSMUSG00000044997	5.83554530086819	-0.0441704230262366	0.0575775189168837	-0.797013772649895	0.42544303258534	NA
ENSMUSG00000110026	8.39405683787444	0.00612287857954314	0.0674826444230728	0.09030085942055	0.928048137224279	NA
ENSMUSG00000097149	10.2573697079691	-0.0632354645599522	0.0739634149433003	-0.878572891732355	0.379632899374796	NA
ENSMUSG00000121222	9.72591176574864	-0.0515605084615356	0.067653380634664	-0.789597680499361	0.429762763292994	NA
ENSMUSG00000123692	2.90682599881905	0.0136214800624457	0.0379344520181205	0.354147831990764	0.723228097180795	NA
ENSMUSG00000131224	2.71297527946801	-0.00447833135961898	0.0415789619714975	-0.108196329208528	0.913839956730919	NA
ENSMUSG00000131202	2.77133267471556	-0.0194146299665228	0.0421065581685054	-0.477473693705604	0.633024848851808	NA
ENSMUSG00000143054	6.26786743978542	-0.0168325161319474	0.0600708866822781	-0.283068988659737	0.777123953231012	NA
ENSMUSG00000128762	4.7985400461894	-0.0671444353383017	0.0518527014682011	-1.42622612983339	0.153803079482718	NA
ENSMUSG00000133250	7.6636341593129	0.0632420158881398	0.065086579091179	0.952976907392192	0.340601771157356	NA
ENSMUSG00000108806	4.79421049159433	0.0197331653275977	0.0529557343604252	0.367546729365755	0.713211242130984	NA
ENSMUSG00000138795	2.61282809923946	-0.00182499126386068	0.0402671162618602	-0.0454905761952981	0.963716286230786	NA
ENSMUSG00000140557	2.86911938513007	-0.0460880704728908	0.041008872586163	-1.26379944727218	0.206302019641592	NA
ENSMUSG00000125615	3.90759894320391	-0.0200136587422349	0.0475019411941313	-0.433174964591238	0.664887665287677	NA
ENSMUSG00000109290	2.69111944732242	-0.00437795745045518	0.0410145798662987	-0.107052165259599	0.91474759559964	NA
ENSMUSG00000109248	5.64854832745382	-0.0259829525270599	0.0570132349745506	-0.465500796778721	0.641572866456005	NA
ENSMUSG00000109450	2.06738854514443	0.0121433346742611	0.0346910581904075	0.34518292527609	0.729956854448947	NA
ENSMUSG00000097016	5.27715011340344	-0.0309811744513368	0.0558438837559605	-0.569777815469136	0.568828403987163	NA
ENSMUSG00002076246	6.62832873660711	-8.67811562426738e-06	0.0602325989191974	-0.000142795902345915	0.999886065354559	NA
ENSMUSG00000108926	6.17177082695756	-0.00160577434466073	0.059285023678502	-0.0271115170462904	0.97837078886349	NA
ENSMUSG00000140030	2.50493127226889	-0.0400628558352963	0.0401055921780731	-1.10229665166357	0.270332724570978	NA
ENSMUSG00000121875	3.7499805341468	0.0206386074748182	0.0471806564833322	0.428954609388926	0.667956257560846	NA
ENSMUSG00000065259	5.30218008091707	-0.0663776272719072	0.0541993946607432	-1.33104919388904	0.183172824637665	NA
ENSMUSG00000108766	9.41913730488151	0.00812782596345029	0.0711549412902951	0.114047842600504	0.909199867918885	NA
ENSMUSG00000060034	3.04258857573057	-0.0234306129153664	0.0413318490861387	-0.596602065245679	0.550773092062537	NA
ENSMUSG00000097749	6.12063326728557	-0.000332085626056403	0.0599044180992331	-0.00553895319051386	0.995580577364274	NA
ENSMUSG00000109101	2.01433884054862	-0.000816917835045124	0.0311622797590427	-0.0260273677334022	0.979235509547228	NA
ENSMUSG00000109149	2.96316954511874	-0.0248407362677483	0.043688336810847	-0.593048655493146	0.553148590630718	NA
ENSMUSG00000126754	3.91570494519846	-0.00765287106354485	0.0467382306946936	-0.165282840188533	0.868721364604883	NA
ENSMUSG00000142247	1.90924519211404	-0.0108116500021393	0.0352946941837849	-0.313439104614913	0.753947078691629	NA
ENSMUSG00000097015	3.33950936018198	0.00611701311695444	0.0457462924407173	0.13265195168435	0.894468643933779	NA
ENSMUSG00000141960	2.68818682806424	0.00998168399936636	0.0395743074656777	0.250262478965673	0.802384370801518	NA
ENSMUSG00000121235	5.17134450343888	0.0373357164633564	0.0556840797301568	0.656884480369784	0.511255198010126	NA
ENSMUSG00000108850	3.43921308271349	-0.0223536981857569	0.0461193475282374	-0.502108928187778	0.615590900212649	NA
ENSMUSG00000109559	1.92308699190276	0.0140496362523604	0.0335661122558721	0.406041032602188	0.684712451489153	NA
ENSMUSG00000030781	3.13552078757673	-0.0291291691238758	0.0442312128697041	-0.691548855889626	0.489220689376648	NA
ENSMUSG00000091177	8.06797328325737	-0.0600872200637455	0.0663780553138351	-0.939234462245255	0.347610378876785	NA
ENSMUSG00000142878	9.77910805053309	0.0850291589624844	0.0697228529007213	1.18724854788571	0.235129596526311	NA
ENSMUSG00000121471	9.77958886731685	0.0460783625989808	0.0698010490174623	0.652276529831855	0.514222797912003	NA
ENSMUSG00000127705	8.38134272061458	-0.0165091264946752	0.0666089959416365	-0.250210164874819	0.802424824792258	NA
ENSMUSG00000121308	3.11478290357366	-0.000611895886340454	0.0407836366885789	-0.0150976183422597	0.987954301033804	NA
ENSMUSG00000101166	3.38086055465912	-0.0220899407984842	0.0462626566023343	-0.492774505688157	0.622171926444394	NA
ENSMUSG00000012777	3.2839600106636	0.0334962581542712	0.0442243226595498	0.742715570075784	0.457653901117248	NA
ENSMUSG00000108509	3.32250802660475	-0.0205532100588884	0.0450897295090336	-0.469308360607983	0.638849240063445	NA
ENSMUSG00000134521	10.1016731782222	-0.0306257222066794	0.0697474879522275	-0.446538729230847	0.655208143134492	NA
ENSMUSG00000127827	8.41275800342468	-0.00745451965291924	0.0670455057729836	-0.111351243814838	0.911337821336634	NA
ENSMUSG00000143179	1.90924519211404	-0.0108116500021393	0.0352946941837849	-0.313439104614913	0.753947078691629	NA
ENSMUSG00000109441	7.24991148192188	0.011423124006852	0.062660285856072	0.181642151414299	0.855863567032792	NA
ENSMUSG00000140688	8.04946579136884	0.000109112139257932	0.0619535387276993	0.00175848317793315	0.998596934145004	NA
ENSMUSG00000142357	1.94089225664766	0.00196778410582054	0.0355118547842371	0.0549778559058134	0.956156105532657	NA
ENSMUSG00000141044	4.64777051587579	0.0245184885544058	0.0524788866325734	0.460539286296274	0.645129179296785	NA
ENSMUSG00000099098	3.55814366374361	0.0269513840193494	0.0472879838507186	0.557193988200839	0.577394896749377	NA
ENSMUSG00000109351	3.15015678414676	-0.015947639230092	0.0444121394508563	-0.367480210137544	0.713260850850941	NA
ENSMUSG00000100111	6.79246740585334	-0.013101059848048	0.0593882901020512	-0.223202653082074	0.823377787166113	NA
ENSMUSG00000046958	6.21099408231926	-0.0262098137109665	0.0582010303198931	-0.459507406667277	0.645869834477181	NA
ENSMUSG00000089139	1.95464208679869	-0.0113242209165915	0.0356781508459067	-0.326302414544294	0.744195561576564	NA
ENSMUSG00000109565	2.97710331454514	0.0365453737494797	0.0409880087726397	0.866827671771052	0.386036437900415	NA
ENSMUSG00000097809	2.24289932139094	0.00800108621087593	0.035035399677582	0.225983433976659	0.821214304844611	NA
ENSMUSG00000108618	2.76331864235869	0.0067731777491778	0.0411686200293993	0.162709171422274	0.870747425475867	NA
ENSMUSG00000143612	6.62957612547181	-0.0133031491040709	0.0604639160573936	-0.221486128737682	0.824713936082097	NA
ENSMUSG00000117477	9.04369339062361	-0.0198800996133909	0.0677680133750409	-0.296652917604966	0.766731505968066	NA
ENSMUSG00000085236	1.80054930116899	-0.0161587992397788	0.0300253495445564	-0.582607635980019	0.560157463802912	NA
ENSMUSG00000109416	2.96801917649392	-0.0378031914531456	0.0432593804048996	-0.94295929572872	0.345701723387549	NA
ENSMUSG00000109082	2.98097480986364	-0.0383160416672664	0.0434767822831389	-0.951045868800575	0.341581091750364	NA
ENSMUSG00000109094	3.64329362495643	0.051726506730344	0.0474404094648872	1.06501848952841	0.286867562791618	NA
ENSMUSG00000030866	3.28395514347042	0.0475078289791826	0.0445116942427404	1.04602257807822	0.295550608312525	NA
ENSMUSG00000131163	2.81762060301237	-0.00697017692055568	0.0414508014591021	-0.170219315827226	0.864837661559631	NA
ENSMUSG00000109781	3.72158497303939	0.0469500788816839	0.0471222522797058	0.965236783855516	0.33442622682881	NA
ENSMUSG00000109647	3.14442585354577	-0.0394775391249282	0.0424941568187545	-1.01386075726193	0.310649198983237	NA
ENSMUSG00000124747	5.25234706042015	0.0227284473087611	0.054264630574462	0.413734379840654	0.679068645887233	NA
ENSMUSG00000101135	2.13589352803254	-0.0164196392736408	0.0374090370473095	-0.455847765899199	0.648499453063638	NA
ENSMUSG00000108367	4.64608041828914	0.0358237331650404	0.0508020052688761	0.690881649684347	0.489639918886557	NA
ENSMUSG00000025479	4.9871507085605	0.0685393503476198	0.049399413574138	1.36846974571728	0.171165085771588	NA
ENSMUSG00000025467	8.7740086298345	0.00979278274221643	0.0692189298961752	0.140960336283132	0.887901276468513	NA
ENSMUSG00000064109	4.38048294701013	-0.0210535812876473	0.051911656361254	-0.414654281319362	0.678395005295263	NA
ENSMUSG00000094445	6.66473346287821	-0.0372207773258086	0.0611398917541544	-0.627003008603202	0.530657263018415	NA
ENSMUSG00000073795	2.99322334889656	0.0239005904324994	0.0402243921258809	0.579532663032363	0.562229813806511	NA
ENSMUSG00000072244	9.26085964393576	0.0330442430626543	0.0656926882253467	0.498389824511149	0.61820930739727	NA
ENSMUSG00000121605	3.52403442537193	-0.0165211775892192	0.0387467473122062	-0.446011465287788	0.655588964028733	NA
ENSMUSG00000030693	1.93603775807931	0.0275091959380655	0.0342427842351003	0.774974997580291	0.438354433728071	NA
ENSMUSG00000073804	7.33770534081214	0.125455954876383	0.0591843241084453	2.09591532644537	0.0360897028769216	NA
ENSMUSG00000030587	7.21194048261805	0.0109026882977956	0.0634650570920651	0.171005989453953	0.864219056066255	NA
ENSMUSG00000054342	7.24314483842971	0.0220737402708688	0.063531465442283	0.343114228335113	0.731512527497519	NA
ENSMUSG00000032725	7.97593285399846	-0.0188032571363807	0.0623966569165461	-0.304017546530037	0.761114523285138	NA
ENSMUSG00000043366	5.54769892008165	0.0226847465487948	0.053957550104636	0.413414764005141	0.679302759481026	NA
ENSMUSG00000035165	1.91409482348922	-0.0243683549536013	0.0353289768046392	-0.742054493016816	0.458054320031247	NA
ENSMUSG00000025482	4.96329562904659	0.0162194459422559	0.0535220646067852	0.299469956797257	0.764581491788044	NA
ENSMUSG00000011263	4.3066856240249	0.0190022543271907	0.0493721481852413	0.37796508784823	0.705456529359348	NA
ENSMUSG00000038973	2.23163378560787	-0.00482535272745684	0.0370397848944564	-0.131842503935587	0.895108866694482	NA
ENSMUSG00000000244	6.32779597525887	-0.00489061683588369	0.0578489388822639	-0.0848085877413353	0.932413566110389	NA
ENSMUSG00000058741	3.87470448980559	-0.0179292865604265	0.0468588957746593	-0.394166029041554	0.693458464532825	NA
ENSMUSG00000108622	5.53170896342971	0.0275526780766153	0.0548284080093366	0.496358551117787	0.619641463195654	NA
ENSMUSG00000030433	3.86873691028791	-0.0335039875146647	0.0481055816977409	-0.730279972640794	0.465219067464918	NA
ENSMUSG00000074141	7.51528690586371	0.0406792551386307	0.0651657181728632	0.613586977119258	0.539488291339962	NA
ENSMUSG00000074121	4.39837531419954	0.018291226526325	0.0519218107275149	0.347810904074916	0.72798220009698	NA
ENSMUSG00000030680	6.88381122413688	0.0065500974609284	0.0625705695888411	0.104216384522781	0.91699763180521	NA
ENSMUSG00000005649	2.84925793315963	0.031513489179727	0.0411320208752853	0.748955963100056	0.453883748068751	NA
ENSMUSG00000043017	3.96447230067006	-0.00892214440550675	0.0469585024782173	-0.192248275625887	0.847547732621342	NA
ENSMUSG00000062028	1.98628915133231	0.00155489548063587	0.0361051390274817	0.0429435021622327	0.965746571006132	NA
ENSMUSG00000074071	3.55814366374361	0.0269513840193494	0.0472879838507186	0.557193988200839	0.577394896749377	NA
ENSMUSG00000030905	3.80384465327171	-0.00578057296684582	0.0462646169310118	-0.125383709477996	0.900219784287699	NA
ENSMUSG00000030577	3.88752031108948	0.0134172365588707	0.0440846482471266	0.298500380303187	0.765321285898437	NA
ENSMUSG00000038745	6.86364062238477	0.00588199074494852	0.0613936267340079	0.0953117110950926	0.924067240894413	NA
ENSMUSG00000030877	10.1729918230077	-0.0346717100952576	0.0718147415768081	-0.489895841597641	0.624207605778037	NA
ENSMUSG00000040046	3.59375419323341	-6.00138738451095e-05	0.0475175037012654	-0.00126344973518399	0.998991913231149	NA
ENSMUSG00000074261	2.58037223634501	0.0387394042397291	0.0396631653606454	0.948003392456322	0.343127727159977	NA
ENSMUSG00000042289	4.57476738967186	0.0524629416904162	0.0521380584464867	0.979546474573688	0.327310037163719	NA
ENSMUSG00000030981	2.12565883794748	-0.0413910839396581	0.0315438976383917	-1.91342803742546	0.0556932779187532	NA
ENSMUSG00000078776	4.7049082589568	-0.0245024255419601	0.0497653523207517	-0.508824979202896	0.610874908795413	NA
ENSMUSG00000057092	3.79774763303184	0.0211364776398155	0.0483742815496601	0.429844346584359	0.66730887150815	NA
ENSMUSG00000040026	8.13371985177631	0.0251548381423645	0.0673022814140093	0.369799165373421	0.711532137163066	NA
ENSMUSG00000023467	6.26494455491359	-0.0263550730714695	0.0571486827686734	-0.472515705654829	0.636558734074543	NA
ENSMUSG00000046591	6.63397256476359	-0.0247211374811519	0.0615333356679408	-0.409081446257277	0.682479891685557	NA
ENSMUSG00000057465	2.85852908876755	-0.0345422333122017	0.0420204189085095	-0.884239838421117	0.376566756961989	NA
ENSMUSG00000038580	4.12833419815789	0.0611243649330267	0.044577557527807	1.35898648047912	0.174150872811718	NA
ENSMUSG00000034690	2.8127709716372	0.00585013458308044	0.0412592118569726	0.140762180979777	0.888057820728637	NA
ENSMUSG00000074115	4.03507336775735	0.0532077886096633	0.0492636362364833	1.05423391611794	0.291775835663727	NA
ENSMUSG00000005547	9.88335533293943	-0.220922774145179	0.0700782369776988	-3.14966397857114	0.00163458348121045	NA
ENSMUSG00000054169	3.96288390710744	0.0148205797713388	0.0485394330564264	0.300999574199797	0.763414819215633	NA
ENSMUSG00000046179	4.41689254047442	-0.0730251454515597	0.0511187791890725	-1.59489482549233	0.110735756957523	NA
ENSMUSG00000049685	5.22480750314443	-0.0998533935254386	0.0532177616334385	-2.16198345195238	0.0306194517362097	NA
ENSMUSG00000039013	7.21438318768341	0.0995123834479246	0.0636921478588899	1.52371481519006	0.127579966931836	NA
ENSMUSG00000008193	4.7873470112713	0.00571886512517937	0.0485795713146027	0.116478417979071	0.90727338961999	NA
ENSMUSG00000025489	2.05274768138123	0.0139552954719911	0.0360347590344512	0.381575786740357	0.702776047055378	NA
ENSMUSG00000070564	1.96760258736159	-0.0245630128082847	0.0348399074841238	-0.763329708468087	0.445266788787594	NA
ENSMUSG00000030838	3.97978840385382	0.0156192940942653	0.0468301898437215	0.328790997857576	0.742313667809576	NA
ENSMUSG00000030468	3.33149532782511	0.0309988717851073	0.0449968954005248	0.669738056241525	0.503024787250503	NA
ENSMUSG00000000215	4.03949002479693	0.0121507044605721	0.0478554768562279	0.24972952781387	0.802796521645174	NA
ENSMUSG00000089661	2.55842930175492	-0.0114493830606745	0.0380998710315454	-0.308905534544395	0.757393386618229	NA
ENSMUSG00000025480	4.60450230928166	0.0411520592934419	0.0481009030192249	0.826720663474679	0.40839540658942	NA
ENSMUSG00000063838	9.61142736736809	0.00168020191798245	0.0718007145807614	0.0233573687909414	0.981365210496165	NA
ENSMUSG00000055102	4.23571360010555	0.0194645015973927	0.0454022253135537	0.421430089412886	0.673441051175554	NA
ENSMUSG00000025500	8.92979226202594	0.0280044950191089	0.0682073428134453	0.404675846510412	0.68571579867904	NA
ENSMUSG00000009248	3.82533926297159	0.034310825284618	0.0486962617542997	0.689758337175128	0.490346172903315	NA
ENSMUSG00000030789	6.43155026519106	-0.018278599541838	0.0585649711606745	-0.317056647616278	0.751200619237184	NA
ENSMUSG00000052212	9.39180698227528	0.140657225051785	0.070945687823054	1.93455964313738	0.053044356391078	NA
ENSMUSG00000037469	8.01436212303201	0.144625108992331	0.0574796131920018	2.54705189502961	0.0108637276311487	NA
ENSMUSG00000035582	8.34741742151826	0.0073413126642877	0.0676653135465224	0.108124130146731	0.913897227272375	NA
ENSMUSG00000078796	5.17744639087193	-0.00319415157891434	0.0539539533364466	-0.059099928243775	0.952872515796725	NA
ENSMUSG00000063903	2.22677441984634	0.0326578747794766	0.0356460316657011	0.894617805406901	0.370991430382237	NA
ENSMUSG00000046826	8.27926879388269	0.00937709456857368	0.0680176242025804	0.13718053992149	0.890888092375134	NA
ENSMUSG00000030617	2.34959109777449	-0.0364004618927584	0.0392422246027977	-1.0166610563529	0.309314697858554	NA
ENSMUSG00000045868	5.91987672933382	0.0522739866329364	0.0561848479290668	0.905840398030804	0.365020335071615	NA
ENSMUSG00000030650	6.73095047681727	-0.00171513746279334	0.0612769544182035	-0.028021562181926	0.977644953763736	NA
ENSMUSG00000038239	8.08418528724647	-0.0357955833153512	0.0663708994685785	-0.549879021934805	0.582402353705224	NA
ENSMUSG00000025481	3.64488688571222	0.0117435718632375	0.0461702694678087	0.252078750031503	0.800980194716883	NA
ENSMUSG00000070873	6.78940470889567	0.00783993383527626	0.0611642663138161	0.127630349487155	0.898441512126381	NA
ENSMUSG00000005553	7.50909304879298	0.0420145903742622	0.0639670347236513	0.647719074103164	0.517166665108199	NA
ENSMUSG00000009471	2.23288117447257	-0.0170867153069181	0.0354604352814036	-0.504631626801449	0.613817592018724	NA
ENSMUSG00000047586	4.49764606239545	-0.0351594631934575	0.0505348031450076	-0.727354795904793	0.467008638582128	NA
ENSMUSG00000030825	9.99333850972283	-0.0823517451650092	0.0731670904803606	-1.16985143774698	0.242060759512504	NA
ENSMUSG00000030666	3.80347856363282	0.045806858454682	0.0474317382156794	0.940513969829138	0.346953987349539	NA
ENSMUSG00000031022	4.69801704193561	0.0110024012619769	0.0519277115139859	0.210851375772584	0.833003247553089	NA
ENSMUSG00000078765	6.43942448546209	-0.00907057352837333	0.0595035162178506	-0.152989893587487	0.878406245215105	NA
ENSMUSG00000059891	5.22125489199396	0.0187284251105713	0.0531030497452301	0.346251716186493	0.729153551695553	NA
ENSMUSG00000030827	2.81356516841851	-0.00663136648480872	0.0417838602228068	-0.160601927625637	0.872406936582471	NA
ENSMUSG00000031097	3.14450322160392	0.0372320655151862	0.0441210726018387	0.818608490050372	0.413009821516302	NA
ENSMUSG00000051051	2.68213214610205	-0.0567096537809972	0.0406607623123435	-1.59881207982714	0.109862364132272	NA
ENSMUSG00000059108	6.85108124124123	0.132371791400961	0.0617694958188425	2.1011711716237	0.0356259430588594	NA
ENSMUSG00000053338	2.79901627429299	0.0327241566563896	0.0417846051642018	0.762996737879767	0.445465341328646	NA
ENSMUSG00000047730	5.22159589669188	0.0102536511107777	0.0553792797663791	0.184102087646903	0.853933368768019	NA
ENSMUSG00000030724	3.09011902569891	-0.0147306602831572	0.0439876836123787	-0.341513071789188	0.732717365891255	NA
ENSMUSG00000091594	3.21167371318283	-0.0260045815757636	0.0420805120791507	-0.655320053314113	0.512261712291708	NA
ENSMUSG00000052749	5.62156387673869	0.082762380679723	0.0552572193433243	1.46219828518107	0.143686881423982	NA
ENSMUSG00000035951	4.5966329562038	0.0242665799701206	0.0507641699719065	0.469804487811379	0.638494707792574	NA
ENSMUSG00000090215	1.88650319354947	-0.0362890839355477	0.0344408016307181	-1.20317855721855	0.228907230838809	NA
ENSMUSG00000031074	5.14970585143729	0.0687339902768658	0.051313470480123	1.31490945958302	0.188540333177925	NA
ENSMUSG00000056316	6.88866085551205	-0.00589749848688352	0.0625617138386361	-0.0945442161812341	0.924676860287356	NA
ENSMUSG00000112836	2.02278584724109	0.000822339878757717	0.0355857292372191	0.0231305145685115	0.981546165087655	NA
ENSMUSG00000110723	9.77441548458047	0.0235087221192417	0.0716209953661526	0.325790732747576	0.744582690740607	NA
ENSMUSG00000085111	7.46045438506848	-0.0192035470606219	0.0631284324339204	-0.308265828700276	0.757880065498716	NA
ENSMUSG00000112613	3.50250234458755	0.0156409713669196	0.0451522664802484	0.342987633803057	0.731607763304438	NA
ENSMUSG00000097692	8.47311464604055	0.0415390420540043	0.067517336798218	0.607111555636519	0.543776881894621	NA
ENSMUSG00000077265	6.81935194145628	0.0598440383773027	0.0623319275556596	0.939938334626076	0.347249192390537	NA
ENSMUSG00000110986	6.33237148663284	0.0644289475541058	0.0575397291880094	1.09711122259799	0.272592774932292	NA
ENSMUSG00000112806	4.96433134193777	-0.018416270716169	0.0514879962194602	-0.366973220181132	0.713638993726352	NA
ENSMUSG00000104443	9.79539488469342	-0.0252154230737402	0.0719877121146254	-0.354545372871219	0.722930206773834	NA
ENSMUSG00000080971	3.36808886056476	0.0420160201743931	0.0398241588789872	1.02906482851733	0.30344921224368	NA
ENSMUSG00000084985	2.89502578467634	-0.0362432314686108	0.042788193015027	-0.911080112335506	0.362253164331593	NA
ENSMUSG00000111865	1.98144438715031	0.000723653225903167	0.0340610929434088	0.0211748048290697	0.983106212609523	NA
ENSMUSG00000112367	1.99430805088235	-0.0382183781557213	0.0352605737321806	-1.24627531014087	0.212663338925616	NA
ENSMUSG00000112409	1.97569398777662	0.0228674898245369	0.031139586232196	0.711994666337808	0.476468078841106	NA
ENSMUSG00000112259	10.2356058454612	-0.0251644595216307	0.0716649760867815	-0.354583627933921	0.722901543215698	NA
ENSMUSG00000112841	5.20379063194698	0.0228124079278405	0.0549608338218904	0.409367865492892	0.682269718300894	NA
ENSMUSG00000089498	3.53899904049633	0.013134222261241	0.0426936251513834	0.3049026653885	0.760440285679765	NA
ENSMUSG00000111055	9.28646176089353	-0.0371390226794472	0.0698012373499532	-0.543002976025992	0.587127753391624	NA
ENSMUSG00000111665	4.12499072509401	-0.000228499791142131	0.0475966913812184	-0.00482101384294065	0.996153402387855	NA
ENSMUSG00000112794	1.87679419641277	0.0136514044917661	0.0305866515419512	0.429995437114429	0.66719896036125	NA
ENSMUSG00000112095	9.05380350717967	0.0325973749306634	0.0631636386379303	0.510282121959967	0.609853825953445	NA
ENSMUSG00000111740	9.39083858060495	0.0560689407035857	0.0710260851984708	0.776455012022801	0.437480373877843	NA
ENSMUSG00000080115	5.8366632490107	-0.0168144928270373	0.0564201191776402	-0.302744298750688	0.762084735490122	NA
ENSMUSG00000006724	5.56993809520284	-0.0731733596157311	0.0555467009426754	-1.43744295062216	0.150592172054634	NA
ENSMUSG00000085666	4.86137611598006	-0.0314468701411179	0.0534594277194195	-0.609572376376421	0.542145114949647	NA
ENSMUSG00000089214	2.79901140709981	0.0475234196502879	0.0422026353741892	1.09657194560436	0.272828556840799	NA
ENSMUSG00000099893	2.24864485357146	-0.00496152557432485	0.0350253473884714	-0.143688978434888	0.885746074813656	NA
ENSMUSG00000086891	3.87693488192014	0.0159007112388629	0.0475613989306326	0.327951694125363	0.74294818692194	NA
ENSMUSG00000111491	2.97304787995128	0.0352032811061845	0.0400067734013712	0.854947866105468	0.392580009976732	NA
ENSMUSG00000112669	7.25524616029669	-0.0895693367093739	0.0631118101892027	-1.52927787937228	0.126195571017096	NA
ENSMUSG00000097884	4.08452569703586	0.0504841439423553	0.0486318400417604	1.01625064519132	0.309510044746283	NA
ENSMUSG00000111935	9.47572723448425	-0.0624920304031991	0.0690703022867725	-0.940318689257106	0.347054115870068	NA
ENSMUSG00000112142	1.94000609022867	-0.0247551680113201	0.0354350241668185	-0.753240988517972	0.451305112686003	NA
ENSMUSG00000111934	5.09149736568463	-0.00144361429593601	0.0513400353377412	-0.0279824547773104	0.977676144727081	NA
ENSMUSG00000110832	4.12722111720856	0.0269483819383906	0.0439063923856002	0.597128130138336	0.550421838191017	NA
ENSMUSG00000111142	2.0082320859224	0.0535652811316964	0.0353164020345745	1.50723636872156	0.131750081188577	NA
ENSMUSG00000110779	2.78517447450427	0.00711166009821715	0.0421885762839256	0.167042241308433	0.86733681207361	NA
ENSMUSG00000112450	2.69312356188392	0.0453107854975438	0.0388949127378967	1.15209960414796	0.249280145792795	NA
ENSMUSG00000111912	9.24769731378348	-0.0030846183345138	0.0681340863868499	-0.045180062553739	0.963963785797741	NA
ENSMUSG00000046934	6.01475028926285	-0.00969525022418101	0.0572467596750366	-0.170742950525172	0.864425889053295	NA
ENSMUSG00000112813	3.03265266406353	0.00977334195467632	0.0394032700195914	0.242565739916046	0.808341824222167	NA
ENSMUSG00000112714	2.16357712760997	0.0338208611209074	0.035920421003774	0.913417513015899	0.361022998290972	NA
ENSMUSG00000112909	2.09003857407133	0.000230887076164513	0.031860500652462	0.00729881770263918	0.994176437749182	NA
ENSMUSG00000064778	7.63176504744211	0.0223751535491688	0.0634500799896124	0.347923139999756	0.72789790648862	NA
ENSMUSG00000112900	2.25833924912863	-0.017958746780035	0.0373551371915038	-0.504942230134892	0.613599412028424	NA
ENSMUSG00000091455	4.03895459746221	-0.0508115550540116	0.0493192752832566	-1.11334866923982	0.26555871144255	NA
ENSMUSG00000112197	3.21335407638313	-0.0132112937898654	0.0408900081479497	-0.332914868056467	0.739198545937315	NA
ENSMUSG00000112556	1.90518975752018	-0.00923674814320249	0.0334546065080499	-0.28299551478451	0.777180275214158	NA
ENSMUSG00000082605	4.77542222359958	-0.0162289086201482	0.0528511488047316	-0.312475020702441	0.754679543933094	NA
ENSMUSG00002075171	10.2169144142973	-0.0369392405235536	0.0722945505255482	-0.518671737507827	0.603989673678371	NA
ENSMUSG00000112822	4.65738267618163	-0.0520596487301734	0.0522120904082499	-1.06856830338662	0.285264237447948	NA
ENSMUSG00000100548	8.09969771584914	0.0246043079115111	0.0650311650671235	0.373796134842072	0.708555995348631	NA
ENSMUSG00000112068	4.06797268834884	0.03496118377259	0.0480241601615333	0.706317632570913	0.479990630499174	NA
ENSMUSG00000112429	6.1019369689285	0.000760005341362568	0.0592843147727968	0.0128059164873339	0.989782636208719	NA
ENSMUSG00000090070	8.28166111861297	-0.0509821376240967	0.0666777087157536	-0.788689924730181	0.430293258025947	NA
ENSMUSG00000112816	2.41376652606753	0.0269302787086708	0.0368016662215484	0.712991974847089	0.475850723101772	NA
ENSMUSG00000085572	8.81539242820297	-0.0714384296670441	0.066149126879354	-1.13402817596813	0.256782729294983	NA
ENSMUSG00000096963	3.08201789089753	-0.0384517928867662	0.0422300477691579	-0.990749471131919	0.321807927899491	NA
ENSMUSG00000111227	1.94089225664766	0.00196778410582054	0.0355118547842371	0.0549778559058134	0.956156105532657	NA
ENSMUSG00000111953	5.7360954805901	-0.0764879859312181	0.0565011621218712	-1.48164029736821	0.138436030623375	NA
ENSMUSG00000097295	5.61247973868746	0.0133809714027097	0.0551008516860025	0.240970600116754	0.809577902890305	NA
ENSMUSG00000112352	6.865933458527	-0.0634781188999098	0.0593712150807042	-1.13523105356086	0.256278521516279	NA
ENSMUSG00000112269	3.24252658093513	-0.00381260297604026	0.0435148147618871	-0.0883486059355364	0.929599608009288	NA
ENSMUSG00000112808	6.98035054568669	-0.00831946374925688	0.0631008025197542	-0.132552907976041	0.894546977656434	NA
ENSMUSG00000112764	2.54072087384087	0.02427406324698	0.0390416681141993	0.603402489655566	0.546240966397705	NA
ENSMUSG00000069581	6.34816776962306	0.0198799744532872	0.0609677866039402	0.322583579135389	0.747010631384449	NA
ENSMUSG00000098376	4.60396201475376	0.000331379195005298	0.0521974487377364	0.00635655887941158	0.994928233965135	NA
ENSMUSG00000112017	2.57138980231782	-0.0273676960522635	0.0404602099424716	-0.718933055510599	0.472182168233385	NA
ENSMUSG00000045518	4.50140304102223	0.11604908458464	0.0505335453647642	2.30237554854264	0.0213140026630946	NA
ENSMUSG00000112070	3.5086913344651	0.026711273760927	0.0461223168681263	0.564139574431213	0.572659147112308	NA
ENSMUSG00000093189	3.02072300919863	0.00193740821240248	0.0433910265599924	0.0446578678439005	0.964380016760437	NA
ENSMUSG00000096553	4.37746809250063	-0.0615512081097919	0.0472477409827874	-1.48206303606324	0.13832352302943	NA
ENSMUSG00000111847	6.18552065710859	-0.0139654274154934	0.059621917854301	-0.236660218248897	0.812920399508238	NA
ENSMUSG00000081608	2.59817750108991	0.0250205224137782	0.0391932026245013	0.62220869778576	0.533804647535606	NA
ENSMUSG00000120983	2.01953434381489	-0.0345298142709368	0.0333219635453671	-1.21290288686304	0.225166951791623	NA
ENSMUSG00000099181	4.54789258845527	-0.0508792543501577	0.0521857358069138	-1.04024553539995	0.298225840950756	NA
ENSMUSG00000112820	2.32288076706056	-0.00785287668883616	0.038660378702321	-0.205687896482622	0.837034713616488	NA
ENSMUSG00000044268	5.27714524621026	-0.0172873902501577	0.0555446297383304	-0.315499211527987	0.752382649625706	NA
ENSMUSG00000092867	2.15378102802877	0.0343893160130059	0.0354640733259905	0.938568233409237	0.347952468919033	NA
ENSMUSG00000074780	3.7808334018991	0.0454698268634868	0.0477332024032127	0.92710028918294	0.353874466025228	NA
ENSMUSG00000105468	3.2819558961021	-0.0197564449823589	0.0452445547432226	-0.448489900554462	0.653799673343448	NA
ENSMUSG00000081497	7.90487859482778	-0.0674877004520426	0.0609071531834496	-1.18322867244257	0.23671853244116	NA
ENSMUSG00000112621	4.37405730821589	-0.0174983690391843	0.0479969627426627	-0.373609387673119	0.708694948583059	NA
ENSMUSG00000089994	5.02085882751283	0.0150362826779669	0.0545916440722563	0.27294319619502	0.78489688093841	NA
ENSMUSG00000112772	3.9993660014367	0.0474946095199539	0.0457570359268943	1.01005130256496	0.312470711507797	NA
ENSMUSG00000081926	3.0406666964204	-0.0134528286154272	0.0431847408148154	-0.316842502927861	0.751363111766888	NA
ENSMUSG00000112828	5.07258939135404	-0.0213036402921126	0.0519793741322066	-0.421034982796936	0.673729536974087	NA
ENSMUSG00000112670	2.63952382837387	0.0108759791894855	0.0375791475318661	0.285641922545792	0.775152391039817	NA
ENSMUSG00000112881	4.26569003582521	-0.00374806898790534	0.0505382173968451	-0.0746699078717378	0.940477350850621	NA
ENSMUSG00000111131	4.39018220976048	-0.0469747299574761	0.051496966349766	-0.969800506652449	0.332145940265514	NA
ENSMUSG00000112080	2.0358334502485	0.0350625294456745	0.0337774026360798	1.02424195594652	0.305721006238392	NA
ENSMUSG00000112058	3.36718809256624	0.0662404987329571	0.0440411428322351	1.46971241002621	0.141639660202406	NA
ENSMUSG00000112255	3.88672611430817	0.024694464345241	0.0451690110150441	0.532076730420648	0.594672853136952	NA
ENSMUSG00000090230	6.47862265588284	0.00572977709328561	0.0598010045021157	0.0957862122847483	0.923690368007258	NA
ENSMUSG00000113262	1.99599328127583	-0.0378610059280971	0.0349144405558511	-1.24593722245103	0.212787443373883	NA
ENSMUSG00000105379	2.93433052631429	-0.0184618557958885	0.0385275644416847	-0.50432749262993	0.614031260954727	NA
ENSMUSG00000084849	8.23818610323849	-0.0628043086864875	0.0669101751737022	-0.977069789189746	0.32853460300196	NA
ENSMUSG00000112237	2.4671871874954	-0.0232994441429135	0.0386700995778849	-0.63955972298958	0.522458874591169	NA
ENSMUSG00000038491	3.32250802660475	-0.0205532100588884	0.0450897295090336	-0.469308360607983	0.638849240063445	NA
ENSMUSG00000094683	3.471400441775	0.0342491468772523	0.0427314792100197	0.774604063482518	0.438573655450656	NA
ENSMUSG00000109864	4.67001455819016	-0.0835087639886485	0.0498461596622292	-1.94700560697443	0.0515340624642793	NA
ENSMUSG00000056366	5.59672579397493	-0.0216447527273806	0.0531463567409269	-0.416214585259362	0.677252987932591	NA
ENSMUSG00000065524	5.09135819057609	0.0635930932909734	0.053546770699019	1.16173773943915	0.245342011008599	NA
ENSMUSG00000122105	2.00409928327038	-0.0251196586834083	0.0349876872016639	-0.779712886766521	0.4355598918314	NA
ENSMUSG00000122106	4.92069704570475	0.0527559807414164	0.0516336474753325	1.00093818498933	0.316856694240151	NA
ENSMUSG00000122143	2.6938355234139	-0.0278276715699728	0.0398445743989617	-0.750370747362935	0.453031443982588	NA
ENSMUSG00000111952	3.37521185930946	0.0174951387919185	0.0450511926277624	0.381526666780427	0.702812487652039	NA
ENSMUSG00000122183	4.75152480580799	0.00885561675972555	0.0501770265263779	0.175964983949546	0.8603214519156	NA
ENSMUSG00000122263	7.99699374038765	-0.030189262293223	0.0626146686162921	-0.492426237855856	0.622418054732705	NA
ENSMUSG00000122405	2.82483557139475	-0.00622861600680252	0.0412931734299115	-0.152813944583612	0.878545000709351	NA
ENSMUSG00000122446	6.9813813913847	-0.0284516320474748	0.059809336255783	-0.48858543565807	0.625135226215179	NA
ENSMUSG00000122482	4.8666838066318	-0.05743018955671	0.0526806457301772	-1.17304016553835	0.240779699080108	NA
ENSMUSG00000122712	2.40882979224786	-0.00954313322310675	0.0393777475354149	-0.247137475069228	0.804801832141267	NA
ENSMUSG00000112146	1.95878462383706	0.0392898884277273	0.0344338025010505	1.11126333084012	0.266455018268967	NA
ENSMUSG00000123006	2.09939683212375	-0.0150869506527571	0.0364647843373324	-0.4288385859906	0.668040696138773	NA
ENSMUSG00000123027	4.19438187440111	-0.00293891404627485	0.0507039390658105	-0.0581553038987888	0.953624922752035	NA
ENSMUSG00000123325	9.16694865905562	-0.0500003466798039	0.0704525267652107	-0.726343227187236	0.467628385671867	NA
ENSMUSG00000120252	3.23935731276026	0.0228945910182685	0.0451582931394853	0.498303999695753	0.618269789168226	NA
ENSMUSG00000123763	6.64817558699801	-0.0392057865498659	0.0619296350801994	-0.65009228969753	0.515632609357083	NA
ENSMUSG00000123858	4.67447597939655	0.0118044942258081	0.0525755367704923	0.223251645851502	0.823339658507588	NA
ENSMUSG00000120795	4.58639826611873	-0.00966545067969068	0.0476779735691172	-0.206339131030292	0.836526013992783	NA
ENSMUSG00000123938	6.0487799441404	-0.0335025626396673	0.0578349549358653	-0.597891805031558	0.549912128302806	NA
ENSMUSG00000112477	8.61631285271924	-0.0194375545386736	0.0608158990766719	-0.324320889598173	0.745695106066573	NA
ENSMUSG00000124211	2.06245181132475	-0.0266217138448482	0.0359063983076755	-0.807524165264416	0.419364557852136	NA
ENSMUSG00000111514	9.45809130743519	0.0551483819211153	0.0708740407246155	0.766385923633007	0.443446705936459	NA
ENSMUSG00000124265	1.92705045685894	-0.0251788575581503	0.0358098260802352	-0.755999389823255	0.44964956154253	NA
ENSMUSG00000087163	7.97548939630142	-0.0461474465580531	0.066345089600904	-0.713578085667245	0.475488112419637	NA
ENSMUSG00000112730	5.7345022198343	-0.0423586660087265	0.058366236035253	-0.752288159797936	0.451877786640126	NA
ENSMUSG00000124398	2.4725722462053	0.0243897084939522	0.0372606430028767	0.630697090854753	0.528238601588804	NA
ENSMUSG00000124466	6.64728942057902	-0.0622060149042685	0.0607956220230621	-1.07878763321468	0.280682409057102	NA
ENSMUSG00000112082	3.37680512006526	-0.0214333745840457	0.0460405837868377	-0.480561524306098	0.630828166545205	NA
ENSMUSG00000110874	2.20888691985012	-0.0176153755523648	0.0376525374616933	-0.488956551860568	0.624872457212699	NA
ENSMUSG00000121883	4.36997975309213	0.0430777953591298	0.0504020288230121	0.832722165579484	0.405001440567266	NA
ENSMUSG00000124667	5.17610216517637	-0.0128045781459444	0.0539768253330658	-0.240414114705213	0.8100092370859	NA
ENSMUSG00000124946	3.25796650867282	-0.0301411940067575	0.0439315195423117	-0.726351490087471	0.467623321482653	NA
ENSMUSG00000125004	7.68959749871638	-0.0506071131838924	0.0645045803114877	-0.809734873483705	0.418092570333493	NA
ENSMUSG00000112662	2.61697063627783	0.0458421708568968	0.0386532107186865	1.16506406816246	0.243993060095207	NA
ENSMUSG00000125221	4.66953924557687	-0.0261640200704762	0.0520943132228838	-0.518425746620945	0.604161254897704	NA
ENSMUSG00000092384	9.85473528319082	0.00753985392502206	0.0702398640156259	0.107138121245544	0.914679404821617	NA
ENSMUSG00000120427	2.99312651206571	0.00262604326216675	0.0415248848895677	0.0631127907722878	0.949676689042173	NA
ENSMUSG00000112666	7.69237634128649	0.0310210407463096	0.0588429522620291	0.517628452845703	0.604717526018165	NA
ENSMUSG00000125601	1.99113878270748	-0.0118005568365548	0.035601328136285	-0.342074382717468	0.732294915445775	NA
ENSMUSG00000125746	5.40734623021663	0.0277333664968543	0.0544708555153112	0.497829147665057	0.618604469795462	NA
ENSMUSG00000097069	4.04882319790839	0.0399705172245907	0.0489649323644304	0.798498729013742	0.424581130424023	NA
ENSMUSG00000098055	4.38533257838531	-0.0342833691254025	0.0518488486161948	-0.688151040369109	0.491357671585341	NA
ENSMUSG00000112345	2.18534585731105	-0.0174464693227723	0.0378170058193344	-0.481003380864684	0.63051409586428	NA
ENSMUSG00000112294	4.66681830229221	0.0106265807591163	0.0524171189448916	0.200470090250378	0.841112947701855	NA
ENSMUSG00000126577	5.5914529226505	-0.056710142110123	0.0532184597001634	-1.14656679415902	0.251560706820129	NA
ENSMUSG00000111293	6.81036950742909	-0.00349011952432918	0.0624903730607249	-0.0560421719276114	0.95530821159178	NA
ENSMUSG00000126622	4.68145916605541	0.010030624004398	0.0526406459378914	0.188554515016097	0.850441984989497	NA
ENSMUSG00000127128	3.77598377052393	0.0575375014777156	0.0474176897392768	1.18077317965675	0.237692841342022	NA
ENSMUSG00000111950	4.99494756077338	0.0150289240723663	0.0538080024132482	0.276486407090596	0.782174498478509	NA
ENSMUSG00000127546	2.52687907405216	-0.000277139605880869	0.0398060431140206	-0.00693925939829562	0.994463316497679	NA
ENSMUSG00000089711	8.33120541752916	-0.0164025590365674	0.0670198089384986	-0.246746611656798	0.805104330733934	NA
ENSMUSG00000120244	7.09029382549645	-0.0118987747527531	0.0631788689990495	-0.189432929942457	0.849753517315263	NA
ENSMUSG00000127826	2.0218996808221	-0.0245756104133278	0.0350348071313878	-0.764512242450175	0.444562043916624	NA
ENSMUSG00000127958	2.14568476042057	-0.00336985248013309	0.0370028424737343	-0.0914157953856494	0.927162211397631	NA
ENSMUSG00000128142	6.33027053524048	-0.00475963036111894	0.0606738126231432	-0.0786793762599798	0.93728764997782	NA
ENSMUSG00000119997	8.69145092015924	0.010594683064536	0.0598335998494797	0.176281881747471	0.860072495403908	NA
ENSMUSG00000087114	7.89737712030064	0.0376219664219306	0.0633727333991729	0.582853884323568	0.55999166722053	NA
ENSMUSG00000128602	4.00739950256627	-0.0234291747270502	0.0480935732925656	-0.502848971469317	0.615070460135517	NA
ENSMUSG00000128741	1.92713755930345	0.0269658837613874	0.0339911037753298	0.764763024709857	0.444412669149713	NA
ENSMUSG00000097378	8.85981297574279	0.045061998713847	0.0636839649236851	0.692559570034262	0.488585989950481	NA
ENSMUSG00000112466	6.65096416395448	0.0251399440263636	0.0590903273857427	0.42057516015265	0.674065335396036	NA
ENSMUSG00000129556	2.52767327083347	-0.0130095987239845	0.0399380079117358	-0.33342064159754	0.738816783973398	NA
ENSMUSG00000111923	1.92219595829059	0.00303923465561541	0.0348132689975285	0.0864228335762476	0.931130296265436	NA
ENSMUSG00000112728	1.950591519398	-0.0249385434695681	0.0354762715181246	-0.758642029665513	0.448066723362038	NA
ENSMUSG00000112201	8.25644456006678	-0.0777907744559628	0.0673429180893808	-1.21256432803249	0.225296434212179	NA
ENSMUSG00000120958	2.6586781860075	-0.00387638822297423	0.039621942693968	-0.0979111778278101	0.922002824014304	NA
ENSMUSG00000111970	2.34157706541762	-0.00779357073633083	0.0361089707858344	-0.219233677087248	0.826468023002477	NA
ENSMUSG00000130340	4.08849402918522	0.000478387891118325	0.0487515349414933	0.00984617441801883	0.992144016384967	NA
ENSMUSG00000130409	3.24015150954157	0.00941395055154845	0.043921153668836	0.21271188708246	0.831551694393631	NA
ENSMUSG00000097766	3.92223980696711	-0.0219877525728151	0.0489715906721089	-0.461322030545931	0.644567581401407	NA
ENSMUSG00000130829	5.56224294701399	0.000943253269882812	0.0573440901919883	0.0164352870607976	0.98688712854303	NA
ENSMUSG00000131012	1.98055335353814	-0.0117371612112294	0.0357769998004877	-0.338143614494252	0.73525496466405	NA
ENSMUSG00000131387	2.35452783159417	0.00487378456492486	0.0389529598119537	0.123917601475434	0.901380516401446	NA
ENSMUSG00000131647	2.59412693368922	0.0128632953417941	0.0398897958374689	0.317457547078524	0.750896447250621	NA
ENSMUSG00000131655	2.69023328090343	-0.0305775259479848	0.0411390154347785	-0.79365376971168	0.427397020598645	NA
ENSMUSG00000131659	3.19404265332694	0.0844943725608863	0.043262976214186	1.94326991864766	0.0519835540701298	NA
ENSMUSG00000097076	5.1813945052735	-0.0191855135601962	0.0472589648654447	-0.419939065142234	0.674529968724105	NA
ENSMUSG00000131749	3.80347856363282	0.045806858454682	0.0474317382156794	0.940513969829138	0.346953987349539	NA
ENSMUSG00000131874	9.51894834760531	0.00277714467084007	0.0686587665935879	0.0402964247392601	0.967856804110456	NA
ENSMUSG00000112607	5.83517434403613	0.0200722434899721	0.0576533994592131	0.344605117832407	0.730391257747871	NA
ENSMUSG00000110754	5.31769737671291	-0.0187997180334657	0.0562878926844828	-0.338935416213416	0.734658383602042	NA
ENSMUSG00000132138	5.22239496066636	-0.0149869640861794	0.0546005655252747	-0.278563184163833	0.780580069470564	NA
ENSMUSG00000132269	3.9587365028759	-0.022524456349941	0.0489931664540909	-0.473226082997486	0.636051890975138	NA
ENSMUSG00000112581	5.95647999645981	0.0524278302967369	0.0580301383955953	0.881920743710902	0.377819668528721	NA
ENSMUSG00000111103	4.59417564955891	-0.0259150220895807	0.0528429017798546	-0.504287326945433	0.614059481737299	NA
ENSMUSG00000132723	2.87103639724707	-0.046628047510479	0.0416340675656615	-1.25650737992559	0.208932071935588	NA
ENSMUSG00000133034	2.54504556124277	-0.0414927043975387	0.0352644709080194	-1.42467887961325	0.154250046994582	NA
ENSMUSG00000093568	1.96274808879324	0.00202243845104925	0.0360230513155561	0.0558424985898276	0.955467278766167	NA
ENSMUSG00000111752	3.48389801586816	0.055175146411438	0.0457873725308163	1.18188064360927	0.237253063372704	NA
ENSMUSG00000112733	6.68061198111976	-0.0246522106876387	0.0605587651252052	-0.414450366324995	0.678544309377107	NA
ENSMUSG00000101537	5.89837650346568	0.0067688578198495	0.0567616951575472	0.119099430368784	0.905196582032063	NA
ENSMUSG00000133502	6.81045174268042	0.0603447586317304	0.0626562984451315	0.942796133834423	0.345785189639271	NA
ENSMUSG00000101801	2.87429276786644	-0.0190802861099135	0.0399595240969332	-0.49944325843045	0.617467150805286	NA
ENSMUSG00000120421	2.03891074878569	-0.0257630326275107	0.0354847605070124	-0.790364674905232	0.429314826105813	NA
ENSMUSG00000133873	3.03950154280703	0.0671725158036581	0.0433696014331963	1.52671911873594	0.126830871188928	NA
ENSMUSG00000134088	6.64464509637743	0.0235875291995338	0.0596946201796669	0.390678394839604	0.696034970615539	NA
ENSMUSG00000097923	3.90928904079056	-0.0357265280657432	0.0490099440186594	-0.764428922613936	0.444611678491371	NA
ENSMUSG00000134349	9.45554689834579	-0.0396010532225098	0.0698668055222203	-0.579589307576371	0.562191605274119	NA
ENSMUSG00000134653	5.16721170078686	-0.040435844670015	0.0549973834471518	-0.765816836799912	0.443785294606643	NA
ENSMUSG00000097921	4.79331945798216	0.00844126679240186	0.0540368832703742	0.155379677409803	0.876522004658549	NA
ENSMUSG00000134855	8.27811337465567	0.0561871922773426	0.0660383232160487	0.835864772743668	0.403230982180898	NA
ENSMUSG00000134861	2.41413261570642	-0.0231130639691206	0.0382647252734996	-0.637150104790858	0.524027074359607	NA
ENSMUSG00000134954	5.9802032093624	-0.0672933793901279	0.0565076418667722	-1.28740524347503	0.197953077677149	NA
ENSMUSG00000111583	7.1162921946804	0.0370887933038744	0.0633511044747013	0.575392830691442	0.565025651712169	NA
ENSMUSG00000135062	6.88011139582046	-0.0413533702669535	0.0612685687551883	-0.697983120617769	0.485187750181456	NA
ENSMUSG00000135100	8.52082649739733	-0.0864455593087675	0.0650056841748187	-1.42606585958992	0.153849332368693	NA
ENSMUSG00000112246	3.27189054371286	0.0521225541557425	0.0416727924470843	1.23264006998209	0.217710080227705	NA
ENSMUSG00000135315	9.07605316566229	-0.0551828022718137	0.0679005505055437	-0.839112302098644	0.401406293293664	NA
ENSMUSG00000135339	3.34525002516932	0.00512020523443842	0.0454244656875104	0.111854874636685	0.910938476810299	NA
ENSMUSG00000135468	4.97545219844183	0.0429882925788746	0.0548293299580482	0.766403959279504	0.443435977710539	NA
ENSMUSG00000135512	4.80222939114437	-0.01791735109636	0.0525369050162344	-0.347373904708075	0.728310435205797	NA
ENSMUSG00000112532	2.43561749101995	0.0392719879742022	0.0368710235175576	1.04332875901501	0.296796055885407	NA
ENSMUSG00000089934	9.28049904856902	-0.0615454486431077	0.0688319653058494	-0.925576049165371	0.354666345060949	NA
ENSMUSG00000112758	3.46400640131043	-0.0510986244549005	0.0462742377392397	-1.20776897524896	0.22713613824854	NA
ENSMUSG00000135841	4.73443150259307	-0.0497849006219546	0.0505650480153216	-1.06262337657367	0.287952781544818	NA
ENSMUSG00000135847	3.33745804014962	0.0516128063593295	0.0417475687401865	1.22397824151401	0.220960435765118	NA
ENSMUSG00000136043	2.70407508069214	-0.00471914556635835	0.041561487628554	-0.113975376963779	0.909257312564366	NA
ENSMUSG00000112805	3.3880755230415	-0.0187410525599112	0.0434468105173905	-0.446851261146875	0.654982456597962	NA
ENSMUSG00000136138	3.03852827394353	-0.010988640949646	0.042489573674915	-0.264371431496914	0.791493722992652	NA
ENSMUSG00000136147	8.1199651544321	0.0500716098459633	0.0671965373693358	0.73138377103685	0.464544775223768	NA
ENSMUSG00000136216	6.1278800905842	-0.0884091332143018	0.0587190026631505	-1.65078900007982	0.0987816670135916	NA
ENSMUSG00000136466	2.27218591611052	-0.0048355975436769	0.0331116414408206	-0.14855141433608	0.881907613242014	NA
ENSMUSG00000136592	2.1587274962348	0.0459854867724352	0.0357765234959248	1.25790799910629	0.208425030464489	NA
ENSMUSG00000136628	2.1772398553165	-0.0286096521178374	0.0362842295974142	-0.865907484937169	0.386540898116146	NA
ENSMUSG00000136851	6.01967728869618	0.0549259973359001	0.0594882064697304	0.903656351756921	0.366177650509893	NA
ENSMUSG00000136997	3.98633300000882	-0.0233828826396256	0.0490761609085803	-0.490971654408787	0.623446495896522	NA
ENSMUSG00000137350	1.99113878270748	-0.0118005568365548	0.035601328136285	-0.342074382717468	0.732294915445775	NA
ENSMUSG00000121688	8.88350845194721	-0.0154970697481843	0.0646261991280819	-0.242286838886325	0.808557911065233	NA
ENSMUSG00000112304	6.63345427689532	0.0695563165543769	0.0524745841089575	1.29639697487283	0.194838753769415	NA
ENSMUSG00000112161	3.33544905839494	0.0180321130292819	0.0429016757028851	0.411329112069212	0.680831225567686	NA
ENSMUSG00000120959	4.19078449908381	-0.0160590061345931	0.048047456151727	-0.339548973269737	0.734196210610625	NA
ENSMUSG00000112654	3.83628591458663	-0.00556006817749356	0.0450642543286097	-0.124051320671832	0.901274640822064	NA
ENSMUSG00000112104	2.73167157782507	-0.00550588465514156	0.0412767274409343	-0.134176258159711	0.893263199375505	NA
ENSMUSG00000120325	2.59502283449456	0.0112655344621149	0.0398746948041626	0.278258024250154	0.780814295914805	NA
ENSMUSG00000138168	7.18761009049085	0.00923345946933181	0.0606711954845938	0.151351988815161	0.879698060449472	NA
ENSMUSG00000085409	4.24293830287428	-0.00201987971077826	0.0484504295029152	-0.0419315798750999	0.96655324142975	NA
ENSMUSG00000112833	1.86869792880457	-0.0217015394906947	0.0334339594990007	-0.699393340777787	0.48430624833534	NA
ENSMUSG00000138374	3.47210753611181	-0.0242521666769576	0.0463869727713809	-0.540719505678415	0.588700931836078	NA
ENSMUSG00000120461	3.42862278635098	-0.00719552753036484	0.0432810535506672	-0.168699175033575	0.866033267707957	NA
ENSMUSG00000138518	3.20286548404465	0.00923770129706869	0.0443720320361416	0.206172149114627	0.83665644226909	NA
ENSMUSG00000138556	6.05901950141864	-0.0111082012297396	0.0585647307419971	-0.190924372757811	0.848584844706663	NA
ENSMUSG00000138844	8.22855934135312	0.0492899755761375	0.0672206824611076	0.721607655318661	0.470535731205309	NA
ENSMUSG00000138984	8.7143070088914	0.0131346934486199	0.0676680803735346	0.19358927340067	0.846497497889455	NA
ENSMUSG00000139058	5.55525489316195	0.0146364503811055	0.054768435668333	0.265809552571113	0.790385885916033	NA
ENSMUSG00000044544	1.99440002052003	0.000488390065044951	0.0336755103206736	0.0144756129124366	0.988450535302708	NA
ENSMUSG00000111008	4.88581382829955	-0.00700594802135949	0.0498897293051159	-0.140813877723494	0.888016979470146	NA
ENSMUSG00000139512	7.06550050689951	0.0152977004736294	0.0629520117942374	0.241680941255074	0.809027398520009	NA
ENSMUSG00000085454	7.72773708674096	0.0343420675714114	0.0638586444105558	0.531436070544073	0.595116631343442	NA
ENSMUSG00000100558	8.55624589111234	0.0524769719288613	0.0679814227696663	0.758192856217078	0.44833553724291	NA
ENSMUSG00000112593	6.79653257483355	-0.0412930275345975	0.0620188430393057	-0.686493331863505	0.492402067789729	NA
ENSMUSG00000139729	6.42059387918967	0.0369126836787968	0.0548278817560413	0.663002568652418	0.50732890897142	NA
ENSMUSG00000139867	8.10737561070126	-0.000594686270986042	0.065174971935727	-0.00909454732626787	0.992743701130054	NA
ENSMUSG00000120335	2.48912525489232	0.0397355833922905	0.0379508013914802	1.03164414243769	0.302238853349006	NA
ENSMUSG00000120201	2.81762060301237	-0.00697017692055568	0.0414508014591021	-0.170219315827226	0.864837661559631	NA
ENSMUSG00000140855	3.60177309278345	-0.0374296994056981	0.0456406908343883	-0.879074284553018	0.37936099972532	NA
ENSMUSG00000140879	4.80636219379639	0.0591312003051717	0.0534806239961414	1.07796782277432	0.28104811608149	NA
ENSMUSG00000141039	3.30821303473264	-0.040733369438411	0.0428119235087724	-1.04892187937187	0.294214074679656	NA
ENSMUSG00000141077	6.28585664380568	0.0397380495272191	0.0572909358650383	0.677488236775701	0.49809623106339	NA
ENSMUSG00000141104	1.9725344539881	0.027397380402416	0.0348091201247694	0.762902537770174	0.44552152262617	NA
ENSMUSG00000141208	8.39704395568578	0.100916098283912	0.0669410171166955	1.47108658978186	0.14126770118316	NA
ENSMUSG00000141227	4.84605514560312	-0.0408927285908755	0.0511004100349702	-0.846605806377043	0.397214876447567	NA
ENSMUSG00000141273	2.8675212571811	0.00374017576609737	0.0415374192655675	0.0890584592923405	0.929035450842516	NA
ENSMUSG00000069713	7.22526220562666	-0.0403823829516252	0.0635210737288622	-0.651889849025307	0.514472233810974	NA
ENSMUSG00000141360	2.25358158739114	0.0296521827355173	0.035203683692861	0.826226455824124	0.40867564344149	NA
ENSMUSG00000141426	8.0480295960356	-0.0451755734686853	0.0660206979736295	-0.704441280301258	0.481158006031939	NA
ENSMUSG00000111883	4.98640858444323	-0.0235979005798173	0.0537828299920608	-0.447472983930649	0.654533589898415	NA
ENSMUSG00000141575	2.25833924912863	-0.017958746780035	0.0373551371915038	-0.504942230134892	0.613599412028424	NA
ENSMUSG00000141752	2.5585212713926	0.0265725019864012	0.0405453122253792	0.6370656250621	0.524082098226831	NA
ENSMUSG00000085723	4.40233391196255	-0.00679938172154306	0.0509322429443059	-0.134690585665232	0.892856516910413	NA
ENSMUSG00000141833	2.80386103847498	0.0337942563985589	0.042043694083286	0.783064382374162	0.433589305630836	NA
ENSMUSG00000141902	4.78450149445763	0.073342155376335	0.0536609188427821	1.33034138109964	0.183405818783096	NA
ENSMUSG00000141911	5.32580337870747	-0.00615647661287439	0.0565099050786882	-0.109343101026304	0.912930361838897	NA
ENSMUSG00000101695	4.34804655288839	-0.0282672830824845	0.0467811055065877	-0.631922557897808	0.527437482290651	NA
ENSMUSG00000142334	2.72276651185603	0.00798964559886504	0.0412644544513235	0.190866957119442	0.848629828612667	NA
ENSMUSG00000142678	4.84525608162864	-0.0179442779970834	0.0521326777843728	-0.351296612268689	0.725365836212259	NA
ENSMUSG00000143286	6.42997425777199	-0.0316240353546832	0.0604157461015419	-0.536880514544442	0.591350151400557	NA
ENSMUSG00000097370	5.96813374241166	-0.0463450908803275	0.0580133842579458	-0.832192013247364	0.405300571274331	NA
ENSMUSG00000143376	2.23479818658957	-0.0180089672894829	0.0377369690570154	-0.499856746462498	0.617175950271164	NA
ENSMUSG00000144036	2.49397975346067	0.0142404716378998	0.0375784976478501	0.374099346114426	0.708330405162207	NA
ENSMUSG00000144076	4.5074324275903	-0.0114346171360605	0.0520399788003415	-0.221802914063628	0.824467310867198	NA
ENSMUSG00000144140	4.11924519291349	0.0130843138688662	0.047638468782304	0.272829773403221	0.784984071622123	NA
ENSMUSG00000112797	2.1269884620635	-0.00220107649568043	0.0367112361934188	-0.0600849157080364	0.952088003777328	NA
ENSMUSG00000143078	2.98177387383813	-0.0629056475468362	0.0424183119947457	-1.70565860048031	0.0880716619003145	NA
ENSMUSG00000064208	9.47184113758622	0.0432149393067966	0.070731120410498	0.603619841576959	0.546096418116161	NA
ENSMUSG00000110960	2.77133267471556	-0.0194146299665228	0.0421065581685054	-0.477473693705604	0.633024848851808	NA
ENSMUSG00000112832	8.28729256062591	-0.0398454100020506	0.0667934070764041	-0.609947280060902	0.541896731363088	NA
ENSMUSG00000118400	5.03389182894071	0.0934227984714652	0.0547360785223527	1.66931268878388	0.0950554268387917	NA
ENSMUSG00000090535	2.22398097569671	-0.0153266042491615	0.0334120592833803	-0.481869530764361	0.629898632094545	NA
ENSMUSG00000136073	3.39954711862983	0.00495235396230808	0.0458017335741971	0.107664585301464	0.914261763003809	NA
ENSMUSG00000097086	5.83349398083583	0.00768262895192106	0.0582393567437809	0.131492754053722	0.895385518234463	NA
ENSMUSG00000130659	6.04064695442278	0.0267608127886707	0.0568161920375729	0.464583821451404	0.642229520303497	NA
ENSMUSG00000112196	5.04748205578226	-0.0618965434790615	0.0540238335726077	-1.23694611146781	0.216107089486678	NA
ENSMUSG00000124406	1.85405706504137	-0.0200398973994066	0.0325627566165109	-0.664638728648372	0.506281591937138	NA
ENSMUSG00000111368	3.56784292649396	0.000372244143072557	0.0469386267938102	0.0079291746250927	0.99367350027988	NA
ENSMUSG00000134930	6.60814840046865	0.0250265785974357	0.0605044787338065	0.408604942688578	0.682829602816349	NA
ENSMUSG00000135159	6.37118875538201	-0.0570588547729387	0.0600439594113927	-0.99627758647097	0.319115290886392	NA
ENSMUSG00000109160	3.39380158644932	0.0159416480134437	0.0412798735326778	0.379068523423232	0.704636979727936	NA
ENSMUSG00000101621	9.50623688210265	-0.0245494543378954	0.0655909908733481	-0.380545180326827	0.703540765501998	NA
ENSMUSG00000085468	8.61292292315958	0.0267889472875229	0.0677586930049339	0.391668691570874	0.695303025985506	NA
ENSMUSG00000112810	3.82050423317594	0.00423814280106583	0.0427206951320811	0.0986456839395027	0.921419596349044	NA
ENSMUSG00000111531	2.82087210643857	0.0327334482675142	0.0418838209404428	0.762758466318309	0.445607455188492	NA
ENSMUSG00000071343	7.50428575569549	-0.0316113214745201	0.0625088819463133	-0.515999292815195	0.605854903138602	NA
ENSMUSG00000070601	7.25983702222527	-0.0273311042666241	0.0615057965621562	-0.451469099948841	0.651651490744376	NA
ENSMUSG00000092048	4.58615675000886	0.0129778561682127	0.0516525351816939	0.248763589528146	0.803543657199139	NA
ENSMUSG00000092162	2.70282769182745	0.0086348477202002	0.0383552012405706	0.2235090738295	0.823139321850662	NA
ENSMUSG00000112195	10.180845825531	0.000495381893482319	0.0716303345170691	0.00691881636927756	0.99447962728335	NA
ENSMUSG00000096766	2.24053885157691	-0.0167145571860363	0.0354668690703094	-0.495528328813294	0.62022723024249	NA
ENSMUSG00000131459	4.07104511969286	-0.0120145002881004	0.0484985580466511	-0.250972305154495	0.801835521325925	NA
ENSMUSG00000144250	3.15746372216682	0.0231575478416169	0.0440055918549772	0.514087730721212	0.607190655078355	NA
ENSMUSG00000129158	2.40883465944103	-0.0214959979927395	0.0373741862668981	-0.609150184651877	0.542424896072118	NA
ENSMUSG00000045391	2.21699292184467	-0.0044084002332025	0.0381439491962078	-0.116788075738832	0.907027993266397	NA
ENSMUSG00000112868	6.39098353310889	0.0179085854135967	0.055990119263813	0.31640797768286	0.751692862466475	NA
ENSMUSG00000120060	5.73989214573737	-0.00464639791986927	0.0559875458708181	-0.0829103940636174	0.933922789231663	NA
ENSMUSG00000132486	2.54379817237807	-0.0386955663888198	0.0393084938600829	-1.09432288266922	0.273813392817427	NA
ENSMUSG00000112188	3.41743948581924	0.0429621777049652	0.0454033724751953	0.922397200342011	0.356321429570065	NA
ENSMUSG00000101517	3.78973846786814	0.0314842272996366	0.0472285633506303	0.651173455956383	0.514934523109882	NA
ENSMUSG00000110353	8.05827402050702	-0.0352243239771263	0.0661713121826882	-0.542473735957285	0.587492195721767	NA
ENSMUSG00000112234	2.00814498347789	0.00156614193043664	0.0361822150950474	0.043266291657163	0.965489261408677	NA
ENSMUSG00000142389	3.22271720162873	-0.044429282697531	0.0444783513612876	-1.086600178602	0.277213546097104	NA
ENSMUSG00000133505	2.95101297572351	-0.0493869845148448	0.0423382762150462	-1.30952972552934	0.190354975406275	NA
ENSMUSG00000112362	8.69449011063463	-0.00168651661767593	0.061559331473541	-0.0273983119667161	0.978142044600022	NA
ENSMUSG00000131421	9.94544197011561	-0.0387626888808051	0.0705768777585896	-0.561105439160393	0.57472566044656	NA
ENSMUSG00000131516	4.21624257373987	-0.0162898062001659	0.0500603576594337	-0.331656970780608	0.740148295564759	NA
ENSMUSG00000132981	7.26015590639329	0.0207948380433855	0.0626389175332013	0.327952348489583	0.742947692150217	NA
ENSMUSG00000128522	6.05743110785602	0.0124812159610329	0.0584555046770246	0.211295669653418	0.832656561764704	NA
ENSMUSG00000128487	2.55843416894809	-0.0275605754328814	0.040693540405206	-0.718699454865327	0.472326119275311	NA
ENSMUSG00000139517	6.91897342873646	-0.0288519235040244	0.0610728536129068	-0.484044772856516	0.628354094373298	NA
ENSMUSG00000119673	8.50106749842601	0.0166604953376233	0.0685071160949726	0.241419948893157	0.809229652953821	NA
ENSMUSG00000144296	2.20167195146773	-0.0130671202283007	0.0317787430892025	-0.433602335978755	0.664577238161576	NA
ENSMUSG00000111909	2.02109574965444	0.0134422298512176	0.0335967621838532	0.392157396452103	0.694941920718451	NA
ENSMUSG00000112507	2.17158629277367	0.0230786201181962	0.0363900268500495	0.615871792567614	0.537979139710353	NA
ENSMUSG00000112601	1.97650278613745	-0.0262715454653795	0.0362259851117782	-0.78228176450563	0.434049001266692	NA
ENSMUSG00000139136	2.13184296063185	-0.0306245931397391	0.0375048476196798	-0.88710299531841	0.375023451576193	NA
ENSMUSG00000112684	3.4036896556682	0.0559162057473793	0.0454834854766804	1.19869001420937	0.230648502335437	NA
ENSMUSG00000112135	6.19114723192835	0.0100033111554258	0.057312038902567	0.173469685776032	0.862282253875498	NA
ENSMUSG00000121326	3.6448917529054	-0.00137955192021105	0.0466309186806334	-0.0297043588897207	0.976302835565889	NA
ENSMUSG00000111993	2.57624430088617	-0.0534101215981041	0.0397447185353011	-1.5432209869912	0.122777166890671	NA
ENSMUSG00000020090	8.75935316449177	0.0472351022134072	0.0681207111514815	0.682093328499661	0.495179938889774	NA
ENSMUSG00000020327	6.86071287031977	0.00710355268492432	0.0616323505289797	0.115009688374505	0.908437442791567	NA
ENSMUSG00000056758	3.5888223266069	-0.0524976273047057	0.0464556442778352	-1.24331381937071	0.213752213730609	NA
ENSMUSG00000034833	2.94581260526406	0.00133884283673757	0.0384223271213387	0.0344505759577501	0.972517853601817	NA
ENSMUSG00000059901	7.50789773259232	-0.0602617191442855	0.0650941677949525	-0.962847401337407	0.335624108861152	NA
ENSMUSG00000044624	2.48498758504713	-0.0205881882249923	0.0368306929598929	-0.597092473190211	0.550445642873809	NA
ENSMUSG00000096546	2.4677274820233	0.0220807561906806	0.035888484287412	0.592933083859235	0.553225935953424	NA
ENSMUSG00000045886	6.60357288909468	-0.0506759447382105	0.0615229285616334	-0.855080820666896	0.392506406570138	NA
ENSMUSG00000035041	9.7918894790138	-0.00358852277417861	0.0708823866439724	-0.0506078376334769	0.959638017301959	NA
ENSMUSG00000020123	8.9931880951172	0.0548022077503718	0.0658895450295883	0.812306900972033	0.41661555171792	NA
ENSMUSG00000075297	7.70467133681518	-0.0258285330212128	0.0644622472884815	-0.406697128514115	0.684230449759263	NA
ENSMUSG00000069456	2.76242760874652	-0.00545628589512695	0.0421416635166774	-0.130534580519963	0.896143496887122	NA
ENSMUSG00000019848	9.69522823569217	0.0250519323800385	0.0685967918838506	0.362504284684536	0.716975222246792	NA
ENSMUSG00000039981	3.52244603180931	0.000806526263449878	0.0469012378951284	0.0171463716490113	0.986319845113918	NA
ENSMUSG00000020017	2.55852613858577	0.0119967285239403	0.0397992930912861	0.295958972951466	0.767261413344472	NA
ENSMUSG00000047631	7.59304282661195	-0.0229750338452672	0.0654717990520679	-0.355814487370976	0.72197949885072	NA
ENSMUSG00000037542	5.7358367111435	-0.0043085105993973	0.0563531746890219	-0.0763662997083128	0.939127680223821	NA
ENSMUSG00000019803	7.98304050218855	-0.0356201997984604	0.0609708766588319	-0.602953193157166	0.546539827794609	NA
ENSMUSG00000020323	3.14361705518493	0.0110496533382178	0.0432642002514421	0.251794335264866	0.801200036089361	NA
ENSMUSG00000046922	4.12091582172745	0.0359125096280835	0.0406457191598504	0.86426653822762	0.387441487541939	NA
ENSMUSG00000019936	3.87398766108244	0.0695251873593605	0.0474180975397766	1.43984211030571	0.149912074288309	NA
ENSMUSG00000020062	5.26133922883369	0.0609368826153905	0.055324079594953	1.07655000899654	0.281681347943622	NA
ENSMUSG00000045680	4.09467328467643	0.0368495541934406	0.0489412205302485	0.731484061478081	0.46448353640703	NA
ENSMUSG00000020125	2.02198678326661	0.0284773114666663	0.0363357034796447	0.764624068124767	0.444495433058646	NA
ENSMUSG00000020010	1.99518935010817	0.00175067903346133	0.0357038923397885	0.0489390940396798	0.960967833634547	NA
ENSMUSG00000025400	6.97819265443713	0.0331882333107526	0.053653745442162	0.607977911823265	0.543202123682917	NA
ENSMUSG00000035365	8.30949426466259	-0.0617826218085426	0.0661826934683872	-0.974317875385499	0.329898731829726	NA
ENSMUSG00000019787	3.69760531999646	0.00809708573427839	0.04367743208161	0.184204695485001	0.853852876048816	NA
ENSMUSG00000020325	5.73053875487812	-0.00353464806633239	0.0581222367499987	-0.0609078681611975	0.95143258319569	NA
ENSMUSG00000037868	2.58116643312632	0.0202101713574838	0.0346875789645666	0.566084490215734	0.571336346171666	NA
ENSMUSG00000090439	8.93779581102137	0.00716619336996941	0.0676385468961349	0.105918413429159	0.915647084444577	NA
ENSMUSG00000003227	5.09464641611171	0.00116642337391661	0.0525490502030309	0.0222497229179498	0.982248754239914	NA
ENSMUSG00000009070	7.00433993311597	0.00253501656500704	0.0618945517542261	0.0407957852155456	0.967458699474166	NA
ENSMUSG00000000730	1.99439515332686	0.0151086489513588	0.0362807759851482	0.407920694836049	0.68333189881064	NA
ENSMUSG00000020310	6.37002846896182	0.00637737972337707	0.060621906225752	0.104824124748146	0.916515366725844	NA
ENSMUSG00000039462	1.99924478470203	0.0013661854786011	0.0365882181954905	0.0372885955764008	0.970254898581881	NA
ENSMUSG00000009646	2.29537623956531	0.0285734336693494	0.0361395117306694	0.761303145112972	0.446476022469593	NA
ENSMUSG00000112023	8.9611749409447	0.0946603885039513	0.0676412669331024	1.36501337816973	0.172248845284328	NA
ENSMUSG00000004939	6.86512466016617	-0.0181959012805434	0.0618518829971674	-0.297374949336682	0.766180266634583	NA
ENSMUSG00000048015	3.4940504707019	0.0266542923706809	0.0454363663101408	0.570722858597916	0.568187521274782	NA
ENSMUSG00000047638	5.34957622297005	-0.00385373817997725	0.0531086147670906	-0.0731727151619167	0.941668678315552	NA
ENSMUSG00000046031	1.92704558966577	-0.00919718137391541	0.0335368758722414	-0.281766542066531	0.778122527424165	NA
ENSMUSG00000112129	4.63957741143673	-0.0395095639539201	0.0525183871991061	-0.788924207320004	0.430156306315071	NA
ENSMUSG00000009093	2.07260426615849	-0.0509514363978007	0.0349007239651254	-2.05085395391979	0.0402811714489055	NA
ENSMUSG00000089789	4.99900786256042	0.00124035327333855	0.0511634048199094	0.024210708974153	0.980684536108859	NA
ENSMUSG00000038528	3.01827056974692	-0.0620029727454549	0.0420856817992225	-1.70521161848627	0.0881549638970185	NA
ENSMUSG00000020051	3.77748506164205	-0.0171622651800209	0.0471065451161979	-0.373308906742566	0.708918548209295	NA
ENSMUSG00000087321	4.23324877451028	-0.00342126036858873	0.0494092747741501	-0.0696147532194694	0.944500294058942	NA
ENSMUSG00000110686	6.89686369433746	0.0280486849717286	0.0608152727311978	0.453865400991907	0.649925707583643	NA
ENSMUSG00000080021	3.45217358327639	-0.0346674862047845	0.0449477347528103	-0.822150311008788	0.410991354569668	NA
ENSMUSG00000109873	5.23772079823647	-0.0154812145310896	0.0551622508836055	-0.28493937417291	0.775690589570631	NA
ENSMUSG00002075997	8.09149709245971	-0.0106412154229806	0.0624425003495565	-0.171362783990863	0.863938515963291	NA
ENSMUSG00000097491	2.12293789466282	-0.0158057040770063	0.0369085925822607	-0.444560324917924	0.656637524791877	NA
ENSMUSG00000110388	4.28923109836427	-0.00409617757456377	0.0499366099513248	-0.0826807598726746	0.934105383880072	NA
ENSMUSG00000098101	5.1048086053318	-0.0452335382399242	0.0508430678700679	-0.948511968599682	0.342868882716397	NA
ENSMUSG00000082491	1.98628915133231	0.00155489548063587	0.0361051390274817	0.0429435021622327	0.965746571006132	NA
ENSMUSG00000042353	7.24683418338469	0.0741684237634931	0.0641670705403	1.13085773553418	0.2581149746532	NA
ENSMUSG00000109600	2.06253891376926	0.0246579538046295	0.0348422606776493	0.69398124152874	0.487693972903838	NA
ENSMUSG00000109876	4.87071977245296	-0.00518577988173218	0.0502713567157248	-0.103669877061986	0.91743133243688	NA
ENSMUSG00000074228	8.07941789112263	0.0377102229807426	0.0666881495524262	0.556321371525821	0.577991179780337	NA
ENSMUSG00000057657	4.6111867175225	-0.0261948670110077	0.0525297557063612	-0.513199808486987	0.607811559914477	NA
ENSMUSG00000087542	2.38132526475261	0.0307810637919761	0.0389458049989034	0.768039238991061	0.442463873261512	NA
ENSMUSG00000109902	7.9239954813769	-0.0190543085567574	0.0649206227786261	-0.296528728995487	0.766826330394864	NA
ENSMUSG00000110278	5.96124252539048	-0.00899601091159352	0.0588597951335752	-0.153772935694214	0.877788774178001	NA
ENSMUSG00000110414	2.80377880322366	-0.0337967220745987	0.0421706982969458	-0.859358290872118	0.39014287359473	NA
ENSMUSG00000110363	2.46232782173388	0.0162874207623499	0.0382762523411683	0.41894167152965	0.675258761177407	NA
ENSMUSG00000090039	3.14450322160392	0.0372320655151862	0.0441210726018387	0.818608490050372	0.413009821516302	NA
ENSMUSG00000090024	8.71386916736262	0.000538268965806392	0.0671341133158672	0.00802095021831083	0.993600276279638	NA
ENSMUSG00000110403	2.05354674535572	-0.0129684568831349	0.0360399359071958	-0.373492625631068	0.708781832809747	NA
ENSMUSG00000109625	2.69223252827176	0.0320678480321741	0.0376842185257739	0.835029792771696	0.403700934056135	NA
ENSMUSG00000109725	5.27715011340344	-0.0309811744513368	0.0558438837559605	-0.569777815469136	0.568828403987163	NA
ENSMUSG00000109942	8.42912220564316	-0.0435269927005436	0.0618443223146307	-0.731690312008838	0.464357610922523	NA
ENSMUSG00000110591	1.87274849620526	-0.00972488139762788	0.0344086284730469	-0.288329625973449	0.7730944313741	NA
ENSMUSG00000110589	2.21610675542568	-0.0277840244331089	0.035582375914014	-0.863178902980802	0.3880391112385	NA
ENSMUSG00000110397	7.58370478630732	-0.0348929242441941	0.064102845548939	-0.555937832325908	0.578253354305307	NA
ENSMUSG00000047390	1.96768482261292	0.040299318966141	0.0348216379138561	1.12725063794873	0.259636526208088	NA
ENSMUSG00000109636	4.61602661451132	-0.0108684753038488	0.0503950453392691	-0.218885324839111	0.826739378371103	NA
ENSMUSG00000031481	2.08159643457203	-0.013999609850245	0.0345670709068827	-0.420086524879575	0.674422246227555	NA
ENSMUSG00000110541	2.27939601729973	0.0079873762378655	0.0365363273116801	0.217221011696099	0.828036110635165	NA
ENSMUSG00000109693	2.58602093169467	0.000228840295698342	0.0371322357604393	0.0061724560290891	0.995075123904493	NA
ENSMUSG00000080956	3.34347769233134	-0.0456909978666186	0.0447847455711712	-1.1171814433492	0.263916753207575	NA
ENSMUSG00000086681	10.0418470957478	-0.0096289229222948	0.0689634539707694	-0.139793732397346	0.888822965491187	NA
ENSMUSG00000109652	5.13748164837024	-0.0478400741393023	0.0530404550664621	-0.960314933974899	0.33689673618926	NA
ENSMUSG00000109767	5.56540734799569	-0.0113960679828115	0.0572394325478239	-0.200901318275234	0.840775736895084	NA
ENSMUSG00000109994	1.89540339232533	-0.0360324684522012	0.0344834808838582	-1.19935559714253	0.230389705312544	NA
ENSMUSG00000110308	5.34694724932307	0.0662794930306031	0.0545727403768197	1.18065753141641	0.2377387988599	NA
ENSMUSG00000110341	6.202526857879	-0.00140061583548132	0.0602708892015024	-0.023285083077444	0.981422870468745	NA
ENSMUSG00000110378	2.6234135284088	-0.00189247270387154	0.0381498007835023	-0.0498390321186209	0.9602506621843	NA
ENSMUSG00000110500	4.74414611589803	-0.0849364243404132	0.0500920614438383	-1.97308510346055	0.0484858671673363	NA
ENSMUSG00000081745	2.32852946241022	-0.0441841304206444	0.0368605125069877	-1.39869209266246	0.161905336454412	NA
ENSMUSG00000110657	5.11290487294	-0.0137489760450919	0.0555051638704792	-0.250267168886722	0.802380744155879	NA
ENSMUSG00000083285	3.85364772163449	-0.0438631937800324	0.0473519654210679	-0.999902274871974	0.317357803413847	NA
ENSMUSG00000070084	5.58172857495919	0.000889421076762297	0.056154750887499	0.0158366429204865	0.987364715274344	NA
ENSMUSG00000103925	2.11888732726213	-0.0292895084338461	0.0367678961976233	-0.867337601827639	0.385757059798735	NA
ENSMUSG00000109369	4.24700833904767	-0.0358627487008491	0.0458295847416298	-0.837588979651956	0.40226158429947	NA
ENSMUSG00000109828	2.00814985067107	-0.012914594302297	0.0363166082846482	-0.367172801860148	0.713490125590567	NA
ENSMUSG00000109642	2.89862802718682	-0.0323770476708502	0.040956930932884	-0.857046309720683	0.391419291690911	NA
ENSMUSG00000109709	2.68221438135338	0.00830597337258089	0.0390806053218595	0.208713803239279	0.834671664019515	NA
ENSMUSG00000110068	2.55843416894809	-0.0275605754328814	0.040693540405206	-0.718699454865327	0.472326119275311	NA
ENSMUSG00000110325	2.30913093690952	0.00509555266876537	0.0378563332888552	0.13273404259316	0.894403718969424	NA
ENSMUSG00000095651	4.30615019669018	-0.0399182187785942	0.0487909367859541	-0.873461702543994	0.382411471958538	NA
ENSMUSG00000110290	5.19320520277764	0.0238446294760269	0.0558085831818316	0.421345205551989	0.67350302479813	NA
ENSMUSG00000078967	6.92516728580719	-0.0330933707918957	0.0628391634529017	-0.537907031745635	0.590641233604811	NA
ENSMUSG00000078144	2.21213842327632	0.023402177984502	0.0377619512586547	0.604995090922894	0.54518225851312	NA
ENSMUSG00000110499	6.75614978202674	0.0732571001935658	0.0622736407738623	1.14683546481224	0.251449628759822	NA
ENSMUSG00000110679	8.84810536821506	0.0639644378037897	0.0651125212117274	0.965968129618504	0.33406012887113	NA
ENSMUSG00000097657	9.37659079420371	-0.0671839970973431	0.0710723393199101	-0.977094425582515	0.328522407238237	NA
ENSMUSG00000109255	8.23359777919683	0.0929722449497698	0.0662283097721392	1.37140342744685	0.170249229620253	NA
ENSMUSG00000109448	3.24625826416779	-0.0447362435678274	0.0445244970397934	-1.09431621038571	0.273816318135355	NA
ENSMUSG00000109181	3.73694266552575	-0.043306799198189	0.0472496783460144	-0.982820862597754	0.325695612054631	NA
ENSMUSG00000108912	4.64847761021259	-0.0386359954022696	0.0521370823905186	-0.778083573134404	0.436519746127521	NA
ENSMUSG00000109040	6.33646439231121	-0.0068218026225027	0.0585980430086912	-0.116485517611952	0.907267763231846	NA
ENSMUSG00000109286	3.79845959456182	-0.0533279703644871	0.0462019164578123	-1.2866855006073	0.198203928840049	NA
ENSMUSG00000109385	2.2773967699314	-0.0566817137032194	0.036735669499838	-2.17561813764989	0.029583825961832	NA
ENSMUSG00000109551	6.59930577852729	-0.0635563497561292	0.0571305635547441	-1.20074871021709	0.229848692889841	NA
ENSMUSG00000109359	1.94493795685517	0.0273771232369883	0.034069101123276	0.775829408059101	0.437849717634714	NA
ENSMUSG00000109418	2.16349002516547	-0.0175093806635908	0.0377493432968386	-0.482441873282105	0.629492081170399	NA
ENSMUSG00000109529	1.96274322160007	0.0156409582965474	0.0351135966486855	0.434070226983205	0.664237445010698	NA
ENSMUSG00000109139	4.53369443341402	-0.0439612438557636	0.0487368078503159	-0.970650715469847	0.331722241915137	NA
ENSMUSG00000084783	3.15509351796644	0.0205568033148426	0.0415295454729267	0.483009088189135	0.629089283269782	NA
ENSMUSG00000110701	8.67914967148499	0.0368625669748107	0.0691759961496319	0.525266684930303	0.599397813479978	NA
ENSMUSG00000093862	3.15825791894813	0.0111194965659695	0.0448313319133857	0.244890910897321	0.806540899506641	NA
ENSMUSG00000109933	2.95663468335009	-0.00888367797330591	0.0399461315004522	-0.226343320564587	0.820934407571556	NA
ENSMUSG00000110585	4.2470034718545	-0.0287111977008012	0.0494600877116936	-0.603617310194229	0.546098101484318	NA
ENSMUSG00000110563	2.02764034580944	-0.0240521914774217	0.0340878951574322	-0.7710054569779	0.440703697071398	NA
ENSMUSG00000110469	3.70774804044385	0.00925316837781697	0.0477520636175893	0.191546580107077	0.848097390415548	NA
ENSMUSG00000065089	8.9743029902916	0.00482614882607602	0.0684390880986143	0.070244460520487	0.943999087321366	NA
ENSMUSG00000110711	2.78428830808528	-0.0186902684648967	0.0411647383712202	-0.471203864818219	0.637495159054397	NA
ENSMUSG00000109645	8.09450707977604	0.043130329903143	0.0635725260592763	0.662454838814539	0.507679768570837	NA
ENSMUSG00000089819	4.72597476151425	-0.0298831425319527	0.0536707128602987	-0.573726147989295	0.566153131100573	NA
ENSMUSG00000079070	4.32845922091915	-0.0381743266983192	0.0472166282834981	-0.865524951742709	0.386750726881052	NA
ENSMUSG00000109775	5.94423145742689	-0.00848902058505004	0.0592687046657476	-0.144018956338021	0.885485500693008	NA
ENSMUSG00000086842	3.24420694413543	0.00942072151211999	0.0449289872796052	0.208228932376871	0.835050218906719	NA
ENSMUSG00000090116	5.48598831738386	-0.00941178685884264	0.0563083064265302	-0.168222686574895	0.86640809396248	NA
ENSMUSG00000055976	2.33988696783097	0.00551210803605788	0.0386677736303736	0.14098439891961	0.887882267092593	NA
ENSMUSG00000060560	3.56299329511879	0.0136365986672187	0.0472432348295421	0.284800367403971	0.775797090728204	NA
ENSMUSG00000110622	7.88028381708572	-0.0176901329620358	0.0625338482273743	-0.285705808765785	0.775103455321929	NA
ENSMUSG00000099031	5.40004902658291	-0.0334182205756179	0.0553203663905152	-0.622141690830123	0.533848703206886	NA
ENSMUSG00000088248	2.65216544476874	-0.0446159517101323	0.0363801320288967	-1.47886952221033	0.139175190419013	NA
ENSMUSG00000108900	2.31883019965987	-0.0210777005831404	0.0382390189701432	-0.578459548363499	0.562953900389288	NA
ENSMUSG00000110088	5.01760245689345	-0.0102076570184448	0.0540762499868398	-0.190709952142196	0.848752841120045	NA
ENSMUSG00000106824	2.00814498347789	0.00156614193043664	0.0361822150950474	0.043266291657163	0.965489261408677	NA
ENSMUSG00000108859	3.30573360755785	-0.0292845845376824	0.0432195224592778	-0.720734320464017	0.471072992138316	NA
ENSMUSG00000081378	6.97866044810004	0.00528395533617925	0.0627664983549384	0.0840384184967241	0.933025886248829	NA
ENSMUSG00000034112	5.70662673550699	0.0601251542135599	0.0564670870893986	1.04281704137266	0.29703303715432	NA
ENSMUSG00000089742	3.90354837580322	-0.0335642105426941	0.0481451742535977	-0.732429919048456	0.463906202894921	NA
ENSMUSG00000110673	2.349678200219	0.018242650001937	0.0388757646794981	0.457455445975088	0.64734371932861	NA
ENSMUSG00000109957	2.73483111161359	-0.00413120652566816	0.0403244207213241	-0.103120597493292	0.917867257734031	NA
ENSMUSG00002076903	9.60701557752169	0.0261894977988715	0.071064744553682	0.365410056586598	0.714805335444997	NA
ENSMUSG00000074037	2.6931284290771	0.0304914205327858	0.0376280116725233	0.795842805239587	0.426123408287862	NA
ENSMUSG00000110456	1.92714242649662	0.0130204649940268	0.0328469082179789	0.384802049890221	0.700384080266562	NA
ENSMUSG00000083911	1.98269177601501	-0.0101104035976339	0.0309926661373498	-0.336742555467244	0.736310980367219	NA
ENSMUSG00000070025	6.35538760519862	0.00678231513564838	0.0595813665356607	0.113367130690058	0.909739497589798	NA
ENSMUSG00000110405	3.24095544070923	-0.0295107796852942	0.0438808925444731	-0.711588363159288	0.476719715115623	NA
ENSMUSG00000109852	6.72126094845327	-0.00304211743670591	0.0616235387019196	-0.04940537333119	0.960596246094199	NA
ENSMUSG00000110238	2.07460838071999	-0.000129287125469655	0.0336304849202761	-0.00386819971828604	0.996913630863554	NA
ENSMUSG00000109585	5.79285474788867	-0.0421694448497909	0.0580179389391302	-0.75532651097569	0.450053095518343	NA
ENSMUSG00000120025	5.69603643914448	0.0749596450285114	0.0570689040872361	1.28514636186551	0.198741143149366	NA
ENSMUSG00000121099	5.97330712514804	-0.0199515306092527	0.0574491456833276	-0.353380243439352	0.723803395071782	NA
ENSMUSG00000071796	2.34482856884382	0.0308704573225867	0.0383865109458636	0.778403073702234	0.436331427310543	NA
ENSMUSG00000094443	2.06252917938291	0.0466809142072025	0.033399384948839	1.41289073999604	0.157687852223199	NA
ENSMUSG00000110546	3.57109442992016	0.0401705790905892	0.047041668084007	0.830886790168732	0.406037586819001	NA
ENSMUSG00000110558	2.63142269357249	-0.0122962869734237	0.0378684587496684	-0.335767350456787	0.73704631275962	NA
ENSMUSG00000110446	8.57732964700651	0.00350879218631741	0.0629626892869951	0.0556756717050486	0.955600180600115	NA
ENSMUSG00000109640	6.37795539887418	-0.065506114282905	0.0588320924123394	-1.18954434994279	0.234225529755072	NA
ENSMUSG00002075713	5.15830176762465	-0.0140730047967108	0.0554723616031944	-0.256785271571181	0.797344540511919	NA
ENSMUSG00000076144	4.77631325721175	-0.004671633641882	0.053823317432015	-0.087160264891438	0.930544123135048	NA
ENSMUSG00002075294	2.18543782694873	0.021736962609329	0.0368426293237601	0.574539284947135	0.565602924416965	NA
ENSMUSG00000076338	2.1772398553165	-0.0286096521178374	0.0362842295974142	-0.865907484937169	0.386540898116146	NA
ENSMUSG00000109162	4.52540703003103	0.0857192550003196	0.0504663193978996	1.65515747053835	0.0978925596618749	NA
ENSMUSG00000108918	4.52478450025181	-0.021464607694028	0.0504060648027633	-0.438670891770092	0.660900021475155	NA
ENSMUSG00000109054	1.99924478470203	0.0013661854786011	0.0365882181954905	0.0372885955764008	0.970254898581881	NA
ENSMUSG00000084507	9.85811136014603	0.0166377874913158	0.0701461319728974	0.234728662911474	0.814419339398708	NA
ENSMUSG00000109674	7.68287075219786	0.102463177530631	0.0634166654906573	1.56990103693077	0.11643813633451	NA
ENSMUSG00000109953	4.72914402968912	-0.0537177583225007	0.0522856764589783	-1.10269875205187	0.270158008913671	NA
ENSMUSG00000110160	5.7478956947328	-0.0248333626428068	0.0543329134062571	-0.470202009098324	0.638210698885624	NA
ENSMUSG00000074128	7.30836571400028	0.0197828190984151	0.0614552520806952	0.319413385893244	0.749413061575292	NA
ENSMUSG00000110638	4.14016214899876	0.0687214410236184	0.0477151145294438	1.40146462247138	0.16107517955194	NA
ENSMUSG00000095766	2.47417037415427	-0.0221177847264179	0.0369589729334819	-0.636424055280789	0.524500066111194	NA
ENSMUSG00000030735	7.78398866340298	-0.0370109375385472	0.0642013255762676	-0.591700061383568	0.554051455446358	NA
ENSMUSG00000069971	3.25399330933029	0.0328342039571146	0.0431493505828096	0.744042586001129	0.456850711820594	NA
ENSMUSG00000110672	8.05253335551968	-0.0356526001409438	0.0672531095993999	-0.539899144423767	0.589266587961789	NA
ENSMUSG00000062704	8.01470703549486	-0.0812653882540962	0.0654206260489745	-1.31806788380853	0.18748092441557	NA
ENSMUSG00000110442	2.46401791932053	0.00219728462713125	0.0357823092761157	0.0613598957756857	0.951072590682306	NA
ENSMUSG00000071113	2.90313178667089	-0.0220819913595331	0.0419546032641601	-0.548292543855349	0.583491046265873	NA
ENSMUSG00000098785	4.75108696427921	-0.00334307393870644	0.0508327023038237	-0.0659963285544462	0.947380748472964	NA
ENSMUSG00000122083	2.93160958302964	0.0161044896842171	0.0428390372724661	0.368221206202211	0.712708299224658	NA
ENSMUSG00000109669	5.55084871948382	0.0488254026716103	0.0547133141124975	0.869735961934703	0.384444714641843	NA
ENSMUSG00000122251	6.46557992006861	-0.0386013573244414	0.0569185095984271	-0.70722504450477	0.479426637247368	NA
ENSMUSG00000109603	6.95698855522982	0.0761178877732473	0.0619593707945538	1.19727808845337	0.231198181969952	NA
ENSMUSG00000122352	8.23061552857866	-0.0147276290846196	0.0675678009303192	-0.219234027063044	0.826467750392831	NA
ENSMUSG00000122364	2.38697396010227	-0.00894106832888823	0.0379749950226017	-0.239819321026264	0.810470327985027	NA
ENSMUSG00000122522	3.0580187690819	-0.0246338756596124	0.0428368698091028	-0.604606512194754	0.545440478642113	NA
ENSMUSG00000122714	2.70599209280914	-0.00252746970217287	0.0390420912468708	-0.0654610756717062	0.947806896947604	NA
ENSMUSG00000122825	6.00744335124279	-0.0467123226128884	0.0578643688301524	-0.842995566323821	0.399230923438452	NA
ENSMUSG00000085437	2.7956728012291	-0.0463584461842294	0.0417342707767131	-1.23916669489974	0.215283771768002	NA
ENSMUSG00000123044	9.27158911540681	-0.0395540294878824	0.0706877638081975	-0.569714273137152	0.568871507724174	NA
ENSMUSG00000099207	2.26327111575513	0.027813795756123	0.033489125101238	0.814424405069962	0.415401862302492	NA
ENSMUSG00000123240	5.73054362207129	-0.0160615341100464	0.0565194259358086	-0.287596836683659	0.773655366586721	NA
ENSMUSG00000123244	4.87856138883266	0.066115591574399	0.0522561466228093	1.23841571280953	0.215561957402299	NA
ENSMUSG00000120635	3.19680593488928	-0.0413382121053249	0.0430744045523515	-1.0481287443816	0.294579294499927	NA
ENSMUSG00000123629	5.12982397126591	-0.0520173995962505	0.0549715470782435	-1.0021068418371	0.316291993826005	NA
ENSMUSG00000123703	5.49276956245556	-0.0549783752811691	0.053698588583523	-1.09934092160774	0.271619389317031	NA
ENSMUSG00000124188	10.1977746582432	-0.0571584679253844	0.0710525479972682	-0.828732438572105	0.407255825832124	NA
ENSMUSG00000124235	6.98361178349925	0.00322005806365663	0.0619528219757972	0.0518886710998866	0.958617401268815	NA
ENSMUSG00000120055	8.31260108880978	0.0200361261333118	0.0671068074430216	0.295805744487089	0.767378435759772	NA
ENSMUSG00000110534	7.45073565354543	0.0562788273010595	0.0643408233157961	0.858529532938487	0.390600130062643	NA
ENSMUSG00000090105	3.88088861248997	0.00513433195521754	0.0474515422411323	0.107359030261692	0.914504155712578	NA
ENSMUSG00000109545	2.26238494933614	0.00791807137325258	0.0349620416812653	0.224430910652685	0.822422020847582	NA
ENSMUSG00000125306	2.31883019965987	-0.0210777005831404	0.0382390189701432	-0.578459548363499	0.562953900389288	NA
ENSMUSG00000099338	2.29053147538331	0.022940871080448	0.0327338963150463	0.675667518524377	0.499251763043779	NA
ENSMUSG00000125482	8.78705136564873	0.0573912775448935	0.0687942922896338	0.819171059438947	0.412688824157406	NA
ENSMUSG00000109056	8.5079587154472	-0.0192790721630156	0.0659688641159671	-0.294853376537804	0.768105889419954	NA
ENSMUSG00000125903	7.54288827018981	0.0258202982762952	0.0641746974268016	0.397383124293556	0.691084958068209	NA
ENSMUSG00000031559	7.41990225456583	-0.0189391714885236	0.0642971300069096	-0.298092392784296	0.765632647473272	NA
ENSMUSG00000109930	6.40371711914144	-0.00769248229983637	0.0603906217825788	-0.127687667144914	0.898396150388325	NA
ENSMUSG00000097706	3.33220728935509	-0.0474153013950472	0.0454356271101631	-1.13802004897094	0.255112110667869	NA
ENSMUSG00000121020	2.39507996209682	0.00366252535631466	0.0388026564256368	0.0938253836401413	0.925247867398288	NA
ENSMUSG00000127294	2.13104389665737	-0.00272975920519188	0.0371790364158065	-0.0736005407988804	0.94132824081271	NA
ENSMUSG00000127441	3.17281168026683	-0.0425297570095842	0.0443113317997717	-1.04354909217206	0.296694056478062	NA
ENSMUSG00000086134	7.93774044433476	-0.019350072617653	0.0667960118046564	-0.29264721843775	0.769791817885008	NA
ENSMUSG00000127708	2.90321402192222	0.037968650133448	0.0399179294624209	0.918263530077599	0.358480915599553	NA
ENSMUSG00000097882	5.82584117092467	-0.00646392830586157	0.0577554247382087	-0.112113890518253	0.91073310382381	NA
ENSMUSG00000127770	3.06611990388328	0.00140200889242335	0.0424472902880002	0.0331330982777337	0.97356844862364	NA
ENSMUSG00000127785	3.74010219931427	-0.0387668128766637	0.04540426680582	-0.921523315861805	0.35677727394903	NA
ENSMUSG00000127824	5.98803022416257	0.0427689284851277	0.0593737953405162	0.706526995919809	0.479860470604023	NA
ENSMUSG00000127862	3.40080424188088	-0.0318801324756915	0.0427692680405706	-0.794724352813614	0.42677386313885	NA
ENSMUSG00000127921	2.62172829801532	-0.00163619899061204	0.0410582734499515	-0.0400279431518664	0.968070848726532	NA
ENSMUSG00000127931	2.66218845888029	-0.0388924104686264	0.0391714600232006	-1.11585491007358	0.264484245123684	NA
ENSMUSG00000128141	7.55575680111503	-0.0223671989162314	0.063961471886953	-0.354395292798832	0.723042661758547	NA
ENSMUSG00000128145	2.76243247593969	-0.0191828668956709	0.0415712626425837	-0.477732507093212	0.632840604371079	NA
ENSMUSG00000128387	8.73541584972653	-0.0764958631083155	0.0688894100237879	-1.16006136464696	0.246023822819158	NA
ENSMUSG00000128860	4.37553647880411	-0.0272946933079598	0.0474356308466414	-0.602207739923093	0.547035864250876	NA
ENSMUSG00000129056	2.56742147016846	0.0267817266316169	0.0405703667357041	0.642092782673578	0.52081294178331	NA
ENSMUSG00000129216	3.63914622072488	0.0121885092353683	0.0453593892342463	0.266118503750225	0.790147944740966	NA
ENSMUSG00000129315	6.63731603782747	0.0488769924405533	0.0607781126490945	0.788821802617061	0.430216164667418	NA
ENSMUSG00000110629	3.59375419323341	-6.00138738451095e-05	0.0475175037012654	-0.00126344973518399	0.998991913231149	NA
ENSMUSG00000110427	6.26088425312655	-0.0151991996962235	0.0597749728946888	-0.25750551584218	0.79678855781664	NA
ENSMUSG00000109271	3.77994236828694	0.0347319098709498	0.0484990971103536	0.699159334326314	0.484452461214097	NA
ENSMUSG00000110017	3.06746899677201	-0.00159689641827147	0.039416015946168	-0.0404171894467176	0.967760526249398	NA
ENSMUSG00000129769	4.95350926385174	-0.00899740904445634	0.0547181921873809	-0.165693057197577	0.868398510084658	NA
ENSMUSG00000129985	2.19153484718861	-0.00451839252466053	0.0341350368643425	-0.132725218703408	0.894410697670853	NA
ENSMUSG00000130083	1.89549049476983	0.0149782968788713	0.0334733000398919	0.432499677626105	0.66537828646286	NA
ENSMUSG00000120710	2.96236561395108	0.0163313106004681	0.0429536511982315	0.373232871287677	0.708975133145899	NA
ENSMUSG00000130109	4.35862711486455	-0.0204674008111313	0.051114287940658	-0.40916524952443	0.682418394606144	NA
ENSMUSG00000130131	4.00738976817992	0.00279443276760567	0.0497186483994915	0.0561576671351323	0.955216204645054	NA
ENSMUSG00000109621	1.92714242649662	0.0130204649940268	0.0328469082179789	0.384802049890221	0.700384080266562	NA
ENSMUSG00000130177	3.39381618802884	-0.0220675814202164	0.0460699256439834	-0.494820656496512	0.620726721901699	NA
ENSMUSG00000130210	1.89549536196301	0.00211991807305664	0.0327060272123818	0.0639920412019691	0.94897656402117	NA
ENSMUSG00000130220	2.95831991374357	-0.0111704766136065	0.0436678011215577	-0.259839039570648	0.794987935715397	NA
ENSMUSG00000121158	3.37274968547139	-0.0195284327538879	0.0444822710089604	-0.453894465476187	0.649904787239118	NA
ENSMUSG00000085197	6.78693766786443	-0.0139684321441715	0.0590329513548563	-0.23937566581064	0.81081429744682	NA
ENSMUSG00000130631	6.9758670039504	-0.047051590550242	0.0625980083110351	-0.775738549632909	0.437903373500384	NA
ENSMUSG00000120967	6.71235101529106	0.0230864161889474	0.0621033655790718	0.367133819718249	0.71351920154463	NA
ENSMUSG00000130685	7.32108469845331	0.032011664200854	0.0640453777638767	0.492353067520242	0.622469771132907	NA
ENSMUSG00000119995	6.31327406885642	-0.0420458015902815	0.059016159025862	-0.737503048833024	0.460816489822881	NA
ENSMUSG00000098322	5.9693533945782	-0.00875208663239335	0.0553854872357485	-0.159135981587916	0.873561740212665	NA
ENSMUSG00000131553	6.81610530522326	0.00890084433795906	0.0625033641713552	0.141932022388627	0.887133700149057	NA
ENSMUSG00000110554	4.5528195878886	0.0143354016863056	0.0508379836680961	0.278676525131657	0.780493079326555	NA
ENSMUSG00000101854	2.77221397394137	0.0211716007831224	0.0418604577136882	0.494320638469906	0.621079751791779	NA
ENSMUSG00000131854	3.40440161719818	-0.0219062662494615	0.0457267249275572	-0.495378105694751	0.620333246594587	NA
ENSMUSG00000074469	2.53983470742188	-0.000480538111418697	0.0393431037634639	-0.0121880497160037	0.99027558406389	NA
ENSMUSG00000131991	2.96325664756325	0.0285630797576981	0.043021643684312	0.646368750457044	0.518040573252034	NA
ENSMUSG00000074136	8.56595488824903	0.00334531930720283	0.068770308611208	0.048607508086647	0.961232086451934	NA
ENSMUSG00000109680	4.44907989953593	-0.0103422562936441	0.0508160339406196	-0.204983236874953	0.837585221975407	NA
ENSMUSG00000132221	3.01755860821693	0.0147391931196566	0.0435019675056037	0.334075839554891	0.73832233097275	NA
ENSMUSG00000132292	4.66954411277005	-0.0384987068991185	0.0514154247205164	-0.787427064460312	0.431031908626963	NA
ENSMUSG00000132360	3.13956648778424	-0.00178782536370637	0.0442447069474808	-0.0404713051308771	0.967717383480063	NA
ENSMUSG00000132459	2.94447324676168	-0.0204600898384871	0.0406748719003126	-0.526720055521118	0.598388006225815	NA
ENSMUSG00000132496	2.25349448494663	-0.0168980317685314	0.0355094349826646	-0.500924097943365	0.616424542156942	NA
ENSMUSG00000132704	4.2032772059838	0.0108952542849872	0.0503411180642077	0.2147544653642	0.829958755900289	NA
ENSMUSG00000031510	2.75361451241516	0.0464172940255228	0.041305858467971	1.09006772909257	0.275683310396207	NA
ENSMUSG00000132784	4.15294357747947	-0.0277535081012883	0.0503275795370406	-0.570568513257645	0.568292167246827	NA
ENSMUSG00000084848	4.64371508128193	0.0253076468186032	0.0528049085568964	0.472360001068734	0.636669849598562	NA
ENSMUSG00000097194	4.25487282493235	-0.0055704888572211	0.04958899203629	-0.11256633078072	0.91037437948808	NA
ENSMUSG00000108888	3.88686592639401	-0.00614602452518187	0.0458975271511847	-0.13556214409443	0.892167433753331	NA
ENSMUSG00000109277	3.55725749732462	0.000602297397501224	0.0469355710372611	0.0128224409917675	0.989769452644193	NA
ENSMUSG00000085464	7.37944696089404	0.00503579549604947	0.061880333260699	0.0811274427402405	0.935340601464448	NA
ENSMUSG00000133611	1.99440002052003	0.000488390065044951	0.0336755103206736	0.0144756129124366	0.988450535302708	NA
ENSMUSG00000133726	9.72515682896367	0.0658956246034744	0.0701053468368929	0.920617017054568	0.357250414540262	NA
ENSMUSG00000097097	3.9905626394917	0.0688125589784315	0.0458659287520354	1.47200525862291	0.141019457540203	NA
ENSMUSG00000133829	3.74424960354581	-0.00507495450053225	0.047911659434013	-0.106372278757117	0.915286986615776	NA
ENSMUSG00000133874	2.09939683212375	-0.0150869506527571	0.0364647843373324	-0.4288385859906	0.668040696138773	NA
ENSMUSG00000134120	3.74909436772781	-0.0045107915171834	0.0484835439121338	-0.0934579579379364	0.925539748165633	NA
ENSMUSG00000134156	8.37985868283319	0.00716427582506871	0.0678443864014328	0.105318397261251	0.916123165255236	NA
ENSMUSG00000134257	1.98460392093883	0.00180411429299613	0.0338493951450594	0.0531253214613115	0.957632056328093	NA
ENSMUSG00000134266	1.86869792880457	-0.0217015394906947	0.0334339594990007	-0.699393340777787	0.48430624833534	NA
ENSMUSG00000134275	6.61051860466903	0.0259498716546753	0.0615073704869975	0.41715625766137	0.676564117851201	NA
ENSMUSG00000134445	2.42797441549513	0.00139001544521714	0.0362504206312968	0.0379130273793197	0.96975702617081	NA
ENSMUSG00000134522	2.93557304798582	-0.0231736398928228	0.0428994117298503	-0.563315650189253	0.573219963077508	NA
ENSMUSG00000134796	4.80222939114437	-0.01791735109636	0.0525369050162344	-0.347373904708075	0.728310435205797	NA
ENSMUSG00000086279	7.17473669237245	0.0710313196449223	0.062807923633054	1.10383781236538	0.269663499037489	NA
ENSMUSG00000135094	3.48469707984265	0.0287746558969787	0.0454585044264443	0.621713456898949	0.534130301426969	NA
ENSMUSG00000135484	5.54444254946227	0.00041767296556677	0.0553091763694789	0.00754137307281031	0.993982911892285	NA
ENSMUSG00000135564	9.22864466017388	0.0218186529961575	0.0700782060831061	0.308231540516103	0.75790615416118	NA
ENSMUSG00000120300	5.71581565586358	-0.066335894980136	0.0572087092043511	-1.24136126485329	0.214472321767925	NA
ENSMUSG00000086805	7.74847497074404	0.00965666617534805	0.0656123655540898	0.14647792239923	0.883544117301345	NA
ENSMUSG00000135867	3.38571018603429	-0.0355691030572402	0.0462063816605196	-0.815380127429901	0.414854755937423	NA
ENSMUSG00000110517	4.68946833121911	-0.00118906465284558	0.0497831897035132	-0.0239010253387051	0.980931556415546	NA
ENSMUSG00000109696	2.36748346496389	0.00476380728037585	0.0394732326135371	0.119681840735201	0.904735185943814	NA
ENSMUSG00000136238	7.59437731792116	0.0127593203791918	0.0645519199811305	0.19591540105386	0.844676382567584	NA
ENSMUSG00000136277	2.52687907405216	-0.000277139605880869	0.0398060431140206	-0.00693925939829562	0.994463316497679	NA
ENSMUSG00000136328	4.62414235089222	-0.0256663527328962	0.0518514336078743	-0.510013442710633	0.6100420440826	NA
ENSMUSG00000074203	8.19515941275423	-0.059352910530827	0.0652826945691606	-0.947368314983849	0.343451130864602	NA
ENSMUSG00000136505	5.45354218887576	0.00387914095468284	0.0559221829698901	0.0690296548712266	0.944966014619557	NA
ENSMUSG00000136517	2.15458982638961	-0.016048741378791	0.0358742813465228	-0.46628146724562	0.64101404251088	NA
ENSMUSG00000054247	5.99694502451795	0.00237012169381405	0.0572401086131776	0.0413504146158823	0.967016542361095	NA
ENSMUSG00000136624	4.96655686685914	0.0286961473492464	0.0544206217703957	0.517818390745087	0.604584985678565	NA
ENSMUSG00000136672	2.24863998637828	0.0084394462280362	0.0378053457767497	0.221319727903705	0.824843490182571	NA
ENSMUSG00000110216	1.96274808879324	0.00202243845104925	0.0360230513155561	0.0558424985898276	0.955467278766167	NA
ENSMUSG00000136794	6.13607319502325	-0.0257896520483762	0.0588138492068367	-0.447044527274884	0.654842910419241	NA
ENSMUSG00000136921	6.37927453962878	-0.0151160972439767	0.0567988135343517	-0.270708215819117	0.786615457375111	NA
ENSMUSG00000136953	7.94258520851675	-0.018355050304015	0.0662535793499226	-0.279973197258077	0.779498068366462	NA
ENSMUSG00000137065	1.93684168924697	-0.0106289048647047	0.0337981712873847	-0.323246653821542	0.746508451105136	NA
ENSMUSG00000109704	8.08654088986733	0.00246712051996161	0.0651068301565441	0.0378362095605285	0.969818273977063	NA
ENSMUSG00000137253	6.7093458951679	-0.043287534479606	0.0561384803997225	-0.809208556840452	0.418395193824694	NA
ENSMUSG00000110006	1.91329575951473	0.00286321499555787	0.035199274685053	0.0804517367106021	0.935877980273804	NA
ENSMUSG00000137431	3.67037004530924	-0.0240575725254458	0.0430477706607362	-0.585594939446859	0.558147749899833	NA
ENSMUSG00000137863	2.0365405445853	-0.0257552668248865	0.035475491242052	-0.790197693623461	0.429412322772808	NA
ENSMUSG00000137909	4.57311888138781	-0.0506882896089894	0.0517649082901913	-1.04656100509844	0.295302094766516	NA
ENSMUSG00000121023	3.63835202394357	0.0255612151946675	0.0469699996091193	0.534570087679458	0.592947172349997	NA
ENSMUSG00000110661	3.20771024822665	0.0102994225837261	0.0452043659558071	0.225741711076403	0.821402314575971	NA
ENSMUSG00000138181	7.8060333020171	0.0207410910940135	0.0655706776414408	0.313651432397539	0.75378579182609	NA
ENSMUSG00000110684	3.48064651244196	0.0156792593484996	0.0451300271167581	0.34354850560901	0.731185856468613	NA
ENSMUSG00000097203	9.28495073538907	0.0567128540305167	0.0692056384090466	0.806312077847972	0.420062928159476	NA
ENSMUSG00000139166	2.32605003523543	-0.0339376806554754	0.0380390950778994	-0.982011643960615	0.326094111830439	NA
ENSMUSG00000097773	2.96246245078194	0.0396933012567682	0.0422277305633602	0.91256751928941	0.36147004359641	NA
ENSMUSG00000139691	4.97367986560385	-0.0075154818778914	0.0517065819283515	-0.146675432803396	0.883388210633239	NA
ENSMUSG00000110367	6.38423149119624	-0.00731260755401926	0.0590683090090785	-0.124052030676755	0.901274078662269	NA
ENSMUSG00000139906	4.13697308960024	-0.0674938868018145	0.0460505593102434	-1.71398931403545	0.0865306884297116	NA
ENSMUSG00000140181	6.60646803726834	0.0131385332453567	0.0613152130104887	0.212927292415602	0.831383674215472	NA
ENSMUSG00000140396	2.53092477425967	0.0265856269000675	0.0397278672504064	0.648499846551592	0.51666171004352	NA
ENSMUSG00000120180	10.1592120407225	0.0262668262144501	0.0712211172285543	0.366515252110475	0.713980633688192	NA
ENSMUSG00000120243	2.42583599301827	0.00405917369508043	0.0396241671918553	0.102127335793157	0.918655603625166	NA
ENSMUSG00000140504	10.0598067741581	-0.0891390274063317	0.0705793787001304	-1.32997440092953	0.183526705811309	NA
ENSMUSG00000140523	1.95464208679869	-0.0113242209165915	0.0356781508459067	-0.326302414544294	0.744195561576564	NA
ENSMUSG00000140682	2.00329535210272	0.0153401827392967	0.036314712958915	0.413940188087753	0.678917910952819	NA
ENSMUSG00000100812	8.3839043830407	0.032727066180139	0.0681338635521866	0.474754104644089	0.634962249059313	NA
ENSMUSG00000140737	3.98878057226736	0.0548941969517963	0.0489340487794209	1.09111049832985	0.275224263888013	NA
ENSMUSG00000140934	3.97088820507796	0.0164434590571812	0.0483371081675207	0.335388457689016	0.737332073705463	NA
ENSMUSG00000110623	9.88912616051407	-0.0526387399960611	0.0723438273879024	-0.745812137676357	0.455780906781148	NA
ENSMUSG00000110058	4.77631812440493	-0.017778356416878	0.0528595407018349	-0.342143293819063	0.732243057575638	NA
ENSMUSG00000141487	2.02603735066729	0.0424955066952551	0.0363761115917668	1.14550732390191	0.251999063315817	NA
ENSMUSG00000110236	5.8983716362725	0.0185969177235358	0.05583772881023	0.330162251632043	0.741277367848587	NA
ENSMUSG00000141795	3.18506021929975	0.0223879773604371	0.0442482578402332	0.495344791566699	0.620356758307946	NA
ENSMUSG00000120101	7.60116343018603	-0.0415476539015282	0.0597031804746031	-0.721848306687156	0.470387746002268	NA
ENSMUSG00000142024	3.56211199589297	-0.0266633622050091	0.0471289923603371	-0.587340977756462	0.556974725196611	NA
ENSMUSG00000142061	6.17008559656408	-0.00118540400893841	0.0599724842769074	-0.0197841106476645	0.984215593270223	NA
ENSMUSG00000142149	3.34516292272482	-0.0483403571211494	0.0458112665936198	-1.14972648419402	0.250256542641013	NA
ENSMUSG00000142305	3.39786675542953	-0.00838776582991287	0.0458360055376928	-0.185203138561558	0.853069707462485	NA
ENSMUSG00000142348	1.94574188802283	-0.0115770133024319	0.0356491443468325	-0.333439972200635	0.738802194354298	NA
ENSMUSG00000142438	2.95355251761973	0.0636212248756815	0.04135471323615	1.50661932252713	0.131908261689533	NA
ENSMUSG00000142469	3.31066547418436	0.0201512333695472	0.0436593864421975	0.455486967457916	0.648758941395206	NA
ENSMUSG00000110697	5.57430754677155	-0.011066422549799	0.0570184139467077	-0.195929292904041	0.844665509180906	NA
ENSMUSG00000110453	4.22233959397975	-0.0437224503173251	0.0505237489703255	-0.914915141633039	0.360236180412559	NA
ENSMUSG00000109731	4.21837126183039	0.00780941172548642	0.048985443040481	0.157431565272418	0.874904738131704	NA
ENSMUSG00000142787	2.19602325611807	0.0185354786489081	0.0343585424546484	0.525434187678566	0.599281392604162	NA
ENSMUSG00000110447	6.99418261108906	0.0403806212478954	0.0615727139516142	0.644369399329062	0.519335922852754	NA
ENSMUSG00000109643	2.30507550231566	0.00523547222119084	0.036678164802062	0.140666277720452	0.888133586632006	NA
ENSMUSG00000120963	2.06378630263396	0.0104203310918253	0.0343558258444178	0.294720515317243	0.768207389958461	NA
ENSMUSG00000110592	2.3325800298109	-0.0311249553005588	0.0366498492187834	-0.942769414856294	0.345798859084568	NA
ENSMUSG00000143349	5.24337436077931	-0.0645214287263744	0.0539270333764947	-1.29972060553765	0.193696745433783	NA
ENSMUSG00000110706	6.21636865766772	0.023440290904001	0.0599839386876673	0.386417082787449	0.699187800541185	NA
ENSMUSG00000120658	6.09177477970841	0.0509526782094466	0.0575334300256955	0.868165628813883	0.385303667408893	NA
ENSMUSG00000121163	5.02314192926871	-0.0332024072624888	0.052157821081841	-0.663300363983302	0.507138203509604	NA
ENSMUSG00000110089	6.92031278723884	-0.00732719183091644	0.0632226763395026	-0.116328192073336	0.907392443240138	NA
ENSMUSG00000110475	4.33992594931431	-0.00567695107336542	0.0505052908335391	-0.113084148199053	0.909963842276224	NA
ENSMUSG00000109029	6.42806211284817	-0.0450442146702668	0.0596264310063368	-0.783018146689875	0.433616455812119	NA
ENSMUSG00000136340	5.94748782804627	0.0167145170639168	0.0588279694113983	0.281224554091142	0.778538172860302	NA
ENSMUSG00000118487	4.3261712519701	0.0197063545162649	0.0503536480950422	0.384760640595419	0.700414762558343	NA
ENSMUSG00000134444	2.95911411052488	-0.0232029470799791	0.0426499511417555	-0.568441383849946	0.569735296649057	NA
ENSMUSG00000140546	4.49861933125894	0.0374606209507706	0.050686220858018	0.719119325334049	0.472067401047979	NA
ENSMUSG00000081111	3.74998540133998	0.00744468304395679	0.0472049779455992	0.156257587796143	0.875829985655951	NA
ENSMUSG00000126184	9.93993340930273	0.161682635479999	0.0689810770246351	2.30259466421117	0.0213016596571722	NA
ENSMUSG00000132147	7.23467761398945	0.0472512520162585	0.0630011364134723	0.736753002208943	0.461272568414036	NA
ENSMUSG00000110148	8.76133198365915	-0.0891976714224203	0.0686288458595956	-1.37198446178334	0.170068274983359	NA
ENSMUSG00000120129	8.02536496552918	0.00481051417767849	0.0655546453012737	0.0733392923865185	0.941536125067276	NA
ENSMUSG00000120485	9.32780808817749	-0.0487308224607326	0.0692164911314638	-0.724523689291302	0.468744289066601	NA
ENSMUSG00000127510	4.47102283412602	0.0372683141756092	0.0499002416864135	0.725467425061878	0.468165322013005	NA
ENSMUSG00000140318	9.2124277889916	0.0109438799829465	0.0698930867518237	0.155647029733346	0.876311252298479	NA
ENSMUSG00000098684	1.89064086339466	0.0243928632836397	0.0316945616538271	0.739140942458687	0.459821417687314	NA
ENSMUSG00000109084	6.3805170613003	-0.0169030595244044	0.0592152129662497	-0.289484155435897	0.772210903227927	NA
ENSMUSG00000110212	5.81974415068479	0.0194042973973706	0.0572865599010901	0.335094924338876	0.737553481540971	NA
ENSMUSG00000134566	8.98929946033225	-0.0438041644805999	0.0693874018824156	-0.646081502246832	0.518226574219352	NA
ENSMUSG00000135022	3.9708108370198	-0.0624073330945373	0.0488892020126633	-1.41466901082571	0.157165564443532	NA
ENSMUSG00000143931	2.5260751428845	0.0363665830199443	0.0380582575729955	0.923356441121708	0.355821483643534	NA
ENSMUSG00000128863	2.78833887548597	-0.00500874359770554	0.0390224419855879	-0.129763831110817	0.896753279496332	NA
ENSMUSG00000121178	4.21307817275818	-0.00371357971882688	0.0480513017583041	-0.0776275038218997	0.938124363505282	NA
ENSMUSG00000124604	9.79339563732509	-0.0900840476858876	0.0725763700242356	-1.2979793208844	0.194294441005506	NA
ENSMUSG00000124573	7.88828811505624	-0.0185235215774069	0.066694511364417	-0.280250239833312	0.779285524467037	NA
ENSMUSG00000143574	2.91371721584023	-0.0235349084110467	0.0431034457177393	-0.568160277547379	0.569926141085402	NA
ENSMUSG00000143511	2.88892389724329	0.00564878726110494	0.0415684090204242	0.135665983323424	0.892085340413727	NA
ENSMUSG00000110057	9.02534858032591	-0.030033811493066	0.0678915837408611	-0.449601704081821	0.652997659142107	NA
ENSMUSG00000125483	3.40271151961153	-0.00738823588893452	0.0449513367763473	-0.166454902052133	0.867798970937212	NA
ENSMUSG00000112190	2.36668440098941	0.0292083658810036	0.0374547573551963	0.756441056225342	0.449384800158765	NA
ENSMUSG00000110716	6.39348242905638	-0.0450888246601613	0.0608182568397824	-0.767917940904945	0.442535937947163	NA
ENSMUSG00000110440	7.4012881914601	0.0452870951789816	0.0649053379188763	0.686246555540239	0.492557644535022	NA
ENSMUSG00000133342	4.59823595134595	-0.0375514044057673	0.0510852011511172	-0.770949822648006	0.440736673922765	NA
ENSMUSG00000110537	3.23584703988747	0.0439113418975208	0.0387383830294284	1.09557318157994	0.273265603369465	NA
ENSMUSG00000134722	2.16269096119098	0.0101423875123603	0.0375609996180093	0.265400084695307	0.790701270922067	NA
ENSMUSG00000138198	2.33592350287479	0.041658349091502	0.0371315526449248	1.08725824778525	0.276922695081879	NA
ENSMUSG00000110690	2.84971112524302	0.0265321274816286	0.0392070877082291	0.652178060639343	0.514286311391422	NA
ENSMUSG00000136739	3.36224649155339	0.0440439296188145	0.0448069077962935	0.9538354442223	0.340166944894109	NA
ENSMUSG00000120484	10.2535707135156	0.0833881043450764	0.0696306051762235	1.16754803641307	0.242989121139226	NA
ENSMUSG00000110386	3.50949039843959	0.000996185058204827	0.0457623648162381	0.0216884228121348	0.982696498859638	NA
ENSMUSG00000110586	2.15864039379029	-0.00367487283647177	0.0375021658944846	-0.0984753162595854	0.921554871449296	NA
ENSMUSG00000087436	4.10446938425763	0.0346885837407794	0.0484124926540906	0.696666755108464	0.486011368643959	NA
ENSMUSG00000128871	8.79852296123706	0.0759892607170372	0.0669013790613331	1.11032322052292	0.266859770470756	NA
ENSMUSG00000086390	2.53101674389735	0.055474882798127	0.0367154631344795	1.49267556328748	0.135522132991021	NA
ENSMUSG00000129495	5.24381295128317	-0.0276094845088798	0.0543106752323245	-0.522348806329075	0.601427493101253	NA
ENSMUSG00000086773	4.64202985088845	0.0249487939248605	0.0520064214676706	0.472637926492712	0.636471519297479	NA
ENSMUSG00000085445	9.76922971570056	0.0313745377361732	0.0705852228818558	0.438357156183063	0.661127399040921	NA
ENSMUSG00000031443	2.56742633736163	0.0128099877886609	0.0407567110186419	0.308902595167529	0.757395622633524	NA
ENSMUSG00000012889	2.61767286342146	-0.00116579478818426	0.0407782960718488	-0.0287085216308497	0.977097059891672	NA
ENSMUSG00000040340	3.42229398438759	0.0167541893880655	0.0454432698826467	0.363320254123226	0.716365665000851	NA
ENSMUSG00000039396	2.22096125399403	-0.0528411549933472	0.0355151084614043	-2.10763035439143	0.0350629758381402	NA
ENSMUSG00000031844	4.82090135353556	0.0443908000677323	0.0517339232789283	0.837941635220435	0.402063483667361	NA
ENSMUSG00000054191	8.3070148374878	-0.0465766826608908	0.0641839111355079	-0.751638583014398	0.452268433989139	NA
ENSMUSG00000031620	8.31484671948115	0.0327170342997088	0.0571703530226804	0.564410598281965	0.572474727753945	NA
ENSMUSG00000046108	4.74061562527745	-0.0302571906938268	0.0534767064551169	-0.58336391585631	0.55964834370444	NA
ENSMUSG00000065987	2.14163419301988	-0.0152356969825661	0.0351320056109946	-0.452043744565472	0.651237468999804	NA
ENSMUSG00000060470	8.29565986995397	0.0994229500789191	0.0624577281330106	1.54881108476935	0.121427140090205	NA
ENSMUSG00000031845	2.47617448871577	0.0266981423086967	0.0376740673051616	0.69484313125581	0.487153614935281	NA
ENSMUSG00000031981	5.72568425630977	0.0228155641691608	0.0583306175933662	0.385716230873784	0.699706840832517	NA
ENSMUSG00000031603	3.55329889956161	0.0249343110060581	0.0460994327134781	0.528541184883032	0.597123769768215	NA
ENSMUSG00000079033	8.81614915389977	-0.014733388568556	0.0689486159553092	-0.215429719082248	0.829432301444555	NA
ENSMUSG00000031891	2.68898589203873	-0.0154374712923432	0.0401624346134446	-0.398304015530314	0.690406100864735	NA
ENSMUSG00000031877	7.02824708529392	-0.0447965990233418	0.0604836760054132	-0.766273249953437	0.44351373149242	NA
ENSMUSG00000000739	6.92102474876882	-0.0843601608603577	0.0629025524621071	-1.43566437952995	0.151097865747008	NA
ENSMUSG00000109764	5.25484108917446	-0.026516940883551	0.0530235175593769	-0.51559251355143	0.606139040169305	NA
ENSMUSG00000001670	2.68334206388225	0.00755673355419982	0.0360884571687721	0.20745075366346	0.83565784889791	NA
ENSMUSG00000031450	2.79407954047331	-0.00655101435173802	0.0414066251408505	-0.159886422184134	0.872970544446377	NA
ENSMUSG00000063672	2.05768928239408	0.0368208824260148	0.034697693430608	1.0489462696381	0.294202848355084	NA
ENSMUSG00000031779	5.67782518778705	-0.0133606369451424	0.0556725404855	-0.242527467231132	0.8083714762547	NA
ENSMUSG00000031549	8.73265256816419	0.0485626699174194	0.0693604863545447	0.688651888141365	0.491042359605468	NA
ENSMUSG00000056973	5.83032471266096	0.0327857083361697	0.0579387125820178	0.556993843729566	0.577531635379283	NA
ENSMUSG00000043664	9.76597821227435	-0.00328286526855722	0.0715466956377012	-0.0458416914804352	0.963436428726165	NA
ENSMUSG00000069867	5.44250843481621	-0.00730741737895486	0.0564054569013411	-0.130601001931879	0.896090950090004	NA
ENSMUSG00000006587	2.27058292096837	0.0540008012551612	0.0354161366381913	1.55105282170886	0.120889025960354	NA
ENSMUSG00000031494	6.22643401005695	-0.0549000843181558	0.0602545215907327	-0.952024799234946	0.341084405033094	NA
ENSMUSG00000037437	9.31539761652884	-0.0159070303940444	0.0698199973437983	-0.229338751733081	0.818605636461181	NA
ENSMUSG00000031461	7.91094787836949	-0.0571637062122732	0.0666032009299558	-0.88834351791161	0.374355997652616	NA
ENSMUSG00000057228	7.20753917613309	0.0335265439923734	0.0630202098193061	0.522180862862515	0.601544409107536	NA
ENSMUSG00000031452	4.58211104980135	-0.012431387737032	0.0508078083957497	-0.247883632709009	0.804224443970648	NA
ENSMUSG00000031552	6.38582475195204	-0.0450361268473161	0.0604081624590277	-0.771297176515137	0.440530805555676	NA
ENSMUSG00000071104	2.20323822450046	0.0234958923658306	0.0379739585281929	0.603629160484124	0.54609022107006	NA
ENSMUSG00000031553	2.20007382351876	0.0320653858366737	0.0355399748555138	0.879275020989991	0.379252176214769	NA
ENSMUSG00000090206	2.70407508069214	-0.00471914556635835	0.041561487628554	-0.113975376963779	0.909257312564366	NA
ENSMUSG00000024266	4.78316700314843	0.0288307828243726	0.0481851156950593	0.589135755732423	0.555770209354357	NA
ENSMUSG00000031518	5.61618930139023	0.0346583316124203	0.0552154667924393	0.61229746576047	0.540340966073897	NA
ENSMUSG00000051839	3.23610580933406	-0.0170383495141911	0.0442108012391719	-0.396598581471877	0.691663498776281	NA
ENSMUSG00000044748	4.31275269213063	0.00710226179081752	0.0196238686507576	0.351900458177941	0.724912915574609	NA
ENSMUSG00000031780	9.68554844171452	0.00108907345771171	0.0706806402318818	0.0154325827695455	0.987687069227535	NA
ENSMUSG00000079168	3.18901881706276	-0.00267483043827778	0.0445106981903394	-0.0603841014172838	0.951849720781029	NA
ENSMUSG00000005465	6.20657742527969	0.0116401855485292	0.060324003571956	0.191951303726509	0.847780350010836	NA
ENSMUSG00000031698	6.23982748495545	-0.0393065873234988	0.0587189314797432	-0.69289176419352	0.488377478525659	NA
ENSMUSG00000033409	6.19202366396099	0.062372084073836	0.0598295302655196	1.01796236461754	0.308695841936432	NA
ENSMUSG00000038508	4.48276854971555	-0.0217325341148582	0.0487624403588498	-0.456470054178303	0.648052000013833	NA
ENSMUSG00000043068	9.85308265668867	-0.0521403224566987	0.071485590862511	-0.746700150170838	0.455244579094541	NA
ENSMUSG00000013158	5.98762910474321	-0.071881948454024	0.0577870060229523	-1.33895133631845	0.180586515683754	NA
ENSMUSG00000003484	9.16973236881891	0.0249034933836185	0.0675847942588017	0.364991724391153	0.7151175837244	NA
ENSMUSG00000034829	4.22233959397975	-0.0437224503173251	0.0505237489703255	-0.914915141633039	0.360236180412559	NA
ENSMUSG00000114500	8.37263398006445	0.029029225966137	0.0647031778501634	0.442885063258149	0.657848871844097	NA
ENSMUSG00000115082	2.86293039525251	-0.0570463900114607	0.0406922953232062	-1.63185981538739	0.102709021049446	NA
ENSMUSG00000115823	6.54103061853108	0.00448126084893309	0.0589316421783208	0.0761558537431079	0.939295104253197	NA
ENSMUSG00000087286	2.39913052949751	0.0176611101360364	0.0394794805896729	0.438320347826701	0.66115407767734	NA
ENSMUSG00000063895	2.24378548780993	0.0361840386341233	0.0379086696739745	0.933978231266633	0.350315122171641	NA
ENSMUSG00000115384	2.79495597250595	0.0436619207648919	0.0402856279706216	1.05534448054516	0.291267804808309	NA
ENSMUSG00002076276	6.89270655571957	0.0187162486534743	0.0608236597630551	0.304354589845867	0.760857759762293	NA
ENSMUSG00000115650	4.77065969466892	0.0481949312563242	0.0537614319683087	0.874232068948267	0.381991885038736	NA
ENSMUSG00000100486	9.76472595621648	0.0229614773206733	0.0725778269773845	0.314021737750128	0.753504528907932	NA
ENSMUSG00000114571	2.6950829122786	-0.0416198684517135	0.0400993286838996	-1.16259811436301	0.244992596205069	NA
ENSMUSG00000097002	5.56699574155831	-0.0324999485360996	0.0543979612048715	-0.619842164350769	0.53536170595044	NA
ENSMUSG00000114705	2.23568435300856	0.00867565688907391	0.0377686228631577	0.227436150655297	0.820084612568133	NA
ENSMUSG00000115223	4.62390570197553	-0.0135367834762315	0.0502880679349668	-0.272421261024549	0.785298126745038	NA
ENSMUSG00000102764	2.02684128183496	0.000381007324313643	0.0358117203756083	0.0106553084064269	0.991498454803559	NA
ENSMUSG00000114844	2.88136792416299	0.0127153154814782	0.0381663141049073	0.32490380294942	0.745253878574858	NA
ENSMUSG00000119874	3.67248338284515	0.010234520018051	0.0450423150142114	0.225468200883939	0.821615060526699	NA
ENSMUSG00000093669	4.46687542989447	0.00310578556822339	0.0511241712749698	0.0604389363399103	0.951806048607558	NA
ENSMUSG00000115652	3.73773686230706	-0.0534049181020583	0.046250929719846	-1.28192177425294	0.19987008880148	NA
ENSMUSG00000115264	2.63062362959801	0.0121300536714164	0.0399626035605969	0.299737455377346	0.764377426146873	NA
ENSMUSG00000115674	2.59008123348171	-0.0147527457956984	0.0411350295170442	-0.368492009725166	0.712506401975634	NA
ENSMUSG00000101445	1.92219595829059	0.00303923465561541	0.0348132689975285	0.0864228335762476	0.931130296265436	NA
ENSMUSG00000082738	9.64952705841902	-0.0602886503647827	0.0715347911131434	-0.867575910754252	0.38562653857106	NA
ENSMUSG00000115191	2.70679115678363	-0.027627940752916	0.0396134497980192	-0.750517024153587	0.452943374481539	NA
ENSMUSG00000108568	2.01299461485307	-0.0109788195145917	0.0345130414584504	-0.329496424744871	0.741780495864396	NA
ENSMUSG00000022061	2.034860181385	-0.0383882308171525	0.0350739823455452	-1.26010069882922	0.207633038217194	NA
ENSMUSG00000115370	2.96767330460282	-0.00987752282899823	0.0390863170922111	-0.256483756478259	0.797577321508165	NA
ENSMUSG00000115025	9.10829248539005	-0.102120728769738	0.0679422080158913	-1.61742015499922	0.105787618018784	NA
ENSMUSG00000115599	3.48991280085671	-0.036945532358044	0.0460262866788336	-0.854343310603131	0.392914796332206	NA
ENSMUSG00000115194	2.83542100056409	-0.00673934449565124	0.0422831401798216	-0.16154295405653	0.871665783144166	NA
ENSMUSG00000115130	2.80871066985016	0.0200926733939446	0.041636132903252	0.473014726276461	0.636202672889068	NA
ENSMUSG00000115348	3.12941890014368	0.0106402711101458	0.0406933031650865	0.259519768886895	0.795234231016819	NA
ENSMUSG00000115772	7.03194129744207	-0.0107955610641191	0.0617885230311021	-0.175499652160842	0.860687044073736	NA
ENSMUSG00000115228	4.90192824648271	-0.0315029453278823	0.0527616327266954	-0.620083121576439	0.535203063768616	NA
ENSMUSG00000048933	2.58117616751267	-0.000503304368679621	0.0409671441071218	-0.0123001463232395	0.990186150615795	NA
ENSMUSG00000090706	2.24458455178442	0.00890095308001949	0.0377964193234725	0.233360789681329	0.815481257979112	NA
ENSMUSG00000115283	2.93071854941747	0.00376164577300913	0.0417701018562127	0.0894734272134524	0.928705670879066	NA
ENSMUSG00000115087	5.99439088104221	-0.0678838210329625	0.0569395956553242	-1.2888850803465	0.197438041643152	NA
ENSMUSG00000115167	2.56733436772395	-0.0247020166753368	0.038813105391408	-0.679392333408316	0.496889306255948	NA
ENSMUSG00000115662	4.025199900118	-0.0244362131383639	0.0496251523788092	-0.508117457791351	0.611370972837052	NA
ENSMUSG00000115505	9.94262419000009	-0.0272061612232165	0.0711656523874883	-0.387533448073889	0.698361327678951	NA
ENSMUSG00000115447	2.95920608016256	0.0147892698269707	0.0423973085978006	0.342363443863513	0.732077395620793	NA
ENSMUSG00000115023	9.81857547376186	0.0312463970135449	0.068843340951599	0.447789738855277	0.654304949583251	NA
ENSMUSG00000091570	9.02166896975728	-0.103095989380288	0.0681623554932074	-1.62256009112254	0.104683477647083	NA
ENSMUSG00000059887	7.30159420331494	0.0445191239546685	0.0637268332079809	0.684930927383671	0.493387508810653	NA
ENSMUSG00000100241	5.79985349555531	0.130063941182413	0.0493764875404503	2.77261969795409	0.00556070645373872	NA
ENSMUSG00000105194	1.99113878270748	-0.0118005568365548	0.035601328136285	-0.342074382717468	0.732294915445775	NA
ENSMUSG00000087639	3.11485540443864	0.0799391747764421	0.0404515811035694	2.03851763231986	0.041498193224267	NA
ENSMUSG00000103160	2.49928257691923	0.000619697716640202	0.0395794113344492	0.0155712137437203	0.987576471003345	NA
ENSMUSG00000041534	3.14148349990124	-5.66326850966237e-06	0.0399151467397373	-0.000140441550558735	0.999887943855482	NA
ENSMUSG00000021799	4.69811387876647	0.0298000308965117	0.0486463204315568	0.601325404436184	0.547623272156471	NA
ENSMUSG00000115451	4.71222979855639	-0.028176268874126	0.0513936530129159	-0.565669084427532	0.571618755127566	NA
ENSMUSG00000060680	2.91776778324092	-0.00984927565152547	0.0431032575778634	-0.2315619176811	0.816878288854526	NA
ENSMUSG00000082463	4.28437659979592	0.0217781553281101	0.0501734152712604	0.428702367971959	0.668139837157302	NA
ENSMUSG00000115275	2.89702503204467	0.0299926629704867	0.0406477737593641	0.723999645297258	0.46906595283403	NA
ENSMUSG00000114529	3.55814366374361	0.0269513840193494	0.0472879838507186	0.557193988200839	0.577394896749377	NA
ENSMUSG00000049460	2.98185124189628	0.0133748732418916	0.0389531335688641	0.336944118310327	0.73615902632244	NA
ENSMUSG00000096003	2.99401754567787	0.0154765936625442	0.0437738486397082	0.348067083742176	0.727789803875962	NA
ENSMUSG00000079386	4.23897970511127	0.023129835360604	0.0509623794558129	0.447408981748717	0.654579791945491	NA
ENSMUSG00000096775	8.85104285466641	0.0462995054236794	0.0692388062458215	0.659479381334458	0.509587982103805	NA
ENSMUSG00000078125	6.417481550872	-0.0549075913626791	0.0582068844774928	-0.992899308229431	0.320759026946122	NA
ENSMUSG00000098192	3.8018030676257	0.0196386789495271	0.0472093982874046	0.409205290356862	0.682389012316523	NA
ENSMUSG00000114853	2.14400439722027	-0.0133432364998102	0.0329130574208747	-0.4243237731118	0.671329703952397	NA
ENSMUSG00000114246	2.5358712424657	0.0357184013822244	0.0384620496579785	0.899041613369273	0.368630495731474	NA
ENSMUSG00000114267	3.6782393983871	-0.00372566848113796	0.0417456756685986	-0.0890579718334226	0.929035838239119	NA
ENSMUSG00000106169	2.07674193600368	0.0101990643098129	0.0343997995996369	0.28852291874638	0.772946489450844	NA
ENSMUSG00000065432	8.05039493304282	-0.0323005571213707	0.0660335955956561	-0.499427898761656	0.617477969069788	NA
ENSMUSG00000115573	5.30958650752519	-0.0162568483409922	0.053820302964904	-0.30679800848365	0.75899712420974	NA
ENSMUSG00000075581	2.27262937380756	0.017595457958145	0.0359186309933649	0.473376094216487	0.635944882100558	NA
ENSMUSG00000049235	5.80353214669569	-0.00473434395248711	0.0577331343180412	-0.0823380032300586	0.934377934795451	NA
ENSMUSG00000091227	3.398738320269	0.0497969607350525	0.0422020854827858	1.14993347706844	0.250171271290955	NA
ENSMUSG00000072594	9.85905997059271	-0.0632290616813375	0.0712358816378131	-0.916520184266394	0.359394125853644	NA
ENSMUSG00000093726	3.32823895720574	0.00502874920045332	0.0422136747445455	0.118029074325755	0.906044620910474	NA
ENSMUSG00000114996	2.3860829264901	-0.0199996571924732	0.0372778294464455	-0.567866836264173	0.570125392318539	NA
ENSMUSG00000093044	2.9405097818055	0.0163186090919193	0.042856908066118	0.373177815023269	0.709016106550368	NA
ENSMUSG00000088402	2.79002897307262	-0.0182027457427734	0.039719245366579	-0.476530457554068	0.633696513919923	NA
ENSMUSG00000058581	4.69036423202445	-0.00310460512973696	0.0532535879839352	-0.0583312418466318	0.953484782479111	NA
ENSMUSG00000061068	2.81392639086422	-0.0430558165071393	0.0401678909422495	-1.21007028674417	0.226251923583598	NA
ENSMUSG00000081238	2.92835321241026	-0.00845366445733529	0.039763664799882	-0.215937569690853	0.829036411503237	NA
ENSMUSG00000065374	2.42503692904378	0.0283011606892571	0.0375914424616939	0.734502828767433	0.462642336758471	NA
ENSMUSG00000115387	4.08893748688226	0.0241133814150393	0.0482995447361652	0.487806699005396	0.625686765935567	NA
ENSMUSG00000121714	2.87237088855627	-0.00918766981783194	0.042418025874007	-0.218843040893541	0.826772317634373	NA
ENSMUSG00000121785	3.94497693833851	0.0158966067223402	0.0468240903701135	0.33405589545322	0.738337380432439	NA
ENSMUSG00000075553	7.73663728551682	0.0349088812173817	0.0641683276416557	0.537765801453994	0.590738744729741	NA
ENSMUSG00000098111	9.12435494290696	-0.0235727414838824	0.0702768862367307	-0.338933294261994	0.734659982167353	NA
ENSMUSG00000103869	5.42955280144649	-0.00714872431158096	0.056574457637323	-0.127319524816088	0.898687507494796	NA
ENSMUSG00000115003	6.88469739055587	0.031266881584783	0.0627034493060973	0.490697685120625	0.623640284001852	NA
ENSMUSG00000115041	3.95309754191259	-0.0100715568597148	0.0475968814882421	-0.213931527564795	0.830600453895334	NA
ENSMUSG00000122125	2.14489056363926	0.00821629975976616	0.0346103431909905	0.232787391718786	0.815926503948061	NA
ENSMUSG00000115111	6.00957690652648	-0.0348624483829044	0.0573408382651917	-0.625600013521189	0.531577329914827	NA
ENSMUSG00000122573	2.05274768138123	0.0139552954719911	0.0360347590344512	0.381575786740357	0.702776047055378	NA
ENSMUSG00000114980	5.48474092851916	0.00433892610068463	0.0555943452481015	0.0780494426776952	0.937788723343812	NA
ENSMUSG00000122840	2.27174807458174	-0.0176299039868064	0.0355923117940561	-0.520489549705476	0.602722409719966	NA
ENSMUSG00000115855	5.66438450741769	0.0748125023418427	0.0564536846522179	1.29430922681527	0.195558630667258	NA
ENSMUSG00000115762	9.31827816312298	0.0810881481077675	0.0699565954886716	1.13718392232146	0.255461406637472	NA
ENSMUSG00000123039	7.81310845831364	0.0497399951165949	0.0628209492363356	0.772844210491868	0.439614585251494	NA
ENSMUSG00000123177	2.60303686685143	-0.0147547514903235	0.0408963840826925	-0.37115573127232	0.710521543196835	NA
ENSMUSG00000123391	7.38437882752054	0.0541592863338249	0.0636277093238108	0.833886977304891	0.404344676321569	NA
ENSMUSG00000115821	8.42357521431753	-0.00570961011704145	0.067981292181631	-0.0843137254149085	0.932806999956881	NA
ENSMUSG00000123781	4.60370811250035	0.0520903327873043	0.0484416768460685	1.03753070562409	0.299488593197988	NA
ENSMUSG00000124239	2.82167117041306	0.00639741838750394	0.0422520609650831	0.150443660242815	0.880414597326333	NA
ENSMUSG00000124302	2.27263424100073	0.00555375340243514	0.0369177988097567	0.147820247451343	0.882484629726568	NA
ENSMUSG00000124519	2.28558500717728	0.0173614105562377	0.0359557775767676	0.467251745745225	0.64031977577835	NA
ENSMUSG00000124800	4.26657133505103	0.0348574223535937	0.0502903860524438	0.680069693097194	0.496460333272242	NA
ENSMUSG00000125056	8.09642409189304	0.0489780497687527	0.0661962061143297	0.72555736202556	0.468110167776974	NA
ENSMUSG00000125135	3.29896209687251	-0.00661316706947885	0.0453666636917959	-0.146661755914463	0.883399006466799	NA
ENSMUSG00000125206	3.91524688592189	0.00545883764480159	0.0431231141831866	0.126368536849975	0.899440206420464	NA
ENSMUSG00000114553	6.44382092475388	-0.0198154448790336	0.0599671622781646	-0.335589475201954	0.737180461761541	NA
ENSMUSG00000086124	6.69375642095802	0.0328185639187128	0.0604430530638498	0.533065404449105	0.593988306122031	NA
ENSMUSG00000125648	1.97659475577513	0.012413561996882	0.0334253451193117	0.36262619799499	0.716884137341946	NA
ENSMUSG00000125839	3.25604949655582	-0.0273424192640197	0.0410900384931908	-0.707018582704567	0.479554929825888	NA
ENSMUSG00000086746	3.37115155752242	0.0321186424077369	0.0456206179502233	0.686192191371549	0.49259192122073	NA
ENSMUSG00000126002	2.68572952141935	-0.0370816150391468	0.0381891202205073	-1.09915988400845	0.271698333232075	NA
ENSMUSG00000126036	7.48478477719568	-0.0184855119007469	0.0630714063101276	-0.297223230265898	0.766296087630933	NA
ENSMUSG00000115656	5.93128069125034	-0.0210945723679759	0.0582312608788652	-0.367881347848058	0.712961708709451	NA
ENSMUSG00000126239	6.81648112924849	-0.0627552238371082	0.0592675297679612	-1.12295182011811	0.261457957335917	NA
ENSMUSG00000126286	2.17564172736753	0.0218975725501079	0.0358156058118189	0.594139392782556	0.552418885266969	NA
ENSMUSG00000093528	5.84532193167669	0.00633496722651863	0.0568361556129929	0.11071891011815	0.911839250071141	NA
ENSMUSG00000121456	9.20623393192087	0.0131936874108872	0.0689868738845294	0.190495010638577	0.848921252538904	NA
ENSMUSG00000115050	2.96245271639559	0.0637964920412056	0.0413802840955604	1.51051013902153	0.13091330422312	NA
ENSMUSG00000126430	2.2129374872508	-0.00385104745345514	0.0376678670972406	-0.103295454428786	0.917728483162939	NA
ENSMUSG00000115723	2.0883630780642	-0.0252938882971681	0.0348567355173478	-0.795812279643288	0.426141153282134	NA
ENSMUSG00000126849	1.92713755930345	0.0269658837613874	0.0339911037753298	0.764763024709857	0.444412669149713	NA
ENSMUSG00000114532	4.16193574589301	0.0111403567193153	0.0507503571998494	0.217398026366141	0.827898169154328	NA
ENSMUSG00000102112	8.87664010443101	-0.0174163112468426	0.0690818617967565	-0.253991237269982	0.799502327816339	NA
ENSMUSG00000120914	2.14567989322739	0.00982742683482938	0.0356552122448605	0.270189124470335	0.787014759075406	NA
ENSMUSG00000127671	2.06774976759014	-0.0250206338032798	0.0345951998699053	-0.791724855748214	0.428521126030646	NA
ENSMUSG00000121794	2.57721270255649	0.035888866108475	0.0387616930394536	0.899354083654861	0.368464088224777	NA
ENSMUSG00000127940	5.37119540619894	0.00692783597720514	0.056261783041875	0.122639626349393	0.902392473993182	NA
ENSMUSG00000128279	7.67636287815228	0.0465479543345042	0.0644652979121614	0.707387262048988	0.479325850593022	NA
ENSMUSG00000128628	6.50992871571853	0.0262802478266097	0.0593009363184975	0.436312200456381	0.662610231134145	NA
ENSMUSG00000129295	6.06013744956115	0.015723343811175	0.0588891385310804	0.265283052980359	0.790791418721452	NA
ENSMUSG00000129426	4.99372038965647	0.000560227645216747	0.0500570782184941	0.0111349957851109	0.991115742369251	NA
ENSMUSG00000129638	2.58038197073136	0.0122468288681226	0.0402818850791998	0.299102207505638	0.764862061997845	NA
ENSMUSG00000093744	1.84595106304682	-0.0335455504942961	0.033421578967997	-1.15830726427288	0.246738667972929	NA
ENSMUSG00000129966	8.38955794558353	-0.0171806493057772	0.0674828203728013	-0.256999554694302	0.797179116832739	NA
ENSMUSG00000097533	10.0545764515645	0.00520930865982163	0.0728526441128576	0.0715059082619795	0.942995122484056	NA
ENSMUSG00000130305	3.03861537638803	0.0410014675564414	0.0433496167810849	0.923593823198311	0.355697830988272	NA
ENSMUSG00000115311	3.28106486248993	-0.0279396630176425	0.0423842920089307	-0.700132104636769	0.483844807875913	NA
ENSMUSG00000130678	5.41985353869614	0.0185565834968932	0.0567175246953104	0.323967420708486	0.745962699663705	NA
ENSMUSG00000130733	9.32677237528631	-0.0150413454643628	0.0697800826051969	-0.217045300862973	0.828173041326149	NA
ENSMUSG00000121465	2.70082357726594	-0.0421728612282759	0.0399788142239323	-1.17993303811802	0.238026848460053	NA
ENSMUSG00000131504	2.06864080120231	-0.0138104732992902	0.0345188969348922	-0.414476623780874	0.678525083278948	NA
ENSMUSG00000115575	4.16552825401714	0.0318851813209887	0.0451672573347061	0.693584043179319	0.487943103500401	NA
ENSMUSG00000131851	3.40034618260432	-0.0207294782600811	0.0449549360218862	-0.477206219016197	0.633215283079008	NA
ENSMUSG00000131864	2.10108206251723	-0.0140502176781554	0.0347581227999842	-0.420034629341551	0.674460156268779	NA
ENSMUSG00000131901	2.62737699336498	-0.0411178686551843	0.0401730092273024	-1.13939859777482	0.2545369405566	NA
ENSMUSG00000114232	3.82851339833963	-0.00571464871979108	0.0464043356623799	-0.124278748319897	0.901094573224095	NA
ENSMUSG00000132011	4.66107763730487	0.0100811355746992	0.048772905913652	0.204188866883115	0.838205911026247	NA
ENSMUSG00000132432	4.44131976943247	-0.0447924027513838	0.0498535118244879	-0.9606922633346	0.336706922405785	NA
ENSMUSG00000053588	3.40279862205604	0.0453034946551487	0.0461636446497448	0.955567666091541	0.33929070378873	NA
ENSMUSG00000089887	1.92713755930345	0.0269658837613874	0.0339911037753298	0.764763024709857	0.444412669149713	NA
ENSMUSG00000114693	2.19028259113073	0.0237594322967901	0.0379371917553851	0.610059118714443	0.541822646299968	NA
ENSMUSG00000133463	3.00371680842822	-0.0115353521476738	0.0437426418396614	-0.268728050811722	0.788138964107476	NA
ENSMUSG00000115835	4.06708165473668	0.0249451686114881	0.0490584364955301	0.496379564058916	0.619626640551545	NA
ENSMUSG00000133619	4.04713796751491	0.0410037502554028	0.0492823215979187	0.813850566939712	0.415730562497247	NA
ENSMUSG00000134155	5.40488892357174	-0.0190794737913964	0.0543556940685716	-0.356800997266016	0.721240789631934	NA
ENSMUSG00000072589	3.06296523728793	-0.0111479105026173	0.0393406619885517	-0.290624237115053	0.771338721272546	NA
ENSMUSG00000134286	3.94453348064147	-0.00649575769947152	0.043655498544984	-0.151104486175286	0.879893293681018	NA
ENSMUSG00000134394	3.01667244179794	-0.0117373456525458	0.0437658305124618	-0.273526050640692	0.784448870046084	NA
ENSMUSG00000134451	4.13513831273457	-0.0146404630932681	0.0506294326861661	-0.29364204444778	0.769031444521997	NA
ENSMUSG00000134490	7.08780953112848	0.013390476688731	0.063018301930381	0.210779517473013	0.833059322166666	NA
ENSMUSG00000134685	8.33148440472354	-0.118650505694424	0.0675900275309378	-1.90409326175745	0.0568980391288469	NA
ENSMUSG00000134763	4.86596211071547	0.0405098368060868	0.0517232300479999	0.761025959842229	0.446641561837337	NA
ENSMUSG00000135115	8.24437022592287	-0.040202986331242	0.0677574766544387	-0.60571936815717	0.544701120487164	NA
ENSMUSG00000135143	2.01299948204624	-0.0268446482390972	0.036368079424568	-0.798590464919958	0.424527918326105	NA
ENSMUSG00000135364	1.95464695399187	-0.0243726862023204	0.0347860928572029	-0.757758705942062	0.448595447324621	NA
ENSMUSG00000135418	1.96434621674221	-0.0481325919428811	0.0339581418792966	-1.97979419025509	0.0477266594716772	NA
ENSMUSG00000135547	2.26247691897382	0.0456611599431233	0.0366493675992235	1.2349078041353	0.216864818651625	NA
ENSMUSG00000135711	1.9319920578718	0.00154607772732899	0.0334514625824882	0.0458153395395329	0.963457432464791	NA
ENSMUSG00000097933	3.88654704222598	-0.0620067669409988	0.0488155611743611	-1.40128180375223	0.161129820319548	NA
ENSMUSG00000135850	2.81187993802503	-0.00631037770112867	0.0422404012435628	-0.151162324980178	0.879847669041568	NA
ENSMUSG00000084951	3.21750634780785	0.00803371565448465	0.0432098526152604	0.184249279241851	0.853817901925565	NA
ENSMUSG00000136100	2.49037264375702	0.0242603824470336	0.0369131887819435	0.633983948898991	0.526091297340592	NA
ENSMUSG00000114424	6.70750138391588	0.035624024209314	0.062114009931581	0.56350745648188	0.573089384087995	NA
ENSMUSG00000136441	2.12125266426934	-0.0118821055346833	0.0326918831872941	-0.379567286454846	0.704266648173154	NA
ENSMUSG00000136552	1.94890628900453	-0.0225456911267131	0.0340780139544877	-0.718373701735291	0.472526897524806	NA
ENSMUSG00000136596	2.60303686685143	-0.0147547514903235	0.0408963840826925	-0.37115573127232	0.710521543196835	NA
ENSMUSG00000136634	6.07118093800706	0.000523559753161826	0.0595450477595641	0.00877445455728343	0.99299908801399	NA
ENSMUSG00000136668	4.782738896006	-0.00448468432491325	0.0503077130208765	-0.0895854863368715	0.9286166182525	NA
ENSMUSG00000136769	5.58488810874771	0.00197815133332328	0.0561796119792299	0.0352104192079212	0.971911954057557	NA
ENSMUSG00000137039	2.71218594987987	-0.00408784961372413	0.0355861092316041	-0.115633841256547	0.907942741356926	NA
ENSMUSG00000115509	4.66682316948539	-0.00261990410750796	0.0528257235668545	-0.0495761903019599	0.960460120681325	NA
ENSMUSG00000137598	3.32170409543709	0.0194426599687634	0.0455728762351524	0.417672249771798	0.676186764211508	NA
ENSMUSG00000137657	2.85322139811582	-0.00534328745018565	0.0391467986197327	-0.138614787563289	0.889754557338368	NA
ENSMUSG00000115580	2.17248219357901	0.0219944217996106	0.036806187527785	0.581042665889219	0.56121169843794	NA
ENSMUSG00000053821	2.16833965654064	-0.0311763397764548	0.0376359609993888	-0.902347548105665	0.366872274813468	NA
ENSMUSG00000120145	3.44326851730736	-0.0224510150720238	0.0457787283333644	-0.508239937106635	0.611285086220557	NA
ENSMUSG00000138147	3.41735238337473	-0.00835616561564789	0.0458511328253826	-0.184667643505539	0.85348972637656	NA
ENSMUSG00000138155	4.59021218460273	0.0129390226516427	0.0524189870874521	0.244538621906128	0.806813693749135	NA
ENSMUSG00000138276	5.99782632374377	0.0405118534851275	0.05878663302671	0.676134470701956	0.498955272770102	NA
ENSMUSG00000138370	8.73160193124254	-0.0966096501378752	0.0675089608181853	-1.53096830264801	0.125777226747171	NA
ENSMUSG00000138694	3.162313353542	0.0106602780293136	0.0448354975765209	0.234836028030086	0.814336003232659	NA
ENSMUSG00000121681	2.32367983103504	-0.0339260662139437	0.0380299891064311	-0.981796015857893	0.326200351360124	NA
ENSMUSG00000115424	2.05274768138123	0.0139552954719911	0.0360347590344512	0.381575786740357	0.702776047055378	NA
ENSMUSG00000139609	8.54241869290315	-0.00928023378186206	0.0688568117317486	-0.135349499091452	0.892335550494892	NA
ENSMUSG00000054391	2.26283814141953	0.00617153350119068	0.0345926907803062	0.174994450539782	0.861083994130736	NA
ENSMUSG00000097901	4.61611371695582	0.0393862984398045	0.0524675043301941	0.73472263111361	0.46250843459218	NA
ENSMUSG00000140553	6.3762125916462	0.0282390948582157	0.0590524593387164	0.468730405173028	0.639262350851642	NA
ENSMUSG00000115096	2.90762019560036	0.00392380339745816	0.0393978808062917	0.0995064643293507	0.920736155582533	NA
ENSMUSG00000060143	4.81121182517157	0.0472353511747406	0.053982213842193	0.855195006131658	0.392443200380601	NA
ENSMUSG00000140811	4.87522278296195	-0.0186799077845017	0.0520791938806065	-0.366513706698074	0.713981786648732	NA
ENSMUSG00000115816	2.54952910297905	-0.0131384724749596	0.0402547374985348	-0.334644107321984	0.737893568508986	NA
ENSMUSG00000141771	7.66752025621092	-0.0459131556522948	0.0634638350011089	-0.749239908900458	0.453712618982287	NA
ENSMUSG00000141863	2.39913052949751	0.0176611101360364	0.0394794805896729	0.438320347826701	0.66115407767734	NA
ENSMUSG00000120500	3.08402200545903	0.0120474216713775	0.0420987844655231	0.283380408357605	0.776885244993665	NA
ENSMUSG00000142059	7.61704681562076	-0.0473273321456196	0.0629988672096745	-0.775988137066983	0.437755990303945	NA
ENSMUSG00000142094	9.21022173284293	-0.082598108201088	0.0685269424193538	-1.2702825522417	0.203984000929047	NA
ENSMUSG00000142095	2.14973046062808	0.0223980272377381	0.0357384820176867	0.607157634520277	0.543746304615184	NA
ENSMUSG00000142219	3.65344607979016	0.0216062174886882	0.0459521120029981	0.458286300047749	0.646746765404492	NA
ENSMUSG00000142464	2.12213883068833	0.0109529781591217	0.0367530475226147	0.291541592931414	0.770637138137619	NA
ENSMUSG00000142585	2.98017574588916	-0.0109654288510999	0.043405762500282	-0.257077130027028	0.797119231968354	NA
ENSMUSG00000090709	2.03169091321013	-0.0128669843600314	0.0357535269675149	-0.372722100804743	0.70935528579187	NA
ENSMUSG00000120606	3.08695462471721	-0.0018611262434506	0.0422806100947583	-0.0439405797332511	0.964951768573056	NA
ENSMUSG00000046005	4.17568557604405	-0.00182261044920828	0.0507044052871987	-0.0360360975514175	0.971253575952694	NA
ENSMUSG00000143321	3.95883333970675	0.00185042239158239	0.0472656879637072	0.0390129201263614	0.968880087685099	NA
ENSMUSG00000143465	4.52038319376685	0.00183630803420332	0.0515967475187249	0.0354973055943642	0.971683194847139	NA
ENSMUSG00000115016	6.66482543251589	-0.000634698512338966	0.0601711627082321	-0.0105692698094932	0.991567099806132	NA
ENSMUSG00000099994	4.61816990418136	-0.0273965430369407	0.0524443186201549	-0.536432960297243	0.59165935692012	NA
ENSMUSG00000144007	1.85890669641654	-0.0337267622656916	0.0334803335948257	-1.16338809682491	0.244672076768264	NA
ENSMUSG00000096052	7.44829781567324	-0.0422699788492627	0.0625235203095865	-0.697742160950956	0.485338456355708	NA
ENSMUSG00000144114	5.74055203460331	0.0343778947807816	0.0554649861410529	0.610787077171336	0.541340549735063	NA
ENSMUSG00000101009	2.5414231009845	-0.0227957808050031	0.0375367714249139	-0.648879940842831	0.516415981188777	NA
ENSMUSG00000115709	2.14559765797606	-0.0538197097367515	0.0358366379208956	-2.10451272420751	0.0353337458538698	NA
ENSMUSG00000130632	5.74833915242984	-0.00311984791333413	0.0584887225520614	-0.0534586322262261	0.957366490192455	NA
ENSMUSG00000057886	3.14451295599027	0.0094277980348774	0.0431226872475828	0.21561023446826	0.829291577485955	NA
ENSMUSG00000138717	2.77627427572841	0.00654574438953694	0.0411943595201963	0.157311137375588	0.874999643187856	NA
ENSMUSG00000060377	7.14166803408513	-0.0222041064283761	0.0606855837347215	-0.372787844850971	0.709306350217333	NA
ENSMUSG00000143921	2.04869711398054	0.000417108554278639	0.0363188936458107	0.011530705764021	0.990800031763144	NA
ENSMUSG00000092358	3.55885562527359	-0.0528834727213152	0.0468779155569605	-1.23794227905033	0.215737464071982	NA
ENSMUSG00000120820	9.05145352072707	0.0125844880621391	0.0678177232474604	0.184218483521909	0.853842059870364	NA
ENSMUSG00000125512	4.87557427102131	-0.0297667515023536	0.0517289024383715	-0.596565433743815	0.550797555047056	NA
ENSMUSG00000125608	5.70294712493837	-0.0158082134410398	0.0574568048016555	-0.278096047422323	0.780938629816425	NA
ENSMUSG00000134611	6.51255768936551	-0.0410505433059649	0.0577520651305874	-0.741557747337793	0.458355331590144	NA
ENSMUSG00000141514	2.51989102020012	0.012876368004491	0.0365157780803272	0.3486832765749	0.727327100609681	NA
ENSMUSG00000096997	1.92714242649662	0.0130204649940268	0.0328469082179789	0.384802049890221	0.700384080266562	NA
ENSMUSG00000115060	2.43068562439344	-0.0093929302402842	0.0392097700945483	-0.244818228219853	0.806597179259953	NA
ENSMUSG00000115391	2.0211925864853	0.0377687339450423	0.0346105948341517	1.07320227743507	0.283180369094355	NA
ENSMUSG00000119950	4.19852927863266	0.0302158144593405	0.0472356791353411	0.625090044602683	0.531911961512353	NA
ENSMUSG00000114288	4.00254013680475	0.0160549586107737	0.0498378349867299	0.318340781869512	0.750226452588436	NA
ENSMUSG00000084942	2.15458495919643	-0.00321654497139597	0.0374866337768948	-0.086203785147051	0.931304421798754	NA
ENSMUSG00000132833	5.71352768691453	-0.00280114541375896	0.0573328719190187	-0.0489062013292596	0.960994046831908	NA
ENSMUSG00000126029	3.16400345112865	-0.00326645636693666	0.0406785430958452	-0.0806008129181548	0.935759419695265	NA
ENSMUSG00000127911	9.9248383940279	-0.0651263615716699	0.0714064005652445	-0.942517641832623	0.345927683224536	NA
ENSMUSG00000097633	3.80384952046488	-0.0192105067211504	0.0473480805243802	-0.414858636443922	0.678245391620099	NA
ENSMUSG00000115141	5.22978413393776	0.0870418941565368	0.0554676390233615	1.53263422956385	0.125366002698171	NA
ENSMUSG00000140413	6.01996114308374	-0.0582279106494766	0.0572356654039832	-1.07933558719882	0.280438154003014	NA
ENSMUSG00000123689	3.15825791894813	0.0111194965659695	0.0448313319133857	0.244890910897321	0.806540899506641	NA
ENSMUSG00000122086	3.13067115620156	-0.015374522168812	0.0435321441237659	-0.361200992739894	0.717949200063135	NA
ENSMUSG00000122124	4.48836517240118	0.054522425351466	0.0508968962274728	1.04808962217877	0.29459731720526	NA
ENSMUSG00000137335	2.05928254314988	7.06624683845537e-05	0.0335764143748461	0.0021149210262012	0.998312538423849	NA
ENSMUSG00000114241	7.75199572697827	-0.025145230504618	0.0633901242909978	-0.402657628547387	0.687200108672387	NA
ENSMUSG00000121835	2.03168117882378	0.0112702113187645	0.031107009379828	0.354955661492272	0.7226228080922	NA
ENSMUSG00000025557	3.77669573205391	-0.0183258826888082	0.0471761171087003	-0.397854919289511	0.690737131928313	NA
ENSMUSG00000091756	6.03951927189391	0.0246114407212307	0.0553109558375815	0.436684725260312	0.662340008331964	NA
ENSMUSG00000034623	2.61407548810416	-0.0152700768516626	0.0393659227332167	-0.398231218456612	0.690459755928928	NA
ENSMUSG00000114865	3.56299329511879	0.0136365986672187	0.0472432348295421	0.284800367403971	0.775797090728204	NA
ENSMUSG00000040632	4.66152034602683	0.0121378199660817	0.0527654436333732	0.228604535290104	0.819176299257517	NA
ENSMUSG00000094151	9.20921206432095	0.116388478255599	0.0608442035560193	1.86272296404896	0.0625012532774672	NA
ENSMUSG00000079396	2.15784132981581	0.0214864236331913	0.035749670630464	0.583235261533101	0.559734936670107	NA
ENSMUSG00000022225	2.80987582346353	-0.0574375052176767	0.040796486166402	-1.63306357838837	0.102455625699914	NA
ENSMUSG00000045776	4.43514613010953	-0.0674381726318136	0.0491648103595719	-1.55047792699484	0.121026847404109	NA
ENSMUSG00000022097	9.32833864831904	0.0219117549937614	0.0713189079282078	0.304866172928594	0.760468080149044	NA
ENSMUSG00000050350	3.23442057894058	-0.0170830063845695	0.0448459368695367	-0.391842930652043	0.695174272356665	NA
ENSMUSG00000094132	8.94514508731912	-0.0436329750542617	0.0691585449147612	-0.644364386592087	0.519339172629725	NA
ENSMUSG00000039376	5.61699323255789	-0.00109704576310979	0.0570165665940143	-0.019194572884676	0.984685887017149	NA
ENSMUSG00000090691	9.77081324207	0.0213286523901152	0.0703985335294847	0.29993169980599	0.764229253879379	NA
ENSMUSG00000022221	8.01772189000437	-0.0345702519951903	0.0664085558959996	-0.529961785808663	0.596138426311326	NA
ENSMUSG00000044819	4.02439110175716	0.0275285839011478	0.0479169266125533	0.563474397236599	0.573111889344365	NA
ENSMUSG00000091649	7.23514054045919	0.0194658950542267	0.0621904494560525	0.308986303181591	0.757331945849946	NA
ENSMUSG00000021940	4.61126408558065	0.0527926488216025	0.0527445879936729	0.976384947885842	0.328873737781632	NA
ENSMUSG00000044286	3.27100924448705	0.0196803089496229	0.0434775181104546	0.445622559934831	0.655869911647917	NA
ENSMUSG00000022085	6.7476100567215	0.00787184460872922	0.0564503599069988	0.139042644174027	0.889416451136951	NA
ENSMUSG00000092165	2.90762019560036	0.00392380339745816	0.0393978808062917	0.0995064643293507	0.920736155582533	NA
ENSMUSG00000022066	7.97390852168917	-0.0396841936995483	0.0626857538518638	-0.651522269673922	0.514709406250072	NA
ENSMUSG00000091155	5.93453219467654	0.0170937442264229	0.0590647589926637	0.28633341591852	0.774622766826951	NA
ENSMUSG00000096001	5.56054311504099	0.0380092944617031	0.0548335294797249	0.678148591002589	0.49767748439171	NA
ENSMUSG00000090363	3.84078405790245	-0.00643991072120331	0.0467674793629696	-0.139028130052527	0.889427920338309	NA
ENSMUSG00000072596	3.55329403236844	0.0397912848704036	0.0470157263150945	0.822772729940365	0.410637247064035	NA
ENSMUSG00000021922	3.82254095162877	-0.0073567472104055	0.0478061599240372	-0.154517927628796	0.877201376767713	NA
ENSMUSG00000037544	7.53865376351376	-0.0599525313162539	0.0651378797814486	-0.958251740189292	0.337935832638134	NA
ENSMUSG00000052099	1.95789845741807	0.0143302922733567	0.0343409491310286	0.406530136636607	0.684353118369886	NA
ENSMUSG00000089901	7.46381024427591	0.0153578468075298	0.0599502176941082	0.254296388676727	0.799266589544051	NA
ENSMUSG00000095295	2.21619385787018	0.0209437571924353	0.036151982462392	0.565658361262747	0.571626046029484	NA
ENSMUSG00000022033	8.47182324198412	-0.0431669941982729	0.0599336574093451	-0.748513449040043	0.454150515984692	NA
ENSMUSG00000121906	8.461391799956	0.0626308452310359	0.0659611654501316	0.927134427195839	0.35385674331536	NA
ENSMUSG00000022034	8.10331530891422	0.0118617071235896	0.0650147013178493	0.180721373753731	0.85658628119465	NA
ENSMUSG00000021999	3.49485440186956	-0.0120929865599778	0.0466026244518492	-0.262794984403374	0.792708601572165	NA
ENSMUSG00000021953	3.14846668656011	-0.00145103890164181	0.0432131718419387	-0.0336533349691913	0.973153591173939	NA
ENSMUSG00000091563	2.4178219606614	0.0291464163190156	0.0385421492031519	0.737612459357929	0.460749981970748	NA
ENSMUSG00000022218	6.67134569270502	0.0241376732396863	0.0596648703775551	0.400269134161158	0.688958299300775	NA
ENSMUSG00000022215	2.69526198436079	0.0411538366301652	0.0383654785232172	1.03660650655352	0.299919279718965	NA
ENSMUSG00000091617	7.24269651353949	0.011308115188985	0.063969524914536	0.176132205981778	0.860190079710333	NA
ENSMUSG00000046908	3.22235597918302	-0.00425177118048132	0.043315055853731	-0.0988439400533829	0.921262180176924	NA
ENSMUSG00000079391	8.95110779964363	-0.0169271142880509	0.068832713334802	-0.248192432282232	0.803985521371404	NA
ENSMUSG00000072707	8.91631580290102	-0.0626388215669445	0.0664721360213075	-0.981695285306122	0.326249988807375	NA
ENSMUSG00000095195	5.61565387405551	-0.0243451246160571	0.0570523068581857	-0.436390842864549	0.662553181685036	NA
ENSMUSG00000040432	5.17656022445294	-0.0279820346439052	0.0547753955155395	-0.523273135873829	0.600784192814636	NA
ENSMUSG00000071229	4.81290192275822	0.0305330878001511	0.0520178524489735	0.575737621032197	0.564792542397834	NA
ENSMUSG00000085449	3.68095060728541	-0.0159219312543033	0.0473639037775431	-0.342617518109376	0.731886221371704	NA
ENSMUSG00000065440	4.36427094302103	-0.0445276872981226	0.0503396771503732	-0.941857876232879	0.346265409043136	NA
ENSMUSG00000099879	2.15864039379029	-0.00367487283647177	0.0375021658944846	-0.0984753162595854	0.921554871449296	NA
ENSMUSG00000058443	8.92561225390306	0.054002188317127	0.0679108660312547	0.783045691538789	0.433600281008489	NA
ENSMUSG00000102712	2.02199165045978	0.0135848995491544	0.0357129352222013	0.373553299887707	0.708736683795562	NA
ENSMUSG00000103552	4.90589171143889	-0.0667486613576689	0.0518985993767697	-1.42463974556358	0.154261364769512	NA
ENSMUSG00000075469	5.73774885606733	0.0101103625028117	0.0568622027713224	0.176604684454614	0.85981891426412	NA
ENSMUSG00002075331	3.19960911342527	-0.016956761271034	0.0447968076797116	-0.388460121154747	0.69767556014102	NA
ENSMUSG00000103536	2.9720697438946	-0.0239375213815902	0.0431580116631041	-0.579573970857985	0.562201950250798	NA
ENSMUSG00000059830	4.4088687737312	-0.0192816827870919	0.050154746179099	-0.394106234510912	0.69350260827593	NA
ENSMUSG00000111820	6.61616243282552	0.00134786317860615	0.0616685846851867	0.0218744998288566	0.982548066095897	NA
ENSMUSG00000100155	4.20416823959596	0.0222961260854236	0.0497629254942844	0.440695205022011	0.659433668386392	NA
ENSMUSG00000111254	3.53495334028882	-0.00937769128940355	0.0420079372034655	-0.228020168319081	0.819630561441629	NA
ENSMUSG00000119127	5.06759994789303	0.0222921229808059	0.0525246338824191	0.416052780731553	0.677371381455241	NA
ENSMUSG00000099927	4.02845627073737	0.00144263765536447	0.0472996572786274	0.0305040127681463	0.975665093145636	NA
ENSMUSG00000111481	7.44264425313041	0.00556177389266579	0.0643371495106106	0.086337734144867	0.931197942941839	NA
ENSMUSG00000099980	6.98890487257146	0.0147177483132218	0.0620190768202386	0.234700643338385	0.814441088370184	NA
ENSMUSG00000110926	3.99928376618537	-0.00981148819103501	0.0487789941142058	-0.203790873792542	0.838516924847399	NA
ENSMUSG00000064472	2.10838413334412	0.0314557494756019	0.0334412343722581	0.907115924369955	0.364345497859648	NA
ENSMUSG00002075524	5.89705736271108	-0.0421814791480083	0.0568314108831194	-0.773893363995152	0.4389938541874	NA
ENSMUSG00000097111	4.98515146119218	0.0165998497772458	0.0541713038905677	0.303149740040913	0.76177574939624	NA
ENSMUSG00000118653	4.68136232922456	-0.0105261004205183	0.0465180684996595	-0.229831468975967	0.818222730494211	NA
ENSMUSG00000102830	4.59743202017829	0.000123574172895716	0.0525311994334612	0.0023548896163658	0.998121071669308	NA
ENSMUSG00000103710	2.68088475723735	-0.0380272732878817	0.0383115988224586	-1.11997456371855	0.262724601613433	NA
ENSMUSG00000044798	4.59294361124882	-0.0206673099857303	0.046666621948501	-0.456659432976607	0.647915853420588	NA
ENSMUSG00000102670	4.62142627480074	-0.00203194349133776	0.0512508700250389	-0.0395590990595817	0.968444636117864	NA
ENSMUSG00000070298	5.79285474788867	-0.0421694448497909	0.0580179389391302	-0.75532651097569	0.450053095518343	NA
ENSMUSG00000111457	2.03979204801151	0.0145651975967675	0.0364293411046341	0.393434781466297	0.693998384722423	NA
ENSMUSG00000111380	6.54316904100794	0.00265792405226603	0.0618029501782544	0.0429469509188755	0.965743821832762	NA
ENSMUSG00000074280	4.01231676761325	0.0579789386771073	0.0453970034048924	1.24634808711261	0.212636630961426	NA
ENSMUSG00000101698	9.2344772947989	0.0510202309095248	0.0672838172238612	0.74251531187646	0.457775178134849	NA
ENSMUSG00000103247	9.57685255076947	-0.00856786927867103	0.0712816461256705	-0.120720938294675	0.903912073926317	NA
ENSMUSG00000111806	8.62552706846995	0.0326892238968079	0.0631792706753638	0.511665378274115	0.608885220705256	NA
ENSMUSG00000056271	2.82572173781375	0.0201795121203793	0.0424695958709596	0.466644486312414	0.640754253411091	NA
ENSMUSG00000104263	3.13631498435804	-0.0423374196300889	0.0443818842227929	-1.03460290616626	0.300854396237544	NA
ENSMUSG00000097604	5.841271364276	-0.00575403490261262	0.056718154048639	-0.10169414889552	0.918999446574006	NA
ENSMUSG00000081520	10.0585399165207	-0.0297088683330654	0.0717418609181845	-0.420580837625867	0.674061188865378	NA
ENSMUSG00000056904	6.35213123457924	-0.0182781345320375	0.0609415675094563	-0.30370614526528	0.76135177578017	NA
ENSMUSG00000103938	3.94409563911269	-0.0209985338701297	0.0480245759178155	-0.450185815975018	0.65257646284001	NA
ENSMUSG00000102814	4.9396723312562	-0.04890204740984	0.0547416258382866	-0.940874163834429	0.346769349050139	NA
ENSMUSG00000101608	7.22410678639964	0.00863905109192827	0.0607784369426888	0.141500017013028	0.887474946603419	NA
ENSMUSG00000111409	2.73572214522576	0.00795624695499537	0.0418120175207162	0.187800502194536	0.851033042078312	NA
ENSMUSG00000101309	10.2006656881988	0.0349491932117304	0.0726186824175129	0.474928149530511	0.63483818663854	NA
ENSMUSG00000111019	3.27225176615857	0.0194091978793004	0.0442949336909238	0.427360659422744	0.669116656979156	NA
ENSMUSG00000090602	7.79138757106072	0.0346818023874527	0.0659689137082831	0.518848082091854	0.603866684955264	NA
ENSMUSG00000103486	3.14441611915942	-0.0146491803038122	0.0438447958210754	-0.342077083807123	0.732292882763963	NA
ENSMUSG00000110910	4.62301953555654	-0.0402377640749879	0.0524619535228026	-0.802353077835958	0.422348747286164	NA
ENSMUSG00000111626	2.23083472163338	0.0221498573659091	0.037793467722056	0.573559262110806	0.566266085691363	NA
ENSMUSG00000111685	7.1166159460416	0.0616673448252575	0.0574625739949984	1.05004607626406	0.293696929043807	NA
ENSMUSG00000101209	6.98565823633843	-0.0343400080188562	0.061891340714165	-0.566956034236732	0.570744052607404	NA
ENSMUSG00000101365	4.29160616975783	-0.0159784338896191	0.0479406993540388	-0.341316868472086	0.73286505035687	NA
ENSMUSG00000101502	9.03038215097644	0.0269683688037975	0.0696438932471826	0.382636906756617	0.701989001426039	NA
ENSMUSG00000104462	2.80791647306885	0.033884556915922	0.0423891196983404	0.779326735497209	0.435787269474016	NA
ENSMUSG00000088793	8.31848643307613	-0.0261806036420918	0.0661011262042971	-0.402924361664281	0.687003868957256	NA
ENSMUSG00000111777	8.93536358931744	-0.0814600151239449	0.0693287213530692	-1.23007286749439	0.218669819322621	NA
ENSMUSG00000100839	6.93121223338303	0.0548595086549604	0.0611036204907962	0.88175834624475	0.377907501326391	NA
ENSMUSG00000111030	6.11816622625433	-0.0213585210483721	0.0561173337117664	-0.388449211749409	0.69768363201302	NA
ENSMUSG00000049699	5.20527953692155	-0.0141785582724662	0.0530615478347109	-0.271166822083018	0.786262729418478	NA
ENSMUSG00000111449	2.04994450284524	-0.0135652570448454	0.0354237168177118	-0.395582564396368	0.692413001667232	NA
ENSMUSG00000111280	3.42942185032547	-0.0304444398216165	0.0430651582045844	-0.75651556461329	0.449340144071135	NA
ENSMUSG00000064658	3.90275417902191	-0.0215781403279349	0.0484517429885728	-0.457280519147821	0.647469430082905	NA
ENSMUSG00000025644	7.12564071834647	0.0435540368149541	0.0604059025143601	0.702528205111284	0.482349818431273	NA
ENSMUSG00000103657	9.27904559989907	-0.0551992834401896	0.0665226641769432	-0.862190767724456	0.388582549258755	NA
ENSMUSG00000104272	10.2055299211535	-0.0130499635459726	0.0717220202422783	-0.182653891585621	0.85506959620129	NA
ENSMUSG00000103624	4.80301872073251	-0.0175981316076895	0.0536833562185402	-0.333806420258657	0.738525638387851	NA
ENSMUSG00000104383	4.84357085123516	-0.0186434218244791	0.0537511910355224	-0.35371801062075	0.723550223604289	NA
ENSMUSG00000102452	3.08526939432373	-0.00148991204004841	0.0429919203066305	-0.0345871090904866	0.972408980806295	NA
ENSMUSG00000104094	6.0386574414408	-0.0566444643542838	0.0560859104017309	-1.07425433232453	0.282708706925067	NA
ENSMUSG00000105948	7.15682972360352	0.0745679183521876	0.063323206932747	1.14834418995565	0.250826503368459	NA
ENSMUSG00000111193	4.8667709090763	-0.00793311857133785	0.0524544391757761	-0.151922756993978	0.879247859146211	NA
ENSMUSG00000106208	2.13678456164471	-0.00320789155317557	0.0348904546004302	-0.0922714419662169	0.9264823775615	NA
ENSMUSG00000091866	3.77500076727408	0.00854995813112095	0.0472343649683386	0.179583604773187	0.857479476911579	NA
ENSMUSG00000104268	2.20323822450046	0.0234958923658306	0.0379739585281929	0.603629160484124	0.54609022107006	NA
ENSMUSG00000099773	3.48470194703582	0.0152299604174651	0.0451293293198615	0.333826712917348	0.738510324638473	NA
ENSMUSG00000034452	5.88992949677321	0.00518243363154747	0.0587919073284447	0.0877135195937335	0.930104373959879	NA
ENSMUSG00000101597	2.01793621586592	0.0142262596763019	0.035919065730463	0.388717642837962	0.697485029713063	NA
ENSMUSG00000084659	3.82525216052708	-0.0175001050254684	0.0471993477674792	-0.380894177138399	0.70328177336753	NA
ENSMUSG00000054978	2.27049581852387	0.00809074316719336	0.0371791527659918	0.216136054810596	0.828881696176365	NA
ENSMUSG00000058398	3.17606318369303	-0.00250011714366176	0.0448022258668579	-0.0560238232746514	0.95532282873397	NA
ENSMUSG00000105140	5.01512302971866	0.00239547226094339	0.0540429929853795	0.04429757049461	0.964667208239859	NA
ENSMUSG00000079915	8.57970958559324	-0.0217493371180498	0.0686521207072904	-0.320437642265143	0.748636594237538	NA
ENSMUSG00000111505	5.00861515567308	-0.0615541198577201	0.0540216990100082	-1.22838142846024	0.219303816157868	NA
ENSMUSG00000105592	4.79331459078899	0.0218979701380576	0.0536814698798956	0.402368745826378	0.687412667972247	NA
ENSMUSG00000100130	2.82968520276993	-0.0192520616952957	0.0415311299845949	-0.482544584397109	0.629419134463793	NA
ENSMUSG00000074232	3.47005621607945	0.0298459696148481	0.0456826478246492	0.641116381275788	0.521447071906036	NA
ENSMUSG00000079259	2.17563686017436	0.0326103679002809	0.0346438541193887	0.913816681470585	0.360813179540288	NA
ENSMUSG00000052724	2.39102939469613	-0.00878613068290758	0.0367349552243032	-0.243896309097316	0.807311127792733	NA
ENSMUSG00000074213	6.19678132569849	0.0120447481794658	0.0582066656367979	0.205694373057055	0.837029654226301	NA
ENSMUSG00000111631	9.19084046067896	-0.0814239737492735	0.0682788437374439	-1.25703070832199	0.208742516102499	NA
ENSMUSG00000104469	2.06562107949962	-0.0456152839228966	0.0330766070282413	-1.96573633224287	0.0493290756466334	NA
ENSMUSG00000098340	2.1447937268084	-0.0145230653409756	0.035585300546982	-0.42553656089833	0.670445575183604	NA
ENSMUSG00000098893	2.58037223634501	0.0387394042397291	0.0396631653606454	0.948003392456322	0.343127727159977	NA
ENSMUSG00000103445	4.3725511499046	0.0602009460677567	0.0478168607718965	1.22589081439516	0.220239765936176	NA
ENSMUSG00000102672	6.89058273482223	-0.0164749939392201	0.0610171586524678	-0.27383687756844	0.784209982212412	NA
ENSMUSG00000098275	4.51174663163075	-0.0829521729815494	0.0499417736072509	-1.91142026513407	0.0559505944844893	NA
ENSMUSG00000099051	6.72353918301598	-0.0387686838563382	0.0609114683461028	-0.655583408081986	0.512092203937912	NA
ENSMUSG00000104273	3.7496346622557	0.0313863039960232	0.0399790846662761	0.754495770755972	0.450551583935638	NA
ENSMUSG00000102573	6.32947633845917	0.0075460851116081	0.0608700304863367	0.123374287305147	0.901810717259148	NA
ENSMUSG00000110751	6.5286926477474	0.11641595463674	0.0580837032070192	1.95677141860113	0.0503743488310899	NA
ENSMUSG00000111844	3.20896250428452	-0.0175093082572372	0.0438704931308233	-0.408647966736738	0.682798024203702	NA
ENSMUSG00000111228	2.41287549245537	0.0172930681910786	0.038165818835603	0.444035118337042	0.65701719388964	NA
ENSMUSG00000110895	8.39765908038491	0.00764523458563073	0.0680606249472629	0.112082829999993	0.910757731309642	NA
ENSMUSG00000025243	8.40091058381111	0.0453045452131597	0.0683636203706753	0.652930121161617	0.513801329275675	NA
ENSMUSG00000090608	6.79988843404098	-0.00229911518998136	0.0587069492954692	-0.039285264851651	0.968662954492768	NA
ENSMUSG00000091149	2.54873490619774	-0.000266979023598999	0.0401220193695755	-0.00664411361833096	0.994698803326631	NA
ENSMUSG00000111212	4.23132202800694	0.0199757016711589	0.0487441043298172	0.400811463502313	0.688558938277118	NA
ENSMUSG00000103754	6.4336740860884	0.0166070231927301	0.0590017189315927	0.278054358203133	0.780970631493206	NA
ENSMUSG00000050578	3.22560748260922	0.035362243355292	0.0447046744666432	0.772621187540324	0.439746601554469	NA
ENSMUSG00000077394	4.77146362583658	0.00838812597908899	0.0538490816503714	0.15478512380467	0.876990719344585	NA
ENSMUSG00000120939	10.1053681393454	0.026705725143087	0.073606985440837	0.359559290174831	0.719176731853999	NA
ENSMUSG00000102554	4.6952187305928	-0.029273531791002	0.052841317322697	-0.570398806039941	0.568407239192472	NA
ENSMUSG00000104280	6.84811359220258	-0.0179721759848888	0.0624396596021975	-0.290768754795558	0.771228183391547	NA
ENSMUSG00000103970	3.53259848664305	-0.0242178585879151	0.044498261137092	-0.564660979875122	0.572304379576738	NA
ENSMUSG00000102770	2.08439474591484	0.0242529764992202	0.0346835038414128	0.687256437253896	0.491921145244217	NA
ENSMUSG00000115688	4.46554580577844	-0.0470087006782402	0.0511111883572237	-0.981887280030306	0.32615538294168	NA
ENSMUSG00000111824	3.73129397017609	-0.00486762063037145	0.047900941244897	-0.101975549995129	0.918776082171863	NA
ENSMUSG00000061039	7.94821178333652	0.00485607972990581	0.0599237286376953	0.0808149453713513	0.935589122259855	NA
ENSMUSG00000066809	2.78922504190496	0.0204491700403663	0.0418870957284465	0.477937512602713	0.632694680894384	NA
ENSMUSG00000052658	5.62264192790755	-0.039382597665752	0.0573369345775787	-0.710214414105771	0.477571183703778	NA
ENSMUSG00000119765	2.22104348924536	0.00939627651006002	0.037733519790348	0.246201701704443	0.805526098327741	NA
ENSMUSG00000088254	2.47742674477365	0.000603044135641581	0.0387743589982061	0.0154388864128999	0.987682040246969	NA
ENSMUSG00000111189	2.5179788752763	-0.000447515786815413	0.037460455158191	-0.011902339716471	0.990503531123963	NA
ENSMUSG00000054360	3.94330630952456	-0.0223298460832771	0.04825787601786	-0.476100408549522	0.634002845959945	NA
ENSMUSG00000111269	5.74140317124183	-0.10663767658429	0.0573226021533902	-2.09377295227149	0.036280210694589	NA
ENSMUSG00000120943	4.6517291136388	-7.9500189660248e-05	0.0523300192347852	-0.0015227220106044	0.99878504408686	NA
ENSMUSG00000104041	2.19998185388108	-0.0034990951784436	0.0369415778213531	-0.095592481075486	0.923844237085468	NA
ENSMUSG00000102963	2.48543590993734	-0.00948962020328848	0.0365140583413965	-0.265838306033416	0.79036374038638	NA
ENSMUSG00000111424	3.6172903885793	0.0126744472892572	0.0461586960241459	0.271678564056725	0.78586918496202	NA
ENSMUSG00000111205	2.86020945196786	-0.0180643594086484	0.0389210963883851	-0.484207288404238	0.628238764865641	NA
ENSMUSG00000111292	5.31307952706126	-0.00322371266719722	0.0527566475782482	-0.0615358448257265	0.950932468441478	NA
ENSMUSG00000110795	2.35849616374353	-0.0485052501089383	0.0383641492285263	-1.4486911280373	0.147423859206568	NA
ENSMUSG00000111017	4.00333920077923	-0.0106785336218394	0.0497711337976738	-0.217342748551517	0.827941244695697	NA
ENSMUSG00000080358	9.62267755259655	0.0258295031245507	0.0677451302624483	0.378772545383464	0.704856776536059	NA
ENSMUSG00000032091	2.64852086398058	0.038584096223823	0.0409658482629659	0.921078337624497	0.35700952906736	NA
ENSMUSG00000091996	9.36007281529716	0.0824158884822108	0.0714588694042833	1.12867041695912	0.259036893265009	NA
ENSMUSG00000104120	5.58912748261694	0.0741901789890941	0.0564743419316609	1.28000427616204	0.200543632008789	NA
ENSMUSG00000095654	2.36827766174521	-0.00802395048241322	0.0383102798298504	-0.213006121197363	0.831322188220862	NA
ENSMUSG00000079323	9.90572954953618	0.0942355735009718	0.0683683042144845	1.34815452184297	0.177608688418684	NA
ENSMUSG00002075765	7.50549567347568	0.0282900956376733	0.0644620147806691	0.433014465848478	0.665004260619766	NA
ENSMUSG00000103466	2.70407508069214	-0.00471914556635835	0.041561487628554	-0.113975376963779	0.909257312564366	NA
ENSMUSG00000079243	9.74567891877514	0.0519875274600146	0.0683061015073637	0.744791002997544	0.456398074693986	NA
ENSMUSG00000111792	2.76242760874652	-0.00545628589512695	0.0421416635166774	-0.130534580519963	0.896143496887122	NA
ENSMUSG00000064380	2.19028259113073	0.0237594322967901	0.0379371917553851	0.610059118714443	0.541822646299968	NA
ENSMUSG00000064925	2.60708743425212	-0.00091423694080821	0.0402563896880089	-0.0227873400159855	0.981819906607658	NA
ENSMUSG00000111360	7.68646812751515	0.124781922169171	0.065385732597041	1.86819450492308	0.0617349644584503	NA
ENSMUSG00000110914	2.78111903991041	0.00767741689980397	0.0424681411791642	0.179076368276417	0.857877737435094	NA
ENSMUSG00000104983	3.03941444036252	0.0149256471834075	0.0438371349001849	0.336281953471795	0.736658257359607	NA
ENSMUSG00000110627	8.31479708812115	-0.0785640916347708	0.0675452307425934	-1.22228514220067	0.221599815908052	NA
ENSMUSG00000122056	1.91815025808308	-0.0235011432679439	0.0344143459293469	-0.736875824561274	0.46119786693224	NA
ENSMUSG00000122074	6.06147680806353	0.0379181660967385	0.0586803747638738	0.632066123259488	0.527343670491637	NA
ENSMUSG00000120249	4.1566231880481	0.0426605688577934	0.0450849035497104	0.928610557861772	0.353090948336855	NA
ENSMUSG00000122849	7.39804642242025	-0.018579638895537	0.0636255494069851	-0.295398382954036	0.767689568435031	NA
ENSMUSG00000123010	7.29745166627657	-0.00390185746166194	0.0645618289462437	-0.060519823788254	0.951741627687168	NA
ENSMUSG00000123022	2.16843162617832	0.00776607407336998	0.0346758506895803	0.220116615696872	0.825780334687394	NA
ENSMUSG00000110836	2.05680311597509	0.0119018660271325	0.0340100027717671	0.344653860322116	0.730354609155025	NA
ENSMUSG00000123155	1.98144438715031	0.000723653225903167	0.0340610929434088	0.0211748048290697	0.983106212609523	NA
ENSMUSG00000123166	4.0025498711911	-0.0107683710285379	0.0474633537365574	-0.229966992217309	0.818117418747571	NA
ENSMUSG00000120680	2.13589352803254	-0.0164196392736408	0.0374090370473095	-0.455847765899199	0.648499453063638	NA
ENSMUSG00000123262	4.69935640043799	0.0340345260814685	0.0524984218027902	0.632613029849393	0.526986376128125	NA
ENSMUSG00000123313	9.05046565028404	-0.0199761581290961	0.0688304854992422	-0.29299004694792	0.769529759422335	NA
ENSMUSG00000109590	3.17615028613754	0.0502952059821692	0.0445722054033065	1.09622238030377	0.272981467781219	NA
ENSMUSG00000086296	7.9610276046204	0.0355507906790571	0.0632483516449901	0.550851928015717	0.581735183566392	NA
ENSMUSG00000123434	4.29425493462846	0.0708529810294609	0.0462315703298688	1.51765447034146	0.129101527455749	NA
ENSMUSG00000111757	3.95874137006907	-0.0369832348209822	0.0494477748733199	-0.785569106275218	0.432119969512846	NA
ENSMUSG00000123520	3.59294539487257	0.0487873158669263	0.044845943917053	1.05789314738523	0.290104159675041	NA
ENSMUSG00000123548	10.1161853502383	0.0271614631604795	0.0716920572371691	0.37626987315784	0.706716274134955	NA
ENSMUSG00000111363	6.86321251524234	-0.0303131038432779	0.0598504347978644	-0.516546442177609	0.605472811059653	NA
ENSMUSG00000123680	4.8071563905777	0.0477210414498297	0.0539924125340139	0.863536137990917	0.387842759153698	NA
ENSMUSG00000123814	3.94689881764868	0.00501271705695737	0.046034084021586	0.108996478772319	0.913205283229005	NA
ENSMUSG00000124384	4.85246618281785	-0.0045527245582265	0.0523746894527959	-0.0875867070365837	0.930205167820148	NA
ENSMUSG00000120840	3.37591895364627	-0.0437292803143999	0.0439037113670955	-1.09739067448645	0.27247064823974	NA
ENSMUSG00000124616	3.70934616839282	-0.0439111317533335	0.0479122521417651	-0.979994105310111	0.327089028394606	NA
ENSMUSG00000124851	1.98144438715031	0.000723653225903167	0.0340610929434088	0.0211748048290697	0.983106212609523	NA
ENSMUSG00000124976	4.59496984634022	-0.0353729844423145	0.0506388087793706	-0.733614270727897	0.463183860886642	NA
ENSMUSG00000086648	2.37718272771424	-0.0224139970552928	0.0391353469573081	-0.603173300500188	0.546393407479484	NA
ENSMUSG00000110929	4.70736069840851	0.0340013801707603	0.0511996882679174	0.647697182127497	0.517180827158874	NA
ENSMUSG00000110901	7.41302903985645	-0.00478734097764914	0.0602158705737626	-0.0796874546096232	0.936485837492204	NA
ENSMUSG00000111126	2.13678456164471	-0.00320789155317557	0.0348904546004302	-0.0922714419662169	0.9264823775615	NA
ENSMUSG00000097463	5.47583586255013	0.0168539469458968	0.0553727847698905	0.301883880507383	0.76274058431689	NA
ENSMUSG00000125799	4.86226714959222	-0.0185043012430552	0.0520801954900222	-0.36286707478093	0.7167041832767	NA
ENSMUSG00000125914	2.10918319731861	0.0103972023709048	0.0353114758578371	0.287507518236181	0.773723746120419	NA
ENSMUSG00000125917	4.89795504714018	0.0312046426855964	0.0528108319415623	0.581768611528526	0.560722549260402	NA
ENSMUSG00000100487	6.51748955599201	0.00481321796469918	0.0584777775133489	0.0823703917654829	0.934352179968714	NA
ENSMUSG00000125953	3.53549850200989	0.0200625634106056	0.0418419852668717	0.467613312051132	0.640061143442062	NA
ENSMUSG00000086365	4.2745853674079	0.00954638822661331	0.0494546825883156	0.192166736297947	0.847611600863159	NA
ENSMUSG00000126064	6.87031042904609	-0.0234979132957719	0.0571474574210506	-0.421561754322596	0.673344927142084	NA
ENSMUSG00000126084	3.95228874355175	0.041375717708859	0.0483783392219639	0.831775614430713	0.405535610779418	NA
ENSMUSG00000126255	4.56216249538641	0.012126417209774	0.046375515699598	0.259569804827645	0.79519563039208	NA
ENSMUSG00000126259	7.23864594613881	-0.0013975212143306	0.0637936887280368	-0.0219608713652354	0.982479168131309	NA
ENSMUSG00000126306	2.72188521263022	-0.0293168285683998	0.0396161260315726	-0.794715731012913	0.426778879539306	NA
ENSMUSG00000126562	3.30786229564837	-0.00627034167945909	0.04505921165334	-0.140106148659996	0.888576122585681	NA
ENSMUSG00000110803	2.54062890420319	-0.0137453263966883	0.0407402097159597	-0.345445479591605	0.729759491251635	NA
ENSMUSG00000126706	7.324074894546	-0.078857709681063	0.0636743144282366	-1.3175401017244	0.187657648284751	NA
ENSMUSG00000126983	3.57109929711334	0.0266840272765472	0.0472974829831537	0.552034891710459	0.580924448063435	NA
ENSMUSG00000127193	3.88774722561982	0.0315468403119863	0.0477868080663408	0.648440847354093	0.51669985812982	NA
ENSMUSG00000127235	7.50027508526845	0.104821533384116	0.0645505446173959	1.5885925366381	0.112152414268127	NA
ENSMUSG00000111856	2.11235246549348	-0.0137054607212001	0.0346650432637142	-0.411425641950084	0.680760454831777	NA
ENSMUSG00000127424	3.90847537523655	0.0240974089718819	0.0425933992471455	0.550260168711044	0.58214093982386	NA
ENSMUSG00000127464	4.17648950721171	-0.0424438973346873	0.0506181881818328	-0.885942201711304	0.375648673503709	NA
ENSMUSG00000087047	5.98380545187287	-0.0683040154206888	0.0571474640645308	-1.29098936588073	0.196707364991494	NA
ENSMUSG00000127715	4.4526626732737	0.0401187901146015	0.0490018735910755	0.800252715276286	0.42356439300669	NA
ENSMUSG00000111712	3.00777224302208	-0.0119885703799956	0.043753577012194	-0.279243229138555	0.78005817047946	NA
ENSMUSG00000128308	4.12984035646918	-0.0119970712275167	0.047519486397008	-0.257519695413068	0.796777613125239	NA
ENSMUSG00000128424	4.50204736888041	-0.0579073955244734	0.0498629030788595	-1.2757179923267	0.202055225990906	NA
ENSMUSG00000128476	2.64931992795507	0.0112273044714904	0.0404208719619714	0.274804817024478	0.783466197083771	NA
ENSMUSG00000111746	3.95478277230606	-0.00924266047236598	0.0446221909128768	-0.209676325164846	0.833920304567291	NA
ENSMUSG00000128881	5.02290528035201	-0.0245251363769696	0.0542046376602239	-0.461952072006611	0.644115690908293	NA
ENSMUSG00000128948	9.44553848581377	-0.0895289048109235	0.0695785316533512	-1.35747175372319	0.174631362565159	NA
ENSMUSG00000101144	6.97586213675723	-0.0339438733087355	0.0625957950802375	-0.553822827425169	0.57970010415524	NA
ENSMUSG00000129335	8.60085832340203	0.0395707964041925	0.0689858849198935	0.56612485338675	0.57130890926246	NA
ENSMUSG00000089718	8.38943898822278	0.0187109865071067	0.0648252341932366	0.286429274023321	0.774549356065937	NA
ENSMUSG00000111765	4.76572782804241	-0.00437671021795033	0.0533773237571177	-0.0823100395538901	0.934400171102672	NA
ENSMUSG00000120111	10.0657892777063	0.0957694876438108	0.0721204485394153	1.29503877396339	0.195306854044871	NA
ENSMUSG00000120980	7.08409996842572	-0.00896405035915568	0.0620251205461275	-0.145741394698457	0.884125541992481	NA
ENSMUSG00000129786	6.70424988048968	-0.00238415311382181	0.0613196214949129	-0.0388928202148294	0.968975840878234	NA
ENSMUSG00000129920	3.92638721119865	0.0154112872135236	0.0483042644409725	0.313884025555587	0.753609123453145	NA
ENSMUSG00000111054	7.45559501930696	0.0185110244109997	0.0647190922967708	0.28418647287407	0.776267481377344	NA
ENSMUSG00000130590	9.56750477607848	0.00323641142799224	0.0660567681745437	0.0488533327764185	0.961036179471574	NA
ENSMUSG00000130621	3.38905365909818	0.0423933063393294	0.0450983440272585	0.914909346866248	0.360239222766908	NA
ENSMUSG00000130634	9.09618565935259	-0.0111544875922014	0.0627210059128114	-0.178207168814543	0.858560279941401	NA
ENSMUSG00000111839	2.04789318281288	0.0383653392900636	0.0347261836626487	1.08875724849601	0.276260948810364	NA
ENSMUSG00000130955	3.86668559025555	0.0194806775351073	0.0477815239900928	0.402505597613943	0.687311969633179	NA
ENSMUSG00000111415	5.31513084709362	-0.0547512703913694	0.0547648636885554	-1.06469546287905	0.287013763922672	NA
ENSMUSG00000074149	2.15378589522195	0.0239907338548716	0.0373744910126461	0.622592338415045	0.53355244721512	NA
ENSMUSG00000111172	2.35047726419348	-0.00851007880950797	0.0382661568008878	-0.225763931587322	0.821385031249365	NA
ENSMUSG00000102300	7.77833996805332	-0.00151947996546631	0.0653252788633603	-0.023306753476263	0.981405584683234	NA
ENSMUSG00000131140	1.98945841950718	-0.0255111270953973	0.0356301784021028	-0.775210440247888	0.438215320009329	NA
ENSMUSG00000131162	6.25603462175138	-0.002653018256517	0.0597016878389296	-0.0446022225084013	0.96442437111909	NA
ENSMUSG00000131172	4.3333137194875	-0.0661264982459948	0.0489620905374221	-1.52036156032903	0.128420129910408	NA
ENSMUSG00000131507	9.24511543360957	-0.0246416544969297	0.0697982330718906	-0.357675202124309	0.720586392875015	NA
ENSMUSG00000131972	5.08373723558118	-0.0329941124816918	0.0510605864046829	-0.674584572202524	0.499939737502755	NA
ENSMUSG00000132019	1.90439556073887	0.00257921810024901	0.0347473963820808	0.0733415785504976	0.941534305871482	NA
ENSMUSG00000132037	3.03932733791802	-0.0349092570466348	0.0414812274325057	-0.91840986343281	0.35840432879659	NA
ENSMUSG00000120819	3.67125134453506	0.00941555163858317	0.0463176397508788	0.200471868286019	0.841111557257296	NA
ENSMUSG00000110996	5.25432101239436	-0.109603545166824	0.0556081795233396	-2.22210351162652	0.0262763110202395	NA
ENSMUSG00000132939	1.96679865619393	0.0145442219055791	0.0343768643069505	0.412502140907295	0.679971411821728	NA
ENSMUSG00000133009	3.08121395972987	-0.00112452633420228	0.043828850711995	-0.0255966367493173	0.979579068677808	NA
ENSMUSG00000133280	4.42676600811378	0.00449852991458833	0.0509657146191616	0.0880606023934146	0.929828509421597	NA
ENSMUSG00000111369	6.7533563378771	0.018672699934275	0.0601339873125102	0.305871216396579	0.759702702278241	NA
ENSMUSG00000133470	3.57198059633915	0.0603949082540705	0.0449779031648567	1.30810459668691	0.190837834573285	NA
ENSMUSG00000133496	9.12559259738531	-0.0108701292704285	0.0690692167453311	-0.15785021025181	0.874574832525515	NA
ENSMUSG00000133511	6.85959492217726	-0.0182768555691858	0.0603247713870274	-0.306328521942336	0.759354524978423	NA
ENSMUSG00000133902	4.91701256794295	-0.00834065437853134	0.0545875177228644	-0.153744571143642	0.877811139864159	NA
ENSMUSG00000133952	3.43164250805366	0.0247633527712776	0.0426307736879135	0.562405304334993	0.573839905900165	NA
ENSMUSG00000111498	3.82049936598276	0.0182406555092722	0.0469313930464808	0.382745226056873	0.701908677641752	NA
ENSMUSG00000134442	9.81597083608076	0.035622279259743	0.067140866682961	0.520272628621647	0.602873570497968	NA
ENSMUSG00000134580	1.99033971873299	0.0155884521212302	0.0362709700481828	0.420475282472364	0.674138282469435	NA
ENSMUSG00000096655	4.42428658093899	0.0170207514011966	0.050875981591396	0.330628258134299	0.740925298660116	NA
ENSMUSG00000135149	5.81648291287224	0.00840505234025571	0.058427382282131	0.143310986581092	0.88604457936008	NA
ENSMUSG00000111059	2.7349182140581	0.0433942064993569	0.0393762036467386	1.06742501092577	0.285779959379295	NA
ENSMUSG00000135377	2.73977757981962	0.00696400705096265	0.0403422142851049	0.170393166754276	0.864700945703506	NA
ENSMUSG00000120802	4.68345841342374	0.0763589682892108	0.0525796414584827	1.42235533322306	0.154923123038756	NA
ENSMUSG00000111147	4.74601041837369	-0.00548071896313537	0.0491500764845545	-0.111535097358842	0.911192035548464	NA
ENSMUSG00000136188	4.50258279621513	0.00136819700960402	0.0511665127445129	0.026649405237624	0.978739367553695	NA
ENSMUSG00000136306	7.30399626243157	-0.0397554330778792	0.06178059005143	-0.662067516488013	0.507927952703625	NA
ENSMUSG00000136317	4.34318231993369	0.0194412808124915	0.05090391972879	0.375908834053053	0.706984672769507	NA
ENSMUSG00000111853	3.42229885158076	0.00304255497518895	0.0440846315632316	0.0688064365897058	0.945143694575279	NA
ENSMUSG00000095956	6.54316417381477	0.0157063199906394	0.0611185017843099	0.254846403138361	0.798841733704843	NA
ENSMUSG00000120220	3.19395555088244	0.0375302065235599	0.0450386711268997	0.811684867853613	0.41697247944641	NA
ENSMUSG00000086585	2.98591154368332	0.0021825536178226	0.0436314608949524	0.0499077047796705	0.960195937430537	NA
ENSMUSG00000111669	2.39013836108397	-0.0229067532212804	0.0394278960819895	-0.612124601976836	0.540455321500805	NA
ENSMUSG00000137042	2.68413139347038	0.0108119250138073	0.0402303787121739	0.266617829540531	0.789763426431503	NA
ENSMUSG00000137071	2.33187780266727	0.0149277971439668	0.0356000231545352	0.407856277103665	0.683379194118052	NA
ENSMUSG00000110915	3.87647682264358	0.0297401906922557	0.0466176750344072	0.625888465197036	0.531388100845305	NA
ENSMUSG00000137119	5.10680298550695	0.0257901497241112	0.0537931353921141	0.473449313959987	0.635892654350834	NA
ENSMUSG00000137164	3.17518188446722	-0.0415481042145338	0.0438199008653853	-1.03295221193519	0.301626262931481	NA
ENSMUSG00000137254	5.53869701728175	0.0149418646154971	0.0574647866557333	0.25748367883974	0.796805413077143	NA
ENSMUSG00000110752	8.44925469933346	-0.00806858777506976	0.0671401617385899	-0.120451613078232	0.904125407657343	NA
ENSMUSG00000137685	5.28614228181698	0.00662199928810619	0.0549387432550757	0.119636544496973	0.904771069296476	NA
ENSMUSG00000137722	2.0705578133193	-0.0129302447543207	0.0351423553242966	-0.382861905583188	0.701822158087669	NA
ENSMUSG00000111028	3.84925128234271	-0.0341676284182777	0.0484617146166713	-0.737864100704189	0.460597036018474	NA
ENSMUSG00000110740	6.8765962557545	0.0058541640017851	0.0623742878971751	0.0934112956660037	0.925576817111821	NA
ENSMUSG00000138039	2.31398056828469	-0.0078884045221324	0.0381605742334236	-0.209187784412224	0.834301648102872	NA
ENSMUSG00000138105	2.23083472163338	0.0221498573659091	0.037793467722056	0.573559262110806	0.566266085691363	NA
ENSMUSG00000138140	5.61080910987351	-0.0252225348394427	0.0572695319031844	-0.450175521868613	0.652583884842274	NA
ENSMUSG00000093598	3.34029868977012	0.00581210272242073	0.0404887518968438	0.142218400138414	0.886907498307719	NA
ENSMUSG00000109890	7.21598618282556	0.0367660528766806	0.0638482285951969	0.567619377997465	0.570293446170631	NA
ENSMUSG00000120693	3.52729566318448	-0.0123273403667934	0.0467819945827052	-0.267362039213676	0.789190424190753	NA
ENSMUSG00000110161	9.96249537635688	-0.130492001609678	0.0723195648214215	-1.94078702918593	0.0522841149500852	NA
ENSMUSG00000096993	4.42913621231416	0.00463029970508006	0.0515324504620348	0.0896641500674115	0.928554105252501	NA
ENSMUSG00000138348	6.34492113339003	-0.0299451355470372	0.0585885610115119	-0.52338790960621	0.600704336106956	NA
ENSMUSG00000138388	7.11046929444173	-0.0244123765592473	0.0630962070024124	-0.392680206239551	0.694555691863334	NA
ENSMUSG00000111748	2.21699292184467	-0.0044084002332025	0.0381439491962078	-0.116788075738832	0.907027993266397	NA
ENSMUSG00000111058	6.14777170514193	0.0124870432366985	0.0567199842065282	0.219242586696927	0.826461082970365	NA
ENSMUSG00000111471	4.11653398401519	0.0247939918107314	0.0499547296693066	0.485968591202724	0.626989435180651	NA
ENSMUSG00000101304	3.85610016108621	0.0197538816729993	0.0477859019725001	0.407908009732685	0.683341212077517	NA
ENSMUSG00000138578	2.45827725433319	0.00350639530737049	0.0382434097654611	0.0916218648467468	0.926998478881153	NA
ENSMUSG00000097651	9.82186369929748	-0.0253560251507872	0.0705877177497489	-0.363369715323257	0.716328721587141	NA
ENSMUSG00000138655	5.84128109866235	-0.0309723686951821	0.0567800476597668	-0.55951834959163	0.575808011682275	NA
ENSMUSG00000138697	4.88131493600865	-0.0338120639371226	0.054203598217358	-0.644923471608471	0.518976780342943	NA
ENSMUSG00000138877	4.22559596459912	-0.0160336159430885	0.0478761414317293	-0.340853903386193	0.733213568629838	NA
ENSMUSG00000120030	2.32613713767993	0.016772792507198	0.0366843483980524	0.44443541015594	0.656727816991184	NA
ENSMUSG00000111602	8.41140404334277	0.00793544115564844	0.0659575284239964	0.120056469893672	0.904438414895529	NA
ENSMUSG00000139503	4.56106963218486	-0.0384694951724732	0.0445903648484194	-0.936086863696924	0.349228465953243	NA
ENSMUSG00000099170	4.24629151032451	0.0393950246667428	0.046139423855403	0.833801225547922	0.404393004617673	NA
ENSMUSG00000139665	3.91907053879224	0.00362123549463741	0.0446919797721132	0.0805378777997617	0.935809471935586	NA
ENSMUSG00000139684	9.93617643067595	0.0313413377159742	0.0719143418769951	0.431332190657416	0.666226847266137	NA
ENSMUSG00000109844	7.4308440389877	-0.0440745060746547	0.064196808693124	-0.706400168822259	0.479939315925144	NA
ENSMUSG00000139990	5.76613954998156	-0.00252760655416709	0.0572819253504816	-0.0442543427414042	0.964701665206145	NA
ENSMUSG00000140264	2.43068562439344	-0.0093929302402842	0.0392097700945483	-0.244818228219853	0.806597179259953	NA
ENSMUSG00000140275	10.2262775395429	-0.0497650501720304	0.0651604414635424	-0.789860774525372	0.429609081528269	NA
ENSMUSG00000140606	4.23934579475016	-0.0296174833430072	0.0497472353366265	-0.617276799107816	0.537052167208132	NA
ENSMUSG00000140797	2.39418892848465	-0.00876589680250622	0.0391113906859834	-0.228359582676258	0.819366707687846	NA
ENSMUSG00000140807	8.11088101638088	-0.0225725228428214	0.0667918080683686	-0.342149825645327	0.732238142225006	NA
ENSMUSG00000140986	2.8436043706168	0.0820477620580812	0.0408143114568335	2.02372710378821	0.0429982382280351	NA
ENSMUSG00000140988	2.83470417184094	0.0830598299737962	0.041070463339105	2.03159615031349	0.0421945567499966	NA
ENSMUSG00000141143	4.06177883127811	0.040696856683296	0.0495555689481561	0.80412093455954	0.421327135380792	NA
ENSMUSG00000141156	4.07385316542202	0.00111798046012649	0.048473351552536	0.0231199965822936	0.981554554982806	NA
ENSMUSG00000141188	2.09329981188388	0.0111942165573114	0.0341178970599373	0.324344112218028	0.745677526457426	NA
ENSMUSG00000141677	4.02034540154965	0.0025447196630668	0.0494878703721668	0.0514119541112743	0.958997259368099	NA
ENSMUSG00000141959	3.51951827974431	0.00165635737516325	0.0434707545298264	0.0382049842033753	0.969524246979289	NA
ENSMUSG00000142069	4.14493441231578	-0.0148354652557257	0.0488269594764345	-0.308806211110564	0.757468944137085	NA
ENSMUSG00000111243	5.87283619355829	-0.0585883851710741	0.0584765177208468	-1.05656202552303	0.290711519217314	NA
ENSMUSG00000142250	3.04426893893087	-0.0124309520107367	0.0435145883974711	-0.291883179152129	0.77037594484749	NA
ENSMUSG00000142421	1.91330062670791	-0.0101063912639676	0.0334998824755164	-0.309425841092807	0.756997615887832	NA
ENSMUSG00000142507	2.30507550231566	0.00523547222119084	0.036678164802062	0.140666277720452	0.888133586632006	NA
ENSMUSG00000111365	4.83474802051745	0.0584514458170588	0.0531985658898436	1.07230963743886	0.28358097947679	NA
ENSMUSG00000142605	1.950591519398	-0.0249385434695681	0.0354762715181246	-0.758642029665513	0.448066723362038	NA
ENSMUSG00000142606	6.56951328208299	0.026093019344937	0.0584530539183892	0.441951717107226	0.658524145309467	NA
ENSMUSG00000142670	5.68019539198744	-0.0144829646472455	0.0577387017736663	-0.253364014237152	0.799986933072511	NA
ENSMUSG00000110790	2.20403728847494	-0.0041908226442993	0.0381034985741367	-0.111005525370869	0.911611965201779	NA
ENSMUSG00000142792	2.35946943260702	0.0264175239963385	0.0360433706307236	0.710677129750813	0.477284335045573	NA
ENSMUSG00000097701	3.52030760933244	0.00288332332405174	0.0445195468260705	0.0649425139040267	0.948219770817846	NA
ENSMUSG00000142835	4.69699593062396	0.00545700237211524	0.0445643123499584	0.121210415576595	0.903524374509631	NA
ENSMUSG00000099190	3.51140741055658	0.00275330739676662	0.0450208751685888	0.0612996006333487	0.951120608854202	NA
ENSMUSG00000143153	5.46445623659948	0.0294213590338521	0.0559142185562207	0.518667357330981	0.603992728706185	NA
ENSMUSG00000143455	7.53638114511932	-0.0085638327841162	0.0585944321591912	-0.14644058378618	0.883573591388756	NA
ENSMUSG00000143629	5.37605477196046	-0.0330272859911558	0.0564324142849748	-0.602882989429566	0.546586532968297	NA
ENSMUSG00000120856	3.72149787059488	-0.00345387584707176	0.0475125303407234	-0.0729245255478011	0.941866177335375	NA
ENSMUSG00000074465	3.75022205025667	-0.00315007784825555	0.0427209376458327	-0.0744794181178475	0.940628917637219	NA
ENSMUSG00000144058	8.42819793116236	-0.0293337681712614	0.0643700018972006	-0.463500974649518	0.643005316393665	NA
ENSMUSG00000144154	4.99362355282561	-0.0216900734801637	0.0524652016753235	-0.422205356137513	0.67287513234325	NA
ENSMUSG00000050702	1.91330062670791	-0.0101063912639676	0.0334998824755164	-0.309425841092807	0.756997615887832	NA
ENSMUSG00000126979	4.58447638680856	0.000349356919676833	0.0529720849934594	0.00659727391857236	0.994736175180817	NA
ENSMUSG00000096647	2.62172829801532	-0.00163619899061204	0.0410582734499515	-0.0400279431518664	0.968070848726532	NA
ENSMUSG00000129320	3.13877229100293	0.00955126291965072	0.0414797544276054	0.22689181943117	0.820507863332538	NA
ENSMUSG00000131983	3.94823330895789	0.0424205327995578	0.048706416300875	0.846720223437537	0.397151083686895	NA
ENSMUSG00000082465	2.34562276562513	0.0171736052186443	0.037232336609122	0.449115096590085	0.653348630626747	NA
ENSMUSG00000074029	6.35221833702374	0.0329110464092803	0.0610424507782911	0.530587065015112	0.59570496114746	NA
ENSMUSG00000066477	4.28762323602895	0.0722481976823064	0.049793288155821	1.42309689133693	0.15470806941552	NA
ENSMUSG00000111854	1.97333838515576	-0.0110803461990121	0.0337329809162457	-0.338966184991963	0.734635204170429	NA
ENSMUSG00000130430	3.41735725056791	-0.0224363829579663	0.0460964419464092	-0.503463799446686	0.614638225759343	NA
ENSMUSG00000135913	2.52362270343278	-0.0258289983469952	0.0394166977110916	-0.695386058530728	0.486813395138472	NA
ENSMUSG00000144146	5.72489005952846	0.034031393889444	0.0574056874686621	0.581205021030961	0.561102284054758	NA
ENSMUSG00000093619	5.40329079562277	0.0278983268694034	0.0542111045213154	0.50302176583005	0.614948969294775	NA
ENSMUSG00000111221	4.72393317586824	-0.00240459117632303	0.0507108557479528	-0.047717766058989	0.961941174963528	NA
ENSMUSG00000111398	1.97245221873677	-0.0387973352237376	0.0353883517396104	-1.25063155644638	0.211068931975551	NA
ENSMUSG00000120809	7.97355216643663	-0.0181221202456131	0.0632378466841342	-0.290011548416694	0.771807402741733	NA
ENSMUSG00000111800	2.12213883068833	0.0109529781591217	0.0367530475226147	0.291541592931414	0.770637138137619	NA
ENSMUSG00000130567	3.44979851188283	-0.0214459562532744	0.0450183394603159	-0.494389162420141	0.621031366369003	NA
ENSMUSG00000132063	1.98628915133231	0.00155489548063587	0.0361051390274817	0.0429435021622327	0.965746571006132	NA
ENSMUSG00000128452	2.349678200219	0.018242650001937	0.0388757646794981	0.457455445975088	0.64734371932861	NA
ENSMUSG00000111871	2.12213883068833	0.0109529781591217	0.0367530475226147	0.291541592931414	0.770637138137619	NA
ENSMUSG00000036912	2.80297000486282	0.020294746736568	0.0409016517217849	0.485859162109044	0.627067024462133	NA
ENSMUSG00000111817	2.10019589609824	-0.0413836935530643	0.0362481450806203	-1.3134420729331	0.189034028242662	NA
ENSMUSG00000129889	5.98118621261224	-0.0222130934761901	0.0568716372579292	-0.396658007590817	0.691619670223817	NA
ENSMUSG00000111253	5.43053093750316	0.0532994414620917	0.0554012867296214	0.940107475759704	0.3471624345676	NA
ENSMUSG00000127667	3.27790046150823	-0.0183361870453762	0.0441551757968475	-0.42695688425257	0.669410731893979	NA
ENSMUSG00000111610	2.06378630263396	0.0104203310918253	0.0343558258444178	0.294720515317243	0.768207389958461	NA
ENSMUSG00000119966	2.78922017471178	0.0343047852557448	0.0418577747534373	0.797219937088399	0.425323309063234	NA
ENSMUSG00000143460	3.26121801209902	0.00850626305962395	0.044440124823032	0.190282807658929	0.849087525028302	NA
ENSMUSG00000143419	2.47123288770292	0.00333489321808665	0.0385176319081862	0.0866264736255694	0.930968422086694	NA
ENSMUSG00000111155	2.14162932582671	-0.00263367237493326	0.0353610686617406	-0.0747622129589852	0.940403907331859	NA
ENSMUSG00000110924	7.70782779232237	0.0211167475115215	0.023063638857516	0.964357047407501	0.334866948908783	NA
ENSMUSG00000122189	4.57953965298888	-0.0387628625252688	0.0525190779534437	-0.772086384963201	0.440063265505769	NA
ENSMUSG00000123826	3.64040334397593	-0.0283463206842591	0.0471022020636168	-0.625950021951574	0.531347723018825	NA
ENSMUSG00000128799	2.60303686685143	-0.0147547514903235	0.0408963840826925	-0.37115573127232	0.710521543196835	NA
ENSMUSG00000110765	4.17092791430655	0.048836903458186	0.0501242908152811	0.948209472550563	0.343022825782808	NA
ENSMUSG00000140500	2.59007636628853	-0.000247139993055206	0.0402151993232033	-0.00615637391869632	0.995087955328281	NA
ENSMUSG00000102461	5.2406436831083	-0.00309091193760214	0.053739609799969	-0.057558517853975	0.954100292817911	NA
ENSMUSG00000133688	2.95426934634288	-0.0244777963270047	0.0431369015268656	-0.59182375997103	0.553968610940467	NA
ENSMUSG00000111399	8.23455125683668	-0.00107007077515336	0.0599053761363469	-0.0179356536694309	0.98569018606849	NA
ENSMUSG00000086236	7.48635591742158	0.00549298387235235	0.0640185523555184	0.0857934848821128	0.931630585694574	NA
ENSMUSG00000122775	9.98408195569444	-0.0509508744930829	0.0692557477628762	-0.756940669726781	0.449085408409441	NA
ENSMUSG00000122856	2.29809718284997	-0.00511208427393297	0.0328724952348848	-0.158581607743321	0.873998520304222	NA
ENSMUSG00000111278	2.71386631308017	0.00741260461699456	0.0402880765311292	0.18122556525868	0.856190528659446	NA
ENSMUSG00000099616	3.46894800232329	-0.0216017700827171	0.042914912102749	-0.522583723104815	0.601263969970564	NA
ENSMUSG00000056418	7.67231231075159	0.0339685398225988	0.0639927965669071	0.521909814214375	0.601733124740697	NA
ENSMUSG00002075067	3.73534940476995	-0.00502746482493361	0.0466022019230839	-0.108310920855568	0.913749059990931	NA
ENSMUSG00000101411	3.16628168569135	-0.041848845680764	0.0438148077985337	-1.03921913498081	0.298702833183955	NA
ENSMUSG00000103835	6.60120755208747	-0.0611086925828198	0.060166099764861	-1.07024009086809	0.28451125292266	NA
ENSMUSG00000122269	2.38043909833362	0.00441825689376731	0.0390239566289752	0.112409752088832	0.91049852328841	NA
ENSMUSG00000137890	6.82713905928281	0.0184756752483512	0.0603184953357949	0.302353905736709	0.762382289163018	NA
ENSMUSG00000123991	7.89817131708195	0.0285588755993374	0.0651220731496643	0.432474968367211	0.665396241380353	NA
ENSMUSG00000111577	2.37550236451394	-0.0346207807449578	0.0381969787481067	-1.0009252984054	0.316862924781587	NA
ENSMUSG00000137476	6.20648545564201	-0.0242017234823476	0.0580334184368753	-0.4264370960443	0.66978937531261	NA
ENSMUSG00000137438	2.29608333390212	-0.0306234175033195	0.0365261186084341	-0.928331977043376	0.353235391689672	NA
ENSMUSG00000137512	2.36828252893838	-0.0226843375612348	0.039116329007688	-0.609967123959403	0.541883585838926	NA
ENSMUSG00000144015	2.92586891804229	0.0163203794922085	0.0418984531979945	0.381178327430278	0.703070929556634	NA
ENSMUSG00000111692	7.36234392329277	-0.03058130346143	0.0643919900973229	-0.48389126186535	0.628463042110696	NA
ENSMUSG00000111623	4.2875458679708	-0.00363093429315181	0.0497689438922039	-0.0735370236560823	0.941378783198111	NA
ENSMUSG00000111873	6.94629655484327	0.0775888740580362	0.0614340613722003	1.22944474701305	0.218905101909974	NA
ENSMUSG00000110729	9.80139685701428	0.115679859064568	0.071630254557749	1.57691288172644	0.114815572076504	NA
ENSMUSG00000111785	10.0154653835883	0.0353458979016101	0.0704334350797074	0.494422531882514	0.62100780446294	NA
ENSMUSG00000111490	6.80925642647976	-0.0423854833497477	0.0613810667814124	-0.711317744485298	0.4768873581033	NA
ENSMUSG00000032015	7.02135100107956	0.00195471897571214	0.0630301141424425	0.0309063875329829	0.975344195843424	NA
ENSMUSG00000032315	1.94979245542352	0.00224846785574986	0.0359752101483502	0.0620746849494932	0.950503356594531	NA
ENSMUSG00000059741	1.98143951995713	0.0153641774759207	0.0362367053058533	0.414454586040423	0.678541219624851	NA
ENSMUSG00000046167	9.27527920933688	0.0300935481906119	0.0670501689037997	0.441517616088269	0.658838311197672	NA
ENSMUSG00000035594	7.14243789490056	0.0214606260979087	0.0547904736162665	0.387178512212099	0.69862405676688	NA
ENSMUSG00000047257	2.74956394501447	0.0330389283581538	0.0411935877579622	0.777838955797312	0.43666395920087	NA
ENSMUSG00000032103	6.24159495060026	0.0184974187225226	0.0549218871565689	0.332835513954565	0.739258448892556	NA
ENSMUSG00000032269	5.48232913501618	0.113202158153601	0.0546159327774383	2.04702338564457	0.0406557884644783	NA
ENSMUSG00000107504	6.24669658144674	-0.014955891369231	0.0575604037673375	-0.262538933752067	0.792905972918417	NA
ENSMUSG00000070291	4.23786175696876	-0.00415139180087235	0.0460746877390446	-0.0902719482759601	0.928071111151566	NA
ENSMUSG00000005800	9.9486358967073	0.082132814831072	0.0700493772408447	1.14574990240728	0.251898649321823	NA
ENSMUSG00000056880	4.22918847272325	0.010427296018576	0.0503454424599048	0.20578714268427	0.836957184905527	NA
ENSMUSG00000001348	7.15269692095151	7.80372423326428e-05	0.0641014289556513	0.00121883900629008	0.999027507415561	NA
ENSMUSG00000032105	2.48544077713052	-0.0244895004158218	0.0390362834697746	-0.664704911252788	0.50623925194888	NA
ENSMUSG00000003309	8.137770419177	0.0377880376468195	0.0673958090315052	0.552537849031941	0.580579910252251	NA
ENSMUSG00000066319	5.24662099701233	-0.0152349174296472	0.0551547903656729	-0.280559306530985	0.779048431500294	NA
ENSMUSG00000032291	1.98063558878947	0.049799111366637	0.0336151688084643	1.47226591897947	0.140949082736385	NA
ENSMUSG00000031965	2.05768441520091	0.0521432477393484	0.0354380001937819	1.47778869393036	0.139464345507128	NA
ENSMUSG00000060461	5.77638397445298	0.00722083403404835	0.0569148300520537	0.125728151609517	0.899947116926581	NA
ENSMUSG00000038086	7.02540643567342	0.00151208648602213	0.062562713175874	0.0240898343190786	0.980780952009183	NA
ENSMUSG00000059412	7.68166083441766	0.0392691650369072	0.0602119188556169	0.635944613811421	0.524812522595355	NA
ENSMUSG00000044534	2.63062362959801	0.0121300536714164	0.0399626035605969	0.299737455377346	0.764377426146873	NA
ENSMUSG00000032401	7.05528116736905	-0.0333987969625595	0.0609798822379651	-0.561187637771396	0.574669629490068	NA
ENSMUSG00000091956	2.09939683212375	-0.0150869506527571	0.0364647843373324	-0.4288385859906	0.668040696138773	NA
ENSMUSG00000032081	3.76205000109753	-0.00472029088847603	0.0484937019323125	-0.0978512294377908	0.922050427324841	NA
ENSMUSG00000032271	5.33955807605167	-0.0325565021905793	0.0564589961631091	-0.593224320162747	0.553031038712727	NA
ENSMUSG00000102037	2.65867331881432	0.00911826917432938	0.0399072286417147	0.223993475394417	0.822762380139224	NA
ENSMUSG00000032093	10.1199944015291	0.0614275548816724	0.072193114615492	0.835384435773282	0.40350129024428	NA
ENSMUSG00000010651	7.5533768625283	0.00293445046292816	0.0647858554068719	0.0452440991964851	0.963912744143791	NA
ENSMUSG00000043013	4.61611371695582	0.0393862984398045	0.0524675043301941	0.73472263111361	0.46250843459218	NA
ENSMUSG00000074472	8.01972600456587	0.016272643426115	0.066707110394332	0.242500620730848	0.808392275934363	NA
ENSMUSG00000044938	3.99373677485974	0.0345862004923855	0.0460227592565031	0.732736365270407	0.46371923967794	NA
ENSMUSG00000039977	8.96997343569653	0.0905043975692543	0.0694949331978758	1.27187766685022	0.203416588028884	NA
ENSMUSG00000032454	2.61607960266566	0.0350372117974389	0.0388340102819453	0.879959094074823	0.378881469834997	NA
ENSMUSG00000048521	4.04388159689553	0.0149680821719736	0.0483477363763996	0.306408374428683	0.759293732939235	NA
ENSMUSG00000031991	2.84837176674064	0.00673232225882143	0.0413310727522149	0.162114770864051	0.87121547459292	NA
ENSMUSG00000035498	3.46240340616828	0.0145385617990955	0.0446938859429273	0.318728689342784	0.749932257447139	NA
ENSMUSG00000032053	3.86962794390007	-0.0193443433769611	0.0456325358004682	-0.435539722047261	0.66317071304255	NA
ENSMUSG00000032530	3.49485926906274	-0.0224911760343903	0.0434813670935877	-0.537428503604668	0.590971658816842	NA
ENSMUSG00000047220	2.58531870455104	0.0520093317355688	0.040378829552056	1.25711877453307	0.208710629717217	NA
ENSMUSG00000042254	6.64509828846082	0.0223176385413418	0.0604173126102031	0.363930478494834	0.715909924467288	NA
ENSMUSG00000089929	3.83909882750897	-0.00643657151512361	0.0485361914593308	-0.133847103769168	0.893523478859067	NA
ENSMUSG00000047990	2.70981574567949	-0.00469514894262335	0.038071539456003	-0.123985875153075	0.901326458759024	NA
ENSMUSG00000032068	7.50108875082246	0.0389221746335618	0.0629658989617955	0.60933991453681	0.542299155569078	NA
ENSMUSG00000032083	6.39673879967575	-0.019114546229262	0.0600435450631507	-0.32285316869649	0.74680644448901	NA
ENSMUSG00000041737	5.84733578062454	0.0320213201265691	0.0578870633210801	0.544868759615543	0.585843783763112	NA
ENSMUSG00000067399	6.27957568429044	-0.00304730865032859	0.0592676262343058	-0.0516435688244606	0.958812702736606	NA
ENSMUSG00000032207	8.58702625799966	-0.0102293666189852	0.0672332565472128	-0.152969843739506	0.878422056577159	NA
ENSMUSG00000001349	8.59320551349087	0.0247339636941023	0.0680521118864532	0.358925982134154	0.719650462042428	NA
ENSMUSG00000032065	4.64003060352012	-0.0409286824056635	0.0525392598581502	-0.81518897130736	0.41496414978913	NA
ENSMUSG00000032013	8.96614978282619	0.0879965280145261	0.0675144071359095	1.27762634610939	0.201381206462339	NA
ENSMUSG00000085576	9.88725877975707	0.0663740298512054	0.0714365708837513	0.913460541376299	0.361000377200867	NA
ENSMUSG00000037705	5.33425525259311	-0.0160960957721444	0.0536371194953778	-0.305935320301294	0.75965389275118	NA
ENSMUSG00000043659	8.27897033791561	0.124875543038271	0.0599113196616208	2.05438099987714	0.039938830550368	NA
ENSMUSG00000084224	6.97698008489974	-0.00684157519918461	0.060692464646781	-0.113361959099878	0.909743597491945	NA
ENSMUSG00000083394	6.41048376263361	-0.0184754362070183	0.0604479805582187	-0.310110242869993	0.75647712329946	NA
ENSMUSG00000081485	2.80782450343117	-0.00570760912023164	0.0417072106269812	-0.13845916438321	0.889877540810372	NA
ENSMUSG00000093176	5.86808339901397	-0.0166654647079836	0.0517949689218981	-0.327099865390954	0.743592353621485	NA
ENSMUSG00000093673	8.50116433525687	0.0376318156416037	0.0667371639363019	0.554890576081666	0.578969508191674	NA
ENSMUSG00000084835	2.24863998637828	0.0084394462280362	0.0378053457767497	0.221319727903705	0.824843490182571	NA
ENSMUSG00000018168	3.50082684858042	-0.00933806422475937	0.0432194541310512	-0.220186015880579	0.82572628710247	NA
ENSMUSG00000017204	5.78243865641517	0.0678307929014509	0.0561658659853583	1.17606423139717	0.23956920985603	NA
ENSMUSG00000085955	2.02595024822279	-0.011176265352511	0.0345618243727163	-0.335378976809618	0.737339224651093	NA
ENSMUSG00000078157	4.47172506126965	-0.00919985952733183	0.0508076728173551	-0.182581931487573	0.855126062601119	NA
ENSMUSG00000047197	3.67978545367204	0.062826262664872	0.0468437960701728	1.31607596718672	0.188148546399536	NA
ENSMUSG00000024205	4.14096608016642	0.033836992261158	0.0484070761598497	0.680994707043369	0.495874839582812	NA
ENSMUSG00002075624	2.75838190853901	-0.0305251374401739	0.0401686520812938	-0.816876097626757	0.413999238646478	NA
ENSMUSG00000077639	4.57311888138781	-0.0506882896089894	0.0517649082901913	-1.04656100509844	0.295302094766516	NA
ENSMUSG00000081451	7.47587971122664	-0.00623249273778144	0.0628340667777086	-0.0998013354083009	0.920502047843129	NA
ENSMUSG00000087328	4.32422650315494	0.0560903981076775	0.0453521304731414	1.21887326774381	0.222892297288547	NA
ENSMUSG00000089581	2.59097226709387	-0.00167131861476126	0.0376354454624634	-0.0445092084119167	0.964498512001372	NA
ENSMUSG00000082087	3.82938983037227	0.0470737064691036	0.0483743671773455	0.949559287859249	0.342336233315481	NA
ENSMUSG00000084129	3.56705359690582	-0.000736217141092487	0.0456717742494977	-0.0161133960098999	0.987143926432443	NA
ENSMUSG00000102563	2.75544442208765	-0.00305827784037474	0.036733158936315	-0.0844931552155573	0.932664344729134	NA
ENSMUSG00000098415	2.78913793946045	-0.0324228821662021	0.0416698024133457	-0.835383955650794	0.403501560485921	NA
ENSMUSG00000020401	1.91734632691542	0.0149560942557716	0.0335586772808398	0.431834031791097	0.66586204325605	NA
ENSMUSG00000082530	9.33733568392575	0.044967517213659	0.071131003846188	0.622897153378166	0.533352108792442	NA
ENSMUSG00000083212	2.04376038016086	-0.0381277521695413	0.0351130056304481	-1.25630771650581	0.209004425283981	NA
ENSMUSG00000081340	8.33041608794102	-0.0164003572470476	0.0650389011637162	-0.254332290048768	0.799238855899833	NA
ENSMUSG00000086547	4.13425701350876	-0.0533890506493684	0.0497377845445484	-1.16222784354644	0.245142927479797	NA
ENSMUSG00000069804	4.51641486161749	0.0523929173757642	0.0515859272963277	0.985625561555169	0.324316889781608	NA
ENSMUSG00000042189	4.18142624103139	-0.00268584105943873	0.0502836244852025	-0.0535590336134447	0.957286496077139	NA
ENSMUSG00000081600	9.53033770794231	-0.0337644054675835	0.0709252916785221	-0.482476851257054	0.629467238973245	NA
ENSMUSG00000087622	2.85331823494667	0.018216571460388	0.0415198788396856	0.431678671808544	0.665974970840208	NA
ENSMUSG00000080180	6.653906517599	-0.0130059139348679	0.0612637842131421	-0.213836267079994	0.830674741979989	NA
ENSMUSG00000085941	3.81069839920838	0.032508021653501	0.0469316525480647	0.676990666516761	0.498411876256125	NA
ENSMUSG00000080978	3.64726195710578	-0.00136896488534762	0.0466395589868346	-0.0294772432831083	0.976483968282863	NA
ENSMUSG00000080951	9.59721947794049	0.0277865412719774	0.0714439240394352	0.385587951775156	0.699801857585876	NA
ENSMUSG00000087242	5.67973733271087	0.000655786444228852	0.0545721857672335	0.0120566498782865	0.990380418262574	NA
ENSMUSG00000080768	2.00330021929589	0.000838298496587835	0.0357331488829016	0.0234366991846401	0.981301931322398	NA
ENSMUSG00000098613	1.9725344539881	0.027397380402416	0.0348091201247694	0.762902537770174	0.44552152262617	NA
ENSMUSG00000086039	5.20695990012185	-0.00247943197574994	0.0557063697740786	-0.0446358419611992	0.964397573365304	NA
ENSMUSG00000082507	7.76342498428891	0.0824595108345932	0.0641869781822455	1.25946463642067	0.207862555689258	NA
ENSMUSG00000065589	4.23292502314909	-0.0423352877182215	0.0496909266597942	-0.902842146006478	0.366609679260431	NA
ENSMUSG00000082816	3.54518803037389	0.0261463735043193	0.0463585083077862	0.550729817460004	0.581818901246154	NA
ENSMUSG00000084170	1.83705086427095	-0.0337983549262631	0.0333795642364884	-1.16235108504944	0.245092883805128	NA
ENSMUSG00000083838	3.43515764811963	-0.0210453791382798	0.045221581327388	-0.482564112394755	0.629405265846896	NA
ENSMUSG00000086442	3.0264588069928	0.0149547862388374	0.0435184391247744	0.339031417848815	0.734586062280082	NA
ENSMUSG00000085811	2.70282769182745	0.0086348477202002	0.0383552012405706	0.2235090738295	0.823139321850662	NA
ENSMUSG00000086268	1.94169132062214	-0.0232536031988836	0.0340717687690282	-0.739283989796854	0.459734569056853	NA
ENSMUSG00000088106	1.90113919011949	-0.0213962966871896	0.0332558057303398	-0.696686854902718	0.485998786999776	NA
ENSMUSG00000085798	3.33095016610404	-0.00390117807580575	0.0397302554012937	-0.0995506876409879	0.920701044818846	NA
ENSMUSG00000086976	3.6445458810143	0.0210775165805095	0.0455810766131151	0.45048148561875	0.652363301102517	NA
ENSMUSG00000050107	7.01244593511052	0.0145789559708581	0.0626904095625615	0.230172465885697	0.817957756521461	NA
ENSMUSG00000084183	3.13551592038356	-0.0155285809663835	0.0446976225942565	-0.355201653107545	0.722438526372907	NA
ENSMUSG00000099449	2.01388564846523	0.000566123910935062	0.0351346330732941	0.0161122435357707	0.987144845854398	NA
ENSMUSG00000103828	2.94728129249084	-0.00741595065757709	0.0390651749554198	-0.194097803757833	0.846099301274231	NA
ENSMUSG00002076252	3.62171191281204	-0.0386763837521792	0.0457863607354509	-0.904712946622517	0.365617480501368	NA
ENSMUSG00000085738	2.61775996586596	0.0472811237123649	0.0388003752202777	1.19522954703885	0.231997357363706	NA
ENSMUSG00002076145	2.26644038393	0.00854340800029264	0.0371706309454198	0.228161298596542	0.819520847179114	NA
ENSMUSG00000083761	1.83625180029647	-0.00788392421513322	0.032095836246971	-0.250161234672248	0.802462662533512	NA
ENSMUSG00000018925	3.81363588565974	0.00546981084863456	0.0468374287637786	0.115450836679756	0.908087786466166	NA
ENSMUSG00000083935	7.52084363157569	-0.0330858251264813	0.064549905465936	-0.523447310550932	0.600663008291102	NA
ENSMUSG00000121249	8.07341591880177	-0.0985163117860616	0.0632974627407223	-1.70699883789184	0.0878222683950411	NA
ENSMUSG00000083485	3.53936026294204	-0.0212422681039721	0.0435028682533612	-0.508829274594023	0.610871897715643	NA
ENSMUSG00000083300	1.91726409166409	-0.0455765245974412	0.033070324726382	-1.93147864658759	0.0534238875130425	NA
ENSMUSG00000080573	2.62657792939049	-0.0151573827438402	0.0409508462944336	-0.381435687153875	0.702879984459526	NA
ENSMUSG00000089542	2.57147203756915	0.0396110397463515	0.0401748472898973	0.95631339248184	0.338913925748453	NA
ENSMUSG00000109737	4.64856957985028	-0.001192152881777	0.0520696657575841	-0.0229627576206694	0.981679980223646	NA
ENSMUSG00000081552	4.04063496066251	-0.0362354378618241	0.0485991060470677	-0.787739633329438	0.430849017744157	NA
ENSMUSG00000082286	2.21610675542568	-0.0277840244331089	0.035582375914014	-0.863178902980802	0.3880391112385	NA
ENSMUSG00000082145	3.9668327704841	0.0156294024944878	0.0464921316203158	0.331117243391279	0.740555927279449	NA
ENSMUSG00000070354	3.09902409166794	-0.0277523786611514	0.0435312068442287	-0.668851897150402	0.503589957629792	NA
ENSMUSG00000083465	5.13801707570496	0.0114304058345213	0.054318710071854	0.208518476175223	0.834824157783617	NA
ENSMUSG00000103469	2.97621714812615	0.0138838258490809	0.0421182347377552	0.323968423847102	0.745961940194314	NA
ENSMUSG00000085033	10.0140194538687	0.018344767921276	0.0719198414514394	0.25378864415532	0.799658846940418	NA
ENSMUSG00000085229	3.16725008736168	0.0497881166037213	0.0444138175155177	1.08856457542715	0.276345945487724	NA
ENSMUSG00000086586	7.16452973898554	-0.0123569544193638	0.0605422440251924	-0.205372589553293	0.837281034193524	NA
ENSMUSG00000081835	3.80959018545222	-0.0193214006120573	0.0465197107767001	-0.425032424466239	0.67081303799456	NA
ENSMUSG00000084081	2.42583599301827	0.00405917369508043	0.0396241671918553	0.102127335793157	0.918655603625166	NA
ENSMUSG00000082487	6.49620587329057	-0.0334740312210502	0.0593033669190988	-0.579271938604256	0.562405696832833	NA
ENSMUSG00000082148	2.3069827800463	0.026545693092091	0.0329557443587372	0.792949269825119	0.42780737991587	NA
ENSMUSG00000083412	2.40882979224786	-0.00954313322310675	0.0393777475354149	-0.247137475069228	0.804801832141267	NA
ENSMUSG00000084249	3.35414535675201	0.0186496451089727	0.0450357211288111	0.40615902401727	0.684625759463897	NA
ENSMUSG00000091191	3.74423986915946	0.0220780056526782	0.0477461238666354	0.453311777354175	0.650324253388461	NA
ENSMUSG00000020703	2.85816299912867	0.0190523758794743	0.0417124748053704	0.449483536599599	0.653082881798805	NA
ENSMUSG00000035385	3.79289313446349	0.0461546500413436	0.0474406313713345	0.946939751632803	0.343669480330975	NA
ENSMUSG00000081153	3.4907989672757	-0.0116475374270266	0.0465936143872864	-0.25313191637524	0.800166276127608	NA
ENSMUSG00000098516	8.1151009214774	0.097091116730482	0.0659094997293778	1.43325040885094	0.151786288524685	NA
ENSMUSG00000023781	6.11333119645868	-0.0502589936374232	0.0586206330003866	-0.895924616997082	0.370293025558566	NA
ENSMUSG00000087881	6.36508200075579	-0.00482983988605305	0.0600807363589801	-0.0807210185846815	0.935663820947759	NA
ENSMUSG00000121252	2.70091067971045	0.00683864070224408	0.0380552793747469	0.176762763580069	0.859694738777616	NA
ENSMUSG00000038692	5.86441448225994	0.134272753305679	0.0578866871939265	2.28944852365265	0.0220533055515681	NA
ENSMUSG00000075589	2.07548967994581	0.0380060958037605	0.0351251470026093	1.07064266991794	0.284330129670869	NA
ENSMUSG00000087596	3.23521964291507	-0.043576609980342	0.0445599500223683	-1.06621556109401	0.286326209378606	NA
ENSMUSG00000081103	9.00269855139901	-0.0203199704478176	0.0698149203648847	-0.293445518965505	0.769181636867153	NA
ENSMUSG00000070330	2.09453746636223	0.00384896628534594	0.0138927492178367	0.268588290951559	0.788246523771253	NA
ENSMUSG00000085511	2.05399507024593	-0.000574266675613636	0.033428285392532	-0.0171061015610509	0.986351971283585	NA
ENSMUSG00000121829	2.92867696377146	0.0260530867165827	0.0390061299222215	0.656694453945667	0.511377401252681	NA
ENSMUSG00000046634	6.3286945278214	-0.013151317668914	0.0538991932230346	-0.247397532579468	0.804600583566318	NA
ENSMUSG00000082706	3.97089307227113	0.00344438781483661	0.0494740068208456	0.0694298758940604	0.94464744876699	NA
ENSMUSG00000020690	5.66113787118466	0.0256798173592073	0.0572313530817316	0.443380979327288	0.657490191387598	NA
ENSMUSG00000109112	6.2167347473066	-0.0286359080727589	0.0597479588024801	-0.488566742206491	0.625148463383169	NA
ENSMUSG00000083666	3.04101256831149	-0.0369489837483457	0.04240060273744	-0.947576180965948	0.34334525679428	NA
ENSMUSG00000017588	2.07144397973829	0.0112196479927767	0.0340488400473153	0.325037363733259	0.745152793509813	NA
ENSMUSG00000087692	2.66521304777615	-0.0133036306572214	0.0356649532851125	-0.386240546821928	0.69931852716426	NA
ENSMUSG00000051617	8.27422241056446	0.168184145304673	0.0646129676422842	2.57536111392001	0.010013547970574	NA
ENSMUSG00000092509	9.85156114782277	0.0437593017280666	0.0714920767901657	0.604338907057892	0.545618344123356	NA
ENSMUSG00000082981	2.9227045170606	0.0270842522814317	0.0409153868403193	0.641863907438701	0.520961550617135	NA
ENSMUSG00000122012	6.72820179683445	0.0794703658428416	0.0595441056664227	1.30729882621052	0.191111242718653	NA
ENSMUSG00000122057	1.96759772016842	-0.011822919838055	0.0361607186783036	-0.336398721520572	0.736570213445538	NA
ENSMUSG00000122069	8.86965205057897	-0.00320528868506528	0.0689171682445789	-0.0466737285036071	0.962773269136548	NA
ENSMUSG00000122174	3.16311241751648	-0.0165255062402237	0.0449437159649739	-0.376435641594537	0.706593053096621	NA
ENSMUSG00000120410	2.82291855927776	-0.00783503989541233	0.0411238729784171	-0.19192830000143	0.847798369328146	NA
ENSMUSG00000122248	7.3448950138004	-0.0413645247048494	0.063130323088265	-0.673330535092192	0.500737030737172	NA
ENSMUSG00000122309	2.65653976353063	-0.00176104252662751	0.0399354391829117	-0.0444232750686036	0.964567009137887	NA
ENSMUSG00000122315	3.40280835644239	0.0167024294455186	0.0452870116868086	0.36303716386137	0.716577122716058	NA
ENSMUSG00000122356	4.4770125341736	-0.00792590311829916	0.0492855704820134	-0.162826683824381	0.870654897982539	NA
ENSMUSG00000122387	1.90835902569505	-0.0352804313275777	0.0341048118110596	-1.19336275766844	0.232727333891222	NA
ENSMUSG00000086170	6.42432069522915	0.0192794589275764	0.0605860435727514	0.315539741021793	0.75235188202139	NA
ENSMUSG00000122429	7.40809717322995	-0.0516593206967073	0.0620176713416837	-0.868119823563814	0.385328739904824	NA
ENSMUSG00000122512	4.15913256735702	-0.0154583819613381	0.0488589653425136	-0.320786195722427	0.748372421221454	NA
ENSMUSG00000122552	4.92106800253681	-0.00878051485334923	0.0545888900708593	-0.161866685022961	0.871410838296244	NA
ENSMUSG00000122557	2.87271189325419	-0.0160695586877001	0.0377920002127326	-0.445963972129411	0.655623270767184	NA
ENSMUSG00000122717	7.72889737316116	-0.0271548450036255	0.066043371313918	-0.417334446270972	0.676433796361125	NA
ENSMUSG00000122723	5.29775855668432	-0.0162044485398414	0.0547678641048434	-0.301104592840206	0.763334738879653	NA
ENSMUSG00000122779	4.42227759918431	-0.0219936761242193	0.0513203681270907	-0.437940235971311	0.661429607296078	NA
ENSMUSG00000086335	3.85658520808585	-0.0660360170357535	0.0457396941911647	-1.66491259015449	0.0959301960052374	NA
ENSMUSG00000122866	3.19467237960559	-0.0574017659159575	0.044676764475991	-1.44124981297808	0.149514120158638	NA
ENSMUSG00000122875	9.24373871602047	0.017578051100448	0.0668271986338771	0.259779405902665	0.795033937424248	NA
ENSMUSG00000123048	1.82814579830192	-0.0196722140481025	0.0324495350797574	-0.653087397193252	0.513699936600477	NA
ENSMUSG00000123079	2.97047648313881	0.0137652481746675	0.040660100312016	0.332380237181169	0.739602159541773	NA
ENSMUSG00000109297	3.01093664400378	-0.0226543829737041	0.0416366515220926	-0.571399114208612	0.567729129401719	NA
ENSMUSG00000123200	6.55729469518421	-0.0850050186332131	0.0599579977169463	-1.53882357916168	0.123847371821427	NA
ENSMUSG00000085088	9.79626644953289	0.0340527740764718	0.0699370302808382	0.481460270136047	0.630189410152859	NA
ENSMUSG00000123270	8.97440469431563	0.0141822759455476	0.0676461057500109	0.20778193088396	0.835399241774593	NA
ENSMUSG00000123273	3.22965805000991	0.0481498397003827	0.0444601689381692	1.0573364158403	0.29035807917652	NA
ENSMUSG00000123339	3.48991280085671	-0.036945532358044	0.0460262866788336	-0.854343310603131	0.392914796332206	NA
ENSMUSG00000123421	3.62055162639185	0.0255849281842285	0.0473203852073026	0.530702484627018	0.595624963998562	NA
ENSMUSG00000123446	7.35874168078229	-0.0311652444699584	0.0638651561555833	-0.49639586088291	0.619615144788822	NA
ENSMUSG00000123462	2.61201930087862	0.0525819343329501	0.0404626329759144	1.27038377325624	0.203947960481015	NA
ENSMUSG00000123495	2.59581703127587	-0.00113868880715536	0.0397979326536555	-0.0286796120789195	0.977120116882881	NA
ENSMUSG00000085081	2.35938233016252	-0.0207717720516186	0.0372221324079934	-0.588751402494535	0.556028050425998	NA
ENSMUSG00000123930	3.77668599766756	0.00834552345107813	0.0479443322003666	0.172732932032215	0.862861356842089	NA
ENSMUSG00000123944	2.4655068242951	-0.0322582640802438	0.036333415672898	-0.996337506835887	0.319086185865084	NA
ENSMUSG00000123951	2.13669259200703	-0.0422317952042777	0.0365354400280289	-1.33011786521474	0.183479440180472	NA
ENSMUSG00000123981	6.2880429087307	-0.0292752252819676	0.0597748908362223	-0.500384683756733	0.616804235881547	NA
ENSMUSG00000086459	8.61372685432725	-0.00992921099595502	0.0684531605613597	-0.145910894723845	0.883991730894268	NA
ENSMUSG00000120705	4.77956962783113	0.0208180402692673	0.0534134642270406	0.384231487553991	0.700806882481354	NA
ENSMUSG00000124272	2.81672470220703	-0.00483184634989746	0.039352524236459	-0.124360574484486	0.901029787970406	NA
ENSMUSG00000121192	1.96759285297524	0.00242469530935493	0.0335823839619914	0.0718122767833836	0.942751302586896	NA
ENSMUSG00000120459	3.28484617708259	0.0541694314061063	0.0425781766274426	1.2546004562784	0.209623837750565	NA
ENSMUSG00000087013	7.98314220621258	-0.0328501238408449	0.0667558371250299	-0.501377551731649	0.616105435329005	NA
ENSMUSG00000124971	4.28968429044766	-0.00609878898812424	0.0509877870947659	-0.120032224998247	0.904457620639932	NA
ENSMUSG00000085336	1.96274808879324	0.00202243845104925	0.0360230513155561	0.0558424985898276	0.955467278766167	NA
ENSMUSG00000063109	5.26735401382224	-0.0284150676004836	0.0547330549035501	-0.533719738597841	0.593535450676994	NA
ENSMUSG00000125176	2.73492308125127	0.0311700646235377	0.039546959192394	0.763198675054252	0.445344918849001	NA
ENSMUSG00000069588	2.22113059168986	0.0605309265544092	0.0368676397369758	1.64203392354737	0.100582973932221	NA
ENSMUSG00000120196	2.59906853470207	0.039826375727119	0.0408856816768173	0.94775372556819	0.343254843070013	NA
ENSMUSG00000125349	3.71223644937331	0.0309286867155109	0.0439398286787414	0.690459285030669	0.489905405613136	NA
ENSMUSG00000125365	5.18519117042077	0.0470336273297432	0.0546128997350325	0.84088449370758	0.400412646096362	NA
ENSMUSG00000085675	2.01388564846523	0.000566123910935062	0.0351346330732941	0.0161122435357707	0.987144845854398	NA
ENSMUSG00000085059	3.69876560641666	-0.0519301864622956	0.0454536970223248	-1.26850668572311	0.204617064687053	NA
ENSMUSG00000125843	1.989453552314	-0.0103043717772038	0.0339858574203467	-0.313465382775214	0.753927116886977	NA
ENSMUSG00000126058	3.87875992439946	-0.0188800165186223	0.0475231248574892	-0.409120041587597	0.682451569137714	NA
ENSMUSG00000126156	5.4980577843346	-0.0339413718128629	0.0559125351912258	-0.627316577347225	0.530451739071506	NA
ENSMUSG00000126181	4.82099819036642	0.0721752557017588	0.0536155107410405	1.3129550890411	0.189198082046226	NA
ENSMUSG00000126194	4.21543864257221	0.0230813881453667	0.0503619093049382	0.451167140166425	0.651869090732255	NA
ENSMUSG00000085113	2.01793621586592	0.0142262596763019	0.035919065730463	0.388717642837962	0.697485029713063	NA
ENSMUSG00000126311	3.32330222338606	-0.0333595896852757	0.0452347602719619	-0.780093486246049	0.435335850232904	NA
ENSMUSG00000126410	2.16269096119098	0.0101423875123603	0.0375609996180093	0.265400084695307	0.790701270922067	NA
ENSMUSG00000120103	3.31280389666122	0.0190574200381212	0.0453532167173554	0.411142176347411	0.68096828519852	NA
ENSMUSG00000126616	3.64930840994497	-0.0422490944301526	0.0473672147067486	-0.952228789581472	0.340980963288234	NA
ENSMUSG00000126685	8.1980725632397	-0.0221651294988103	0.0641066263951859	-0.350464056307272	0.725990460642843	NA
ENSMUSG00000084769	2.06253891376926	0.0246579538046295	0.0348422606776493	0.69398124152874	0.487693972903838	NA
ENSMUSG00000126736	2.81673443659338	-0.0336771061005251	0.0420228704292237	-0.860503685514732	0.389511452804024	NA
ENSMUSG00000126900	2.73977271262645	0.0212095118935953	0.0415193586645716	0.497962865815254	0.618510215852737	NA
ENSMUSG00000119952	5.21100073313619	0.0367886624618319	0.0550958795388316	0.655006925908139	0.512463294887388	NA
ENSMUSG00000127003	7.16240105089503	-0.0383632278291259	0.0637586413088427	-0.616961795469376	0.537259925370141	NA
ENSMUSG00000127086	7.32892452592117	-0.0903138013351555	0.0632754580780848	-1.54057987349013	0.123419069419071	NA
ENSMUSG00000127162	6.95195498457928	0.0180784685429777	0.0633886356365497	0.282753315172721	0.777365943543438	NA
ENSMUSG00000127302	2.04059111198599	-0.0126148635078214	0.0357801648818013	-0.36559059671282	0.714670592822223	NA
ENSMUSG00000127526	5.66686880178565	0.0464103528297224	0.0546754583127185	0.830863496464361	0.406050747254539	NA
ENSMUSG00000127551	1.93110102425963	-0.0107675788976357	0.0353755567721342	-0.312252070698352	0.754848962215787	NA
ENSMUSG00000084822	6.0342261828217	0.0162059436454614	0.0589224556298312	0.273025737126329	0.784833431541132	NA
ENSMUSG00000127744	4.89029737003584	0.028797780286929	0.0517665579102567	0.543801604458154	0.58657800461692	NA
ENSMUSG00000127745	5.29900594554902	-0.0316392682203052	0.0564749841537912	-0.575592704309291	0.564890513514729	NA
ENSMUSG00000120346	5.35267817992406	0.0928461913914766	0.05518439644422	1.63808850676006	0.10140323217905	NA
ENSMUSG00000121755	4.21535154012771	-0.0279717442282732	0.0498231107817914	-0.582904147053261	0.559957828743933	NA
ENSMUSG00000128253	9.87243884391168	-0.0139578833744795	0.0716188422447201	-0.196484990651192	0.844230579423881	NA
ENSMUSG00000086020	3.44740131995937	0.0562472611283332	0.0457853314483475	1.20146868843459	0.229569445368661	NA
ENSMUSG00000128610	3.80068511948319	-0.00686988628234315	0.0463034388390368	-0.148861662821871	0.881662792722274	NA
ENSMUSG00000128643	5.72972995651728	0.048078724960032	0.057623698525193	0.814490227116896	0.415364168596548	NA
ENSMUSG00000128754	3.65775541663744	-0.0352129457209207	0.0441986094869565	-0.859916157406924	0.389835261266917	NA
ENSMUSG00000085338	4.86866358522742	0.0493397742961776	0.0486114082091635	0.99073306497612	0.321815941026998	NA
ENSMUSG00000128825	2.46233268892706	0.00325635612108934	0.0392275525922527	0.083009708471184	0.933843820015024	NA
ENSMUSG00000128930	3.09777183561007	9.97852984724958e-05	0.042779627085274	0.00234864606063385	0.998126053292255	NA
ENSMUSG00000129135	4.4053585008584	0.0135843703733755	0.0472256866434436	0.282165013872025	0.777816983656069	NA
ENSMUSG00000087291	2.13588866083937	-0.00167040306343136	0.0346613220274386	-0.0483453644173334	0.96144100122234	NA
ENSMUSG00000129238	4.73679683960028	-0.0372954215167175	0.0506158367628324	-0.77833458800115	0.43637178995072	NA
ENSMUSG00000086680	8.04856502337032	0.0145865832910708	0.0668231770641207	0.216539990882734	0.828566856294212	NA
ENSMUSG00000129343	9.8422279747113	0.0186117229806897	0.0714282225168617	0.2583831289056	0.796111235825235	NA
ENSMUSG00000086749	4.66073101643869	0.00982743862062615	0.0502427637332973	0.194286612552729	0.845951467547401	NA
ENSMUSG00000086591	3.97662400287212	0.0278517811747545	0.047668117711595	0.571495176815922	0.567664028860332	NA
ENSMUSG00000129623	4.58639339892556	0.00170089385027031	0.0483226529726081	0.0353578006221468	0.971794433879932	NA
ENSMUSG00000129662	9.02993944225449	0.023667267643636	0.0656734889756777	0.354925418032136	0.722645465734903	NA
ENSMUSG00000084967	4.71142586738873	0.00907014587845759	0.0524546222939314	0.171341400811323	0.863955328628564	NA
ENSMUSG00000129861	2.82158406796855	-0.0473593489238532	0.0420949971348262	-1.25442066512058	0.209689145207031	NA
ENSMUSG00000129887	2.79318363966797	-0.00417988194385665	0.0382423240009128	-0.110531136765345	0.911988157579415	NA
ENSMUSG00000129907	7.74838300110636	-0.0270550551201372	0.0659906825277533	-0.416362835156884	0.677144519428268	NA
ENSMUSG00000129995	9.51689216037978	0.0602888330962278	0.068631489428963	0.860617409742585	0.389448794082434	NA
ENSMUSG00000087060	9.25717516617395	-0.0217905165602531	0.0676065059055862	-0.326878729801838	0.743759609305565	NA
ENSMUSG00000130437	3.17209971873685	0.0366693990154463	0.0444479333351361	0.802253360397386	0.422406415376396	NA
ENSMUSG00000085178	6.31158397126976	-0.0307507071196378	0.0608147455672079	-0.516615171063908	0.605424823089229	NA
ENSMUSG00000130558	4.46451496008044	-0.022605860832872	0.0505231131954003	-0.458279175330646	0.646751883421874	NA
ENSMUSG00000130600	5.22195225194441	-0.0143395007435301	0.0534375426275491	-0.271702627723327	0.785850680648829	NA
ENSMUSG00000130633	3.28512516427697	-0.0451922331313368	0.0445958912751071	-1.10590522665551	0.268767542307317	NA
ENSMUSG00000130641	2.14488569644608	0.0234729898000677	0.0371045164601958	0.613097387970336	0.53981194723287	NA
ENSMUSG00000130674	6.01371457637167	0.0238894785285374	0.0567747402923105	0.412911020457162	0.679671806535949	NA
ENSMUSG00000097887	5.53860991483725	-0.0363328716547275	0.0570210636495029	-0.658552999784091	0.510182852552547	NA
ENSMUSG00000084983	3.03465191143185	0.0804676880086822	0.0433323494202894	1.84789491495978	0.0646175463040066	NA
ENSMUSG00000130772	5.3719993373666	-0.0325877979537862	0.0564232609311623	-0.594970501151292	0.551863189462511	NA
ENSMUSG00000130777	4.88466327626571	0.0276619383138283	0.0522493461852284	0.517738306718403	0.604640867428785	NA
ENSMUSG00000085192	2.60707769986577	0.022147243289202	0.03676682522396	0.586960797146167	0.557230036089703	NA
ENSMUSG00000130916	4.73011729855262	0.0216943678996988	0.0532522627514928	0.400701914929479	0.688639600772289	NA
ENSMUSG00000054418	4.24707597271947	0.0613767267232729	0.0501061639915404	1.1958441830658	0.231757370371488	NA
ENSMUSG00000130948	5.78631988612002	-0.0257264334309364	0.0549154675841833	-0.481438045268759	0.630205202473898	NA
ENSMUSG00000131053	4.68733964312859	-0.0236185768723334	0.05006510158089	-0.488230791814309	0.625386376481211	NA
ENSMUSG00000131157	3.35899498812718	0.0057456291913549	0.0443612853159036	0.128601518534275	0.897672964671202	NA
ENSMUSG00000131449	2.24098717646712	-0.00611874911030875	0.0366299056245865	-0.168059232007154	0.866536681260251	NA
ENSMUSG00000087434	2.94853354854872	-0.0370705143997362	0.0427499452773651	-0.935457360387728	0.349552647935842	NA
ENSMUSG00000131477	2.37638366373976	0.00499658485163107	0.0394979030169869	0.125554055278445	0.900084933631291	NA
ENSMUSG00000120019	5.16543936794888	-0.0900149575260309	0.0543024870562515	-1.86849776672498	0.0616927211280752	NA
ENSMUSG00000131619	3.22235111198985	0.00920500004304612	0.0443921132902187	0.205592329287808	0.837109369872843	NA
ENSMUSG00000131702	2.26723944790449	-0.0159768524455961	0.035530241570246	-0.474239224218232	0.635329325380996	NA
ENSMUSG00000120045	3.9182812092041	0.00303419602178982	0.0481169169505537	0.0627028969975969	0.950003090464919	NA
ENSMUSG00000086031	8.5013336729527	0.140147404441845	0.0661525142241747	2.0653993584268	0.0388852292366939	NA
ENSMUSG00000132039	1.95384789001738	0.00174418288507408	0.0355597582193459	0.0487369289854638	0.961128945756751	NA
ENSMUSG00000132089	2.5721888662923	-0.0534663176400167	0.0399115494945601	-1.54059789098765	0.123414681544465	NA
ENSMUSG00000132145	3.94904210731872	-0.0103066937268369	0.0491615094772681	-0.211824152613323	0.832244225002009	NA
ENSMUSG00000132195	1.95869265419938	0.00243580613739542	0.0355763839836875	0.068063808080533	0.945734840485255	NA
ENSMUSG00000132216	6.15316649823817	0.0361269675595111	0.0593852526207769	0.59717349976713	0.550391550026952	NA
ENSMUSG00000085165	3.38006149068463	0.00501697814703844	0.0459953676201764	0.10849269387572	0.913604875749407	NA
ENSMUSG00000132460	8.11531227499998	-0.09039316127224	0.06359753506593	-1.53501361549714	0.124780483614729	NA
ENSMUSG00000132820	2.95346541517522	0.016483911647517	0.0434194117746139	0.372530091396681	0.70949821192045	NA
ENSMUSG00000132916	6.78716944958795	-0.0116792790964128	0.057926901347762	-0.20449654207511	0.837965493927056	NA
ENSMUSG00000132980	8.39113395300261	-0.00537204581381149	0.0669920595700608	-0.0804456802317831	0.935882797032481	NA
ENSMUSG00000120851	2.59661609525036	-0.0257361487249438	0.0387701888131087	-0.709672517033168	0.477907238711357	NA
ENSMUSG00000133189	3.72723853558222	-0.00442298524441248	0.0478954875528373	-0.0926542836027269	0.926178217107072	NA
ENSMUSG00000085502	2.85411729892116	-0.00727420315280465	0.0405667252061023	-0.182052731872037	0.855541343242968	NA
ENSMUSG00000133206	5.88219445161071	-0.066735694093465	0.0560510771016513	-1.28319644302906	0.199423261844929	NA
ENSMUSG00000120230	8.58880345803082	0.0212210238577131	0.0638997308562944	0.328585206376648	0.742469231329922	NA
ENSMUSG00000133392	2.86133226730354	-0.00700942841718544	0.0418707684501538	-0.170012925653024	0.864999971436001	NA
ENSMUSG00000133423	3.68050714958837	-0.0393819361051728	0.0458591737439711	-0.923114609223315	0.355947482090294	NA
ENSMUSG00000133447	6.35086924413501	0.0311041381098319	0.0565602301829869	0.542631878383067	0.587383285604663	NA
ENSMUSG00000133454	4.02035026874282	-0.011140953402043	0.0493797551841246	-0.228758322502537	0.819056761658508	NA
ENSMUSG00000133520	6.6165285224644	-0.050796933047382	0.0615084737689049	-0.857652330482343	0.391084469719947	NA
ENSMUSG00000133522	2.79327560930565	0.0309817248640238	0.0401074816945089	0.751703240249325	0.452229541386241	NA
ENSMUSG00000133524	5.19231416916547	0.0114360416495106	0.0549554520105254	0.206667437808074	0.83626958922741	NA
ENSMUSG00000084796	4.64777051587579	0.0245184885544058	0.0524788866325734	0.460539286296274	0.645129179296785	NA
ENSMUSG00000133762	4.18952737583276	0.0241993998440763	0.0509652582741496	0.466869513706997	0.640593238054068	NA
ENSMUSG00000133799	2.03979204801151	0.0145651975967675	0.0364293411046341	0.393434781466297	0.693998384722423	NA
ENSMUSG00000084850	9.26625930422518	0.0443500736384372	0.0683126732130816	0.640069213614276	0.52212760291404	NA
ENSMUSG00000133801	2.84352700255864	0.00639192554185851	0.0422937049948452	0.150419221029059	0.880433877606133	NA
ENSMUSG00000119939	2.43077759403112	0.0296294904850611	0.0390499268041616	0.741201358050281	0.458571360115772	NA
ENSMUSG00000133903	6.09009928370129	0.0253480539955038	0.0563611353969138	0.444288119474608	0.656834289627474	NA
ENSMUSG00000133926	5.99297182517542	0.0673884256163578	0.0592766447981237	1.10910954477972	0.267382927818375	NA
ENSMUSG00000133951	2.84926766754598	0.00492522490805853	0.0405387104532416	0.120921703307692	0.903753051556246	NA
ENSMUSG00000134177	2.63062849679118	-0.00139829297814205	0.0410776668967051	-0.0342182172745176	0.972703139762759	NA
ENSMUSG00000134222	3.71180834223089	-0.00425638685025401	0.0447830187858423	-0.0953424444812602	0.924042830364758	NA
ENSMUSG00000134255	3.27710626472692	-0.00654523737841533	0.0450210524953232	-0.146071754066126	0.883864744208358	NA
ENSMUSG00000118601	3.77343449424136	-0.0297379751445445	0.0469028593559166	-0.664340515491864	0.506472395405619	NA
ENSMUSG00000134271	3.34525002516932	0.00512020523443842	0.0454244656875104	0.111854874636685	0.910938476810299	NA
ENSMUSG00000086584	8.81334110817061	-0.0266959156971761	0.0678957691856476	-0.398420894870464	0.690319958231714	NA
ENSMUSG00000134341	6.21259221026823	-0.0787478755145848	0.0595527881112699	-1.42568683281016	0.153958758950414	NA
ENSMUSG00000134520	1.97650278613745	-0.0262715454653795	0.0362259851117782	-0.78228176450563	0.434049001266692	NA
ENSMUSG00000134532	4.15877621210449	0.00879577930540236	0.0478656820585587	0.181876665006404	0.855679517678373	NA
ENSMUSG00000134766	5.35340474303357	-0.0184313790556566	0.0534756961074657	-0.350660176683372	0.725843305064723	NA
ENSMUSG00000134768	2.03979691520468	0.00015980070698563	0.0358558068416484	0.00447099314624251	0.996432675482167	NA
ENSMUSG00000053613	8.13126254513142	-0.0238040923009043	0.0665077348915091	-0.36249865737696	0.716979426665681	NA
ENSMUSG00000134819	4.71355942267242	0.0173530208040178	0.0490708089288004	0.345414407444548	0.729782847383336	NA
ENSMUSG00000134859	7.61418183003438	0.0646391854496661	0.0652198823458584	0.9706909848807	0.331702182475607	NA
ENSMUSG00000134996	5.38127049297452	-0.0981113449803932	0.0558352771561247	-1.9739368714935	0.0483889215520639	NA
ENSMUSG00000135111	2.09455206794176	-0.0125508700289309	0.0326130385652639	-0.401000342592281	0.688419871677924	NA
ENSMUSG00000135113	2.16754545975933	-0.0162407437925407	0.0359201943167277	-0.471800992294319	0.637068842573164	NA
ENSMUSG00000135119	2.15458495919643	-0.00321654497139597	0.0374866337768948	-0.086203785147051	0.931304421798754	NA
ENSMUSG00000135127	3.83098795832125	-0.00532951570917885	0.0475799019730515	-0.113030897990778	0.910006059123306	NA
ENSMUSG00000135158	3.63431119092923	-0.0140080959454304	0.0456304661412733	-0.313509765824407	0.753893402352339	NA
ENSMUSG00000121064	5.91663009310079	0.00573951252869566	0.0582388966978317	0.0981513002135165	0.921812152463808	NA
ENSMUSG00000135674	2.55042013659122	-0.000704122088815082	0.0393648908114214	-0.0178635639749099	0.985747696108997	NA
ENSMUSG00000135707	3.06612477107646	-0.0122757537748094	0.0433613613558742	-0.289753183259288	0.772005066357343	NA
ENSMUSG00000135771	3.24332077771644	-0.016173465596498	0.0439954866759852	-0.378687215157443	0.704920148352522	NA
ENSMUSG00000135828	6.94701338356643	-0.0063790759781459	0.0621395439929304	-0.103135876426689	0.91785513156426	NA
ENSMUSG00000086943	5.75653712406207	0.0456679408390847	0.0574386867359881	0.777191950170184	0.437045530792874	NA
ENSMUSG00000135965	1.97570372216297	0.00162359968879675	0.0342535456178734	0.0472076441248405	0.962347735185707	NA
ENSMUSG00000086386	6.70670718713457	0.0466791729996411	0.0614820910282675	0.742855870516561	0.457568945458157	NA
ENSMUSG00000136199	4.4721677699916	-0.00880090418106826	0.0499861904081946	-0.178204103195034	0.858562687419327	NA
ENSMUSG00000121121	2.9405097818055	0.0163186090919193	0.042856908066118	0.373177815023269	0.709016106550368	NA
ENSMUSG00000136236	5.62176062868173	-0.0788626674588197	0.0573682037898301	-1.49273770628005	0.135505859130687	NA
ENSMUSG00000136278	4.81685078613488	0.0322462067699909	0.0516886419328105	0.611625526573928	0.540785545195026	NA
ENSMUSG00000136331	5.05073355920846	-0.0226503806482428	0.053464511111455	-0.434409988702726	0.663990745521054	NA
ENSMUSG00000136342	4.40312810874386	-0.015912196164155	0.0468047531923133	-0.349087299547426	0.727023771038429	NA
ENSMUSG00000136509	2.23479818658957	-0.0180089672894829	0.0377369690570154	-0.499856746462498	0.617175950271164	NA
ENSMUSG00000136554	2.30904383446502	-0.0474440903546914	0.038032362770572	-1.42892987222597	0.153024390547946	NA
ENSMUSG00000136636	2.80871066985016	0.0200926733939446	0.041636132903252	0.473014726276461	0.636202672889068	NA
ENSMUSG00000120794	2.4356272254063	0.0164356283856497	0.0390777781732526	0.413427643859419	0.679293324591138	NA
ENSMUSG00000085578	7.86157778434231	0.00712604718136643	0.0664899105624961	0.106691537845895	0.915033696107745	NA
ENSMUSG00000136942	6.1295383332546	-0.0133849590306677	0.0595638896108065	-0.226640619813777	0.82070320400981	NA
ENSMUSG00000086487	10.1349045181003	-0.00753873631494477	0.0676030801590845	-0.111847327767929	0.910944460791241	NA
ENSMUSG00000137148	2.58038197073136	0.0122468288681226	0.0402818850791998	0.299102207505638	0.764862061997845	NA
ENSMUSG00000137219	2.72672997681222	-0.032005101566337	0.041801491606643	-0.818092970208009	0.413304102629886	NA
ENSMUSG00000085636	4.82092082230826	-0.00589494760856158	0.0523880388150668	-0.113221912412979	0.909854623775278	NA
ENSMUSG00000137409	9.67022747133759	-0.0107297692158408	0.0696900693200323	-0.15492368665478	0.87688147984483	NA
ENSMUSG00000137624	4.3667331168591	-0.00774546796163169	0.0509344988392619	-0.153144004752554	0.878284714370695	NA
ENSMUSG00000086298	2.15864039379029	-0.00367487283647177	0.0375021658944846	-0.0984753162595854	0.921554871449296	NA
ENSMUSG00000120343	8.61665460639225	-0.0110138152707029	0.0684840908578961	-0.161457021177586	0.871733459308368	NA
ENSMUSG00000137846	4.24787990388714	0.0231595000826249	0.0507903856942101	0.449648958187935	0.652963580640635	NA
ENSMUSG00000087338	8.31515523228552	0.0816521844256503	0.0640003320087951	1.242493803715	0.214054425245496	NA
ENSMUSG00000137962	4.02114446552413	-0.0238056671565273	0.0494303753641852	-0.497048663640332	0.619154734898471	NA
ENSMUSG00000138093	1.91329089232156	0.0148646375368121	0.0329326487363747	0.436897840521089	0.662185438113246	NA
ENSMUSG00000138116	4.70906539757469	-0.0144203738466474	0.048053846410432	-0.305181440653923	0.760227966804265	NA
ENSMUSG00000138251	2.13589352803254	-0.0164196392736408	0.0374090370473095	-0.455847765899199	0.648499453063638	NA
ENSMUSG00000138309	2.19108652229839	-0.0164043474929441	0.0357672031245485	-0.479778085293631	0.631385197228914	NA
ENSMUSG00000138342	3.47210753611181	-0.0242521666769576	0.0463869727713809	-0.540719505678415	0.588700931836078	NA
ENSMUSG00000138478	3.21256474679499	-0.0173040817668625	0.0450171016645052	-0.394722247996671	0.693047881751559	NA
ENSMUSG00000138524	2.82246536719437	-0.00639074699653123	0.0417995674677226	-0.154831619573412	0.876954062977317	NA
ENSMUSG00000085887	1.92793662327793	0.00199864026646621	0.033639049132535	0.0588586764236955	0.953064672394008	NA
ENSMUSG00000138754	10.0249807070633	-0.0575637950809064	0.0733259457158142	-0.804941342477551	0.420853529671498	NA
ENSMUSG00000138770	2.9026785945875	-0.0196019926159782	0.0408926699045083	-0.501934189917353	0.615713814231888	NA
ENSMUSG00000138945	3.40764825343121	0.0317131002707721	0.0459651258574747	0.674233527026237	0.500162857511833	NA
ENSMUSG00000120984	10.1455045488492	-0.0454723548222044	0.0717869922690392	-0.646578077821333	0.517905049885588	NA
ENSMUSG00000139692	5.14869934170516	0.0325217384828236	0.0528780964249389	0.601616064394499	0.547429733130118	NA
ENSMUSG00000121109	6.45891011340729	-0.00929121188282615	0.0602326866286508	-0.154883735818737	0.876912975848389	NA
ENSMUSG00000075437	6.8413094776259	0.067390845957612	0.0611616078925603	1.07731870970351	0.281337906529934	NA
ENSMUSG00000120604	2.69700479158878	-0.0502101251501544	0.0385541189259993	-1.53513673045689	0.124750245617925	NA
ENSMUSG00000140105	5.42021476114185	-0.0189697603090303	0.0540037486323605	-0.357339393059941	0.720837742688221	NA
ENSMUSG00000140255	2.09049176615472	-0.00143926715857535	0.035796862851901	-0.0401504739692605	0.967973161809223	NA
ENSMUSG00000140282	2.80218067527468	0.0180385912749647	0.0396978172432615	0.444963067386118	0.656346444402933	NA
ENSMUSG00000140391	7.19720278202399	-0.0112095266359872	0.06190941406973	-0.182715879017461	0.855020955852145	NA
ENSMUSG00000140407	2.5228236394583	0.000169644344784091	0.0400570260660263	0.00422046695391862	0.996632564575077	NA
ENSMUSG00000140419	3.23250356682358	-0.0178349943295035	0.043857926403262	-0.416985963116163	0.676688674926559	NA
ENSMUSG00000140438	3.7808334018991	0.0454698268634868	0.0477332024032127	0.92710028918294	0.353874466025228	NA
ENSMUSG00000140521	5.66724462581089	-0.0280258131083292	0.0579966040717757	-0.493459493085209	0.621687954526262	NA
ENSMUSG00000140574	3.76205486829071	-0.0184361738873919	0.0480957124474084	-0.392073002463557	0.695004274707948	NA
ENSMUSG00000140614	3.24545920019331	-0.0187892174500637	0.0447454540456359	-0.4305494760384	0.666795984610764	NA
ENSMUSG00000140664	2.96405571153774	0.00203776336732167	0.0422828343396092	0.0480027378227573	0.961714060657169	NA
ENSMUSG00000140706	7.44389650918828	-0.020843470168666	0.064130583447865	-0.328423428550943	0.742591531086308	NA
ENSMUSG00000140750	7.02126389863505	-0.0485445756985981	0.0633687649619133	-0.791005053253954	0.428941042687084	NA
ENSMUSG00000085516	4.50537624036476	0.0534254292327119	0.0507551971861879	1.03102907883669	0.302527183656759	NA
ENSMUSG00000140758	5.80397073719956	0.0291392832442274	0.0547071818058042	0.520595684696483	0.602648456101233	NA
ENSMUSG00000140804	4.83680420774299	-0.00716588549585742	0.0525954893212894	-0.136683744968538	0.891280778568561	NA
ENSMUSG00000086501	2.42672215943726	0.0299953330222502	0.0389765721577468	0.751183981375186	0.452541939207975	NA
ENSMUSG00000085167	6.41859463182134	-0.0188188347532507	0.0596765965158779	-0.320088838122164	0.748900986790311	NA
ENSMUSG00000140866	4.41696990853257	0.00564965668172236	0.0501959136201713	0.112223225530123	0.910646414180162	NA
ENSMUSG00000141119	3.23585190708064	0.0341048379296048	0.0389767231508272	0.843130084677041	0.399155694812094	NA
ENSMUSG00000141258	5.31150838683536	-0.0278185041272182	0.0542844319640151	-0.529017641961186	0.596793211664867	NA
ENSMUSG00000141298	8.68804987026085	0.0369128073898973	0.0690518158227168	0.527008968240969	0.598187360624767	NA
ENSMUSG00000113710	4.38056031506829	0.0559323927111668	0.0504592432736058	1.07807080019088	0.281002161408682	NA
ENSMUSG00000120184	2.31398056828469	-0.0078884045221324	0.0381605742334236	-0.209187784412224	0.834301648102872	NA
ENSMUSG00000141766	3.38165961863361	-0.0484574648146095	0.045722054598233	-1.15758930208548	0.247031677008093	NA
ENSMUSG00000142036	3.34841442615102	-0.00756201074611552	0.0457789068228425	-0.166682633177071	0.867619771076269	NA
ENSMUSG00000142123	7.21767628041221	0.0214766634064954	0.0616159842528028	0.344973569032846	0.730114241247654	NA
ENSMUSG00000142138	2.91291815186575	0.00349540519015391	0.0430277395761159	0.080622719178378	0.935741997726722	NA
ENSMUSG00000142296	2.7754800789471	0.0138409775113661	0.0354916805264918	0.380816645811723	0.703339306747165	NA
ENSMUSG00000120286	3.12176122303935	0.0115948865021436	0.0442767525722578	0.257868273365139	0.79650857114391	NA
ENSMUSG00000142411	3.52164696783482	0.0271294343486681	0.0467147731853604	0.566312125608913	0.57118161896952	NA
ENSMUSG00000142449	1.99439515332686	0.0151086489513588	0.0362807759851482	0.407920694836049	0.68333189881064	NA
ENSMUSG00000142640	9.81147194378986	0.0174406314458479	0.0696761810667262	0.248009349734614	0.804127172720588	NA
ENSMUSG00000142666	2.87597313106674	-0.00755636368772199	0.0415601914806149	-0.184833834273201	0.853359369152438	NA
ENSMUSG00000142675	4.48477753147023	0.0138518816619212	0.0509419756712669	0.267958945941418	0.78873091983082	NA
ENSMUSG00000085992	3.73128910298291	0.00891647691559786	0.0481464937813722	0.183319144247185	0.854547613991019	NA
ENSMUSG00000142728	2.71306724910569	0.0326233645713542	0.0403528540837175	0.781423958871236	0.434553184231324	NA
ENSMUSG00000142733	2.44857799158284	0.0307070906315684	0.0395199391036364	0.760084546202021	0.447204049445262	NA
ENSMUSG00000142741	1.94979245542352	0.00224846785574986	0.0359752101483502	0.0620746849494932	0.950503356594531	NA
ENSMUSG00000142822	2.15378102802877	0.0343893160130059	0.0354640733259905	0.938568233409237	0.347952468919033	NA
ENSMUSG00000142833	1.99924478470203	0.0013661854786011	0.0365882181954905	0.0372885955764008	0.970254898581881	NA
ENSMUSG00000142852	3.65908990794665	-0.00214241759131794	0.0457313734786462	-0.0468376609194958	0.96264261288461	NA
ENSMUSG00000085035	8.41457817871082	-0.0288721077662835	0.0674692706995981	-0.435314496542315	0.66333416390446	NA
ENSMUSG00000143189	2.02403810329897	-0.0222815031114429	0.0324619638878426	-0.753683539412563	0.451039268219314	NA
ENSMUSG00000087523	6.93708720628574	0.00280717506789307	0.0597553334705564	0.0467042874650834	0.962748913173802	NA
ENSMUSG00000120855	2.34562763281831	0.00447021300830973	0.0382021169055746	0.115786423735434	0.907821810430813	NA
ENSMUSG00000120880	4.19032157261407	0.0107817641042812	0.0495695986433321	0.215637330012414	0.829270455148418	NA
ENSMUSG00000143534	6.72451731907265	0.0205035502141507	0.0604172945580676	0.335192964732691	0.737479528708514	NA
ENSMUSG00000143551	6.81205473782257	-0.00390098101438508	0.0622062525833828	-0.0629257802201966	0.949825605873976	NA
ENSMUSG00000143739	2.01299948204624	-0.0268446482390972	0.036368079424568	-0.798590464919958	0.424527918326105	NA
ENSMUSG00000051008	7.07600856801069	-0.0551058718860988	0.0599179715454002	-0.967711261492977	0.333188592286689	NA
ENSMUSG00000085132	2.68581175667068	0.0202617332546774	0.0372855606513677	0.533157058013299	0.593924864463683	NA
ENSMUSG00000055134	4.4912204236012	-0.0368138785985062	0.051923787821555	-0.739585061701292	0.459551808647213	NA
ENSMUSG00000143916	5.45928772105628	-0.00987338099317008	0.0556877720260559	-0.178272250369052	0.858509170710828	NA
ENSMUSG00000143965	2.35453269878735	-0.00831119397337386	0.0368749988122018	-0.229083702313412	0.818803860337513	NA
ENSMUSG00000144010	6.37812960376319	0.0312928330107244	0.0600595326709568	0.513052439442692	0.60791463929574	NA
ENSMUSG00000085651	2.79407467328013	0.00744335150876447	0.0424934039371759	0.173693776454539	0.862106128848882	NA
ENSMUSG00000144050	2.0912908301292	-0.0260357729018603	0.0351229954206416	-0.811576190099741	0.417034858136145	NA
ENSMUSG00000144052	4.83387645567799	-0.00602830223443203	0.0520649048042904	-0.116572030954096	0.90719920264623	NA
ENSMUSG00000085230	2.64278993337959	0.00954559794639653	0.037823946322155	0.249365693329411	0.803077919828386	NA
ENSMUSG00000144106	3.48109970452535	0.014225793973551	0.0460518326409256	0.303182735597658	0.761750605210872	NA
ENSMUSG00000144160	4.17411930301132	-0.0382309978356335	0.0481453785276767	-0.843261296968158	0.399082323301954	NA
ENSMUSG00000124059	10.1108727923934	0.055167756073425	0.066827332934046	0.813563094291808	0.415895287422179	NA
ENSMUSG00000124214	3.34525002516932	0.00512020523443842	0.0454244656875104	0.111854874636685	0.910938476810299	NA
ENSMUSG00000137283	2.63143242795884	-0.0393281677728809	0.039114969755849	-1.125024407791	0.260578691533844	NA
ENSMUSG00000081302	2.94536914756702	-0.0221976939915287	0.0408919237773331	-0.567832281656791	0.570148857624352	NA
ENSMUSG00000083237	7.53389123458309	0.00301806566986638	0.0655932854890516	0.0459391412235021	0.963358756909538	NA
ENSMUSG00000083022	3.28116169932079	-0.00663664709520869	0.0439598948246496	-0.151776948524148	0.87936286388882	NA
ENSMUSG00000082806	5.23376220047347	0.0080695975295626	0.0530951803878272	0.151152366006457	0.879855524890978	NA
ENSMUSG00000121072	6.25242264485455	0.0214536078600598	0.0589972148101156	0.358423887273874	0.720026118049696	NA
ENSMUSG00000058073	2.32288076706056	-0.00785287668883616	0.038660378702321	-0.205687896482622	0.837034713616488	NA
ENSMUSG00000139873	2.79996001754649	-0.0298602534735808	0.0340052779208802	-1.02515614924969	0.30528951525453	NA
ENSMUSG00000139832	3.98879030665371	0.0285171858313841	0.0493516329105287	0.566162492434097	0.571283324644168	NA
ENSMUSG00000085707	3.40676695420539	-0.00802866063667372	0.0455240726266099	-0.178616622520426	0.858238741506604	NA
ENSMUSG00000132765	6.46533575220154	-0.00903900281632733	0.058268528643288	-0.155855521864727	0.876146905188241	NA
ENSMUSG00000054450	5.04899561917365	0.0555109789787644	0.0516030382671096	1.04141070070373	0.297684978328298	NA
ENSMUSG00000132807	10.0611015789468	0.016598386639232	0.0703122468471089	0.235011170707638	0.814200063038604	NA
ENSMUSG00000000869	3.37769128648425	0.00467757410112442	0.0445508739781834	0.104383128171288	0.916865311303782	NA
ENSMUSG00000081769	7.31614309744046	0.00829032889936096	0.0647772497008446	0.127396221568945	0.898626806626357	NA
ENSMUSG00000124564	2.85006673152047	-0.0176861922368922	0.0383444723300835	-0.482636381907803	0.629353941793715	NA
ENSMUSG00000142067	7.37370142871352	0.0195096723337069	0.0644304784905682	0.300182530669226	0.764037929488477	NA
ENSMUSG00000128730	3.96287903991426	0.0290588538998366	0.0493451438336257	0.576107472065434	0.56454254123594	NA
ENSMUSG00000087117	5.53068298492488	0.0392916628188999	0.0568355429903785	0.676287062368519	0.498858405309933	NA
ENSMUSG00000098769	2.14974019501443	-0.00349910415759256	0.0353933731895654	-0.0993295179201043	0.920876642390613	NA
ENSMUSG00000084844	8.820779912802	0.173490553498184	0.0653107502446511	2.65036360992223	0.00804051843802442	NA
ENSMUSG00000085162	2.06864080120231	-0.0138104732992902	0.0345188969348922	-0.414476623780874	0.678525083278948	NA
ENSMUSG00000085528	5.9932508123698	-0.0341483136223401	0.0575516083516164	-0.610231490867938	0.541708472046264	NA
ENSMUSG00000130134	7.20832850572122	0.0326713790971299	0.0612995285700571	0.522827680338274	0.601094175118212	NA
ENSMUSG00000131404	4.68831291199209	0.0500053684691901	0.0525265535038893	0.932427612752965	0.351115580087702	NA
ENSMUSG00000140631	2.64563545019327	-0.0551582434482405	0.0401667020599514	-1.5792447131062	0.114279937655876	NA
ENSMUSG00000121029	3.7304078037571	-0.0311050718991584	0.0480576139532794	-0.675251360616751	0.499516080453383	NA
ENSMUSG00000121012	6.73024338248046	0.0597327872737297	0.0618402658242955	0.942869051125915	0.345747886861156	NA
ENSMUSG00000120110	2.0218996808221	-0.0245756104133278	0.0350348071313878	-0.764512242450175	0.444562043916624	NA
ENSMUSG00000110344	3.28680552747727	-0.0328619878985552	0.0451789519812243	-0.767846042415326	0.44257865689344	NA
ENSMUSG00000126263	2.53992667705956	0.0281289079690357	0.0344400219672446	0.792348091934811	0.428157737239158	NA
ENSMUSG00000135091	2.44452742418216	0.0168796840299243	0.0393558713183219	0.421945637219143	0.673064697868726	NA
ENSMUSG00000083268	2.07269136860299	-0.00190292685703709	0.0357404689722429	-0.0530745156879846	0.957672536361201	NA
ENSMUSG00000142363	9.43044442996718	-0.0884489598494246	0.069790120216763	-1.33756780287057	0.18103736598037	NA
ENSMUSG00000121148	6.1311315940104	-0.0519408736049322	0.0598247366268577	-0.906470877330266	0.364686672590163	NA
ENSMUSG00000140303	4.12791847715901	-0.00125682088077214	0.0484174190810663	-0.0259620911842335	0.979287575103987	NA
ENSMUSG00000139534	2.87597313106674	-0.00755636368772199	0.0415601914806149	-0.184833834273201	0.853359369152438	NA
ENSMUSG00000135049	7.90609337980114	-0.031171423629873	0.066576399191362	-0.476267001798238	0.633884170992405	NA
ENSMUSG00000134933	2.17644079134202	-0.00319204624383246	0.037555522021367	-0.0855832015956867	0.931797752642975	NA
ENSMUSG00000140402	1.98540785210649	-0.0384784042983004	0.0352195208111604	-1.24999156230682	0.211302629623849	NA
ENSMUSG00000039321	6.95601528636632	0.00415493334423671	0.062468801598434	0.0663518201949847	0.947097727537345	NA
ENSMUSG00000137688	2.07260426615849	-0.0509514363978007	0.0349007239651254	-2.05085395391979	0.0402811714489055	NA
ENSMUSG00000128247	1.91814052369673	0.00295579686844756	0.0312542066877919	0.0935017715615435	0.925504942359526	NA
ENSMUSG00000133375	4.75040685766548	-0.0167360393424319	0.0518538557344817	-0.328145659655423	0.742801532178249	NA
ENSMUSG00000121049	9.83955412489972	-0.03352299271945	0.0680105578675337	-0.503917638917574	0.614319254814124	NA
ENSMUSG00000083339	2.03891074878569	-0.0257630326275107	0.0354847605070124	-0.790364674905232	0.429314826105813	NA
ENSMUSG00000122728	8.19001619260515	0.0826832856545068	0.0650201815024782	1.2474136081137	0.212245879421222	NA
ENSMUSG00000069855	3.97383542591566	-0.0319291917395293	0.0450071712749258	-0.750355824833257	0.4530404289981	NA
ENSMUSG00000085459	5.96114568855962	-0.0316060395511979	0.0575611793682505	-0.56534214522742	0.5718410677422	NA
ENSMUSG00000133475	3.16804915133616	0.0228721130442544	0.0440103748938582	0.508029261664892	0.611432822238544	NA
ENSMUSG00000135206	5.93084284972156	-0.0334020664873154	0.0575890831701987	-0.595275354165823	0.551659427444147	NA
ENSMUSG00000137237	3.27576203903137	-0.0142987920309176	0.0412991286823243	-0.35806588049785	0.720294011909873	NA
ENSMUSG00000087629	6.1802227008432	-0.0106928726137719	0.0538465504825288	-0.201382225615215	0.840399712416806	NA
ENSMUSG00000134402	3.6075813914426	0.0555854525197141	0.0430248566885086	1.26225663098981	0.206856456856803	NA
ENSMUSG00000122406	3.65784738627512	-0.00160485780474755	0.0470062664101627	-0.0343045840262971	0.972634269498292	NA
ENSMUSG00000085744	4.42360647432525	0.00261089383592593	0.0462552491507258	0.056288139616714	0.95511226707046	NA
ENSMUSG00000135915	4.04714770190126	0.0135053837989206	0.048455643214834	0.275987972555901	0.782557304121746	NA
ENSMUSG00000087107	5.8833849006182	0.0411635847126239	0.0563137073146455	0.713350272961535	0.475629035879324	NA
ENSMUSG00000135010	2.48507468749163	0.0268946632560455	0.037702207153901	0.69986205093919	0.484013458879213	NA
ENSMUSG00000135090	3.82534899735794	0.00618431259868885	0.0475842721093237	0.129320700445156	0.897103892381263	NA
ENSMUSG00000020686	4.95271506707043	0.00358144439696773	0.0546887132764659	0.0652809474884858	0.947950311684105	NA
ENSMUSG00000082078	4.48908686831751	-0.046674203337769	0.0508020923266957	-0.982533608432216	0.325837034120018	NA
ENSMUSG00000081887	2.05840124392406	-0.0380210862233316	0.0348569516243858	-1.26153659426059	0.207115584132561	NA
ENSMUSG00000119957	8.12260386246543	-0.0429097782693016	0.063096366688441	-0.702912146256155	0.482110501177372	NA
ENSMUSG00000086986	5.01680339291897	0.0155799301921567	0.0547480170998204	0.281958816929846	0.777975088902157	NA
ENSMUSG00000084146	3.2840471131081	0.0801375812295552	0.0430723686464994	1.87856910746042	0.0603033526308541	NA
ENSMUSG00000140653	6.68430619326792	0.0121509538813669	0.0607634365314999	0.19914823865748	0.842146787884554	NA
ENSMUSG00000085239	5.55040526178678	0.0262490646040423	0.0546608069362729	0.474663947423337	0.63502651882804	NA
ENSMUSG00000132098	6.28486877336265	0.00883751104822975	0.0599570423340888	0.146462948365327	0.883555937377809	NA
ENSMUSG00000132059	5.20220223838436	0.0445395186379443	0.0536375160007608	0.811259260891643	0.417216800092291	NA
ENSMUSG00000084411	3.31685446406191	0.0315203574420839	0.0448204539593694	0.682872789783506	0.494687229222608	NA
ENSMUSG00000092399	2.37233796353224	-0.0212484541541856	0.0375195650542516	-0.597748586405574	0.550007700931601	NA
ENSMUSG00000122793	5.52089175253685	0.0279268740471246	0.057327881022147	0.478870169015762	0.632030994079032	NA
ENSMUSG00000136424	5.70867805553936	0.0096899954071096	0.057503715482729	0.167212950040747	0.867202495216501	NA
ENSMUSG00000128666	5.93848592524638	0.00561079241726118	0.0575299980483977	0.0971983452760881	0.922568882103003	NA
ENSMUSG00000141906	3.7790659362543	-0.0165711041155299	0.0449007831539873	-0.378741308223828	0.704879975059749	NA
ENSMUSG00000123669	3.31685446406191	0.0315203574420839	0.0448204539593694	0.682872789783506	0.494687229222608	NA
ENSMUSG00000098919	2.13193006307636	0.021985464646514	0.0356713176308874	0.596247109286584	0.551010158688235	NA
ENSMUSG00002075586	6.21143679104122	-0.0271518054205643	0.0591469258181187	-0.469014987091317	0.639058923490796	NA
ENSMUSG00000086105	2.66228042851797	-0.00262657521404329	0.0396177066527691	-0.0668098229602304	0.946733103292367	NA
ENSMUSG00000122982	2.59413180088239	-0.00072411838836317	0.0409979647588998	-0.0177027398345815	0.985875994919188	NA
ENSMUSG00000129755	5.74665878922954	-0.0155077722975611	0.0571213252738188	-0.274895497965383	0.783396526057166	NA
ENSMUSG00000049291	2.46233268892706	0.00325635612108934	0.0392275525922527	0.083009708471184	0.933843820015024	NA
ENSMUSG00000070332	3.48594446870735	0.014532393549381	0.0454856204556809	0.313561371300682	0.753854202061462	NA
ENSMUSG00000086058	3.79900475628289	-0.0178381921686686	0.044997462799067	-0.406020133700407	0.684727807006432	NA
ENSMUSG00000086327	2.78605577373009	0.0434755837911543	0.0402600448706355	1.05096628540106	0.293274074606466	NA
ENSMUSG00000040919	9.72813729067001	-0.0123782746859839	0.0724347919486092	-0.171794111826797	0.863599394785838	NA
ENSMUSG00000069830	2.66632612872548	0.0245744492042009	0.0407516981115123	0.59193170852153	0.553896319643339	NA
ENSMUSG00000069792	6.37127585782652	-0.0072785815292208	0.0596012209555118	-0.122309176829433	0.902654164507526	NA
ENSMUSG00000078763	3.6384342591949	0.0899491840435974	0.0466447504510864	1.90972496079022	0.05616863538618	NA
ENSMUSG00000040592	4.82329102650865	-0.00524429630446482	0.0491201925558829	-0.107496874023904	0.91439480512177	NA
ENSMUSG00000034641	3.15332118512845	-0.0285743672660213	0.044246406220151	-0.679430938997276	0.496864851966959	NA
ENSMUSG00000020286	4.67616120979003	0.0107868961072068	0.0514359494035105	0.208472115968086	0.834860352566511	NA
ENSMUSG00000036216	6.69152602884348	4.87085893367377e-05	0.0610981364466346	0.000801433819142308	0.999360548397654	NA
ENSMUSG00000020295	2.26645011831635	-0.0167481930343027	0.0351978403607656	-0.501769854745652	0.615829420363041	NA
ENSMUSG00000078627	5.49777879714022	0.0652071426661974	0.0554021479753801	1.15164156974857	0.249468391867469	NA
ENSMUSG00000038217	4.55496287755864	-0.000472462554313323	0.0498740197963184	-0.00942816399989069	0.992477524953749	NA
ENSMUSG00000048070	5.81577581853544	0.0706252533988751	0.0580320359577754	1.18751167237769	0.235025855240928	NA
ENSMUSG00000045915	8.35471462515198	0.0689666834488377	0.0674996941833267	0.999650610529754	0.317479621447516	NA
ENSMUSG00000048498	2.94051464899867	0.00260328731974293	0.0432600136426441	0.0598428778170847	0.952280775190364	NA
ENSMUSG00000020542	4.70816462957617	-0.00258005184758585	0.0528039052242934	-0.0489313542679059	0.960974001689341	NA
ENSMUSG00000020907	4.13918888013526	-0.00114219803853483	0.0502826944995032	-0.0227317503527561	0.981864249255519	NA
ENSMUSG00000025573	2.06650237872544	-0.0130174770921766	0.0358718417813716	-0.377223439572538	0.706007562537911	NA
ENSMUSG00000049928	9.31846518067968	-0.0501249620100796	0.0699980966184687	-0.735524804186091	0.462019939423857	NA
ENSMUSG00000035373	7.00993655580159	0.0684443316885172	0.0578672077284138	1.15996068755698	0.246064812244846	NA
ENSMUSG00000051378	3.20570613366514	-0.0410416454183511	0.0430781795033056	-1.0417477409359	0.297528648615931	NA
ENSMUSG00000035775	2.68493045744487	-0.0147516863052795	0.0398198174555391	-0.383976942851761	0.700995536941548	NA
ENSMUSG00000040283	2.65381882024597	0.0280236203905371	0.0358351283370058	0.751740041738092	0.452207405408552	NA
ENSMUSG00000000094	8.2742449576185	-0.0770988850753012	0.067290056903332	-1.20376942677251	0.228678709612231	NA
ENSMUSG00000020676	4.94327457376667	-0.0424455481134785	0.0516322074913704	-0.872426330571413	0.382975841382237	NA
ENSMUSG00000085684	5.29997434721935	0.0494196089913068	0.0516224530839227	0.929250580395868	0.352759240016657	NA
ENSMUSG00000046811	3.25840996636986	-0.00522133025462746	0.0442442292336599	-0.118468164062553	0.905696718825388	NA
ENSMUSG00000034394	5.75159552304922	0.0218935615647465	0.0577920378793905	0.373890902379622	0.708485485240411	NA
ENSMUSG00000025380	6.51080514775117	0.076371323031876	0.0601662044383746	1.23367441404248	0.217324251706369	NA
ENSMUSG00000006777	2.31230020508439	-0.0167128201081701	0.0339249295536441	-0.521305289955246	0.602154116482249	NA
ENSMUSG00000018776	5.4255022340458	-0.0202470316744035	0.0565692154500663	-0.364621482607523	0.715393976505762	NA
ENSMUSG00000064057	7.30448448429543	0.115128565140463	0.0624375841001007	1.80868299768489	0.0705002658942495	NA
ENSMUSG00000020911	6.66316793882057	-0.0416859247630648	0.0560706573092107	-0.777512971865498	0.436856184243845	NA
ENSMUSG00000050106	3.48100773488767	-0.0229963805500264	0.0454923349824968	-0.523751241259423	0.600451570613498	NA
ENSMUSG00000020299	3.50454879742673	-0.0232649583890151	0.0454469645229552	-0.531133720076745	0.595326118756565	NA
ENSMUSG00000009350	7.76350721954024	0.142415592689059	0.0641512557951757	2.18832048501506	0.0286462657504715	NA
ENSMUSG00000042377	4.85661358704939	0.0324919461610426	0.0536661153562375	0.59534004044447	0.5516161962586	NA
ENSMUSG00000045942	4.06699941948535	-0.0394869796671566	0.0496224229416331	-0.838242952216384	0.401894268319222	NA
ENSMUSG00000018924	2.84926280035281	0.018843922209068	0.041692763969866	0.444516607210894	0.656669124713446	NA
ENSMUSG00000025161	9.01811149141363	0.0255185614274002	0.0670640720232857	0.375705900842905	0.707135550528825	NA
ENSMUSG00000034329	8.17249964944098	-0.0238097726040514	0.0658330354788355	-0.366757980290764	0.713799553554899	NA
ENSMUSG00000014609	2.11235246549348	-0.0137054607212001	0.0346650432637142	-0.411425641950084	0.680760454831777	NA
ENSMUSG00000094845	5.49726845474646	-0.0347598487556844	0.0557039506946841	-0.644722211303971	0.51910721984264	NA
ENSMUSG00000076433	3.36385435388871	-0.0342380763729774	0.0452635227396417	-0.801612964047463	0.42277687613497	NA
ENSMUSG00000017718	10.0776318301267	0.0497224670651818	0.067111094339546	0.723917120720253	0.469116618421353	NA
ENSMUSG00000020395	9.72742046194685	0.0724157667444247	0.0719796533421425	0.985770456597703	0.324245766267532	NA
ENSMUSG00000006056	2.05186638215541	-0.0228373083170781	0.0333559500291054	-0.752753793427395	0.451597877834663	NA
ENSMUSG00000005952	3.22868478114642	-0.0270821657771821	0.0424936809720444	-0.675897276578087	0.499105866971199	NA
ENSMUSG00000057058	7.18344808467978	0.0128177706269181	0.0623663799540006	0.204385279610022	0.838052432565481	NA
ENSMUSG00000020897	5.70850385065034	-0.0916095997193411	0.0571860883285181	-1.77862433294032	0.075301372046308	NA
ENSMUSG00000035352	9.63123187948131	0.0515075107491131	0.0714160667312158	0.710860336746556	0.477170786644356	NA
ENSMUSG00000001588	9.26762078325745	0.00919701805166154	0.0696700842409562	0.131368610306712	0.895483718780803	NA
ENSMUSG00000032807	4.84356111684881	0.00793745376316956	0.0519705138481581	0.152170581717798	0.879052396110182	NA
ENSMUSG00000054986	8.38500942193264	-0.143525677911283	0.06239737079233	-2.68217325921129	0.00731455659521348	NA
ENSMUSG00000050201	8.71486190499882	0.0206879218607621	0.0669850968432246	0.305804922734325	0.759753180121137	NA
ENSMUSG00000034427	2.46437914176624	-0.0342849968830314	0.0375433521218802	-1.0196448488323	0.307896926633141	NA
ENSMUSG00000020461	7.5330050681641	-0.0217373057709253	0.0650724947545593	-0.338259196707356	0.735167869563622	NA
ENSMUSG00000047040	9.92976539346123	-0.00544354072447836	0.0728856254862278	-0.0748466244952046	0.940336744844096	NA
ENSMUSG00000037393	4.01144033558061	0.0159907963252924	0.0494377185347887	0.319732044440649	0.749171465933098	NA
ENSMUSG00000070390	5.98602610960107	-0.00972467936821024	0.0580423400487085	-0.168266500387375	0.86637362688313	NA
ENSMUSG00000018930	2.95751598257591	0.0291348766120263	0.0427381089493833	0.663120457277662	0.5072534096486	NA
ENSMUSG00000020330	8.63534603755614	0.000692214742132273	0.0682798962218589	0.0101233076662346	0.991922907067665	NA
ENSMUSG00000060180	9.40837767082316	-0.0794251300394851	0.0671020410412732	-1.25541734630579	0.209327295569208	NA
ENSMUSG00000042200	3.51951827974431	0.00165635737516325	0.0434707545298264	0.0382049842033753	0.969524246979289	NA
ENSMUSG00000020830	2.35937746296934	-0.00848306891813393	0.0387651960206329	-0.222291675756195	0.824086831796244	NA
ENSMUSG00000038224	4.35827637578028	0.0149537901233035	0.0480509331698774	0.304637457872834	0.760642287931995	NA
ENSMUSG00000020912	2.78428830808528	-0.0186902684648967	0.0411647383712202	-0.471203864818219	0.637495159054397	NA
ENSMUSG00000035042	3.7661925381359	0.0456177850481858	0.0474049926445531	0.935511510067654	0.349524754395149	NA
ENSMUSG00000020787	7.18796157855021	-0.00173480846508653	0.0617849953420621	-0.0280383925858638	0.977631530318582	NA
ENSMUSG00000055775	3.15095098092807	-0.0260843807281209	0.0423535661208285	-0.650116608805082	0.515616901624532	NA
ENSMUSG00000020419	3.87764197625695	-0.0481638108334574	0.0487831316440979	-1.06051775590733	0.288909116471365	NA
ENSMUSG00000040554	5.31699514956928	0.0282933554117641	0.0535614240923542	0.517389882897258	0.604884020693413	NA
ENSMUSG00000051452	2.4713248573406	0.039353964414791	0.0378905812692534	1.02217070645537	0.306700112698859	NA
ENSMUSG00000070331	4.78352335840096	0.00898556885632461	0.0517502050054286	0.172553964716507	0.86300203981802	NA
ENSMUSG00000020191	9.26646049683726	0.064862107875825	0.0677289909685687	0.939280976658607	0.347586503006327	NA
ENSMUSG00000018862	1.95384789001738	0.00174418288507408	0.0355597582193459	0.0487369289854638	0.961128945756751	NA
ENSMUSG00000055546	3.30469789466667	0.00611616229529962	0.0448142515806847	0.135066566762583	0.892559243765637	NA
ENSMUSG00000050087	2.68008082606969	-0.00222773222141325	0.0404117949936266	-0.0556298754201301	0.955636664205938	NA
ENSMUSG00000048763	7.36302095162517	0.14728992178056	0.0562002551708896	2.68984005794846	0.00714862719207615	NA
ENSMUSG00000056648	4.27053966720038	-0.0165880858357431	0.0504258641557077	-0.336139266615472	0.736765848926777	NA
ENSMUSG00000051748	3.37204259113459	0.0440853534454002	0.0455508533021767	0.940506479494266	0.346957827618522	NA
ENSMUSG00000040489	2.3130944018657	-0.0351051695760095	0.0387191087535668	-0.993432010176483	0.320499468551987	NA
ENSMUSG00000056328	1.9911339155143	0.00177642098933042	0.0315232226686565	0.056160898175703	0.955213630709791	NA
ENSMUSG00000037124	4.64290141572791	0.0848426711879408	0.0506996808757376	1.6408729745294	0.100823786065224	NA
ENSMUSG00000040328	2.95266148400756	0.0494177322771155	0.0402178454754361	1.19457838912971	0.23225179686332	NA
ENSMUSG00000048852	4.86595724352229	0.0510563476126455	0.0508642975066549	0.971968123949211	0.331066406765236	NA
ENSMUSG00000040829	9.97641454420375	-0.0316111801179655	0.072565551683043	-0.440913017304698	0.659275969392068	NA
ENSMUSG00000040985	5.30395241375505	-0.0176477295170012	0.0533537415251079	-0.335920366054526	0.736930918690329	NA
ENSMUSG00000057762	4.57063458701985	-0.0253775567386142	0.0526608230765063	-0.495124943343626	0.620511927684461	NA
ENSMUSG00000114936	8.30272275397724	-0.0410449469175987	0.0680675080454635	-0.616311623709483	0.537688868692552	NA
ENSMUSG00000114863	6.6862655436626	-0.0748793804741286	0.0607283912580876	-1.32063763811449	0.186622216728387	NA
ENSMUSG00000101578	8.66160804337986	-0.0345856606804393	0.0677157751815344	-0.521326707344907	0.602139199107038	NA
ENSMUSG00000112942	8.97915748885995	-0.0196311927082727	0.0693501505480846	-0.285298327221969	0.775415594310871	NA
ENSMUSG00000065315	2.81840993260051	-0.00541871355954287	0.0399502204558784	-0.137378587287287	0.890731555433681	NA
ENSMUSG00000114598	2.36908159291287	-0.0469137115728233	0.0377278359782121	-1.43625100241221	0.150930930902854	NA
ENSMUSG00000113727	2.0040944160772	-0.0124515093224067	0.0362964400436584	-0.354214911530268	0.723177829341379	NA
ENSMUSG00000062461	3.76926496947992	-0.00292418266627932	0.042184990523472	-0.0697484910660353	0.944393845442156	NA
ENSMUSG00000097022	3.37918019145882	-0.0316360651229115	0.0434825367003838	-0.774937463929251	0.438376613217433	NA
ENSMUSG00000021600	4.97377183524153	0.0271444069172208	0.0524308242314885	0.5081998369072	0.611313205240911	NA
ENSMUSG00000114752	3.21177055001368	-0.0040397553495612	0.0433048537037383	-0.0938797336944074	0.925204692895495	NA
ENSMUSG00000064558	3.64445391137662	-0.0147131816708656	0.0464306038623728	-0.322513532091361	0.747063687860691	NA
ENSMUSG00000064811	4.31505526265922	-0.0526284202369598	0.0488652311943708	-1.17985547443246	0.238057701422326	NA
ENSMUSG00000104214	4.30018261717249	-0.0590068554044717	0.0511643041901638	-1.25058309811413	0.211086620279082	NA
ENSMUSG00000060198	8.52643847063757	-0.0292830341963168	0.0662207151581632	-0.451180502679902	0.651859460734201	NA
ENSMUSG00000114646	2.44461939381984	0.0499898384505091	0.0371471156481338	1.33967197271017	0.180352013357105	NA
ENSMUSG00000090004	1.97659475577513	0.012413561996882	0.0334253451193117	0.36262619799499	0.716884137341946	NA
ENSMUSG00000113255	8.42843458007906	-0.0405322457945036	0.0653326090914359	-0.636899287657293	0.524190446805117	NA
ENSMUSG00000113212	7.21995938216809	-0.0266040565301695	0.0637388391606815	-0.424711181292222	0.671047231801461	NA
ENSMUSG00000114276	9.28249342874417	0.0109682059720934	0.0702574257548535	0.155775376975448	0.876210079991089	NA
ENSMUSG00000112944	1.93118812670413	0.0366555940141722	0.0327198454540023	1.08886724470736	0.276212432573812	NA
ENSMUSG00000042874	6.74885257839302	0.00914419499494272	0.0618376880674415	0.147076304232964	0.883071792947278	NA
ENSMUSG00000061833	6.08987236917094	0.0126777238947439	0.0594666629446692	0.211226700907894	0.832710376452729	NA
ENSMUSG00000114217	3.86748465423003	-0.00575070869877272	0.0467817485556826	-0.124292710227428	0.901083518941626	NA
ENSMUSG00000101308	8.21272802858243	-0.0646397936346648	0.0672754146862573	-0.997812422086791	0.3183703254374	NA
ENSMUSG00000080454	8.34113646200303	-0.0370926389916029	0.0657284999831745	-0.579113122547223	0.562512846145952	NA
ENSMUSG00000090628	2.7615463095207	-0.0431608989317887	0.0404285829815171	-1.19760018959559	0.23107270226827	NA
ENSMUSG00000113645	4.49190539740811	-0.0279956996296248	0.0458959578282737	-0.641828547913949	0.520984511525986	NA
ENSMUSG00000113636	3.88044028759976	-0.00606618878930352	0.0472731640157947	-0.129831032323563	0.896700110457254	NA
ENSMUSG00000114812	3.37329484719246	0.013014062256648	0.041203854425421	0.30764949507247	0.758349053925967	NA
ENSMUSG00000114605	4.01401173239308	0.0335057412181136	0.0447725877911689	0.729654427232571	0.465601444263281	NA
ENSMUSG00002075945	2.2307427519957	-0.0160572246989888	0.0361117631145699	-0.466992985251411	0.640504896820415	NA
ENSMUSG00000113128	4.48917397076201	0.00337548773688451	0.050898167138626	0.066354184195682	0.947095845485325	NA
ENSMUSG00000114607	9.14735571091813	-0.065978297983776	0.0674966664756682	-1.02217021269372	0.306700346353781	NA
ENSMUSG00000114340	2.18543782694873	0.021736962609329	0.0368426293237601	0.574539284947135	0.565602924416965	NA
ENSMUSG00000081277	2.98106191230815	0.0157244979430884	0.0437536734313582	0.353450708571303	0.723750575837868	NA
ENSMUSG00000113241	2.33988696783097	0.00551210803605788	0.0386677736303736	0.14098439891961	0.887882267092593	NA
ENSMUSG00000072421	6.62911806619524	0.00114413421031671	0.06179513689835	0.018537649037235	0.985209943131241	NA
ENSMUSG00000113978	2.87721078554509	0.00403649925040003	0.0360406606479318	0.1107217044341	0.91183703415375	NA
ENSMUSG00000114536	8.27396110323095	0.035711809867863	0.0670313354327466	0.526688555875004	0.598409884109427	NA
ENSMUSG00000114399	3.82930759512094	-0.0185407851805782	0.0479793573647415	-0.396807306837712	0.691509562091257	NA
ENSMUSG00000114638	4.32617611916327	0.00690902910851928	0.0515381511195279	0.133125245451813	0.894094329859076	NA
ENSMUSG00000114830	2.79892430465531	-0.00618428238633866	0.0424996790416007	-0.147085753279836	0.883064334806863	NA
ENSMUSG00000096449	2.98996211108401	0.0159419803167042	0.0437705757933912	0.358413956730899	0.720033548539228	NA
ENSMUSG00000098067	1.95384302282421	0.0159798518024823	0.0357152682201559	0.435743804643354	0.663022619877741	NA
ENSMUSG00000094463	2.70194152540845	-0.0152355833381446	0.0396711568446764	-0.398554338421607	0.69022161231688	NA
ENSMUSG00000074650	2.47123775489609	-0.0103367244705411	0.0390630486852483	-0.271311096946446	0.786151772321381	NA
ENSMUSG00000114962	3.12910001597566	-0.0352730559824016	0.0402870034211748	-0.96255189654913	0.335772447592025	NA
ENSMUSG00000114213	2.52598804043999	-0.0121194062385368	0.0392771969586017	-0.316039166812692	0.751972779691375	NA
ENSMUSG00000112948	2.29933483732832	0.006211924039455	0.0369962497077735	0.165347725390415	0.868670296319849	NA
ENSMUSG00000114470	3.47984744846747	0.0420341534442541	0.0457544533025489	0.899695121889483	0.368282520089013	NA
ENSMUSG00000114255	5.18350107283412	0.0620061105708989	0.0552395126038943	1.09348166630115	0.274182374300619	NA
ENSMUSG00000113885	5.85624084659358	0.018647866376115	0.0572344727440619	0.322730268732149	0.746899526610136	NA
ENSMUSG00000097411	5.69358886688594	-0.000995961628180019	0.0564252832724775	-0.0177165924182482	0.985864943889669	NA
ENSMUSG00000098092	3.09991025808694	-0.00215983358329916	0.0431414172919454	-0.0500129684951267	0.96011205389069	NA
ENSMUSG00000113514	3.10475502226893	-0.00153937987335057	0.0436385392932439	-0.0352483342229255	0.971881721019535	NA
ENSMUSG00000113237	3.44899944790835	0.00403804533010724	0.045847630353358	0.087965997360375	0.929903701520264	NA
ENSMUSG00000113931	4.19349570798212	-0.0291433491098459	0.0507196789887835	-0.595229651925083	0.551689972205842	NA
ENSMUSG00000113647	8.38912010405476	-0.030357240521056	0.0677445596080844	-0.454725773027415	0.649306536712885	NA
ENSMUSG00000088108	3.46195508127807	0.00385640328454913	0.0460686825938015	0.0836764886564259	0.933313650907125	NA
ENSMUSG00000077380	5.01434608627407	-0.0330010124202478	0.0523061459758872	-0.6571137674591	0.511107767108095	NA
ENSMUSG00000113563	1.94493795685517	0.0273771232369883	0.034069101123276	0.775829408059101	0.437849717634714	NA
ENSMUSG00000114393	3.58159762383817	-0.0263873891580463	0.0469871761772359	-0.583909087132475	0.559281479094504	NA
ENSMUSG00000113080	2.92216908972588	-0.0286047592483614	0.0383943870353365	-0.815367742390926	0.4148618430679	NA
ENSMUSG00000113322	2.66713005989314	-0.0152501594555394	0.0397882631892176	-0.396583406405908	0.691674691010038	NA
ENSMUSG00000113993	2.87721565273827	-0.00789505792410834	0.0410852775040758	-0.194362800661607	0.845891815229845	NA
ENSMUSG00000113028	8.31529017717819	0.0571905457730749	0.0610075294890613	0.918246141791202	0.358490016828554	NA
ENSMUSG00000050765	5.10759718228826	0.0133184350481527	0.0526470830649908	0.251404229490229	0.801501598037444	NA
ENSMUSG00000074868	4.43972650867668	-0.00881305708482917	0.0505131912007696	-0.176306150321187	0.86005343046273	NA
ENSMUSG00000113690	3.66314534254051	-0.00280120512982624	0.0471977322756476	-0.0593445589913159	0.952677670688028	NA
ENSMUSG00000113472	4.0073946353731	-0.0111242163305789	0.0497761429335086	-0.226415073904403	0.820878605037686	NA
ENSMUSG00000113126	4.32132162059492	0.0325561774262101	0.0506577195088274	0.627272956390719	0.530480327355224	NA
ENSMUSG00000114627	5.58489784313406	-0.025156233170253	0.0575821705211824	-0.446063366516564	0.655551473946478	NA
ENSMUSG00000114329	3.36790005409622	-0.00742028320574741	0.0454745990744289	-0.164869886513416	0.869046395083228	NA
ENSMUSG00000069248	2.98025798114049	0.0549543105323049	0.0428688732526504	1.24732637340186	0.212277850925792	NA
ENSMUSG00000048996	8.41386134998766	0.0569168722545374	0.0677571259413015	0.825134444932579	0.409295266088364	NA
ENSMUSG00000054890	2.38528872970879	-0.0092427259109835	0.0395743693435899	-0.237670491319173	0.812136672430692	NA
ENSMUSG00000095217	4.24912729275184	0.00817756159728193	0.0495610617637786	0.163184950993898	0.870372814747943	NA
ENSMUSG00000058773	4.98515632838535	0.00337692454584375	0.0548627617431653	0.0614400133670119	0.951008786476054	NA
ENSMUSG00000101972	2.51663464958074	-0.00939104955350754	0.0365878536923364	-0.264543600694271	0.791361072544882	NA
ENSMUSG00000105848	2.18939642471174	-0.00332127082417094	0.0371399374914096	-0.0901626814106865	0.928157939421592	NA
ENSMUSG00000114456	5.49125853695109	0.0364541966314444	0.0533780699985615	0.670435957731588	0.502579918943613	NA
ENSMUSG00000052565	7.34689912836191	0.00840995201367841	0.064431591869085	0.130035203480212	0.896538574787546	NA
ENSMUSG00000069273	2.18534585731105	-0.0174464693227723	0.0378170058193344	-0.481003380864684	0.63051409586428	NA
ENSMUSG00000069272	4.92908203489368	-0.0323453774749443	0.052944877103338	-0.633822866225282	0.526196428595489	NA
ENSMUSG00000069268	2.47123288770292	0.00333489321808665	0.0385176319081862	0.0866264736255694	0.930968422086694	NA
ENSMUSG00000071478	6.24997993978919	-0.0671805908899657	0.0595692871082575	-1.19733258260416	0.231176949492063	NA
ENSMUSG00000061482	4.58647563417689	0.0542668014894638	0.0471899764407718	1.13208891588685	0.25759705436523	NA
ENSMUSG00000060678	9.54292238447998	0.0285014916797001	0.0719243418838626	0.392483638331375	0.694700898284371	NA
ENSMUSG00000114094	8.49569217410247	-0.0518482856137722	0.0648342128195417	-0.830037248053859	0.406517724343091	NA
ENSMUSG00000038651	3.35899985532036	-0.00777556150142565	0.0457865493214681	-0.171464128444599	0.863858834059337	NA
ENSMUSG00000120800	4.17974101063791	-0.00226898311083585	0.050706898653523	-0.04486723776149	0.964213131013108	NA
ENSMUSG00000077962	5.18430500400178	0.0232072142922917	0.0553291613247106	0.41343826706804	0.679285542801493	NA
ENSMUSG00000112976	2.16358199480315	0.019102490364993	0.0345005949995814	0.537716096497319	0.590773064811031	NA
ENSMUSG00000113486	2.99806811307856	0.0284812592142986	0.0432673370778284	0.642642126482691	0.520456341621842	NA
ENSMUSG00000091133	5.73449735264112	-0.0280339982310224	0.0578279706839625	-0.496343378999544	0.619652165787326	NA
ENSMUSG00000114871	4.51802272395281	-0.0237653067286553	0.0506010032154444	-0.482103921920207	0.629732123925863	NA
ENSMUSG00000114375	6.97470185033703	0.0298458039333799	0.06342815106097	0.464413670977177	0.642351397297696	NA
ENSMUSG00000098113	4.34972204889551	-0.00721580334237255	0.0512986349729513	-0.14154018548716	0.887443216142235	NA
ENSMUSG00000092116	2.21213842327632	0.023402177984502	0.0377619512586547	0.604995090922894	0.54518225851312	NA
ENSMUSG00000114733	9.3563109694772	-0.051666478053474	0.0689407392417065	-0.769797704770868	0.441419901438801	NA
ENSMUSG00000046082	8.29468660109048	0.0363527964473341	0.0612674053701201	0.581993128679148	0.560571309246418	NA
ENSMUSG00000114568	9.82704681642021	-0.0264144314133216	0.0719953982129654	-0.371546503537544	0.710230525882717	NA
ENSMUSG00000114805	2.80217580808151	0.030893985693655	0.0399546057098193	0.752820545711839	0.451557758719563	NA
ENSMUSG00000097371	2.22193452285752	0.0209332755470105	0.0369357792067215	0.554052945256639	0.579542611859152	NA
ENSMUSG00000114023	5.58735028258578	0.0382265311468917	0.0564014978690007	0.664362235024963	0.506458497484476	NA
ENSMUSG00000113899	1.96354715276773	-0.0260767554921321	0.0361743358483584	-0.77676937498336	0.437294848136483	NA
ENSMUSG00000114526	4.84191260856476	-0.083777478105662	0.0497354060318346	-1.97302050615544	0.0484932260834589	NA
ENSMUSG00000051054	5.69358886688594	-0.000995961628180019	0.0564252832724775	-0.0177165924182482	0.985864943889669	NA
ENSMUSG00000113495	6.58003182655561	-0.0490735522240572	0.0607978936284654	-0.838147482505923	0.401947878128769	NA
ENSMUSG00000113865	1.98223858393162	-0.0120522813064092	0.0355734481609825	-0.349217534907082	0.726926002951531	NA
ENSMUSG00000113812	3.12176609023252	-0.00225832393479539	0.0442199908116119	-0.0510854889150988	0.959257399062667	NA
ENSMUSG00000113601	8.228583677319	-0.0128667249908283	0.0621214770991446	-0.208955599950667	0.834482899555398	NA
ENSMUSG00000113078	6.61096206236607	0.0459114815440912	0.0590455004934324	0.757710840610254	0.448624107803595	NA
ENSMUSG00000004341	5.2167462653167	0.0231151289952886	0.0555734939289397	0.410532039907784	0.681415705163911	NA
ENSMUSG00000085788	2.45262855898353	0.0438460855110938	0.0392822270825483	1.09459590584668	0.273693710047809	NA
ENSMUSG00000120974	8.90193137927816	0.0873445743932355	0.068445639535967	1.24422162811159	0.213418005812218	NA
ENSMUSG00000113946	4.04220610088841	-0.0107095656489887	0.0485251352670519	-0.224103600590948	0.822676690866782	NA
ENSMUSG00000074847	3.03448257373602	-0.0385020301322585	0.0430909107789014	-0.968111324790495	0.332988774618911	NA
ENSMUSG00000112960	9.67720579080328	-0.000174755446105027	0.0701414531860219	-0.00248843151001105	0.998014520966658	NA
ENSMUSG00000077360	3.63589958449186	-0.0387941606590558	0.0462096306549182	-0.900253961302824	0.367985115425715	NA
ENSMUSG00000086506	8.7771730308162	-0.00197695069748135	0.0687494529620249	-0.0288000952031317	0.977024024951457	NA
ENSMUSG00000114193	3.79360509599347	-0.0267486065055364	0.0449958843002223	-0.625516011946496	0.531632442758061	NA
ENSMUSG00000113596	5.80669654767739	-0.0173064253950631	0.0585298764999922	-0.299846889407003	0.764293947333099	NA
ENSMUSG00000114360	4.15796741374365	0.0619641717850081	0.0498392386506418	1.20764272696086	0.227184716816478	NA
ENSMUSG00000114332	3.86184082607355	0.0193503790206511	0.0483791475258594	0.394927552841722	0.692896355146803	NA
ENSMUSG00000065678	5.35982064744146	0.00527834438507761	0.0528483387947636	0.0994079539836998	0.920814367681465	NA
ENSMUSG00000121676	8.45601647563246	-0.00588441938247435	0.0678930610563429	-0.0870733378928718	0.930613218154307	NA
ENSMUSG00000121707	9.74551444827248	-0.0579361211011475	0.0693957191677097	-0.861939197732669	0.388720977472319	NA
ENSMUSG00000118423	5.15265793946817	0.0112419080663999	0.0554458351813285	0.201065147953172	0.840647633353534	NA
ENSMUSG00000114177	2.50422417793209	0.0241489633381069	0.0382418867912818	0.610686511424212	0.541407137486281	NA
ENSMUSG00000113100	2.82158406796855	-0.0473593489238532	0.0420949971348262	-1.25442066512058	0.209689145207031	NA
ENSMUSG00000113847	3.06701580468862	-0.000183616686062464	0.0416269178398048	-0.00442274988227466	0.996471167657059	NA
ENSMUSG00000050243	3.93688553792349	-0.0348550721159779	0.0479714219316807	-0.764208489605023	0.444743008189172	NA
ENSMUSG00000113313	4.1140766773703	-0.0257678500407567	0.0490100522806037	-0.543754167992236	0.586610651608455	NA
ENSMUSG00000113183	3.82040739634508	-0.0190715659705303	0.0483185721335326	-0.40494746313177	0.68551612907942	NA
ENSMUSG00000113557	3.43596157928729	-0.0612793718622658	0.0453841428594775	-1.5279680976007	0.126520458994556	NA
ENSMUSG00000114934	6.61536336885103	0.0270273386709755	0.0619563863077161	0.431209443935483	0.666316087719428	NA
ENSMUSG00000056257	2.59176646387518	-0.0136167662837298	0.0389333278758797	-0.360092832965723	0.718777712263325	NA
ENSMUSG00000114723	7.53389123458309	0.00301806566986638	0.0655932854890516	0.0459391412235021	0.963358756909538	NA
ENSMUSG00000114665	3.59455325720789	-0.0270003772243836	0.047373838953416	-0.592708690915131	0.553376124138281	NA
ENSMUSG00000114221	2.32208657027925	0.00487210431132489	0.0378933461863814	0.126949509680479	0.898980360548746	NA
ENSMUSG00000099446	3.32575953003095	0.0183354614076217	0.0448020106132949	0.400729720163168	0.688619126965955	NA
ENSMUSG00000084788	5.12021667815324	0.0105637161135866	0.0532669550447425	0.196351248626544	0.844335251393696	NA
ENSMUSG00000123217	6.13368087029297	0.0343550324815341	0.0579472425680637	0.581384314212268	0.560981466783226	NA
ENSMUSG00000114857	2.22272385244566	0.0200227677143968	0.0352403271747845	0.554650218481796	0.57913393266938	NA
ENSMUSG00000123290	2.51796914088995	0.0249958062939966	0.0382888178665083	0.631638601643362	0.527623056617851	NA
ENSMUSG00000123328	10.1431170913121	-0.000130033302802487	0.0726443598189859	-0.00178502792894061	0.998575754531248	NA
ENSMUSG00000100596	4.92194930176263	0.0298640819338608	0.0539521991395926	0.542331953534821	0.587589846914355	NA
ENSMUSG00000124014	2.01299948204624	-0.0268446482390972	0.036368079424568	-0.798590464919958	0.424527918326105	NA
ENSMUSG00000124165	2.19522419214359	0.0449999506349902	0.0358582201357876	1.23485062088713	0.21688610373048	NA
ENSMUSG00000125478	2.00903601709006	0.0134848636387191	0.0352469119390406	0.375057400056033	0.707617778107565	NA
ENSMUSG00000125505	2.28144733733209	-0.0453917719931932	0.0374254610406265	-1.40095637644802	0.16122711851086	NA
ENSMUSG00000125533	6.2332926231868	-0.0274716032169778	0.0595588326132019	-0.471501696826577	0.637282508225488	NA
ENSMUSG00000125659	4.36761441608492	0.0308377827543992	0.0510408867339016	0.591350885128397	0.554285341553478	NA
ENSMUSG00000125820	2.00814985067107	-0.012914594302297	0.0363166082846482	-0.367172801860148	0.713490125590567	NA
ENSMUSG00000125871	3.06928917205815	-0.0202725410721863	0.0391698399284689	-0.547714477243048	0.583887969867147	NA
ENSMUSG00000114382	1.91329089232156	0.0148646375368121	0.0329326487363747	0.436897840521089	0.662185438113246	NA
ENSMUSG00000126247	4.16113668191853	0.0355712128960709	0.0493414601943993	0.703236953023835	0.481908093842047	NA
ENSMUSG00000114401	9.82873766298195	-0.0141889584718223	0.0686977021239565	-0.207481235586992	0.835634045664841	NA
ENSMUSG00000126603	5.7701998517686	-0.0166512708204648	0.0584048932636958	-0.288774821078393	0.772753701477582	NA
ENSMUSG00000126710	7.13717962515566	-0.0488971929073904	0.0625154461209068	-0.810763714550473	0.4175013759066	NA
ENSMUSG00000126812	3.83829976353449	0.0196831135120695	0.0481521474944866	0.403064953965863	0.686900441494569	NA
ENSMUSG00000126846	5.92148945886231	-0.0342363800615848	0.0592269569157429	-0.593373383305325	0.552931297707864	NA
ENSMUSG00000126856	8.57891052161876	0.00316271191543157	0.0690016263448224	0.0458138261628324	0.963458638698103	NA
ENSMUSG00000114681	3.72644433880091	0.00802957021464155	0.0475336969188195	0.16716017762885	0.867244017138383	NA
ENSMUSG00000126940	3.42544865098293	0.0291226555728055	0.043856731366158	0.648977354802975	0.516353013357553	NA
ENSMUSG00000113484	7.15598027929396	-0.0457861155248663	0.06045336168034	-0.787259753371945	0.431129824503688	NA
ENSMUSG00000127367	2.37152916517141	0.0314824198156319	0.0384745321738616	0.793568051045723	0.427446938022457	NA
ENSMUSG00000092103	3.19466751241242	-0.0392746772121451	0.0427502265898977	-1.00673166919884	0.314063739026641	NA
ENSMUSG00000127984	7.20531851840489	-0.0258490365247974	0.0635734239024401	-0.413643242884304	0.679135399126249	NA
ENSMUSG00000113346	3.94013704134969	0.00321237986165294	0.0494591567954843	0.0646639272941803	0.948441584534032	NA
ENSMUSG00000090358	5.91743889146163	-0.0469675665054164	0.058867476907906	-0.829777504160896	0.406664591963338	NA
ENSMUSG00000114038	2.41119512925507	0.00398334151196053	0.0362479974292723	0.10932180660063	0.912947251086579	NA
ENSMUSG00000128425	2.52281877226512	0.0127075160901994	0.0379827273946533	0.327123177662393	0.743574722112816	NA
ENSMUSG00000128625	5.02077172506832	-0.0365816790805853	0.0546340824238826	-0.695495832532105	0.486744621995005	NA
ENSMUSG00000128764	1.94169132062214	-0.0232536031988836	0.0340717687690282	-0.739283989796854	0.459734569056853	NA
ENSMUSG00000128987	8.55728647119669	0.00482176342260368	0.0658260935110219	0.0733414930952334	0.941534373871785	NA
ENSMUSG00000121822	4.91003424847726	-0.018819458414477	0.0521215640097703	-0.369494720063055	0.71175900796006	NA
ENSMUSG00000121063	2.31803113568538	0.0055106579301679	0.0386052892509633	0.140886543720461	0.887959572667216	NA
ENSMUSG00000114846	3.95962753648806	-0.00997489791006982	0.0479112915445276	-0.210531774719888	0.833252654697948	NA
ENSMUSG00000121648	2.05274768138123	0.0139552954719911	0.0360347590344512	0.381575786740357	0.702776047055378	NA
ENSMUSG00000129696	9.28136574621531	0.00966819886724688	0.0684596757763575	0.140561966568756	0.888215996134925	NA
ENSMUSG00000114478	3.4944834450375	0.0465044959125532	0.0423501843891917	1.07814832485588	0.28096756863951	NA
ENSMUSG00000130218	4.63640814326186	-0.0126661902357838	0.0511007739638599	-0.251702817689929	0.801270778906286	NA
ENSMUSG00000130363	5.45062417119711	-0.0193162719800995	0.0533542393622736	-0.369691868032673	0.711612091576435	NA
ENSMUSG00000113576	2.88691978268179	-0.0454656505554285	0.0410207329923976	-1.25104330452152	0.210918678574843	NA
ENSMUSG00000114080	2.67037182893299	0.0497732755445274	0.0399376991845824	1.22694350567735	0.219843825243028	NA
ENSMUSG00000130562	6.27787098512426	0.0428213781381244	0.0557126763553674	0.753364741339542	0.451230764279101	NA
ENSMUSG00000130969	1.91003938889535	-0.0191555005777659	0.0317397791809249	-0.657989900597648	0.510544620789101	NA
ENSMUSG00000100760	4.2843814669891	0.00849512591529527	0.0501414298088714	0.1687816941953	0.865968357655081	NA
ENSMUSG00000114689	2.54062890420319	-0.0137453263966883	0.0407402097159597	-0.345445479591605	0.729759491251635	NA
ENSMUSG00000114688	1.97738895255644	0.00128326745784422	0.0356421419321365	0.0358653831391091	0.971389698351899	NA
ENSMUSG00000113737	2.76648304334038	-0.005682852197685	0.0413503008401364	-0.138627028987071	0.889744883488438	NA
ENSMUSG00000114710	3.62214975434082	-0.027356138274125	0.0470360845610762	-0.605839051182964	0.544621635257197	NA
ENSMUSG00000131722	2.9168864840151	-0.0494801717255739	0.0424765552728469	-1.30359327594688	0.192372294501473	NA
ENSMUSG00000131872	6.85795203006147	-0.0873778742377883	0.0560342702561638	-1.76347935706076	0.0778196758973236	NA
ENSMUSG00000131903	6.3380201819825	0.0297651638701044	0.0573027534729245	0.512688477842044	0.608169250822465	NA
ENSMUSG00000131941	2.40397529367951	0.0178948137787609	0.0390167123772313	0.449345019882795	0.653182786132722	NA
ENSMUSG00000132000	2.0406782144305	0.0340073355553065	0.0330155336775433	1.01665517685551	0.309317495797524	NA
ENSMUSG00000113458	2.46638325632774	0.0166101106576796	0.0391530808419757	0.418115206840031	0.675862887180301	NA
ENSMUSG00000132568	2.21294235444398	-0.0183032931393259	0.0379084531276568	-0.504323236910113	0.614034251035878	NA
ENSMUSG00000132611	9.01477288554292	-0.0570087712709009	0.0694343908978937	-0.846207466129252	0.397437017617984	NA
ENSMUSG00000132732	2.65416955933024	-0.00177054750060964	0.0399259361257329	-0.0446601996913617	0.964378158069788	NA
ENSMUSG00000132785	2.04552784580567	0.0218559150113468	0.0323748365126243	0.659987969461799	0.50926154970182	NA
ENSMUSG00000132886	2.62092436684766	0.0393914002615582	0.0407670849481589	0.942036357314616	0.346174026079031	NA
ENSMUSG00000132995	2.39913052949751	0.0176611101360364	0.0394794805896729	0.438320347826701	0.66115407767734	NA
ENSMUSG00000133063	3.62857052594189	-0.0130064842666156	0.0453793718249613	-0.292705151361728	0.769747532051931	NA
ENSMUSG00000133089	5.25845381504637	-0.0296935362253669	0.0556212075602432	-0.548172659402721	0.583573353379422	NA
ENSMUSG00000120018	4.1984324418018	0.0105219217099458	0.0509935188260624	0.204734779121385	0.837779346117797	NA
ENSMUSG00000133422	2.39437286776002	0.0597629285499478	0.0360889504800797	1.67711886589003	0.0935192403261154	NA
ENSMUSG00000133448	5.33875414488401	0.00722946762082457	0.0565048279961579	0.127272118278702	0.898725027215226	NA
ENSMUSG00000133909	9.14550368071574	0.0347890488672837	0.0686558975446268	0.499980433166629	0.617088855126538	NA
ENSMUSG00000133950	2.20403728847494	-0.0041908226442993	0.0381034985741367	-0.111005525370869	0.911611965201779	NA
ENSMUSG00000120366	2.45547894299038	-0.0373259265486614	0.0389409373860927	-1.06043706530932	0.288945807216283	NA
ENSMUSG00000134414	4.10851995165832	0.0479775028099935	0.0489296168200741	0.950512446560603	0.341851932619186	NA
ENSMUSG00000134427	2.85323113250217	-0.0337230386983103	0.0418238169025934	-0.868509606170438	0.385115415808436	NA
ENSMUSG00000114810	2.95920608016256	0.0147892698269707	0.0423973085978006	0.342363443863513	0.732077395620793	NA
ENSMUSG00000114438	5.13890324212396	0.0370737339897869	0.0552347922674989	0.656629602269221	0.511419109917608	NA
ENSMUSG00000134736	4.41706187817025	0.043573364528442	0.0513573444049012	0.828857951812286	0.407184791084404	NA
ENSMUSG00000112985	4.54640855067387	-0.0235514710120129	0.0507263637872634	-0.477215786461449	0.633208470915995	NA
ENSMUSG00000134977	2.19998185388108	-0.0034990951784436	0.0369415778213531	-0.095592481075486	0.923844237085468	NA
ENSMUSG00000135019	2.40882979224786	-0.00954313322310675	0.0393777475354149	-0.247137475069228	0.804801832141267	NA
ENSMUSG00000135700	3.3322943917996	0.00509080748527835	0.0443269591572242	0.113856672918932	0.909351412145346	NA
ENSMUSG00000135731	3.35246012635853	0.0184096921754743	0.0441921630708264	0.408410192099757	0.682972551989982	NA
ENSMUSG00000135781	8.82630160873351	-0.0413163838778078	0.0694706822158778	-0.606653001182076	0.544081218591197	NA
ENSMUSG00000087202	7.79299543339604	-0.0393141947075725	0.0642146314356812	-0.628245961676305	0.529842825511798	NA
ENSMUSG00000135813	3.87596161305664	-0.0602847221847967	0.0482024966584447	-1.38322377574777	0.166596261687788	NA
ENSMUSG00000136187	2.26644525112318	-0.00511712809857206	0.0375945901605406	-0.138193592385707	0.890087419045945	NA
ENSMUSG00000136224	2.26724431509767	-0.0314250054714541	0.0372819516117213	-0.927744312572826	0.353540216556011	NA
ENSMUSG00000114585	4.58367732283408	0.0260126660030424	0.0522089181266394	0.489601432233024	0.624415962782584	NA
ENSMUSG00000112968	7.02743753795799	-0.0202581636477204	0.0601669395984026	-0.342045126666491	0.732316931955914	NA
ENSMUSG00000113259	3.538916805245	-0.0451944575668617	0.0438069596088876	-1.14693265977181	0.251409453315345	NA
ENSMUSG00000114552	2.46558419235326	0.0392809598175596	0.0374135746931456	1.03228159354292	0.301940221200209	NA
ENSMUSG00000136679	3.33870542901432	0.0398459479505883	0.042322941136554	0.912108524073819	0.361711591569437	NA
ENSMUSG00000100071	2.70813051528601	-0.0048299024943592	0.0402723572235734	-0.120466328902423	0.904113751007072	NA
ENSMUSG00000136887	3.45621928348391	-0.00871036656991516	0.0452339910900719	-0.195612764946502	0.844913268321411	NA
ENSMUSG00000136927	2.02684128183496	0.000381007324313643	0.0358117203756083	0.0106553084064269	0.991498454803559	NA
ENSMUSG00000114807	7.86033039547761	0.0207808584009954	0.0660280990408163	0.312532301601114	0.754636018449785	NA
ENSMUSG00000113121	6.80550040728122	0.0538188809034446	0.0584403147900518	0.899689227697113	0.368285657673288	NA
ENSMUSG00000120696	5.82142451388509	0.0321210021289102	0.0575495789606509	0.549164331336733	0.582892680116615	NA
ENSMUSG00000137905	2.79011120832395	0.046633633943524	0.0418763175527751	1.08397925352491	0.278373997596117	NA
ENSMUSG00000137924	2.4903775109502	0.0138127075209503	0.0391662635922184	0.344026762801673	0.730826159357968	NA
ENSMUSG00000138071	2.32693620165442	-0.00830738785512458	0.0386764478912169	-0.21754518196081	0.827783499870638	NA
ENSMUSG00000138369	3.531341363392	0.0138248472111039	0.0452031967041215	0.300949111732318	0.763453299488289	NA
ENSMUSG00000087276	4.08936559402469	0.0593943908296948	0.0468616296788495	1.24259337121512	0.214017713851443	NA
ENSMUSG00000138639	2.06164788015709	0.0136494865306314	0.0354267110333783	0.379790000718945	0.704101305466101	NA
ENSMUSG00000113794	2.2961753035398	0.00483467767507338	0.0359284820199052	0.132506523683054	0.89458366337257	NA
ENSMUSG00000114516	7.75297386303494	0.0316085462650095	0.064299558453438	0.482804153845722	0.629234801139574	NA
ENSMUSG00000138997	4.95094273423244	-0.0433573711446462	0.0518785429194612	-0.885664797804865	0.375798182911121	NA
ENSMUSG00000139133	5.75803354798701	-0.0139015073773676	0.0558315736125977	-0.252327865984169	0.80078765087996	NA
ENSMUSG00000139139	3.17731543975091	-0.0289789492931225	0.0433828888698489	-0.703135375248916	0.481971388315419	NA
ENSMUSG00000139282	7.15270665533786	-0.0252045301731513	0.0623954290974619	-0.410513092567225	0.681429601258564	NA
ENSMUSG00000090907	3.04560829743325	0.010503561690867	0.0413845761267869	0.248499181675205	0.80374820315437	NA
ENSMUSG00000139430	3.27902814403709	-0.0168329009063763	0.0427402619145972	-0.406868945320505	0.684104245555881	NA
ENSMUSG00000139509	8.21281513102694	-0.0147453897170027	0.0666870712988817	-0.222333098571065	0.824054587890333	NA
ENSMUSG00000114442	5.36140904100409	-0.0185618554170524	0.0561335447926301	-0.336194349634171	0.736724313527268	NA
ENSMUSG00000113037	4.30837572161155	0.00635876864345425	0.0511130506147889	0.12342922621325	0.901767214844029	NA
ENSMUSG00000055732	9.60930841366392	-0.0438892830992649	0.0691843986896303	-0.649779676980846	0.515834548292405	NA
ENSMUSG00000114824	3.11762355319415	-0.052249612237678	0.0430323250580201	-1.37309481294569	0.169722873392536	NA
ENSMUSG00000113866	6.86124829765449	0.0651406845152591	0.0612338687183168	1.03483730552702	0.300744897597514	NA
ENSMUSG00000140618	3.94409563911269	-0.0209985338701297	0.0480245759178155	-0.450185815975018	0.65257646284001	NA
ENSMUSG00000140935	4.53017929334805	0.000502127464801322	0.0511603976285246	0.00979423176631491	0.992185458626486	NA
ENSMUSG00000140952	4.70648426637587	-0.0149108931401253	0.0518609089617974	-0.291847077775965	0.770403548469772	NA
ENSMUSG00000141187	6.1810371153723	-0.0532868535371958	0.059511750100411	-0.935226255636981	0.349671710317616	NA
ENSMUSG00000141403	4.61286221352962	0.000545737568603388	0.0517624742479538	0.0105596928925077	0.991574740653932	NA
ENSMUSG00000119985	9.27315538843954	-0.00212867271858964	0.0703589275359211	-0.0302628718781086	0.975857406950232	NA
ENSMUSG00000114787	2.64852573117376	0.0236158176005178	0.0402725984005875	0.574789510079589	0.565433662028871	NA
ENSMUSG00000141796	7.8095810459744	-0.0855546949738979	0.0637480964922813	-1.44153468192081	0.149433686552961	NA
ENSMUSG00000114189	10.024752100204	0.166444638805372	0.0689780921516596	2.36662564036189	0.0179510801546932	NA
ENSMUSG00000142387	1.99519421730134	-0.0127074909546046	0.0362684863237982	-0.361310218313375	0.717867555839952	NA
ENSMUSG00000114525	4.46371589610595	0.00200565248535161	0.0511627277869678	0.0389955547766391	0.968893932694111	NA
ENSMUSG00000113299	3.43435371695197	0.0171800500239384	0.0443397543048448	0.381832984827927	0.702585250809583	NA
ENSMUSG00000143095	3.83344526496614	0.0452441479501221	0.0476990513405804	0.925895708192419	0.354500181921182	NA
ENSMUSG00000051805	2.57544523691168	-0.026547119641115	0.0395599707117561	-0.714749112571554	0.474764084369413	NA
ENSMUSG00000143254	3.33274758388299	0.00284901076718575	0.0397441973194696	0.0706777556383643	0.943654224983379	NA
ENSMUSG00000116646	2.76807630409618	-0.0432073611605011	0.0405952411032793	-1.19493324584988	0.232113112300685	NA
ENSMUSG00000143885	4.38532771119213	-0.0196952680352498	0.0511073675603101	-0.394411789923614	0.69327704071806	NA
ENSMUSG00000144027	5.64263037929614	0.08629620061821	0.0567499945763265	1.48632917557894	0.137192073202691	NA
ENSMUSG00000144047	2.77698137006522	-0.058338821953386	0.0412374031137936	-1.62678628650127	0.10378249516746	NA
ENSMUSG00000144157	6.22977261592766	0.0330923170860495	0.0589970039208981	0.5493850473746	0.582741233335638	NA
ENSMUSG00000114491	3.16627681849818	-0.0280718244643441	0.0437669660137544	-0.675954468923426	0.49906955342587	NA
ENSMUSG00000083413	3.66595338826967	0.0109835707701538	0.0468678243065598	0.232630809152376	0.816048101317382	NA
ENSMUSG00000124343	7.25062831064503	-0.0722380831767295	0.0618739042403131	-1.24605284811223	0.212744993890273	NA
ENSMUSG00000139539	5.12617939047775	0.0302066809452633	0.0483966226553069	0.612655794015263	0.54010395797525	NA
ENSMUSG00000118467	5.37613214001862	0.0439054027717017	0.0556185169117871	0.771643242237246	0.440325755482508	NA
ENSMUSG00000121930	3.42625744934377	-0.0221709880158382	0.0461023752389161	-0.497824206906823	0.618607952509045	NA
ENSMUSG00000085936	8.86347841125603	-0.0262153261067104	0.0670398197543811	-0.396824209457516	0.691497096827179	NA
ENSMUSG00000086111	2.68142018457207	0.0206035486476839	0.0400088588504972	0.49935537676535	0.617529049556341	NA
ENSMUSG00000097502	3.94004993890518	-0.0503191584018043	0.0495250774352371	-1.09212085015245	0.274779986038559	NA
ENSMUSG00000114573	2.18138725954805	0.00775839644357174	0.0351673147399572	0.217142169286354	0.828097551537323	NA
ENSMUSG00000113883	8.02750338800605	0.0026143953203662	0.064658776871297	0.040311859431536	0.967844499006201	NA
ENSMUSG00000091906	7.74318263064691	0.0203323953004753	0.0638318263118584	0.314270613853616	0.753315515126237	NA
ENSMUSG00000097182	1.93604262527248	0.0149868380107347	0.035009024004555	0.416104772906717	0.677333337542057	NA
ENSMUSG00000114354	7.54261722846995	-0.0896962999940581	0.0624111411388452	-1.56299701399227	0.118053297163441	NA
ENSMUSG00000110477	6.87580692616636	0.00450223674738972	0.0607139146554209	0.0737989567835629	0.941170357129642	NA
ENSMUSG00000069223	5.51506398510501	-0.0203993734158456	0.0545852650409546	-0.381384233426783	0.702918158463858	NA
ENSMUSG00000021506	2.64357439577455	0.0219849544390143	0.0373173526228721	0.575919758994321	0.564669419412096	NA
ENSMUSG00000114095	3.77588693369307	0.0349667031116992	0.0483410784803316	0.705850993459197	0.480280806399843	NA
ENSMUSG00000113603	3.92424392152861	0.0298721756857699	0.0471948108713317	0.622818347796934	0.533403899802368	NA
ENSMUSG00000122576	2.00735565388976	0.00019305970867094	0.0315834341322706	0.00611113154377443	0.995124052841668	NA
ENSMUSG00000096537	1.99350411971469	0.00179712190132262	0.0317206591704656	0.0564900760427141	0.954951401072918	NA
ENSMUSG00000114566	3.63915595511123	-0.0144195912285166	0.0474394854162627	-0.310238385598212	0.756379682081737	NA
ENSMUSG00000113673	2.5543836015474	-0.0416416831342495	0.0406817979427155	-1.13001739230392	0.258468895937755	NA
ENSMUSG00000112947	4.2726683552909	0.00756123376300637	0.0489805278202986	0.152835975595125	0.878527626585086	NA
ENSMUSG00000128979	2.66139426209898	-0.0280756858168055	0.0399977630818329	-0.751612949775324	0.45228385341157	NA
ENSMUSG00000107305	1.94168645342897	-0.00982623370354587	0.0335995450571731	-0.300902457942241	0.763488875964975	NA
ENSMUSG00000137738	4.5464036834807	-0.0100987931545017	0.0492821381335926	-0.207390031076699	0.835705267413243	NA
ENSMUSG00000099428	2.51178501820557	0.00199098272738919	0.0372176334446017	0.0536874503112563	0.957184181582685	NA
ENSMUSG00000123646	1.99923991750885	0.015248777817549	0.0356559148770966	0.418636462308942	0.675481837510519	NA
ENSMUSG00000113984	2.21699292184467	-0.0044084002332025	0.0381439491962078	-0.116788075738832	0.907027993266397	NA
ENSMUSG00000112955	3.11151679856793	0.000756622579840529	0.039205289820112	0.0194050771111802	0.984517960223019	NA
ENSMUSG00000086480	2.82572173781375	0.0201795121203793	0.0424695958709596	0.466644486312414	0.640754253411091	NA
ENSMUSG00000113274	2.95435158159421	0.0388496524332604	0.0413005513909738	0.912036365560738	0.361749574461318	NA
ENSMUSG00000080966	2.65733882750512	-0.0283884554579597	0.0405163648247919	-0.749411705167588	0.453609098100828	NA
ENSMUSG00000136332	5.37191223492209	-0.0825180326813277	0.0554889101046421	-1.64719761816038	0.0995174332448494	NA
ENSMUSG00000134447	5.62419846655392	0.0205069279628769	0.050819579048414	0.395566563116162	0.692424808020055	NA
ENSMUSG00000069306	2.42663505699275	-0.0231718510006079	0.0392799855023527	-0.623599360100138	0.532890730971081	NA
ENSMUSG00000069300	4.35854001242004	-0.0733816577927281	0.051232987221079	-1.5925347985863	0.111264590571207	NA
ENSMUSG00000137121	4.68471553667479	0.0345985805045111	0.052371618481727	0.644144987693387	0.519481420076424	NA
ENSMUSG00000114864	2.42098149444992	0.0311191557124274	0.0390611026071691	0.776832078151933	0.437257848394296	NA
ENSMUSG00000114715	3.81318756076952	-0.00593077004114862	0.0481323462323585	-0.12419884127481	0.901157839665103	NA
ENSMUSG00000129077	4.99811682894825	-0.0103716728237107	0.0544269047950033	-0.192355077779863	0.847464077991465	NA
ENSMUSG00000129121	4.55291155752628	0.0531220712971777	0.0523825388099871	0.986228150864822	0.324021168128673	NA
ENSMUSG00000125598	6.42117089582698	-0.00743857057173467	0.0576313801281013	-0.129848213491864	0.896686516934635	NA
ENSMUSG00000120975	3.60964731305449	-0.0271377241661007	0.0458380427814399	-0.615630094688353	0.538138684157191	NA
ENSMUSG00000087097	1.94000609022867	-0.0247551680113201	0.0354350241668185	-0.753240988517972	0.451305112686003	NA
ENSMUSG00000128737	5.49657861374638	-0.0214617252841023	0.0547772203803756	-0.399459462644795	0.689554687338905	NA
ENSMUSG00000025450	9.74424759063508	0.00125112519164391	0.0675733336037243	0.0185268750596731	0.98521853804553	NA
ENSMUSG00000121672	3.41329208158769	0.00455314662982806	0.0402900911465003	0.112454596554888	0.910462968019966	NA
ENSMUSG00000114836	3.0216140428108	0.0141444671500743	0.0433162857603092	0.322076003104814	0.747395117202545	NA
ENSMUSG00000126028	2.01299948204624	-0.0268446482390972	0.036368079424568	-0.798590464919958	0.424527918326105	NA
ENSMUSG00000032999	2.31589271320852	0.0066749363711762	0.0352308821079877	0.188738156491843	0.85029804445183	NA
ENSMUSG00000045273	10.1231685368971	0.0270640921600253	0.0735574788046583	0.364749049389026	0.715298741176455	NA
ENSMUSG00000074874	4.62627103898274	-0.00146411980210414	0.0520531918151962	-0.0280683106994319	0.977607668509035	NA
ENSMUSG00000069308	2.11190414060326	-0.0242260914787239	0.0339671933113942	-0.78685586577085	0.431366245777235	NA
ENSMUSG00000021539	2.45263342617671	0.0294394244030481	0.0390323859405676	0.738265795804214	0.460352947228224	NA
ENSMUSG00000044951	5.82124057460973	-0.0374518033547576	0.0551208231953663	-0.709288886146478	0.478145223811929	NA
ENSMUSG00000063529	5.29854788627246	-0.0140580041511002	0.0528578982384539	-0.270862760437714	0.786496587536144	NA
ENSMUSG00000021678	6.93655664614419	-0.0642566046658744	0.0593932438549486	-1.15090374471143	0.249771837059723	NA
ENSMUSG00000042118	3.71179860784454	0.021541928972859	0.0468016850024939	0.450281210072359	0.652507685781136	NA
ENSMUSG00000021640	2.12618939808902	0.0220660803841293	0.0349832074342677	0.609457698316388	0.542221103530811	NA
ENSMUSG00000042258	5.14867987293246	0.0779911988900527	0.0517242396691944	1.46764436604795	0.142200850046487	NA
ENSMUSG00000021499	6.97136324446633	-0.0592729556114748	0.062974738072349	-0.983360044453247	0.325430267779228	NA
ENSMUSG00000021702	7.53211403455194	-0.0305362450328049	0.0624656958782737	-0.500006034517372	0.617070828369723	NA
ENSMUSG00000021620	7.13885512116279	-0.0247826461938979	0.0638853755978355	-0.393921855730367	0.69363873378811	NA
ENSMUSG00000021416	8.83315535467018	-0.0026213855094791	0.069385758468246	-0.0378832889659788	0.96978073695801	NA
ENSMUSG00000021675	3.39469748725466	0.0183329341887626	0.0461665520686928	0.390722121069302	0.696002645857303	NA
ENSMUSG00000016756	9.1280914933328	-0.066405654628062	0.066418783105187	-1.04426017890078	0.296365031190768	NA
ENSMUSG00000042655	4.85976825364474	0.0435016860924507	0.0517117372603607	0.82309590188578	0.410453459100298	NA
ENSMUSG00000021509	4.24796700633164	0.0750979372898961	0.0507220677052761	1.44874418301744	0.147409036711533	NA
ENSMUSG00000034918	9.58592695443434	0.0875133735545771	0.071529182218258	1.19706458682883	0.231281381648487	NA
ENSMUSG00000021622	3.00688120940992	-0.0210091982493199	0.0405117028334319	-0.54548120433629	0.585422604122531	NA
ENSMUSG00000021609	5.96157866289522	-0.00529910492005193	0.0544193827494779	-0.0983057067773097	0.921689546780955	NA
ENSMUSG00000021396	2.05083553645741	-0.0014521948518457	0.0320652154057566	-0.0450992992241967	0.96402815999389	NA
ENSMUSG00000021604	7.61911856385406	0.102117899283509	0.0653608461836388	1.52433197972336	0.127425802362278	NA
ENSMUSG00000079049	2.84272793858416	0.0294168986227013	0.0398868608662759	0.720640100315004	0.471130975011348	NA
ENSMUSG00000074651	2.67611736111351	0.0335388131731352	0.0389152209506427	0.845071441118798	0.398070952477906	NA
ENSMUSG00000075031	2.36263383358872	0.0179923110953464	0.0389096776926182	0.451391377955822	0.651707496377915	NA
ENSMUSG00000005320	4.1720784663404	0.0088254547160759	0.0460801721951849	0.188577835351761	0.850423705935732	NA
ENSMUSG00000094796	1.94899339144903	0.0272495629131983	0.0342878429341483	0.768088232340614	0.442434767613014	NA
ENSMUSG00000021534	7.87946041714536	0.0659028982742733	0.0646501694744255	0.994201879038623	0.320124593498859	NA
ENSMUSG00000050377	7.56883700801377	-0.0453705830984253	0.0620498818529721	-0.754290271290966	0.450674942794841	NA
ENSMUSG00000049115	3.74513090277163	0.0334814415572243	0.0473752718341936	0.688272684549902	0.491281079703062	NA
ENSMUSG00000053101	2.82977717240761	0.018479310739239	0.0412115179063626	0.440352599058984	0.659681750297965	NA
ENSMUSG00000021213	5.9783358286054	0.0515786068552789	0.0576460334537142	0.87398329894047	0.382127348958673	NA
ENSMUSG00000053216	10.2185378376404	0.0863563622767882	0.0690639488285976	1.22660107696382	0.219972564233219	NA
ENSMUSG00000021404	4.83173316600795	0.00684197836698659	0.04676264580679	0.146201779503235	0.883762100816005	NA
ENSMUSG00000085861	2.67839559567622	-0.00154244098971474	0.0368653682752609	-0.042214131433411	0.96632799734785	NA
ENSMUSG00000021575	10.0277838855993	-0.031020762362396	0.0728535289579771	-0.431990973670411	0.665747973519799	NA
ENSMUSG00000021485	2.27748387237591	-0.00709884820700605	0.0376602237482596	-0.190179533709089	0.849168448172116	NA
ENSMUSG00000069805	1.98303278071293	-0.0195703466194625	0.0315719239830662	-0.681528201726739	0.495537328225342	NA
ENSMUSG00000058022	2.07268650140982	0.0106293536372249	0.034388043975062	0.300568811033779	0.763743317467167	NA
ENSMUSG00000021456	2.07143911254512	0.0251958765816624	0.0350995324051864	0.704491304213588	0.481126863533161	NA
ENSMUSG00000074824	10.0327254866121	-0.0074131699180233	0.0726691937922501	-0.102427628329633	0.918417254759367	NA
ENSMUSG00000065448	2.81187507083186	0.0074293552056875	0.04126853232812	0.178679476891629	0.85818938490309	NA
ENSMUSG00000065570	2.35284260120069	0.00480316793637946	0.0368173977569265	0.129138936043738	0.897247713432038	NA
ENSMUSG00000113079	4.36672824966592	0.00587045231121339	0.0519672824982056	0.112403610003278	0.910503393100581	NA
ENSMUSG00000113702	5.32420525075849	0.0417420727790652	0.0539898474765785	0.753951184373899	0.450878534404981	NA
ENSMUSG00000113662	9.83197381585354	0.0348881245390167	0.0723035959587543	0.477827600775258	0.632772914653273	NA
ENSMUSG00000102935	2.01220041807175	0.00110497119914148	0.0361967597515478	0.0305276132990673	0.975646271411967	NA
ENSMUSG00000113568	1.97244735154359	-0.023831019789194	0.0348358037006796	-0.742498874048183	0.457785133738133	NA
ENSMUSG00000113072	1.97650278613745	-0.0262715454653795	0.0362259851117782	-0.78228176450563	0.434049001266692	NA
ENSMUSG00000113752	5.3216608416691	-0.0572390383211581	0.0560457546816712	-1.08507200838729	0.277889763762465	NA
ENSMUSG00000067356	7.44628883391857	-0.0817295679530721	0.063705715422726	-1.3670476197532	0.171610379889252	NA
ENSMUSG00000116815	4.07474419903419	0.01207497688453	0.0476099524517347	0.251440398270162	0.801473637381664	NA
ENSMUSG00000093908	9.53718171949264	0.0292472753942771	0.0717933708447624	0.403429776374575	0.686632085320024	NA
ENSMUSG00000112991	2.39912566230433	0.0318724126751082	0.0394167713924388	0.7868426147	0.431374003750726	NA
ENSMUSG00000112618	4.24993609111267	-0.0435388683609825	0.0500528555729774	-0.921451345594454	0.356814832169588	NA
ENSMUSG00000066487	7.21915058380725	0.0246568952987338	0.0636882328903838	0.383385701219399	0.701433803691759	NA
ENSMUSG00002075870	1.95464695399187	-0.0243726862023204	0.0347860928572029	-0.757758705942062	0.448595447324621	NA
ENSMUSG00000091105	3.48505830228836	-0.00978895156111966	0.0446942008806138	-0.221923000177512	0.824373825384215	NA
ENSMUSG00000113606	7.12202312528139	0.0587040004320663	0.0617078598032778	0.928333259061571	0.353234726881356	NA
ENSMUSG00002076648	2.02198678326661	0.0284773114666663	0.0363357034796447	0.764624068124767	0.444495433058646	NA
ENSMUSG00000076612	1.98143465276396	0.0272573299184996	0.0346273862287459	0.763588871299555	0.445112283215717	NA
ENSMUSG00000104213	5.67983416954173	0.0241434801236696	0.0568233986047997	0.420101025785675	0.674411653365381	NA
ENSMUSG00000080365	1.99528618693902	0.0229993486014892	0.0330464337409082	0.677369549912044	0.498171513158164	NA
ENSMUSG00000113318	7.20913730408206	-0.0149453070096653	0.0629317872489312	-0.239103317726621	0.811025469210045	NA
ENSMUSG00000112756	1.99033971873299	0.0155884521212302	0.0362709700481828	0.420475282472364	0.674138282469435	NA
ENSMUSG00000065919	2.79496083969912	0.0332988536260527	0.0418425503518909	0.774826048541173	0.438442454907845	NA
ENSMUSG00000078370	3.05935812758428	-0.00107049267535157	0.0429473897497845	-0.0248316302682627	0.980189261526426	NA
ENSMUSG00000113341	3.40280348924921	0.0315484250436191	0.0463066417423748	0.665866893967459	0.505496182871206	NA
ENSMUSG00000093465	3.04911857030604	-0.0255361892721124	0.0433613597436907	-0.618048089127433	0.536543639528572	NA
ENSMUSG00000113106	2.25754505234732	-0.0052449037046402	0.0371177480548232	-0.143350540191548	0.886013342657386	NA
ENSMUSG00000113003	3.24420694413543	0.00942072151211999	0.0449289872796052	0.208228932376871	0.835050218906719	NA
ENSMUSG00000114190	5.69757254958991	-0.0554657070750854	0.0525892543921729	-1.1412398211935	0.253770137290055	NA
ENSMUSG00000113917	2.76727724012169	-0.0187342941245439	0.0418517288577068	-0.463709805016524	0.642855671374806	NA
ENSMUSG00000113195	2.47608251907809	-0.00841011832611554	0.036472869093727	-0.23687665407501	0.812752481957813	NA
ENSMUSG00000036231	2.49522714232537	0.00106875004459593	0.039567410412159	0.0268521831259729	0.978577632087293	NA
ENSMUSG00000059301	8.6527754782758	0.0557000039525455	0.0642781257270403	0.849541566655752	0.39558001098328	NA
ENSMUSG00000113349	1.99034458592617	0.00109320279518817	0.0361200098858972	0.0301928763674151	0.975913229778363	NA
ENSMUSG00000113511	9.72902832428218	-0.00100735173433293	0.0724779667284894	-0.0139016659454113	0.988908432626443	NA
ENSMUSG00000113878	2.23479818658957	-0.0180089672894829	0.0377369690570154	-0.499856746462498	0.617175950271164	NA
ENSMUSG00000093758	2.39339473170334	0.00371520912197209	0.0369247146284689	0.0999776556767496	0.920362064737831	NA
ENSMUSG00000090050	2.57227110154363	0.0131650803562941	0.0402688860594793	0.321315047268239	0.747971654447563	NA
ENSMUSG00000112056	6.59791445935867	0.0125926296199027	0.0588489878493219	0.211759816309165	0.832294419469066	NA
ENSMUSG00000112823	2.65947238278881	-0.0165410075548681	0.0405907759511796	-0.419303209512758	0.674994551257139	NA
ENSMUSG00000112174	2.52958541575729	0.00194175379739147	0.0341628564644698	0.0570461609066376	0.954508423899947	NA
ENSMUSG00000112483	3.28925796692899	0.0288706156583632	0.0421771231063346	0.662906679667545	0.507390323433429	NA
ENSMUSG00000112908	2.42504179623696	0.0148443079246134	0.0369306959557213	0.39441408170242	0.693275348980483	NA
ENSMUSG00000020950	3.5070109712648	0.0120799185510549	0.0431937775894627	0.274773847589179	0.783489991592271	NA
ENSMUSG00000112926	4.07282718691719	0.0100627245977927	0.0471256733972676	0.21039960749537	0.833355798970888	NA
ENSMUSG00000113995	3.35415509113836	-0.0081406987498631	0.0448994822115544	-0.18303612113633	0.85476967678101	NA
ENSMUSG00000113125	6.804660697358	-0.0872513910205509	0.0602643288108192	-1.58185400491045	0.113682903061734	NA
ENSMUSG00000112637	2.53084253900834	-0.0404042497640708	0.0401823489386087	-1.1112492894993	0.266461060475393	NA
ENSMUSG00000112047	1.9311058914528	-0.0230770199151592	0.0340283180937485	-0.733910648246191	0.46300319687562	NA
ENSMUSG00000112288	9.35552915883943	-0.0755123062197514	0.0695318164960603	-1.13388413025726	0.256843154786133	NA
ENSMUSG00000067224	6.88460542091819	-0.00528012085378299	0.0616919195643314	-0.0858375281786954	0.931595573386462	NA
ENSMUSG00000049246	1.89945882691919	-0.0355359176936862	0.0340633246134114	-1.19728806576981	0.231194294418842	NA
ENSMUSG00000088217	4.86271547448244	-0.00790989777990077	0.053695038514343	-0.147911537166311	0.882412583019623	NA
ENSMUSG00000119229	4.34971718170234	0.00628718638003654	0.0509182819630194	0.122742518310754	0.902310993665237	NA
ENSMUSG00000119223	2.64843376153608	-0.0147281619089155	0.0404962220810333	-0.375691021191625	0.707146613776276	NA
ENSMUSG00000112279	3.21256474679499	-0.0173040817668625	0.0450171016645052	-0.394722247996671	0.693047881751559	NA
ENSMUSG00000118499	3.04426407173769	0.00148084001629562	0.0434230968042244	0.0341627759016507	0.972747349730134	NA
ENSMUSG00000112770	3.35326892471937	-0.0343029646134004	0.0453947496475236	-0.800072075558313	0.42366903900993	NA
ENSMUSG00000112297	7.95887944775719	0.0650261371602893	0.0651985278667116	0.975182169950507	0.329469904868025	NA
ENSMUSG00000087939	2.95110494536119	-0.00940482750650618	0.0388554705838592	-0.246415396354648	0.805360689058434	NA
ENSMUSG00000112496	4.5091127907906	0.0016081534549119	0.0517254573608965	0.0309919651789468	0.97527594745472	NA
ENSMUSG00000112515	2.7803248431291	0.0197809375278836	0.0414088592442768	0.467298230931731	0.640286521967186	NA
ENSMUSG00000112298	5.41095333992028	0.0182402230337529	0.0565622345667133	0.31920141904641	0.749573780963933	NA
ENSMUSG00000086022	9.47280953925655	0.128421217223564	0.0711519720301	1.76425952942884	0.0776882943224614	NA
ENSMUSG00000078377	3.98157047107815	0.0392949204875705	0.0480672557473082	0.796522634592212	0.425728324843866	NA
ENSMUSG00000071414	3.15985604689711	-0.0409351399402005	0.0435597721295859	-1.02385597525727	0.305903306997557	NA
ENSMUSG00000001225	7.68032634310846	0.0116575685476288	0.0657162564560466	0.176247149346739	0.860099780675311	NA
ENSMUSG00000075707	8.49391010687813	-0.0729730185638673	0.0648781871294075	-1.19253324877653	0.233052221732649	NA
ENSMUSG00000113198	4.96161039865311	0.0172765995290085	0.0544556727216678	0.313583170861362	0.753837642980002	NA
ENSMUSG00000120893	6.29421168086047	0.00872835497451195	0.058038384531885	0.149957027988699	0.880798518509303	NA
ENSMUSG00000113136	1.96680352338711	0.00136201441861981	0.0337850228670633	0.0401153980707578	0.968001125797888	NA
ENSMUSG00000071207	2.44857312438967	0.0431688168260009	0.0387730641083649	1.09104617363654	0.275252565712441	NA
ENSMUSG00000113903	4.19437700720794	0.0108683003854419	0.0507555310027971	0.212405317342299	0.831790837783742	NA
ENSMUSG00000041716	8.41555631476749	0.0312197418703219	0.067980558423421	0.454249063312342	0.649649573253897	NA
ENSMUSG00000114184	3.71745217038737	-0.0312437829115029	0.0482704535882657	-0.674580647387847	0.499942231774829	NA
ENSMUSG00000113776	2.22272385244566	0.0200227677143968	0.0352403271747845	0.554650218481796	0.57913393266938	NA
ENSMUSG00000113792	3.42177390760748	-0.0605602824828825	0.0450014426417435	-1.52624092562764	0.126949874661521	NA
ENSMUSG00000119895	2.23082985444021	0.0364776155584024	0.0378764203125995	0.940760734267566	0.346827487195732	NA
ENSMUSG00000113467	2.48632207635633	0.0131338800449523	0.0374847928002993	0.341435189586419	0.732775987525904	NA
ENSMUSG00000113137	6.91015546521193	0.0319202939107508	0.0618497155522125	0.510165735360621	0.609935355200955	NA
ENSMUSG00000114110	2.58682486286233	-0.0373862064482259	0.0386837086388555	-1.08297787478967	0.278818243754585	NA
ENSMUSG00000113304	2.99401754567787	0.0154765936625442	0.0437738486397082	0.348067083742176	0.727789803875962	NA
ENSMUSG00000073242	2.46233268892706	0.00325635612108934	0.0392275525922527	0.083009708471184	0.933843820015024	NA
ENSMUSG00000112517	3.28997479565214	-0.0597295315186888	0.0451328883729022	-1.48809159691025	0.136726739244867	NA
ENSMUSG00000089346	5.80670141487056	-0.0301163930051864	0.0577710368052988	-0.53485349941749	0.592751165219455	NA
ENSMUSG00002076888	2.45343249015119	0.00302710089593883	0.0392045795977609	0.0771508624211751	0.938503531180785	NA
ENSMUSG00000113392	3.18990985067492	0.00961403530788056	0.0446638791676979	0.212993557205929	0.831331987992483	NA
ENSMUSG00000059033	3.40684918945672	0.0571707706952561	0.0455331153560888	1.22353184794663	0.221128882813539	NA
ENSMUSG00000045440	3.53944249819337	0.0375436975264916	0.0446169744646915	0.816245851922671	0.414359537011139	NA
ENSMUSG00000112393	7.16036994861046	-0.0123115518011092	0.060003628303812	-0.20647444258659	0.836420326484003	NA
ENSMUSG00000112292	2.03089184923564	0.0143419955340293	0.0363963399696874	0.387421861688485	0.698443921777209	NA
ENSMUSG00000114147	4.31638975396842	-0.0190887391377219	0.0511623158152763	-0.380610614238672	0.703492204074978	NA
ENSMUSG00000121693	8.05929513181868	-0.0312723825404989	0.0652789103017277	-0.489440911049856	0.624529578184122	NA
ENSMUSG00000112719	3.29526226855609	-0.0493219547665829	0.0411604112180331	-1.3837610531979	0.166431632161226	NA
ENSMUSG00000121726	3.50949526563276	-0.0120147291930271	0.0453247542847705	-0.268840881373668	0.788052132270152	NA
ENSMUSG00000085642	2.58443740532522	0.00996406442578972	0.0372061940269075	0.263357681719566	0.79227490466763	NA
ENSMUSG00000092229	8.39317067145544	-0.0176851702316531	0.0673865148214532	-0.264468434108917	0.791418985072002	NA
ENSMUSG00000070166	7.75559796948874	-0.0254174209107131	0.0648884266028306	-0.398117266754926	0.690543747123965	NA
ENSMUSG00000122044	2.31317663711703	0.0295736503929389	0.0365869739266603	0.779232861823571	0.435842555496901	NA
ENSMUSG00000122070	3.62945669236089	0.0117134775186182	0.046849741974561	0.247666106527384	0.804392758036045	NA
ENSMUSG00000122159	3.55805656129911	-0.026470525651522	0.0473364330531292	-0.580411712957956	0.561637008247902	NA
ENSMUSG00000120697	2.65057218401295	-0.0163532598390915	0.0400675798556109	-0.419847023167745	0.674597210739432	NA
ENSMUSG00000113774	8.5890629764525	-0.0230930206067088	0.0685552034483622	-0.340175591870176	0.733724298146929	NA
ENSMUSG00000123716	2.91372208303341	-0.0344936565811316	0.0412425665776044	-0.904264721247525	0.365855048714535	NA
ENSMUSG00000123755	5.52654531507969	-0.0241381039362338	0.0569737286571519	-0.431820108878559	0.665872163190687	NA
ENSMUSG00000113096	4.69035936483128	0.0101765189839931	0.0524594170620839	0.192023510703434	0.84772378923495	NA
ENSMUSG00000124232	3.46329930697363	0.0126349208370213	0.0440369031180761	0.281223651079535	0.778538865424236	NA
ENSMUSG00000124248	2.1230298643005	0.0207881218128536	0.0348179318024724	0.577135973651498	0.563847604674077	NA
ENSMUSG00000113741	2.68413139347038	0.0108119250138073	0.0402303787121739	0.266617829540531	0.789763426431503	NA
ENSMUSG00000113138	4.23617652657529	-0.00464780959386531	0.0501995329881934	-0.0926888699345934	0.9261507394499	NA
ENSMUSG00000124436	4.33236510904083	0.0142221016765455	0.0460457099720239	0.301870515580999	0.762750772999613	NA
ENSMUSG00000124527	2.37638366373976	0.00499658485163107	0.0394979030169869	0.125554055278445	0.900084933631291	NA
ENSMUSG00000097650	2.33178096583642	-0.00740240182805381	0.0382062214546762	-0.196421902035055	0.844279954808469	NA
ENSMUSG00000097832	2.72841520720569	-0.0303240524417737	0.040459859868203	-0.80364641995977	0.421601206202691	NA
ENSMUSG00000120869	4.88580334493811	-0.0060858965049649	0.051604394910752	-0.118991695200452	0.905281935304892	NA
ENSMUSG00000125257	5.89986540844025	-0.0293071141129048	0.0565575441552039	-0.533884421362307	0.59342150095683	NA
ENSMUSG00000112274	3.74344567237815	0.0338737547372255	0.0473176784897014	0.697071946334766	0.48575776963435	NA
ENSMUSG00000125320	3.45631125312159	0.0275264834218282	0.0445645327783121	0.605562432501194	0.544805355082523	NA
ENSMUSG00000125328	5.31698054798976	0.0677237292690796	0.0547150593677311	1.20125667094835	0.229651652434514	NA
ENSMUSG00000125403	2.21779198581915	-0.031895169584969	0.0378027985140458	-0.922357760331181	0.356341994749843	NA
ENSMUSG00000114082	2.68897615765238	0.00971310792825327	0.0371933532997425	0.258702920774453	0.795864465815078	NA
ENSMUSG00000125728	8.4955377604371	0.0142797360931766	0.0658617617402765	0.215114133065692	0.829678335244051	NA
ENSMUSG00000125763	8.90104034566599	0.0786980212702556	0.0693323720326274	1.10859243453957	0.267606043295822	NA
ENSMUSG00000125961	2.28425051586808	-0.0179883985266446	0.0370710072534229	-0.511080690105808	0.609294556611761	NA
ENSMUSG00000086315	4.39440698205018	0.0679441865357727	0.0507525154735271	1.30416585296385	0.192177039783641	NA
ENSMUSG00000126304	2.24289932139094	0.00800108621087593	0.035035399677582	0.225983433976659	0.821214304844611	NA
ENSMUSG00000112860	5.69333009743935	0.0694917248473352	0.0563839303075547	1.1960933046319	0.231660150121312	NA
ENSMUSG00000126606	2.19028745832391	0.00906083244754428	0.0374039917303933	0.238766491997931	0.811286654314799	NA
ENSMUSG00000126842	6.21753867847426	-0.0633830069515021	0.0579685804842751	-1.16364792716487	0.244566720204188	NA
ENSMUSG00000127289	2.31802626849221	0.0176585100885311	0.0366710758548818	0.467413940711013	0.640203750537908	NA
ENSMUSG00000127518	3.58248865745034	-0.0128140043861037	0.0448089302358557	-0.291325126167223	0.770802672527251	NA
ENSMUSG00000127615	1.99351385410104	-0.0208827134994759	0.0320059923086685	-0.716480185648151	0.473694898044552	NA
ENSMUSG00000127879	7.7881409348277	-0.0157589139726557	0.0656146485503142	-0.24231737788578	0.80853424935762	NA
ENSMUSG00000128481	2.48139020972983	-0.0391733479043416	0.0397651711681567	-1.08712246974269	0.276982688731798	NA
ENSMUSG00000128495	6.88461515530454	-0.0324386618506591	0.0630993850521903	-0.524473401917051	0.599949314889468	NA
ENSMUSG00000128536	3.5054398310389	-0.0115051320698817	0.0451726232074814	-0.258278433462177	0.796192029351941	NA
ENSMUSG00000128544	3.68095060728541	-0.0159219312543033	0.0473639037775431	-0.342617518109376	0.731886221371704	NA
ENSMUSG00000113735	2.42672215943726	0.0299953330222502	0.0389765721577468	0.751183981375186	0.452541939207975	NA
ENSMUSG00000113586	3.99680433901058	0.00275870735418479	0.0475652637765663	0.0579085182294603	0.953821497944681	NA
ENSMUSG00000099708	3.72158984023256	0.034612154470459	0.0477418141790324	0.70512684007132	0.480731304816405	NA
ENSMUSG00000129745	4.91701256794295	-0.00834065437853134	0.0545875177228644	-0.153744571143642	0.877811139864159	NA
ENSMUSG00000113035	2.44532648815664	-0.00973346849201859	0.0385967169073081	-0.258079016277588	0.796345925737377	NA
ENSMUSG00000130065	2.63593132024974	-0.0156227545828529	0.0399084346374248	-0.402391022627711	0.687396275869161	NA
ENSMUSG00000130168	7.30150710087043	-0.00425498381935034	0.0640510870794381	-0.0665312183843633	0.946954904085475	NA
ENSMUSG00000130219	5.22284815274975	-0.0167778197336837	0.0548936876260395	-0.309247600422853	0.757133187331134	NA
ENSMUSG00000130797	9.69580525232949	-0.0223353166660603	0.0695015052304571	-0.324880034758069	0.745271867916595	NA
ENSMUSG00000131142	2.98671060765781	-0.0242693653880799	0.0429327485728446	-0.591266496690387	0.554341874074451	NA
ENSMUSG00000131258	9.8327777470212	-0.00200423759424621	0.0723997987029831	-0.0277460438143305	0.977864700171029	NA
ENSMUSG00000131351	3.33060916140612	0.0058914987873518	0.0457351988829859	0.127720736611428	0.898369979049852	NA
ENSMUSG00000131361	4.5345813488081	0.00108865882475216	0.0447708304844249	0.0241718447612257	0.980715536192091	NA
ENSMUSG00000131378	2.68132334774122	-0.00232456183356009	0.0373351062697268	-0.062427210617966	0.950222626275457	NA
ENSMUSG00000131443	1.99836348547621	-0.0369186278354307	0.0344872275720604	-1.23552444809455	0.216635383363116	NA
ENSMUSG00000131521	4.63280590075139	-0.013445826729401	0.0505329929479599	-0.269359295700329	0.78765320624898	NA
ENSMUSG00000131551	4.6855097334561	0.0228232122196552	0.0526349469294631	0.425487460509423	0.670481360776063	NA
ENSMUSG00000131666	2.06244694413158	-0.0114664562365845	0.0342531523955575	-0.348563275546075	0.727417202385047	NA
ENSMUSG00000131826	2.82986427485211	0.0653955535359474	0.0400483283291755	1.63284964472927	0.102500622931415	NA
ENSMUSG00000097847	2.58691196530683	0.0110138755485356	0.0379609046450141	0.285281730052774	0.775428308842951	NA
ENSMUSG00000113087	3.21301793887838	-0.016758394024011	0.0425001832245012	-0.404351319188818	0.685954392533557	NA
ENSMUSG00000120754	6.12380253546044	-0.024516844462164	0.0580839872873224	-0.430390921480209	0.666911298179262	NA
ENSMUSG00000120709	9.29634496291924	0.00828445342078416	0.0673601213072168	0.122716193477786	0.902331840249551	NA
ENSMUSG00000120035	9.17728569014202	0.0212487323437216	0.0627645010015511	0.335898435399638	0.736947456950737	NA
ENSMUSG00000132155	3.32566269320009	-0.00474246382646941	0.041418071105585	-0.115483998393544	0.908061503046843	NA
ENSMUSG00000132202	4.16678537726819	-0.00207674894059856	0.0509420248687039	-0.040849283185929	0.967416049821759	NA
ENSMUSG00000132336	5.12675153992189	-0.00176041908313565	0.0538058939650343	-0.0327106185070944	0.973905356079535	NA
ENSMUSG00000097575	5.5030091197338	-0.0339675431207903	0.0544778472950247	-0.645033128437117	0.518905717407934	NA
ENSMUSG00000132758	8.67906256904048	-0.0122619109603149	0.0691753875629608	-0.178198942796124	0.858566739962551	NA
ENSMUSG00000112348	3.13765434286042	-0.0135508703921007	0.0396247868498908	-0.349920986920117	0.726397996259648	NA
ENSMUSG00000132946	7.24587064890754	-0.0263100890129546	0.0629978083834637	-0.425402728565675	0.670543117295837	NA
ENSMUSG00000133366	3.21256474679499	-0.0173040817668625	0.0450171016645052	-0.394722247996671	0.693047881751559	NA
ENSMUSG00000133401	2.30699738162583	-0.00548984178777018	0.0350698374191313	-0.159618589977275	0.873181534059101	NA
ENSMUSG00000133471	2.75361451241516	0.0464172940255228	0.041305858467971	1.09006772909257	0.275683310396207	NA
ENSMUSG00000121052	5.55282267145802	-0.0694944484587712	0.0541604001125209	-1.40552187054726	0.15986615050614	NA
ENSMUSG00000133603	1.90844612813956	0.0147458326769879	0.0335217399647232	0.425891934306218	0.670186592442553	NA
ENSMUSG00000120988	4.48837003959435	0.042418146235467	0.0514489055832959	0.80841305879957	0.418852836896844	NA
ENSMUSG00000133645	5.55827948205781	0.0372632150248924	0.05611550847571	0.650195645998672	0.515565853148137	NA
ENSMUSG00000133658	6.35906721576724	0.0800749026314418	0.0586261728593553	1.33928406341115	0.180478214817081	NA
ENSMUSG00000133781	4.47261609488181	0.00225556714968108	0.0515946845083578	0.0435053005591569	0.965298739293232	NA
ENSMUSG00000134115	2.1399489626264	-0.0164613606977438	0.0369751665797566	-0.462674493428105	0.643597703724903	NA
ENSMUSG00000134118	2.34959109777449	-0.0364004618927584	0.0392422246027977	-1.0166610563529	0.309314697858554	NA
ENSMUSG00000134218	2.82247023438754	-0.019958572865573	0.041524751665162	-0.499773531191858	0.617234550109217	NA
ENSMUSG00000134569	5.86710039576412	-0.0723888972992559	0.0588263156870328	-1.31720865843025	0.187768692422397	NA
ENSMUSG00000134633	2.82246536719437	-0.00639074699653123	0.0417995674677226	-0.154831619573412	0.876954062977317	NA
ENSMUSG00000073000	8.47841746949911	0.0275680649867194	0.0674421622893485	0.403673733252524	0.686452657481047	NA
ENSMUSG00000120751	5.96131989344863	0.0683752681397548	0.0590459595806407	1.12797711438501	0.259329584401549	NA
ENSMUSG00000135037	6.39841429568288	0.00661214503501549	0.0607488675264144	0.108552730100367	0.913557255018872	NA
ENSMUSG00000113746	6.84820556184026	0.018613067470051	0.0622842525881482	0.29531239361695	0.767755249753926	NA
ENSMUSG00000120669	3.393893556087	0.0575034757573673	0.0455241170453849	1.22947794325903	0.218892662646934	NA
ENSMUSG00000135632	3.8890865841222	0.0484074441423176	0.0453646665359917	1.03221205065875	0.301972791000813	NA
ENSMUSG00000135657	3.14362192237811	-0.00217311786459761	0.0437012059223437	-0.0498203573393803	0.960265544015077	NA
ENSMUSG00000112489	3.04346500776321	0.0283103912480862	0.0436784263684812	0.634997532612135	0.52543002423009	NA
ENSMUSG00000136127	2.42010506241728	-0.0197269429575131	0.0360546683900394	-0.581959347516268	0.56059406376654	NA
ENSMUSG00000136143	5.62632640566935	0.0251832459115947	0.0564104758238061	0.44043817316782	0.659619782344639	NA
ENSMUSG00000113115	2.98177387383813	-0.0629056475468362	0.0424183119947457	-1.70565860048031	0.0880716619003145	NA
ENSMUSG00000136446	2.22184255321984	-0.0180395547097047	0.0379310476602328	-0.4973962364695	0.618909659041103	NA
ENSMUSG00000136968	6.65885298580503	-0.00193883189095846	0.0607227651949677	-0.0318967120262285	0.974554420730109	NA
ENSMUSG00000113268	2.36272093603323	0.0622734870308378	0.0362720268916588	1.72080772447111	0.0852857202670438	NA
ENSMUSG00000137425	2.24943418315959	-0.00435166489016105	0.0370894549193647	-0.118956005601836	0.905310210659118	NA
ENSMUSG00000099407	8.83756227732341	-0.0137758469004476	0.066781324110399	-0.207774535898857	0.835405016119604	NA
ENSMUSG00000137855	4.75850312527368	0.0215522547359203	0.052923776177063	0.400960445727962	0.688449245789898	NA
ENSMUSG00000137888	4.74959805930464	0.0328909050963398	0.0516408725839464	0.622606915781505	0.533542865433161	NA
ENSMUSG00000112276	2.23892612204841	0.0668629813204458	0.0349795107058454	2.05413879113377	0.0399622605380399	NA
ENSMUSG00000097429	3.25311201010447	-0.00425245887849089	0.0449007932889992	-0.0955423981362066	0.923884015423607	NA
ENSMUSG00000112971	5.09421344177611	-0.026415946168201	0.0554820378115677	-0.487041775991567	0.626228726168818	NA
ENSMUSG00000120673	4.19278861364532	0.0327349571861756	0.0484065375583912	0.660766061320674	0.508762350948526	NA
ENSMUSG00000096953	2.73571727803258	0.0216743559438912	0.0415155458804761	0.50864059075954	0.611004171753014	NA
ENSMUSG00000112404	3.21255987960182	-0.00315383742975184	0.0448491691594523	-0.0707635893127694	0.943585910667647	NA
ENSMUSG00000138161	2.64166711804391	-0.00299997205914948	0.03841981075632	-0.0780585899761073	0.93778144705457	NA
ENSMUSG00000114028	2.62092923404083	0.0252025481021381	0.0406665175656992	0.605996506054768	0.544517073344867	NA
ENSMUSG00000138474	5.3119518445324	-0.00395287057047318	0.0542555784942754	-0.0731064502011477	0.941721408877481	NA
ENSMUSG00000138558	1.97570372216297	0.00162359968879675	0.0342535456178734	0.0472076441248405	0.962347735185707	NA
ENSMUSG00000138642	9.66784266555768	0.0223613088707737	0.0663802333559645	0.334023867679901	0.738361548222772	NA
ENSMUSG00000112422	5.03857698981322	-0.0494622869294839	0.0544584947578362	-0.960717498472848	0.336694230440843	NA
ENSMUSG00000138778	9.74962216598354	0.047336857348629	0.0700457573063946	0.667357317617045	0.504543922560299	NA
ENSMUSG00000138906	6.02997442280893	-0.0143722610928836	0.049096124751357	-0.299332451105896	0.764686396602932	NA
ENSMUSG00000113940	3.1298672250339	0.0217195391060478	0.0417114346081623	0.507250353876756	0.611979168092924	NA
ENSMUSG00000112891	7.45853250575831	-0.00867057271792112	0.064246583171855	-0.135378655815426	0.89231249895705	NA
ENSMUSG00000116627	4.36708947211163	-0.0311843075448878	0.0493289931868761	-0.658406659641553	0.5102768572223	NA
ENSMUSG00000047828	2.00329048490954	0.0281686630342339	0.035314296819238	0.775714060258344	0.437917836191825	NA
ENSMUSG00000139431	4.36593405288461	0.0175406272674569	0.0505081749251489	0.342219812842524	0.732185475926704	NA
ENSMUSG00000139894	4.78792953207909	-0.0241918937436799	0.0489691621771382	-0.513821193739093	0.607377008885204	NA
ENSMUSG00000120073	4.84205982573069	0.0813213644155074	0.0526713335132161	1.51101753241649	0.130783984009192	NA
ENSMUSG00000140087	1.98549008735782	0.0293478915392785	0.0362268863412684	0.786558344122342	0.431540452316387	NA
ENSMUSG00000120428	4.22020603869606	-0.0549944481164948	0.0501026622521696	-1.1916098544253	0.233414259220097	NA
ENSMUSG00000140298	3.35810882170819	-0.0172977761520339	0.0426270648697066	-0.419936661994001	0.67453172433061	NA
ENSMUSG00000021101	7.74296122028704	0.0218818808142333	0.0608785281422467	0.356485617015691	0.72147692151469	NA
ENSMUSG00000113209	9.4261156243472	0.0177405900605862	0.0685299428918806	0.256649294280549	0.797449517866486	NA
ENSMUSG00000140893	5.51889250516853	-0.0351524810338348	0.0547853314432044	-0.662833790866511	0.507437009472891	NA
ENSMUSG00000141116	6.35258442666263	-0.0183691729667085	0.0587139874158663	-0.316313785788992	0.751764348398025	NA
ENSMUSG00000141125	9.09101291359352	-0.00861977288099939	0.0688441221924367	-0.125731312582747	0.899944614690839	NA
ENSMUSG00000141142	3.74918147017231	0.0469542471255752	0.0476783752567921	0.956067778800437	0.339037992325087	NA
ENSMUSG00000141386	2.58118103470584	-0.0146395126908678	0.0406109706095212	-0.370213478242379	0.711223434761026	NA
ENSMUSG00000112765	2.00003898148334	-0.0103662981298399	0.0338159783462439	-0.317315868605357	0.751003937667925	NA
ENSMUSG00000120079	6.94091636332655	0.0187911827422624	0.0611470565629238	0.305492363455967	0.759991185253761	NA
ENSMUSG00000141743	6.11452651265934	0.0515187182162764	0.0586841361654533	0.861906328578679	0.38873906618024	NA
ENSMUSG00000113613	7.96620850630715	0.0416694266193734	0.0653306380418234	0.627455887748864	0.530360443119142	NA
ENSMUSG00000141812	6.16884794208573	-0.0107110353545481	0.051803795367787	-0.209738643298388	0.83387166329064	NA
ENSMUSG00000114049	2.11190414060326	-0.0242260914787239	0.0339671933113942	-0.78685586577085	0.431366245777235	NA
ENSMUSG00000120607	2.93557791517899	-0.0377723857405204	0.0432029184153969	-0.940883067323657	0.34676478584339	NA
ENSMUSG00000142269	6.76576680952575	-0.0153591433367247	0.0624703476435051	-0.248379805578746	0.803840556925366	NA
ENSMUSG00000142353	8.17342815413766	-0.0839522431416656	0.06502261003531	-1.3731206044079	0.169714856589066	NA
ENSMUSG00000120715	10.1793348000265	0.0936516039022679	0.0724036136858922	1.26476460553842	0.205955722830174	NA
ENSMUSG00000142693	2.02683641464178	0.0144469860722198	0.0359522965622431	0.394718909411129	0.693050345918282	NA
ENSMUSG00000142884	9.17762605786264	-0.0130040050411255	0.0679594637390284	-0.192146521646472	0.847627434779201	NA
ENSMUSG00000143016	3.79370193282432	-0.00590960270944737	0.0479432864275077	-0.124116377510598	0.901223131048031	NA
ENSMUSG00000143020	9.42693902428756	-0.0615043489895193	0.0673606524193569	-0.948461977872807	0.342894320418389	NA
ENSMUSG00000143143	8.09467874677813	-0.0739797579707281	0.0670382372838444	-1.15625792395771	0.247575673294412	NA
ENSMUSG00000143453	5.93048649446903	-0.00865936222967796	0.0569239560982833	-0.152950815618065	0.878437062247868	NA
ENSMUSG00000143468	2.00418638571488	0.0264885031629302	0.0352771496677325	0.731386938038052	0.464542841337621	NA
ENSMUSG00000143491	8.424446779157	0.0556434562244241	0.0672079211894353	0.813282607888875	0.416056046290227	NA
ENSMUSG00000143632	1.97165315476228	-0.0119902028854191	0.035748657283828	-0.345275864542443	0.729886989560675	NA
ENSMUSG00000097788	8.28772066776833	-0.00161023553312662	0.066880760644791	-0.0241532834047869	0.980730341689247	NA
ENSMUSG00000112977	4.74520648720603	0.0277936533498904	0.0494821271504968	0.545423490331113	0.585462288174118	NA
ENSMUSG00000144158	5.12674667272872	0.0114999300941545	0.0549840316334843	0.207168213282464	0.835878490905988	NA
ENSMUSG00000114025	2.62091949965448	0.0511321209137585	0.0398696927383693	1.25529695341179	0.209370980725529	NA
ENSMUSG00000121307	5.73494567753134	-0.0145008852515715	0.0550116923634337	-0.266324619179737	0.789989214202945	NA
ENSMUSG00000126371	7.40693688680976	0.00727362787073155	0.0642917031628506	0.112886347411134	0.91012066032609	NA
ENSMUSG00000141379	3.31279902946805	0.031986868969442	0.0448218265240609	0.692602909795885	0.488558783754077	NA
ENSMUSG00000143530	6.9839632715586	-0.00840744529765325	0.0614204922605342	-0.137334975494466	0.890766025896112	NA
ENSMUSG00000130420	5.76431937469542	0.0169334353826244	0.0542978397093976	0.306427080232289	0.759279492346005	NA
ENSMUSG00000090185	2.81187993802503	-0.00631037770112867	0.0422404012435628	-0.151162324980178	0.879847669041568	NA
ENSMUSG00000073233	4.20733264057766	0.0107395317952018	0.0509960925945893	0.209050508182266	0.834408809749526	NA
ENSMUSG00000073164	6.51440739026165	0.0790624882283332	0.06040179474115	1.28138231792548	0.200059411792356	NA
ENSMUSG00000096751	8.05365130366219	-0.0080325056058193	0.0652761480075221	-0.123836775934881	0.901444512932504	NA
ENSMUSG00000113272	2.01704518225375	0.00161377067921909	0.0341872976686652	0.0472067765836927	0.962348426612536	NA
ENSMUSG00000121487	7.71807529507512	-0.0149077175618546	0.0642989564854105	-0.233113172893938	0.815673526172742	NA
ENSMUSG00000123862	3.61324468837178	-0.0138082696547679	0.047043239173905	-0.299219216576814	0.76477278788606	NA
ENSMUSG00000113441	7.41326568877315	-0.0142882224082276	0.0600880757188573	-0.240890647169996	0.809639871202484	NA
ENSMUSG00000098172	6.19442085588445	-0.0137224824144918	0.0596089091877923	-0.232672941191102	0.81601538239208	NA
ENSMUSG00000114005	4.22188640189636	-0.0420691478888568	0.0503350515349132	-0.885753937884604	0.375750136032743	NA
ENSMUSG00000120447	5.15265307227499	0.0250668144132505	0.0558075450224544	0.442189846190187	0.658351833057475	NA
ENSMUSG00000090387	3.12167412059484	-0.037733923466922	0.0422720212652141	-0.975395312128888	0.329364208130157	NA
ENSMUSG00000120379	5.79303381997086	0.0455791549935996	0.0578810203836327	0.770940333900318	0.440742298451326	NA
ENSMUSG00000113387	10.2499486797815	-0.0719927179869043	0.0726046782850049	-1.02756939302571	0.304152427720106	NA
ENSMUSG00000135279	4.31411151940572	0.0174847406482062	0.049115548521609	0.349746487692216	0.726528962180261	NA
ENSMUSG00000112663	3.09091322248022	-0.0268566007872832	0.043498015396548	-0.647920972743371	0.517036065130601	NA
ENSMUSG00000102098	2.61282809923946	-0.00182499126386068	0.0402671162618602	-0.0454905761952981	0.963716286230786	NA
ENSMUSG00000126408	10.090990912222	-0.0551143356834465	0.072053307865575	-0.786985292452709	0.431290475870448	NA
ENSMUSG00000134495	3.24229479921161	-0.00505745423643442	0.0405676171842824	-0.125163214380489	0.900394338852728	NA
ENSMUSG00000112779	2.23567948581538	0.022269352064225	0.0373603534026947	0.583225047416271	0.55974181173242	NA
ENSMUSG00000125371	3.3176535280364	0.0061189277391144	0.0457190209988884	0.132584510749514	0.894521982893986	NA
ENSMUSG00000112218	3.53699979312801	-0.0519353937376991	0.0463795395324756	-1.22906094531211	0.219048956555829	NA
ENSMUSG00000085664	7.64823095368463	-0.0111019269590528	0.0646291858420131	-0.173148002363905	0.862535094294605	NA
ENSMUSG00000056359	4.20741974302217	0.0630663775362813	0.0507957292271347	1.20973895740031	0.226379076055116	NA
ENSMUSG00000113800	7.83995860111342	-0.00348281580181804	0.063999994238385	-0.0546133251286539	0.956446522685654	NA
ENSMUSG00000113314	3.63951717755694	-0.0473789439017597	0.044152390062409	-1.19706429823182	0.23128149412656	NA
ENSMUSG00000131458	8.00237393190436	0.0256446604701034	0.0653317515198814	0.386944531167417	0.6987972729523	NA
ENSMUSG00000141452	2.63468393138504	-0.00183847614906347	0.0408180408878945	-0.0452885435262259	0.963877319011631	NA
ENSMUSG00000103301	7.50311086769577	0.0549247280257303	0.0588097533991554	0.909685956616286	0.362988152418359	NA
ENSMUSG00000120595	2.59818723547626	-0.00114782705167428	0.0402365545566553	-0.0286021705705337	0.977181880929033	NA
ENSMUSG00000113159	10.2190423534127	-0.0266076113954012	0.0615515033747597	-0.441573763287146	0.658797673175188	NA
ENSMUSG00000097081	3.78488883649297	0.0430805161123239	0.0467534432457987	0.897090371864258	0.369670695929096	NA
ENSMUSG00000137497	3.95794717328776	-0.0228888332112972	0.0482169896596233	-0.488726717371652	0.625035186012506	NA
ENSMUSG00000135528	5.34169163133537	-0.0190346827832422	0.054047446098758	-0.357179951725199	0.720957093536109	NA
ENSMUSG00000041347	9.97393024983579	-0.00696961270331615	0.0722422349103534	-0.0965965389415158	0.923046805166947	NA
ENSMUSG00000109482	5.91832505788062	-0.0204519704051105	0.0576202961384037	-0.360408021798326	0.718542028625901	NA
ENSMUSG00000020963	7.24968456739153	-0.00336207332825067	0.0634267181496348	-0.0530136962136728	0.957720995059199	NA
ENSMUSG00000061947	2.81188480521821	-0.0197717001055814	0.041504940535908	-0.494984735891964	0.620610895244794	NA
ENSMUSG00000066361	4.703314998201	0.0101880313783962	0.0531015936991239	0.190052643489034	0.84926787867004	NA
ENSMUSG00000048562	3.14361705518493	0.0110496533382178	0.0432642002514421	0.251794335264866	0.801200036089361	NA
ENSMUSG00000054003	5.25764501668554	0.0196253242866827	0.0518863277978816	0.371563812586856	0.710217636402702	NA
ENSMUSG00000021055	4.31162722503775	0.0431311710485019	0.0498590870034388	0.840157383573614	0.400820149332387	NA
ENSMUSG00000020566	4.02644728898269	-0.0378121931900292	0.0491187641225281	-0.810426515157781	0.417695083709051	NA
ENSMUSG00000034266	2.55269837115393	-0.0356199750048305	0.0379216686236659	-1.05403979458675	0.29186469821471	NA
ENSMUSG00000021239	8.21688612662857	0.183594646298014	0.0641298183806639	2.86818959761313	0.00412828061005362	NA
ENSMUSG00000041481	5.72363293627741	0.073024824857343	0.056777539959628	1.25999843146771	0.207669928079147	NA
ENSMUSG00000042808	8.12815825887116	0.10610259197977	0.0657274847154573	1.57146945322856	0.11607364441231	NA
ENSMUSG00000066363	4.34919889383407	0.0969891082904191	0.0438840397376061	2.28325631067462	0.0224152748958195	NA
ENSMUSG00000001497	2.04958814759271	0.00967591433053106	0.0317145855435483	0.299957251245647	0.764209763539249	NA
ENSMUSG00000036136	8.81373736039679	0.0930640933716441	0.0679163470953694	1.33800030753525	0.180896336538518	NA
ENSMUSG00000021886	7.01284705452988	0.109588450134457	0.0581540584508189	1.84697218640755	0.064751171450973	NA
ENSMUSG00000073197	4.06177396408494	0.0528469512401735	0.0489077119327599	1.05581855034135	0.291051121464919	NA
ENSMUSG00000054204	3.18496824966207	-0.0164613456733048	0.0449741149925367	-0.375313861949438	0.707427058065203	NA
ENSMUSG00000094103	4.04318423694508	0.0498430981471892	0.0481802120683488	1.01060259264136	0.312206674439856	NA
ENSMUSG00000041886	2.12293789466282	-0.0158057040770063	0.0369085925822607	-0.444560324917924	0.656637524791877	NA
ENSMUSG00000099418	4.62106505235503	0.0361192119158646	0.0516545156643744	0.684683456589341	0.49354369062001	NA
ENSMUSG00000112449	6.0681563491112	-0.0207416039490921	0.0571549555983255	-0.370458921167534	0.71104057882081	NA
ENSMUSG00000021228	8.91108061311426	0.0422358167086114	0.0672845898122722	0.619469449983397	0.535607141488652	NA
ENSMUSG00000115205	4.99317036074222	-0.0213539799116866	0.05376091132724	-0.406373599185647	0.684468114947799	NA
ENSMUSG00000047807	4.06494323225981	0.0270992450544308	0.0486208960001592	0.548089751551322	0.583630277234839	NA
ENSMUSG00000037106	8.26965663357684	0.0798496333277787	0.066602805997493	1.16787312370587	0.2428579466535	NA
ENSMUSG00000101167	2.38608779368328	-0.0369246730021235	0.0393575168096207	-1.0306972858213	0.302682797958988	NA
ENSMUSG00000106988	2.53172870542733	-0.0136454842624303	0.040218188728667	-0.347223282496725	0.728423580782635	NA
ENSMUSG00000115497	4.35288644987721	-0.0200918403878121	0.0517252427990816	-0.396761169193915	0.691543587888065	NA
ENSMUSG00000116041	2.20720655664981	-0.030324770565333	0.0369442548870114	-0.900127032921473	0.368052651384766	NA
ENSMUSG00000078289	9.19043764893065	0.0592995858747956	0.0681461983916961	0.856891917007597	0.391504620322686	NA
ENSMUSG00000116435	4.37651461486078	0.0314199619463935	0.0513519911743218	0.599151838268969	0.549071635997505	NA
ENSMUSG00002075739	5.00024551703877	0.012994156645752	0.0522858724475997	0.244766722897971	0.806637061539717	NA
ENSMUSG00000115918	3.69708037602318	-0.0444244597106059	0.0423337519006182	-1.18236061451685	0.23706264386887	NA
ENSMUSG00000115784	2.40803559546655	0.00343739267717342	0.0388366575887041	0.0880855677206693	0.929808667079074	NA
ENSMUSG00000115017	7.46169690674001	-0.0211134672769883	0.0651697880381124	-0.327436102715897	0.74333806403768	NA
ENSMUSG00000084873	4.67096083933058	0.0566558723988985	0.0509046481516926	1.07717479079323	0.281402185234323	NA
ENSMUSG00000115122	5.67401126930306	-0.0376361359416244	0.0566955117659993	-0.689489288380675	0.490515411731081	NA
ENSMUSG00000065476	2.38291852550841	-0.00766553187322301	0.0360900947064556	-0.216518328231998	0.828583740115147	NA
ENSMUSG00000090544	3.27901354245757	0.0207334479436002	0.0428164186976721	0.476559258114773	0.633676000977955	NA
ENSMUSG00000115568	3.99611936520367	0.00224329352948382	0.0469230517922352	0.0477249023231385	0.961935487528301	NA
ENSMUSG00000116174	3.07907067005983	0.0122446673006476	0.0394420775930028	0.306763483599211	0.759023404829765	NA
ENSMUSG00000115337	2.66307462529928	-0.0150531525678895	0.0401016852716763	-0.388237214158975	0.697840495878284	NA
ENSMUSG00000115406	2.53577440563484	0.0137329303908355	0.0399263598780692	0.33693130525839	0.736168685509317	NA
ENSMUSG00000045281	5.39483817276203	0.0153928702610762	0.0535830031874322	0.283983284687485	0.776423190413638	NA
ENSMUSG00000115357	3.88449572219362	-0.00667943973365038	0.0479892555260589	-0.140835139228462	0.888000182625747	NA
ENSMUSG00000115383	4.08172738569305	0.0109523868469802	0.0486691451829752	0.221873077229241	0.824412689449796	NA
ENSMUSG00000115318	6.17828356819631	0.0431041312608203	0.0567336528474191	0.74308537119499	0.457429995763281	NA
ENSMUSG00002075329	5.42515149496153	0.0159592403276429	0.0547143884065697	0.287426342158393	0.773785893622438	NA
ENSMUSG00000115808	2.61687866664015	0.0118176186086746	0.0408595186956078	0.285469936620816	0.77528413366285	NA
ENSMUSG00000115005	7.11327247297772	0.00170747370578302	0.0615098117393734	0.0278132496880511	0.977811098328499	NA
ENSMUSG00000084607	4.08604720590177	-0.0414161624967203	0.0443581176556764	-1.02577297606115	0.304998606938169	NA
ENSMUSG00000115793	6.21054575742905	-0.0396146453715639	0.0597650949280077	-0.684963175923023	0.493367158317069	NA
ENSMUSG00000092230	3.61729525577247	-0.000507932204145315	0.0473112859084938	-0.0107622289858592	0.991413149415492	NA
ENSMUSG00000088201	2.58523646929971	-0.0133457669394784	0.0381915854167119	-0.359846152607629	0.71896218709289	NA
ENSMUSG00000097989	6.35256420891484	0.00773210057938574	0.0570538013411434	0.135354658144563	0.89233147169985	NA
ENSMUSG00000043329	6.91839090792867	0.00383886108716766	0.0599406988732682	0.0636333076260317	0.949262209825803	NA
ENSMUSG00002075406	3.05935326039111	0.011156615706774	0.0410475200085277	0.26624069148393	0.790053846296055	NA
ENSMUSG00000116397	2.37638853093293	-0.00926130503061917	0.039068004038001	-0.241075367377279	0.809496703809166	NA
ENSMUSG00000115975	6.66672784305336	0.0320352570677239	0.055142957221996	0.573546229747576	0.566274906936343	NA
ENSMUSG00000115898	1.76000203785952	-0.0263216931111381	0.0299131998955341	-1.03936218019527	0.29863632620577	NA
ENSMUSG00000086601	3.37195062149691	0.0057914935270157	0.0454572506908956	0.12663621166663	0.899228334892214	NA
ENSMUSG00000097232	1.93595552282798	-0.0377674643494937	0.0350070333380133	-1.23104902190332	0.218304530137375	NA
ENSMUSG00000116215	2.58727805494572	-0.0396946424817959	0.0393608636115116	-1.12405126784734	0.260991277209299	NA
ENSMUSG00000115635	7.56824950801502	0.00418246927306956	0.062814870244788	0.0667076546054873	0.946814440394371	NA
ENSMUSG00000115457	2.66228042851797	-0.00262657521404329	0.0396177066527691	-0.0668098229602304	0.946733103292367	NA
ENSMUSG00000115738	3.62460219379254	0.0377396161935762	0.0466227502421506	0.790556390018532	0.429202903769463	NA
ENSMUSG00000057262	3.18910591950726	0.0499786801748056	0.0445855082880677	1.09028702855627	0.275586727323124	NA
ENSMUSG00000115759	2.92587865242865	-0.00992142719166641	0.0414832127489966	-0.242678037357983	0.808254822576073	NA
ENSMUSG00000089968	8.5505246948977	0.00285603940522846	0.0681312540438446	0.0418718566983344	0.966600851815992	NA
ENSMUSG00000116478	4.78530542562529	0.0331473100525653	0.0532705889621036	0.609800719171056	0.541993825061138	NA
ENSMUSG00000037438	7.37369169432717	0.0453405480377188	0.0643017674562389	0.692782965962777	0.488445763647854	NA
ENSMUSG00000116021	2.41693579424241	0.00382681792072215	0.0396004844414108	0.0962607689546285	0.923313468186641	NA
ENSMUSG00000116366	3.16143205431618	-0.0272433507977468	0.0426148151594504	-0.674603210301618	0.49992789283234	NA
ENSMUSG00000115912	5.15670850686885	0.024203854188507	0.0553665822765581	0.430406467548499	0.666899991485792	NA
ENSMUSG00000116697	7.80442543968178	0.0949411954820212	0.0654140633989894	1.41598140850806	0.1567809478297	NA
ENSMUSG00000051879	2.54072087384087	0.02427406324698	0.0390416681141993	0.603402489655566	0.546240966397705	NA
ENSMUSG00000115032	3.11286102426348	0.0113753651283878	0.04426214602512	0.252925503037494	0.800325781488793	NA
ENSMUSG00000116093	2.60797360067111	0.0261360084486776	0.0411492019700828	0.620413755567508	0.534985418489353	NA
ENSMUSG00000098678	2.64968601759395	-0.0430302250622587	0.0407116626236401	-1.17427966277139	0.240283026511338	NA
ENSMUSG00000115332	2.58727805494572	-0.0396946424817959	0.0393608636115116	-1.12405126784734	0.260991277209299	NA
ENSMUSG00000118671	2.64932479514825	-0.0024166719806468	0.0395888559614299	-0.0614517578414843	0.950999433414569	NA
ENSMUSG00000071724	7.50505221577864	0.00431872003901779	0.0635029509514319	0.0680289516962611	0.945762587542954	NA
ENSMUSG00000063875	7.08067679799743	0.071630787709346	0.061862030140561	1.12623023804119	0.260068077575555	NA
ENSMUSG00000114994	3.18416918568758	0.0102238140845968	0.0440006354807782	0.22981610034386	0.818234673283832	NA
ENSMUSG00000097875	5.09870671789875	-0.0112066952922058	0.0515592673323112	-0.220425988597337	0.825539407137075	NA
ENSMUSG00000114999	5.96034662458514	-0.00708485376643109	0.0575345659221897	-0.123931522161766	0.901369494261658	NA
ENSMUSG00000022485	3.84640089833586	0.0400347050458659	0.0451458002047107	0.86589164295312	0.386549586450562	NA
ENSMUSG00000072618	2.57633140333067	-0.00116514840890841	0.0401856320869756	-0.0290171162096407	0.976850939580815	NA
ENSMUSG00000047347	5.87314534333996	0.0198297845212681	0.0562839397956284	0.349020683805005	0.727073781400478	NA
ENSMUSG00000116239	4.29732736597247	0.0339274871455315	0.0496079920842853	0.671793983546497	0.501714859460945	NA
ENSMUSG00000064884	3.29040776998774	-0.0290429300662691	0.0431377568391645	-0.715583910772556	0.474248311195365	NA
ENSMUSG00000116238	3.43920821552032	-0.00799291476874266	0.0449910247508778	-0.180305823259531	0.85691248429482	NA
ENSMUSG00000097954	2.38528872970879	-0.0092427259109835	0.0395743693435899	-0.237670491319173	0.812136672430692	NA
ENSMUSG00000115980	3.14530228557841	0.0109259480763176	0.0439462236984296	0.245186128396728	0.806312316576633	NA
ENSMUSG00000116358	1.93198719067862	0.014802923688746	0.0342474463044561	0.419708918153192	0.674698109358908	NA
ENSMUSG00000121144	1.96274322160007	0.0156409582965474	0.0351135966486855	0.434070226983205	0.664237445010698	NA
ENSMUSG00000090062	3.66506235465751	-0.000901471436924914	0.0461185739032091	-0.0196500569829358	0.98432253183063	NA
ENSMUSG00000115095	2.47733477513597	-0.0359399814835716	0.0383559885457397	-1.04289422688004	0.296997283716696	NA
ENSMUSG00000115938	3.73128910298291	0.00891647691559786	0.0481464937813722	0.183319144247185	0.854547613991019	NA
ENSMUSG00000115448	5.98478358792954	-0.00944737208154812	0.0589951501563453	-0.161235692259366	0.871907770513122	NA
ENSMUSG00000121046	5.97015245855269	-0.0312698725693725	0.0553404149971827	-0.582767135420023	0.56005007168781	NA
ENSMUSG00000088901	3.60750402338444	-0.0124168635200951	0.0461616767565577	-0.274303703037532	0.783851239003546	NA
ENSMUSG00000097150	2.00814985067107	-0.012914594302297	0.0363166082846482	-0.367172801860148	0.713490125590567	NA
ENSMUSG00000065939	5.55730134600114	-0.0243798973955369	0.0576066437846099	-0.4317501665782	0.665923002002054	NA
ENSMUSG00000097209	3.77184123348556	0.00787362978249215	0.0485112563390628	0.161043315878146	0.872059284727971	NA
ENSMUSG00000122383	2.03574634780399	-0.0121867041029115	0.0341744663726448	-0.370160158968126	0.711263160026332	NA
ENSMUSG00000122518	2.94951168460539	0.0227217090741619	0.0390783134853569	0.565241091833316	0.571909790497519	NA
ENSMUSG00000122555	10.1977649238569	-0.0353332982320926	0.0730902524900027	-0.49112642621205	0.623337031881894	NA
ENSMUSG00000122563	3.87595674586347	-0.046053612346665	0.0479656027038914	-1.03435343661607	0.300970964024772	NA
ENSMUSG00000122571	5.8594003803821	0.0198168878685108	0.0573521184504665	0.342290417374997	0.732132346353519	NA
ENSMUSG00000122651	2.27129974969153	-0.0293401175087655	0.0357978851949212	-0.907919638243033	0.363920681191202	NA
ENSMUSG00000122665	3.96888895770963	-0.046693381910224	0.0475069645080854	-1.06405871393629	0.287302102328313	NA
ENSMUSG00000090964	3.70774804044385	0.00925316837781697	0.0477520636175893	0.191546580107077	0.848097390415548	NA
ENSMUSG00000089647	4.02777129693046	0.000951961748954608	0.0466111099703596	0.0204234013278039	0.983705616182197	NA
ENSMUSG00000122891	3.87391029302428	-0.00630836263974242	0.0473452775176839	-0.134766837984736	0.892796226047266	NA
ENSMUSG00000122916	8.28252029730889	0.0452249184065108	0.0668803298007703	0.663987357042553	0.506698402999163	NA
ENSMUSG00000123175	7.32434106907269	0.0547214368760888	0.063204455786783	0.846603161918269	0.397216350927726	NA
ENSMUSG00000109770	6.51160421172566	0.0529038090181178	0.0606539088440316	0.851651919907957	0.394407313615631	NA
ENSMUSG00000123392	3.37106445507792	-0.0174695435036647	0.0426452173520487	-0.424257067520432	0.671378345898385	NA
ENSMUSG00000123820	3.83998499392796	0.0188721095003333	0.0477576453291364	0.389621017989919	0.696816807914336	NA
ENSMUSG00000124152	2.2773967699314	-0.0566817137032194	0.036735669499838	-2.17561813764989	0.029583825961832	NA
ENSMUSG00000124656	2.28718313512625	-0.0334092487022184	0.037909946575153	-0.967491180710391	0.333298547953791	NA
ENSMUSG00000116237	2.1577542273713	-0.0298406442162309	0.0369089342685175	-0.882823642181143	0.377331564572881	NA
ENSMUSG00000124771	4.52398056908415	0.0157465627197844	0.0503104311750451	0.310643307658263	0.756071800114637	NA
ENSMUSG00000125894	7.18257165264714	-0.0369006459378849	0.0630211082018539	-0.601174370376417	0.547723853149723	NA
ENSMUSG00000125941	5.70745088442244	-0.00377856349134298	0.0525468682668001	-0.071800930559704	0.942760332254227	NA
ENSMUSG00000126037	3.79370193282432	-0.00590960270944737	0.0479432864275077	-0.124116377510598	0.901223131048031	NA
ENSMUSG00000126127	3.46851016079451	-0.0323715662108246	0.0425099029179623	-0.814769767810133	0.415204109115156	NA
ENSMUSG00000115326	2.71457340741698	-0.0553764443696353	0.0402916519556835	-1.59149867674639	0.111497392986666	NA
ENSMUSG00000126834	3.17615515333071	0.0365573209612853	0.0446637022543309	0.796425906975038	0.42578452513703	NA
ENSMUSG00000120225	7.4685873747861	-0.0684221052625576	0.0585834330930318	-1.26046467100484	0.207501784811173	NA
ENSMUSG00000115560	6.26810895589529	-0.0378695898291366	0.0574690925396522	-0.683567853883727	0.494248089470483	NA
ENSMUSG00000115278	5.19894100057181	0.0355928736157814	0.0551598676835976	0.632831538667199	0.526843658753772	NA
ENSMUSG00000115715	4.20980720055927	0.00834907029674545	0.0438158919169509	0.188780899472383	0.850264542672505	NA
ENSMUSG00000127442	4.94621206021802	-0.0657713723942621	0.0508201525491507	-1.43927870098058	0.15007157493674	NA
ENSMUSG00000127487	3.94499153991804	-0.0227144176811945	0.0482070191692424	-0.484788108535813	0.627826658802347	NA
ENSMUSG00000121075	2.96642591573812	0.00206855706492427	0.0424742253531507	0.0485218590931141	0.961300343920429	NA
ENSMUSG00000127722	2.87553528953797	-0.0180540947415374	0.0387698302042424	-0.486480777068631	0.626626331289152	NA
ENSMUSG00000127724	2.0218996808221	-0.0245756104133278	0.0350348071313878	-0.764512242450175	0.444562043916624	NA
ENSMUSG00000128119	1.85494323146036	0.00316086098573321	0.0324403680742387	0.0957173240420389	0.923745081479219	NA
ENSMUSG00000115771	7.99776846839626	0.00560194894789791	0.0652705260143806	0.0857179867468565	0.931690603398334	NA
ENSMUSG00000115153	3.35246012635853	0.0184096921754743	0.0441921630708264	0.408410192099757	0.682972551989982	NA
ENSMUSG00000115680	4.19763337782731	0.0365246251839553	0.0505503154122889	0.706507111231334	0.479872831964118	NA
ENSMUSG00000128374	3.22966291720309	0.03232303083521	0.0431228396629219	0.732172967628093	0.464063001621304	NA
ENSMUSG00000116500	2.27129488249835	-0.0181511405118576	0.0373959409618557	-0.510345496257677	0.609809434057204	NA
ENSMUSG00000128537	3.10079642450593	0.0192579062666731	0.039795313635582	0.470388128389399	0.638077744282721	NA
ENSMUSG00000116114	6.56716816282357	-0.0122689312698983	0.0602823282467791	-0.204510634819201	0.837954482232494	NA
ENSMUSG00000128867	7.3060826122444	0.0667532300414823	0.0621614377995696	1.05210835705741	0.29274983836839	NA
ENSMUSG00000116380	2.64572255263777	-0.00367259764251349	0.0395909757454458	-0.0927395523198775	0.926110474188198	NA
ENSMUSG00000093695	3.11771065563866	-0.00184242785460151	0.0445205400705596	-0.0413851246405011	0.966988871454985	NA
ENSMUSG00000128991	6.45802881418148	-0.0460346489734456	0.0597986623721107	-0.798360391212971	0.424661381670283	NA
ENSMUSG00000129417	2.91371721584023	-0.0235349084110467	0.0431034457177393	-0.568160277547379	0.569926141085402	NA
ENSMUSG00000086801	4.07193615330502	-0.000711751109979499	0.0497249251178999	-0.0142758482696913	0.988609907957726	NA
ENSMUSG00000056089	2.24775381995929	-0.0174189895383622	0.0369584256828329	-0.494913189586027	0.620661399938917	NA
ENSMUSG00000115729	8.17056316855128	0.022422339528506	0.0636729797881332	0.347407262017665	0.728285378400352	NA
ENSMUSG00000130013	6.64429922448634	0.0466092403240778	0.0606205623863997	0.75052959740622	0.452935804900069	NA
ENSMUSG00000130094	3.51760126762731	0.000116146325401016	0.0454187417876708	0.00255024363811427	0.997965202180497	NA
ENSMUSG00000130135	2.96485477551222	-0.0223944707454758	0.0411764250824654	-0.569514417074115	0.569007089614957	NA
ENSMUSG00000130257	2.2615085173035	-0.0424222120096587	0.0363891259190117	-1.35810019384037	0.174431893725791	NA
ENSMUSG00000078648	3.86388727891273	-0.0210416809701397	0.0484182994182074	-0.445335860119184	0.656077056540215	NA
ENSMUSG00000130716	5.16235233502534	-0.000945201113627018	0.0555370157834062	-0.0170385274479399	0.986405879768374	NA
ENSMUSG00000130807	8.87417041164257	-0.0281619347911785	0.0662939368221237	-0.431233391909144	0.666298676471937	NA
ENSMUSG00000130846	4.65252817761328	-0.0254992692530126	0.0520236370427834	-0.505676793004521	0.613083562368413	NA
ENSMUSG00000121499	2.01228752051626	0.0526227824633389	0.035179319051116	1.49085568651389	0.135999387804105	NA
ENSMUSG00000121150	6.88504326244697	0.00736220080769167	0.0603945739877678	0.121698137039579	0.903138088699085	NA
ENSMUSG00000131836	6.74310704621251	0.0233365180098525	0.0622054900298468	0.370851884131264	0.710747854495871	NA
ENSMUSG00000131894	2.84027063193927	-0.0194388419255651	0.0415505906471055	-0.487335582291695	0.62602053578931	NA
ENSMUSG00000115480	7.74272943856352	0.0236900498847424	0.0659531406697926	0.355603561048241	0.722137476424039	NA
ENSMUSG00000053749	3.45622415067708	-0.0218826459116433	0.0450374208164956	-0.504340855629425	0.614021872114033	NA
ENSMUSG00000132065	4.03534748775856	-0.0359846816258441	0.0481665939161692	-0.788490003531386	0.430410143530705	NA
ENSMUSG00000085802	7.65138562027998	0.00252032253139067	0.0622839643513633	0.0405152594576546	0.967682341742202	NA
ENSMUSG00000120875	9.29451992043992	0.0353030215111604	0.0647244629138143	0.536091677397299	0.591895191766962	NA
ENSMUSG00000132106	6.66958309425339	-0.0495747930472119	0.0610319981297038	-0.84656795899135	0.397235979461689	NA
ENSMUSG00000089796	2.21294235444398	-0.0183032931393259	0.0379084531276568	-0.504323236910113	0.614034251035878	NA
ENSMUSG00000132282	8.80222025166655	-0.0854267833876243	0.0678300272446356	-1.33450820339536	0.182037360177964	NA
ENSMUSG00000121132	2.86346582258723	0.00422616875022588	0.0418102569355736	0.0999358407903989	0.9203952619327	NA
ENSMUSG00000132410	2.28108611488638	-0.00519058328096878	0.0353410315847978	-0.149391010415302	0.881245104783269	NA
ENSMUSG00000132419	4.93672997761167	-0.00502762241700416	0.0497579714007538	-0.102168540635128	0.918622897992376	NA
ENSMUSG00000116504	6.5146912446492	-0.0335619333742678	0.0601411916412738	-0.572811759249649	0.566772156172204	NA
ENSMUSG00000132699	2.58038197073136	0.0122468288681226	0.0402818850791998	0.299102207505638	0.764862061997845	NA
ENSMUSG00000132778	6.89352022127358	-0.0454087393210614	0.0629026233383542	-0.744272145244488	0.456711849257239	NA
ENSMUSG00000132836	3.71055121897984	0.0347403513020565	0.0460875772955383	0.740030087374244	0.459281738158975	NA
ENSMUSG00000115137	2.48428049071032	0.0379592305423992	0.0374072720020632	1.00031877090361	0.317156265997736	NA
ENSMUSG00000133067	2.43879162638799	0.00366870825817389	0.0389170686704442	0.094075054835926	0.925049535841735	NA
ENSMUSG00000133096	8.4471162768566	-0.00608693070612298	0.0677761180728641	-0.0902053703731732	0.928124016787461	NA
ENSMUSG00000086424	7.07881736271494	-0.0230856609601788	0.0629530997172002	-0.371938975553667	0.709938285249925	NA
ENSMUSG00000133615	3.89340078816266	-0.0197156954573799	0.0478024681470946	-0.424890524896164	0.670916482167321	NA
ENSMUSG00000133792	1.98143465276396	0.0272573299184996	0.0346273862287459	0.763588871299555	0.445112283215717	NA
ENSMUSG00000133897	3.15826765333448	-0.0147610252334154	0.0416214782155832	-0.36393343354251	0.71590771776285	NA
ENSMUSG00000072592	5.13962007084711	-0.0512321721893249	0.0539595798601798	-1.00711203758101	0.313880937127538	NA
ENSMUSG00000133989	4.77154586108791	0.0708015569840049	0.0526465140282602	1.30815468283064	0.190820849218867	NA
ENSMUSG00000133998	5.2815098305858	0.0544735246314209	0.0523391588076375	1.01729301953998	0.309014056322712	NA
ENSMUSG00000134023	5.33479554712101	0.0312853442801519	0.0558334563210285	0.54950919780537	0.582656054196476	NA
ENSMUSG00000134054	5.57105604334535	-0.0507564339297588	0.057442658008631	-0.927250170758041	0.353796659353946	NA
ENSMUSG00000134081	2.57632166894432	0.0264155337208787	0.0401635856339718	0.640039789074429	0.52214673186185	NA
ENSMUSG00000116056	7.09670972990434	0.0135925719076373	0.0630035329449272	0.21406300439833	0.830497925283753	NA
ENSMUSG00000134224	3.19395555088244	0.0375302065235599	0.0450386711268997	0.811684867853613	0.41697247944641	NA
ENSMUSG00000134433	5.04668785900095	-0.0454654121885734	0.0518769038311432	-0.931640663187992	0.351522261044452	NA
ENSMUSG00000134516	2.63673038422423	-0.0428661453405317	0.0406755644918336	-1.1700073148976	0.241998025141711	NA
ENSMUSG00000134694	2.37233796353224	-0.0212484541541856	0.0375195650542516	-0.597748586405574	0.550007700931601	NA
ENSMUSG00000135450	3.4376198219577	0.0141408352499703	0.0422865451237525	0.329538522053612	0.741748682019221	NA
ENSMUSG00000120543	8.6599179457932	-0.0215033738460481	0.0676214671001294	-0.32232757342641	0.747204546320803	NA
ENSMUSG00000120620	3.33465972880681	0.0187126556666559	0.0450192713140793	0.407228149274884	0.683840428807248	NA
ENSMUSG00000120063	4.1984324418018	0.0105219217099458	0.0509935188260624	0.204734779121385	0.837779346117797	NA
ENSMUSG00000047938	2.55763997216678	-0.0135081683075225	0.0395252865068223	-0.350733009156932	0.725788659037442	NA
ENSMUSG00000115284	9.78016101676099	0.0102251779844554	0.071579079175464	0.142384651755284	0.8867761849922	NA
ENSMUSG00000136370	3.26289350810615	0.0325202032569201	0.0428516884582447	0.742303808906562	0.457903284604113	NA
ENSMUSG00000136435	4.54495510200392	-0.0183070763936962	0.047149752260758	-0.401198874783867	0.68827370911322	NA
ENSMUSG00000136452	5.37922404013533	-0.0577370987573211	0.055661717390991	-1.10453101408673	0.269362857670203	NA
ENSMUSG00000136918	3.43930505235117	0.0159434097657354	0.0453134566932483	0.347131368606359	0.728492628288868	NA
ENSMUSG00000136950	4.01223453236192	0.00314752952047151	0.0472910645422585	0.0664931874572775	0.946985181329562	NA
ENSMUSG00000137066	3.76612755622129	-0.0555401170283945	0.0425840106156982	-1.53641400996637	0.124436872842497	NA
ENSMUSG00000137710	4.26781872391572	0.0197274239689045	0.0493655706212521	0.391636751985454	0.695326628632885	NA
ENSMUSG00000138268	5.16013654449032	-0.0691903422039791	0.0519146719194097	-1.48984346385758	0.136265399855333	NA
ENSMUSG00000115441	2.15378589522195	0.0239907338548716	0.0373744910126461	0.622592338415045	0.53355244721512	NA
ENSMUSG00000138926	3.22146494557086	-0.0170455759297683	0.0450260516344874	-0.38904726361687	0.697241183756307	NA
ENSMUSG00000138959	2.24458941897759	-0.00509092571444663	0.0373087526708446	-0.138252515901105	0.890040851861595	NA
ENSMUSG00000139785	6.74222087979351	-0.00147537417357041	0.0611515666144079	-0.0241628410281921	0.980722718034046	NA
ENSMUSG00000116072	3.54069962144442	-0.000296182542260459	0.0432427643144195	-0.00680453300143118	0.994570810071476	NA
ENSMUSG00000140022	2.79487860444779	-0.0310232046687343	0.0402582180792735	-0.830302412157397	0.406367824618773	NA
ENSMUSG00000086541	3.10395595829445	0.0243412054048661	0.0436394674470137	0.54257992378802	0.587419064858738	NA
ENSMUSG00000140954	2.32288076706056	-0.00785287668883616	0.038660378702321	-0.205687896482622	0.837034713616488	NA
ENSMUSG00000140958	1.97738408536327	0.0142845762316878	0.0344085826770721	0.405190508132601	0.685337481538686	NA
ENSMUSG00000116307	3.88369665821913	0.0191046282167641	0.0481649637471716	0.392076145021719	0.695001952810815	NA
ENSMUSG00000141200	2.67648345075239	-0.0167304520003956	0.0401325661666252	-0.429661995433239	0.667441532770822	NA
ENSMUSG00000141358	8.42288050612427	0.0167303897785427	0.0632818748661424	0.262384843374405	0.793024756693374	NA
ENSMUSG00000141395	2.37638853093293	-0.00926130503061917	0.039068004038001	-0.241075367377279	0.809496703809166	NA
ENSMUSG00000120923	4.97457576640919	-0.00968012687460802	0.0536475318631153	-0.182007098195956	0.855577155390657	NA
ENSMUSG00000141927	2.58603066608102	-0.0283875232674409	0.0407746401008343	-0.739684987827649	0.459491159241374	NA
ENSMUSG00000087532	7.49571417547401	-0.00834459261318529	0.0626237042843014	-0.133835428270671	0.893532711493288	NA
ENSMUSG00000142043	4.19032643980725	-0.0024767054100179	0.0505271594508698	-0.0491724996291258	0.960781826863416	NA
ENSMUSG00000120070	7.46709169983625	0.0015090697912398	0.0610486445772258	0.0245763728540899	0.980392865337742	NA
ENSMUSG00000142181	3.96684250487045	-0.0100706580803888	0.0497582513745457	-0.204650025952373	0.837845567426526	NA
ENSMUSG00000118456	5.42675449010367	-0.0480709398822949	0.0566940785667288	-0.886310570694958	0.37545019441088	NA
ENSMUSG00000142245	2.78526157694878	0.0589970643618489	0.0415295780393335	1.39054811236395	0.164362500073272	NA
ENSMUSG00000142285	6.05777697974712	-0.0103064614882427	0.0579798179233965	-0.17943280443554	0.85759787513806	NA
ENSMUSG00000142781	4.03093083071898	0.0022664550030374	0.0490851999360865	0.0461863340340648	0.963161734712327	NA
ENSMUSG00000099054	5.17274630596894	-0.0450087002109155	0.0509600623815152	-0.944326169355569	0.345002997006397	NA
ENSMUSG00000143015	2.88621268834499	0.0159315593351807	0.0418199830620017	0.371778265993803	0.71005794687748	NA
ENSMUSG00000143026	5.20122896952086	-0.0263912579590089	0.0533046278172053	-0.509291780619431	0.610547718364632	NA
ENSMUSG00000097662	4.98031156420335	0.0026308096603218	0.054245130036608	0.0483983762851849	0.961398753326983	NA
ENSMUSG00000143171	2.73563504278125	-0.0462656459414661	0.0418817155855254	-1.22611116546009	0.22015684467816	NA
ENSMUSG00000100084	8.20626566767876	0.034142470518677	0.065541944614434	0.512244110944104	0.608480174775338	NA
ENSMUSG00000115339	3.26695380989319	0.0207651694577904	0.044106481667496	0.463421069340791	0.643062579289991	NA
ENSMUSG00000093387	7.33306219576636	-0.0291453223556096	0.0641686568233918	-0.462571723897496	0.643671380490345	NA
ENSMUSG00000115970	2.71862884201084	-0.0575007175675163	0.0408875603149475	-1.61190743683139	0.106982083647077	NA
ENSMUSG00000144032	3.43436345133832	-0.00912848275016439	0.0461963887926473	-0.200392447410581	0.841173665789288	NA
ENSMUSG00000115856	4.85661845424257	0.0181238844709159	0.0524766205420458	0.341542293976789	0.732695370865224	NA
ENSMUSG00000069439	2.96730721496394	0.0423589556219767	0.0432607942073179	0.95037899865145	0.341919711206217	NA
ENSMUSG00000135812	3.46107378205225	-0.0352624114243773	0.0455064905197106	-0.825655546701109	0.40899951577869	NA
ENSMUSG00000134669	9.7539517205786	-0.0311356408711733	0.0678922633108301	-0.46753282183655	0.640118715191124	NA
ENSMUSG00000049414	7.54359536452662	-0.0354544869153664	0.0653559889438855	-0.553888156571603	0.579655390945515	NA
ENSMUSG00000115693	2.54468433879706	-0.013845305047032	0.0402524581700899	-0.352364702227808	0.724564770126789	NA
ENSMUSG00000130774	7.50891884390397	-0.0469778453531423	0.0593829719197986	-0.83012284911654	0.40646932966256	NA
ENSMUSG00000097643	5.56620641197017	-0.0378654491968991	0.0575829597293519	-0.679744440677632	0.496666291504383	NA
ENSMUSG00000121167	2.57227596873681	-0.000741423268385271	0.0409468784888115	-0.018114493974219	0.985547515329619	NA
ENSMUSG00000115456	4.03190896677566	0.0520011946973622	0.044080208610083	1.1543162887442	0.24837052084934	NA
ENSMUSG00000139582	6.80236520945857	-0.00475980037836297	0.0588775754790668	-0.0811151827242329	0.93535035140853	NA
ENSMUSG00000120767	2.08113837529547	9.23984504823238e-05	0.0339671466291853	0.00274096360951847	0.997813030192651	NA
ENSMUSG00000115546	1.9676896898061	0.0273357174729464	0.0351696302604418	0.753544692505064	0.451122665313794	NA
ENSMUSG00000115587	2.20808785587563	0.00987979767118475	0.0381582241735372	0.255693097106957	0.798187825740686	NA
ENSMUSG00000116009	5.42629156363393	-0.0163024483082068	0.052476250919345	-0.317067851290706	0.751192118216721	NA
ENSMUSG00000128442	6.02533571843219	-0.0101341794792837	0.0579631462105549	-0.176296573968063	0.8600609534583	NA
ENSMUSG00000122574	8.37916132288273	0.0356912105791035	0.0630605963481136	0.556604902154793	0.577797403715041	NA
ENSMUSG00000116480	3.94984117129321	-0.0357846907414504	0.0484902427073683	-0.77593174811612	0.437789285894208	NA
ENSMUSG00000083380	4.55362351905626	-0.0241309104811712	0.0520171811030567	-0.476599473287273	0.633647358551784	NA
ENSMUSG00000075609	4.28069212203412	-0.044900577757639	0.0510313635559088	-0.931959010621786	0.351357709061801	NA
ENSMUSG00000142456	8.53387484937982	-0.0330041901164187	0.0672522800552412	-0.498922083746708	0.617834275750523	NA
ENSMUSG00000131687	6.33360914111119	0.0823163617713438	0.0600401750922147	1.33292637014867	0.182555967796801	NA
ENSMUSG00000139421	4.85857780463725	-0.0724126373169856	0.0535541813664818	-1.48202788715728	0.138332874866155	NA
ENSMUSG00000140639	4.13602934634674	-0.00222115318483125	0.0496763421987406	-0.0447348293647994	0.964318671658271	NA
ENSMUSG00000125714	9.37441564961742	0.027537601869397	0.0640926532787572	0.424284764461885	0.671358149026555	NA
ENSMUSG00000129229	2.38608779368328	-0.0369246730021235	0.0393575168096207	-1.0306972858213	0.302682797958988	NA
ENSMUSG00000130151	3.99849443659724	-0.0111049656839401	0.04918388555336	-0.228669180663453	0.819126050401601	NA
ENSMUSG00000115969	2.99085801188935	0.011328576810051	0.0392699017091786	0.283601301382592	0.776715939684598	NA
ENSMUSG00000085523	3.68500604187927	-0.0163629924118298	0.0473733818709723	-0.352072874294259	0.724783610804661	NA
ENSMUSG00000047591	9.42829881099089	0.150014500483154	0.0704260804665353	2.08150604485418	0.037387611383572	NA
ENSMUSG00000077416	4.29779029244221	0.00606217179585115	0.0489870921045212	0.122700512282131	0.902344258190069	NA
ENSMUSG00000137538	6.4433830832251	-0.0338207378401549	0.0608307794762472	-0.569128849360391	0.569268701463566	NA
ENSMUSG00000137574	4.21298133592732	-0.0282505390494658	0.0500536134120424	-0.585770961706019	0.558029440071562	NA
ENSMUSG00000140309	2.99402241287105	0.001161377319307	0.042334901053946	0.0273839953029179	0.978153463360618	NA
ENSMUSG00000115279	1.84110143167164	-0.0216716505949111	0.0338960535334561	-0.686219154232371	0.49257492093879	NA
ENSMUSG00000144060	2.84972085962937	0.00282589537529883	0.038073020977568	0.0733376359342936	0.941537443175419	NA
ENSMUSG00000143980	3.88989051528986	0.0156629290310931	0.047568823183153	0.323240252036573	0.746513298989205	NA
ENSMUSG00000131780	4.16847060766166	-0.00239108167578752	0.0493867264736873	-0.0485184105891639	0.96130309219159	NA
ENSMUSG00000116262	7.20143728870004	0.0749504379455556	0.0641864098766428	1.14088357407893	0.253918375778041	NA
ENSMUSG00000116287	2.15863552659712	0.0106064793462061	0.037550256144064	0.277465752085256	0.781422499691045	NA
ENSMUSG00000144039	2.16754059256616	-0.00352429029315408	0.0379951534588008	-0.0932957542498848	0.925668604990952	NA
ENSMUSG00000142903	3.19387331563111	-0.0303095504496832	0.0448755369226498	-0.711174909728499	0.476975854460825	NA
ENSMUSG00000116121	2.14974019501443	-0.00349910415759256	0.0353933731895654	-0.0993295179201043	0.920876642390613	NA
ENSMUSG00000123289	4.4202165447656	0.0528273344476638	0.0490296340211792	1.04960795740179	0.293898397034599	NA
ENSMUSG00000140231	10.0940252355042	-0.0516083488290558	0.068136591193527	-0.780756465142675	0.434945743557497	NA
ENSMUSG00000116272	3.36629705895407	0.0551110173204723	0.0441223200108098	1.21339178227354	0.224980066688446	NA
ENSMUSG00000141619	7.95349925624047	0.00644156218603774	0.0642031180978125	0.100352211361036	0.920064707981947	NA
ENSMUSG00000139985	2.27343330497522	-0.0185379854724224	0.0360685387438404	-0.539494747388311	0.589545520346073	NA
ENSMUSG00000139945	8.68186574757647	0.013722614508173	0.0684211873168004	0.199913870881084	0.841547942027264	NA
ENSMUSG00000140019	2.41772999102372	-0.00906520800942353	0.0389182177255096	-0.237821164233589	0.812019802867917	NA
ENSMUSG00000121848	2.59730106905727	-0.0232603754414963	0.0372023960171366	-0.671398480570587	0.501966712617585	NA
ENSMUSG00000057346	6.34039038618288	0.0288804808852137	0.0565323895388016	0.504172854046239	0.614139914594277	NA
ENSMUSG00000022993	7.73257698372978	0.0480566792850921	0.0643711021051594	0.735357247493536	0.462121951750211	NA
ENSMUSG00000097050	6.26106332520874	0.0676255760738934	0.0582903473816486	1.1340866456817	0.256758204750165	NA
ENSMUSG00000038009	5.1326947834737	0.0675764171591276	0.0506345938811841	1.30876392819191	0.190614329301497	NA
ENSMUSG00000091119	7.19819551966019	0.00916324472671024	0.061076424589947	0.149248304645327	0.881357705200872	NA
ENSMUSG00000022487	2.09543823436075	0.0087754925074315	0.0338111728195202	0.253172834929336	0.800134657412669	NA
ENSMUSG00000068117	2.79091027229844	0.0192314513555775	0.0411442597463922	0.457529266627126	0.647290671308163	NA
ENSMUSG00000018126	5.81479768247876	0.00873505425029612	0.0580567533475994	0.14987764286775	0.880861150864481	NA
ENSMUSG00000022595	9.19913601811713	0.00771259947638209	0.0666545087435241	0.114733140513749	0.908656645042576	NA
ENSMUSG00000049687	9.61907531008607	0.027681389523771	0.0713545442970596	0.384773225400371	0.700405437772671	NA
ENSMUSG00000022584	7.44931659767865	0.174208820113134	0.061266573091829	2.84070885461612	0.00450133869714493	NA
ENSMUSG00000022435	2.89097521727565	-0.0503318207572155	0.0428908318537179	-1.30754438331339	0.191027891557407	NA
ENSMUSG00000042895	3.41171342241142	0.00326742504746473	0.0440787192776994	0.0738597938460973	0.941121948289564	NA
ENSMUSG00000068227	6.35470263139171	0.00615328070024236	0.058808627692175	0.104186281818234	0.917021520246363	NA
ENSMUSG00000022615	5.43564495449318	-0.017419987874	0.0525743679708887	-0.337469680998288	0.735762864066008	NA
ENSMUSG00000022422	3.13066142181521	0.011558247470865	0.0437920633143443	0.260006648939151	0.794858644830405	NA
ENSMUSG00000047034	3.87154495601707	-0.0195135402932468	0.0474539197994983	-0.423202735551809	0.672147351100975	NA
ENSMUSG00000033576	4.81596461971588	0.00829427114305731	0.0504239178826392	0.163632408565477	0.870020530221789	NA
ENSMUSG00000016758	5.37859918104986	0.0630286146705396	0.0538872327225091	1.138938303568	0.254728888102364	NA
ENSMUSG00000022586	3.4205216515496	-0.0341596111372533	0.045331035388082	-0.801766174310547	0.422688228725436	NA
ENSMUSG00000022304	4.19366504567796	0.0878882805340616	0.0501722018030073	1.7147531170536	0.0863905004423981	NA
ENSMUSG00000055748	2.49398462065384	0.00146151713031297	0.0364538859121708	0.0401776188738392	0.967951520771124	NA
ENSMUSG00000034634	3.67970321842071	-0.00158782394279315	0.0470235955442333	-0.0339712547582848	0.972900072845255	NA
ENSMUSG00000063234	5.84329494761021	-0.00544105859349854	0.0502308444572695	-0.109022235677308	0.913184853934551	NA
ENSMUSG00000048230	3.05530269299042	-0.000496213671472274	0.0409751041387429	-0.0120654549043103	0.990373393379222	NA
ENSMUSG00000058794	4.61224222163732	0.105513735307215	0.0501314394435289	2.09239024557198	0.0364036206594145	NA
ENSMUSG00000038725	6.91854532159404	-0.0662994784498483	0.0608291585524172	-1.1562317777644	0.247586364924261	NA
ENSMUSG00000032783	2.8167295694002	-0.0194973718307468	0.0419587266874431	-0.483002275579369	0.629094120472851	NA
ENSMUSG00000058057	2.00329048490954	0.0281686630342339	0.035314296819238	0.775714060258344	0.437917836191825	NA
ENSMUSG00000045350	5.67726763992244	-0.0124669727814678	0.0556809828519322	-0.226906545176931	0.820496412477511	NA
ENSMUSG00000042351	5.74428371783598	-0.00259646700021727	0.0577223780742488	-0.0450765082420991	0.964046326092139	NA
ENSMUSG00000055114	3.42060388680093	0.0314354052895581	0.0459759387347049	0.668798970430321	0.503623723591117	NA
ENSMUSG00000114755	4.6111867175225	-0.0261948670110077	0.0525297557063612	-0.513199808486987	0.607811559914477	NA
ENSMUSG00000022408	6.81274457882265	-0.0145797551662305	0.0583276541419612	-0.253131523061906	0.800166580051525	NA
ENSMUSG00000078954	7.75306583267262	0.0624818447714295	0.0627372188062746	0.967812698486616	0.333137920723176	NA
ENSMUSG00000116376	9.16490220621644	-0.0118320986437236	0.0705823009428048	-0.168537795711116	0.866160212233399	NA
ENSMUSG00000068105	7.89007018228058	0.00421340630000299	0.0632344499799565	0.0663680271260107	0.947084824718282	NA
ENSMUSG00000022367	9.01388671912393	-0.0771401740830886	0.0677796971837769	-1.19701143079758	0.231302099386134	NA
ENSMUSG00000068246	6.44239213450074	0.142935960806166	0.0604091123926739	2.33159382974098	0.019722068738664	NA
ENSMUSG00000022243	7.01685210878866	-0.0213953523639167	0.0620425944595095	-0.349978104390838	0.726355129943681	NA
ENSMUSG00000108763	2.17159602716002	-0.00379820544301909	0.0370873504993685	-0.103063316703096	0.917912718969236	NA
ENSMUSG00000085612	4.68902974071525	-0.0392059920579145	0.0519515909730933	-0.793740834193269	0.427346322928515	NA
ENSMUSG00000083226	2.35857839899486	0.0187002553873293	0.0391550599644386	0.465962929516356	0.641242035440802	NA
ENSMUSG00000085279	2.81504433900673	-0.0138230075312843	0.0359171231775312	-0.402754671818156	0.687128709984319	NA
ENSMUSG00000055370	5.60809303378203	-0.00129284193617145	0.0566545525794722	-0.0227580384217051	0.981843279835931	NA
ENSMUSG00000022705	4.25757916663748	-0.00276083135108823	0.0495300153793949	-0.0561029267313698	0.955259812418378	NA
ENSMUSG00000115923	2.61847192739594	-0.0270988193957917	0.0398793425430684	-0.725926248516482	0.467883984180162	NA
ENSMUSG00000089861	2.54142796817768	-0.0405616727216842	0.0402115592290631	-1.115503872354	0.264634559971165	NA
ENSMUSG00000116703	2.96442180117662	-0.0469620382565419	0.0409467885786655	-1.29859307622242	0.194083615351436	NA
ENSMUSG00000081303	3.04752044235707	0.0269642079425303	0.0430257782078297	0.614125640664562	0.539132305835711	NA
ENSMUSG00000048164	4.03418233414519	0.0419279697288631	0.0496366494441344	0.825693939556841	0.408977731018527	NA
ENSMUSG00000081453	2.93557791517899	-0.0377723857405204	0.0432029184153969	-0.940883067323657	0.34676478584339	NA
ENSMUSG00000115044	3.57991239344469	-0.0250701003599521	0.0462250584374461	-0.564563055324721	0.572371000092205	NA
ENSMUSG00000114993	4.61118185032932	-0.0125873340038781	0.0526028327715219	-0.242639408367495	0.808284749844817	NA
ENSMUSG00000116579	4.03498139811967	0.015325157974787	0.0492020076934109	0.308237357325781	0.757901728337711	NA
ENSMUSG00000047293	6.95320724063716	-0.00887349116860678	0.0620184752337709	-0.143406202836607	0.885969384454623	NA
ENSMUSG00000047854	6.93440848928097	-0.0386721103177208	0.0593826624806107	-0.675727837787109	0.499213458195613	NA
ENSMUSG00000083658	2.66949052970718	0.0096616826926455	0.037010609178614	0.258274750798467	0.796194871305171	NA
ENSMUSG00000116562	1.92705045685894	-0.0251788575581503	0.0358098260802352	-0.755999389823255	0.44964956154253	NA
ENSMUSG00000117324	6.70367773104554	0.0354259556329903	0.0596220810073242	0.585753289285707	0.558041317683322	NA
ENSMUSG00000116735	5.94578312888009	0.0568366979805104	0.0531324714255792	1.03968212408007	0.2984876083217	NA
ENSMUSG00000055811	4.35096943776021	-0.0192446365318248	0.0489303413650789	-0.401292287347028	0.688204941322011	NA
ENSMUSG00000050520	2.91856684721541	-0.0362771751849923	0.0426724576855205	-0.916206386314669	0.359558656544661	NA
ENSMUSG00002076443	2.0912908301292	-0.0260357729018603	0.0351229954206416	-0.811576190099741	0.417034858136145	NA
ENSMUSG00000103937	6.70990344303252	-0.049313254588109	0.0594269798221574	-0.866044786195391	0.386465601982293	NA
ENSMUSG00000086944	4.06788071871116	-0.000264165494629341	0.0496006369752178	-0.0053106764092523	0.995762713203214	NA
ENSMUSG00000077557	3.12662058880087	-0.026398470006238	0.0419642220936534	-0.663008548899471	0.507325078904245	NA
ENSMUSG00000083505	3.71824636716868	-0.0424867088808753	0.0473250190118295	-0.962490953423758	0.335803045326176	NA
ENSMUSG00000116095	2.14479859400158	-0.0308122246521528	0.0375521707132515	-0.892253039116248	0.372257319038362	NA
ENSMUSG00000089874	7.20318009592802	-0.0209304804352142	0.0597040792711323	-0.357935998539714	0.720391210123602	NA
ENSMUSG00000116847	3.798638666644	0.0329884589030763	0.0481586924538813	0.66959786301216	0.503114176707056	NA
ENSMUSG00000033501	4.65261041286461	0.0380850823998812	0.0521848496574322	0.715481259084478	0.474311717087652	NA
ENSMUSG00002075441	4.56172465385763	0.001834418019197	0.0514071611673593	0.0356569421294751	0.971555903904159	NA
ENSMUSG00000116348	2.98106677950132	0.001403000956407	0.0426022972811391	0.0328428142323314	0.973799935793852	NA
ENSMUSG00000109783	5.38495010354315	-0.0189221433272837	0.0561111754749279	-0.343147564337047	0.731487449842949	NA
ENSMUSG00000081052	5.58041916859095	-0.0658651003246624	0.0526107158499689	-1.37962956493725	0.167700729671577	NA
ENSMUSG00000085732	1.9181453908899	-0.0105605224945883	0.0353245124064315	-0.306279208076685	0.759392068577903	NA
ENSMUSG00000056423	8.5036340280453	0.0502986633094054	0.066683002553971	0.739660712367259	0.459505892636056	NA
ENSMUSG00002076509	8.06036037031985	0.076405771318626	0.0664689882055924	1.125610209086	0.260330544915647	NA
ENSMUSG00000116781	2.79002897307262	-0.0182027457427734	0.039719245366579	-0.476530457554068	0.633696513919923	NA
ENSMUSG00000116626	2.66544969669284	-0.0244971596462302	0.0370947846495582	-0.71275895648886	0.4759949272761	NA
ENSMUSG00000116778	3.42546811975563	-0.0197480600762044	0.0424283617966605	-0.483602668413015	0.628667880646784	NA
ENSMUSG00000116534	9.57933197794426	-0.0208947256358906	0.0717483934931564	-0.294065113895241	0.768708147969398	NA
ENSMUSG00000116739	4.00253526961157	0.0291653162817037	0.0491987605234296	0.581058957146329	0.561200718967396	NA
ENSMUSG00000081404	5.57026184656404	-0.0374898555080103	0.0570084154809623	-0.680193087741749	0.496382208514718	NA
ENSMUSG00000080440	3.89419498494397	-0.0301529106970042	0.0464419622520744	-0.685173344902955	0.493234541849592	NA
ENSMUSG00000086083	1.86949212558588	-0.0303614145283534	0.0317870642920402	-1.12252415682059	0.261639642360187	NA
ENSMUSG00000116797	5.50095293250827	0.02859849062601	0.0558731190195401	0.505225716532182	0.613400309905129	NA
ENSMUSG00000091997	3.87390542583111	0.00660253405396901	0.0469084623873425	0.140391004230499	0.888351065047649	NA
ENSMUSG00000078489	1.97649791894428	-0.0103836901858227	0.0343749090364044	-0.311759016649917	0.755223672708477	NA
ENSMUSG00000102205	4.48026890479298	0.0163335221215202	0.0510300633369564	0.317133093878945	0.751142614649013	NA
ENSMUSG00000103916	6.30972145770594	0.0699227962021772	0.055499679657196	1.23353411990014	0.217376555041556	NA
ENSMUSG00000103851	6.32011808040674	0.0211397252994633	0.058774057024244	0.356722165963464	0.721299809810356	NA
ENSMUSG00000065530	4.13928571696612	0.0219172811497821	0.0486669261704081	0.441428430701728	0.658902863554613	NA
ENSMUSG00000102267	4.32292461573707	-0.0324735592552715	0.0510938554763093	-0.660310380540219	0.509054669984077	NA
ENSMUSG00000120462	8.74164960377091	0.0706295799728017	0.0687880410696713	1.00470349033175	0.31503964699161	NA
ENSMUSG00000116957	2.60066666265104	-0.0137103951892449	0.0394318929515215	-0.358119914816942	0.720253576221564	NA
ENSMUSG00000081176	3.45439424100459	0.0250523378524909	0.0442758569754864	0.549109294684245	0.582930446991768	NA
ENSMUSG00000116882	3.23081346923693	-0.00377566196814324	0.0418671091833484	-0.0904097809201551	0.927961584475497	NA
ENSMUSG00000097418	6.7310521808413	0.00812423082733878	0.059952933137869	0.134684386803094	0.892861418227865	NA
ENSMUSG00002076438	5.95384361773273	-0.0818041427103189	0.0574938695968807	-1.56152349521545	0.118400284668644	NA
ENSMUSG00000081605	9.05105303828501	-0.0563972278780884	0.0640045041418977	-0.924532095178132	0.355209349131615	NA
ENSMUSG00000120947	9.48880257418982	-0.0697124772366812	0.0668144356316001	-1.09596800351229	0.273092777092256	NA
ENSMUSG00000116930	3.35820565853905	0.00496920892376657	0.0457607975520488	0.107852983994544	0.914112312823796	NA
ENSMUSG00000083183	2.72267940941153	-0.0461026640695806	0.0418477516594783	-1.22195913060433	0.221723082613358	NA
ENSMUSG00000089607	4.01392462994857	-0.010070709678143	0.0479067074829137	-0.213177829044618	0.831188260665597	NA
ENSMUSG00000071671	4.2531827273457	0.00785908087402926	0.0499695440952375	0.155597454902017	0.876350331202339	NA
ENSMUSG00000117309	4.65227914255304	0.0169778345127907	0.0463281543901038	0.35872607783821	0.7198000178051	NA
ENSMUSG00002075232	2.71871594445535	-0.00508430701569145	0.0404575576614001	-0.126318927584975	0.89947947422219	NA
ENSMUSG00000055497	4.1741020496746	0.00686640378848272	0.0432575345193716	0.157153371236154	0.875123975940661	NA
ENSMUSG00002076579	5.00790806133628	0.00161470861319189	0.0529387655547761	0.0304709410591706	0.975691468291109	NA
ENSMUSG00000116942	8.39360851298422	-0.00486510660984318	0.0678304652592406	-0.0719549040403091	0.942637796138034	NA
ENSMUSG00000116808	9.10485958057541	0.00206873618368505	0.0699791698710213	0.0295316425770921	0.976440582813979	NA
ENSMUSG00000090319	2.20323822450046	0.0234958923658306	0.0379739585281929	0.603629160484124	0.54609022107006	NA
ENSMUSG00000117317	4.18187943311478	-0.00412039021972052	0.0484896578172078	-0.0848703415625328	0.932364470696097	NA
ENSMUSG00000121927	7.98232854065857	0.0297140207139651	0.0649681514244842	0.451890757435813	0.651347683144865	NA
ENSMUSG00000122346	9.17751683488824	-0.00161663317247248	0.065140991591416	-0.0247816353453959	0.980229139431794	NA
ENSMUSG00000122592	4.72121709977675	0.0209093217440608	0.0525570366381051	0.391096953163578	0.695725572669718	NA
ENSMUSG00000123065	6.58497342756847	-0.0249197541351266	0.0607607384463377	-0.41625922981674	0.677220322596072	NA
ENSMUSG00000123091	6.486944452069	0.00196840898806893	0.053071700556632	0.0370730187840144	0.970426785125744	NA
ENSMUSG00000123156	4.51641972881067	0.0396392010363601	0.0518648164754354	0.744396493736924	0.456636639580395	NA
ENSMUSG00000123199	2.85825983595953	0.0360424329009026	0.0381697740743055	0.926177742100419	0.35435361766463	NA
ENSMUSG00000123251	2.05679824878192	0.0249584643797229	0.0344095717005901	0.71042157144214	0.477442750185282	NA
ENSMUSG00000123506	1.88164869498112	-0.0094790429063329	0.0344389095518748	-0.281121847700327	0.778616944561105	NA
ENSMUSG00000116709	2.23773080584774	-0.0286207469809694	0.0353978339331774	-0.894565981556309	0.371019143664402	NA
ENSMUSG00000125060	2.91291815186575	0.00349540519015391	0.0430277395761159	0.080622719178378	0.935741997726722	NA
ENSMUSG00000125122	3.50789713768379	0.037769381534486	0.0453946547287373	0.806249411894307	0.42009905306835	NA
ENSMUSG00000125362	5.12497433989073	-0.039200669766066	0.0550479048600767	-0.740853000522349	0.458782575277206	NA
ENSMUSG00000116665	1.99528131974585	0.0383595793428173	0.0345365614187566	1.0878384561735	0.276666429260615	NA
ENSMUSG00000126471	2.79318850686114	-0.0179617414797968	0.0406655673781385	-0.459090066667919	0.646169489596967	NA
ENSMUSG00000090214	5.36635550921012	-0.0070846429682263	0.0559866568040796	-0.12720057405041	0.898781651046239	NA
ENSMUSG00000126831	3.11691159166417	0.0240842339272415	0.0436577747001681	0.537172590317399	0.591148402642587	NA
ENSMUSG00000097621	2.74947197537679	-0.00524422834818349	0.0421135798065316	-0.125421629461487	0.900189765484022	NA
ENSMUSG00000120080	2.75925834057165	0.0192067334007423	0.0396235256118351	0.472838551855745	0.636328367265234	NA
ENSMUSG00000127336	10.1639940384259	-0.0743665990863616	0.0692037598149444	-1.12728783709725	0.259620803177524	NA
ENSMUSG00000127550	2.06244694413158	-0.0114664562365845	0.0342531523955575	-0.348563275546075	0.727417202385047	NA
ENSMUSG00000127719	4.89795991433335	0.0183027037766885	0.0528349429187376	0.34317443825578	0.731467233624751	NA
ENSMUSG00000120333	2.04869711398054	0.000417108554278639	0.0363188936458107	0.011530705764021	0.990800031763144	NA
ENSMUSG00000128160	5.27309954600275	-0.0429762175642285	0.0551483233605862	-0.813243852133161	0.416078261771178	NA
ENSMUSG00000128473	1.98143465276396	0.0272573299184996	0.0346273862287459	0.763588871299555	0.445112283215717	NA
ENSMUSG00000128589	7.8747970543518	-0.0770697781585471	0.064955758970168	-1.25778591726907	0.208469190083716	NA
ENSMUSG00000129391	2.80702543945668	0.0204067162746997	0.0414708783645635	0.482212502798913	0.629654995978473	NA
ENSMUSG00000129535	1.93603775807931	0.0275091959380655	0.0342427842351003	0.774974997580291	0.438354433728071	NA
ENSMUSG00000129554	4.84277178726067	0.00743978117777741	0.0538124974118798	0.13780241776147	0.89039657349464	NA
ENSMUSG00000129660	4.36267768226524	-0.00754330113866134	0.051724914885108	-0.146821323413536	0.88327305342782	NA
ENSMUSG00000097896	2.28233350375108	-0.0203361467865406	0.0379714953369488	-0.560573718300688	0.575088172155602	NA
ENSMUSG00000129964	6.57112676058658	-0.0358958166676449	0.0605214383309986	-0.608521610129907	0.54284157778595	NA
ENSMUSG00000130101	5.57282837618333	0.000655875102610574	0.0558025358382549	0.0117483645415102	0.990626376949074	NA
ENSMUSG00000130173	3.36225622593974	0.0184754364967148	0.0459285652632713	0.394974794527159	0.692861489845545	NA
ENSMUSG00000130174	9.51638372076813	-0.0595570642132821	0.0674815707316835	-0.919577842222872	0.357793410156448	NA
ENSMUSG00000097576	2.51383147104475	-0.0369734274555137	0.0387438413057394	-1.06301391256128	0.287775642137352	NA
ENSMUSG00000130446	4.08894722126861	-0.00121733483239982	0.0474475975539658	-0.0256151149095328	0.979564330071616	NA
ENSMUSG00000130512	1.8289448622764	-0.0377703745017551	0.0301762988687589	-1.78430470316535	0.0743741664338238	NA
ENSMUSG00000130520	2.06943499798362	-0.0251019652747059	0.0343823005286054	-0.799447149326467	0.424031180334994	NA
ENSMUSG00000130523	8.19128305024255	0.0215392749731682	0.0649512734809471	0.328422433121896	0.742592283624452	NA
ENSMUSG00000130559	2.0795402473465	0.0470693533708284	0.0338475130772373	1.40989344444501	0.158571148675904	NA
ENSMUSG00000130563	7.91735404839104	-0.00365225593546365	0.0608008653034432	-0.0602657564274458	0.951943974765396	NA
ENSMUSG00000116968	2.72356557583052	-0.0177257245387593	0.0405171868278676	-0.45226593085729	0.651077416348876	NA
ENSMUSG00000130744	5.24830622740581	-0.015827451254868	0.055421374387219	-0.29002932273547	0.77179380495049	NA
ENSMUSG00000130965	6.50992871571853	0.0262802478266097	0.0593009363184975	0.436312200456381	0.662610231134145	NA
ENSMUSG00000130998	3.56299816231196	-0.000306702101059698	0.0469356037957295	-0.00652931113260264	0.994790400470502	NA
ENSMUSG00000131338	5.29900594554902	-0.0316392682203052	0.0564749841537912	-0.575592704309291	0.564890513514729	NA
ENSMUSG00000131402	3.43156513999551	-0.0459903802567039	0.0439530189020991	-1.153095309207	0.248871266779761	NA
ENSMUSG00000097318	2.81682153903789	0.0195061387211066	0.041986065910399	0.455902533337725	0.648460067734065	NA
ENSMUSG00000131756	3.84879809025932	-0.0323145806196928	0.0481508265313124	-0.704515986226747	0.48111149809487	NA
ENSMUSG00000131858	8.09317258846684	0.0130683595017726	0.0668235244024586	0.194215056274951	0.846007494125985	NA
ENSMUSG00000131881	7.32299684337713	0.0458579378481608	0.0632641634629369	0.713997944878675	0.475228450254154	NA
ENSMUSG00000131900	2.32613227048676	0.029314801197708	0.0366225060652461	0.772832145300007	0.439621726544291	NA
ENSMUSG00000132029	3.67969835122753	0.0115991190905241	0.0464076961773393	0.248223508782298	0.80396147805731	NA
ENSMUSG00000132245	4.19349570798212	-0.0291433491098459	0.0507196789887835	-0.595229651925083	0.551689972205842	NA
ENSMUSG00000132339	7.52579009978172	-0.0224503470641912	0.0651285902211841	-0.348932139822754	0.727140255725434	NA
ENSMUSG00000116891	3.49359241142533	0.0395520130845059	0.0440551646505365	0.879106218761076	0.379343686224347	NA
ENSMUSG00000092545	4.82575585210391	0.020610703373356	0.0525173228940293	0.387475736763458	0.698404044036101	NA
ENSMUSG00000120071	4.67660953468024	0.0226249968416231	0.0526344913771063	0.421647649644767	0.673282220789755	NA
ENSMUSG00000133226	5.67409350455439	0.0254176434651892	0.0572166639663792	0.439183929486325	0.660528268582687	NA
ENSMUSG00000133236	5.67334164605076	-0.0503718062938443	0.0557229069654426	-0.952220480151622	0.340985176535894	NA
ENSMUSG00000120420	2.11808826328764	-0.00251295089355413	0.0371353451220559	-0.067746106147012	0.945987746194574	NA
ENSMUSG00000120347	4.91576517907825	0.00573610807924062	0.052676489871077	0.108842737297951	0.913327225697008	NA
ENSMUSG00000133609	7.71276760442338	0.0110819610073365	0.0647699830478211	0.170110144230428	0.864923515849555	NA
ENSMUSG00000087384	4.4754192734178	0.0291798158639353	0.0513147687469996	0.559596634444282	0.575754601015128	NA
ENSMUSG00000133823	2.31669664437618	-0.0284554760532188	0.0352643500984317	-0.900584618456283	0.367809215848863	NA
ENSMUSG00000068463	2.84557832259101	-0.0459851011096942	0.0410313441419336	-1.25805687338118	0.208371188622342	NA
ENSMUSG00000120288	8.94407677053661	0.0507524200787011	0.0680695647405088	0.732098970216155	0.464108162320759	NA
ENSMUSG00000045231	8.54558796107802	-0.0331161410608319	0.0675859228084478	-0.498911265975051	0.617841896997706	NA
ENSMUSG00000116823	10.1334073452003	0.0219741902945382	0.0683541042301112	0.319149128239212	0.749613431037545	NA
ENSMUSG00000134133	8.45205301067628	0.0299665812976416	0.0674528901933962	0.439737277324493	0.660127400407938	NA
ENSMUSG00000134212	10.1021069015329	0.0151882670866686	0.0730653491619754	0.206758848332546	0.836198195921907	NA
ENSMUSG00000120515	3.94499153991804	-0.0227144176811945	0.0482070191692424	-0.484788108535813	0.627826658802347	NA
ENSMUSG00000116987	2.17159602716002	-0.00379820544301909	0.0370873504993685	-0.103063316703096	0.917912718969236	NA
ENSMUSG00000134594	4.83310437942657	-0.0456070139959194	0.0474147043012943	-1.04953140179122	0.293933610473737	NA
ENSMUSG00000134705	3.91165924499094	-0.0344232852215518	0.0481564577213776	-0.750867513758451	0.452732393023758	NA
ENSMUSG00000116913	10.0209398740489	-0.0911928698645059	0.0714299546187833	-1.34143864544042	0.179778077452433	NA
ENSMUSG00000134967	2.21214329046949	0.00917063492837898	0.0377051879690645	0.240272764263772	0.810118807606893	NA
ENSMUSG00000120198	3.54915636252325	-0.0267444088949309	0.0473325635776349	-0.586006031397757	0.557871461719494	NA
ENSMUSG00000135706	4.56755728848266	0.0379654722988669	0.0518275070841792	0.715344205501537	0.474396379601147	NA
ENSMUSG00000097694	2.62982943281669	0.0254103758478143	0.0406904753406697	0.611014452529527	0.541190012421226	NA
ENSMUSG00000135784	2.98908081185819	-0.0246354469922557	0.0432533678562372	-0.59552056930191	0.551495553874942	NA
ENSMUSG00000135797	4.31647685641293	0.0323070834316087	0.0509577749013063	0.618857645690079	0.536010142607187	NA
ENSMUSG00000136575	3.16141745273665	0.0096287511015751	0.0395374366412337	0.24005282680086	0.810289303772562	NA
ENSMUSG00000136761	4.40817141378074	0.0144880684905145	0.0484282000125036	0.295259867169462	0.767795371901976	NA
ENSMUSG00000116656	8.64862542228706	0.03660631890633	0.0670392400279723	0.539204283719729	0.589745904881609	NA
ENSMUSG00000116885	2.18534585731105	-0.0174464693227723	0.0378170058193344	-0.481003380864684	0.63051409586428	NA
ENSMUSG00000116525	7.09020185585876	-0.0488022736220509	0.0632159637403444	-0.798814347126846	0.424398070144871	NA
ENSMUSG00000137533	2.58928703670039	-0.00134287471789167	0.0394587793892619	-0.0340989796014292	0.972798222173395	NA
ENSMUSG00000138339	7.88025948111985	0.0420952170483449	0.0643846737080263	0.641532220280886	0.521176954043379	NA
ENSMUSG00000138433	2.65653976353063	-0.00176104252662751	0.0399354391829117	-0.0444232750686036	0.964567009137887	NA
ENSMUSG00000138621	7.67989336877286	-0.0133510500488641	0.0631908996093129	-0.212295792061311	0.831876278064997	NA
ENSMUSG00000138736	2.04949131076185	-0.0111349138564556	0.0339967717574488	-0.340680497450349	0.733344122090048	NA
ENSMUSG00000138767	9.85810649295286	0.0280085110748842	0.0697899710805992	0.395490067914997	0.692481250119944	NA
ENSMUSG00000138950	8.52768585950226	-0.0429281970012982	0.0669827697162699	-0.657900330115369	0.510602178527302	NA
ENSMUSG00000138952	3.82702449336506	0.0308397672267269	0.04660515308832	0.647348369275678	0.517406503377041	NA
ENSMUSG00000138960	7.13760773229809	-0.0100968554552189	0.0618007410080922	-0.164995463945765	0.868947552371905	NA
ENSMUSG00000139031	6.058534454419	0.0713853537190409	0.056088658991532	1.24262521652318	0.214005973170953	NA
ENSMUSG00000120082	8.40990275222465	0.0821369754530053	0.0684552290571109	1.17377956256663	0.240483332146012	NA
ENSMUSG00000139264	5.51280035212183	-0.019969117559231	0.0510393760314114	-0.40003963147561	0.689127326832562	NA
ENSMUSG00000086827	3.83144115040463	-0.00711931402526111	0.0478104188364285	-0.149594225498736	0.881084764301271	NA
ENSMUSG00000139958	6.08288918251208	0.0138559363182076	0.0583306171799864	0.23617200506991	0.813299201834225	NA
ENSMUSG00000141275	3.01587824501663	0.00117047764322292	0.0423715644288219	0.0276179233111878	0.977966886382589	NA
ENSMUSG00000141422	7.8157228303811	0.0221469912551523	0.0657665274430936	0.333992622945023	0.738385125390427	NA
ENSMUSG00000141616	2.88612558590048	-0.0365364939282879	0.0427788881208914	-0.917458547519889	0.358902405075727	NA
ENSMUSG00000141689	2.42257962239889	-0.0200944209703178	0.036989697540067	-0.577094709329968	0.563875478157718	NA
ENSMUSG00000141814	3.92709430553546	-0.0498165942965352	0.0493439731110284	-1.08513512107113	0.27786181408848	NA
ENSMUSG00000142047	7.90706664866464	0.0430532704964648	0.0664992896302875	0.636263700513017	0.524604560203879	NA
ENSMUSG00000142223	6.66289868601255	0.0233238557646281	0.0611982473508192	0.375735999045354	0.707113172245775	NA
ENSMUSG00000120085	9.96009331724025	-0.0424569350447241	0.0719477355641181	-0.601007043816083	0.547835294782574	NA
ENSMUSG00000143526	4.12226978180935	0.036415307985025	0.0493385873303437	0.718328993180669	0.472554457352112	NA
ENSMUSG00000143558	3.8680298159511	0.0282496692573492	0.0472418545441604	0.581487688267919	0.560911813575548	NA
ENSMUSG00000143671	4.14604262607194	0.0354002031622168	0.0473456306129541	0.734836251022034	0.462439226556756	NA
ENSMUSG00000143715	2.96722011251943	-0.0109192931744704	0.0436807514777061	-0.254118965520823	0.79940365183011	NA
ENSMUSG00000143791	7.65068826032952	0.0380923235021651	0.0653090619256638	0.575470859542268	0.564972893133724	NA
ENSMUSG00000143928	3.30380686105451	-0.00550298749600761	0.0439809556554249	-0.125974201240858	0.899752346287865	NA
ENSMUSG00000143989	2.47123775489609	-0.0103367244705411	0.0390630486852483	-0.271311096946446	0.786151772321381	NA
ENSMUSG00000126709	1.91735119410859	0.00219727752649209	0.0333984205151613	0.065104514275924	0.948090786188041	NA
ENSMUSG00000116580	2.87596826387357	0.0058749985818543	0.0415456831656162	0.141037713890266	0.887840148732375	NA
ENSMUSG00000116835	2.71017696812519	-0.0382773885869702	0.0379242633275035	-1.14351087285202	0.252826543010602	NA
ENSMUSG00000116763	7.34204462979356	0.0331522417068698	0.06375369441341	0.51242257016923	0.608355298173438	NA
ENSMUSG00000138064	2.16023365454609	-0.040045978276274	0.0355594655979263	-1.31215314902559	0.189468466086686	NA
ENSMUSG00000137633	4.11846073051854	-0.000520336729661853	0.0451984341576198	-0.0115634197531428	0.990773931516394	NA
ENSMUSG00000097874	6.68555358213262	-0.00134298302643259	0.0616840197740385	-0.0217670226273991	0.982633800082176	NA
ENSMUSG00000116681	2.92342134578375	-0.0620528790011376	0.0420769331519659	-1.69148116612632	0.0907449418965781	NA
ENSMUSG00000120735	7.612842471532	0.0365642150029679	0.0610390037287508	0.591645346135342	0.554088101757953	NA
ENSMUSG00000126246	2.73652120920024	-0.0188017433099423	0.0415109924734986	-0.468067346636788	0.639736429463538	NA
ENSMUSG00000127377	2.19998185388108	-0.0034990951784436	0.0369415778213531	-0.095592481075486	0.923844237085468	NA
ENSMUSG00000130932	8.31311185772767	-0.0723275313645495	0.0652262615968717	-1.17017757910237	0.241929513625101	NA
ENSMUSG00000139146	2.33855247652176	-0.0256170980104865	0.0335971646316413	-0.85964565694885	0.389984399085311	NA
ENSMUSG00000097401	8.36478971192756	-0.0285062180462778	0.0651891992779738	-0.443989372790645	0.657050267300115	NA
ENSMUSG00000075286	3.32081792901809	-0.00619635066869493	0.044204093851509	-0.141277120446853	0.887651023553647	NA
ENSMUSG00000132646	3.05396820168122	-0.0378306966792984	0.0428263743509888	-0.959909223783867	0.337100903566548	NA
ENSMUSG00000120634	3.33625785675578	-0.0345713885367529	0.0459252649450671	-0.795624701834139	0.426250204583912	NA
ENSMUSG00000116811	2.16833965654064	-0.0311763397764548	0.0376359609993888	-0.902347548105665	0.366872274813468	NA
ENSMUSG00000132041	2.65653976353063	-0.00176104252662751	0.0399354391829117	-0.0444232750686036	0.964567009137887	NA
ENSMUSG00000144262	5.36713997160508	0.00701252263364118	0.0548814033177883	0.127207058948975	0.898776518538293	NA
ENSMUSG00000142028	5.65709217097715	-0.000347219052906871	0.0572367309473257	-0.00608134797039473	0.995147816253455	NA
ENSMUSG00000127030	2.06650724591862	-0.0245874916201043	0.0342370715887048	-0.787261775690804	0.431128640900074	NA
ENSMUSG00000115961	3.73049003900843	0.035040732399675	0.0479115807311086	0.711663972132216	0.476672882601324	NA
ENSMUSG00000093575	9.22080229481909	-0.0728377568371358	0.0696513021748604	-1.09072376797304	0.275394448916936	NA
ENSMUSG00000085048	4.27752772105242	-0.0317767877887399	0.0507181018125587	-0.649777271554168	0.515836102288774	NA
ENSMUSG00000081809	8.14341911452666	0.0004609861024344	0.0675224980044535	0.00682680212281548	0.994553042296032	NA
ENSMUSG00000085884	5.34845340763436	-0.018383362646736	0.0561407693063995	-0.332757549634218	0.739317304268056	NA
ENSMUSG00000117270	1.79570453698699	-0.01679477473874	0.0300301726299123	-0.605002202252495	0.545177533425064	NA
ENSMUSG00000117129	9.32532379380953	-0.0241106660955629	0.0684897583854529	-0.357397667336725	0.720794122796062	NA
ENSMUSG00000117039	4.76829922485488	0.0191095615298241	0.0515677455925244	0.364933572848359	0.715160992524581	NA
ENSMUSG00000116994	2.9026785945875	-0.0196019926159782	0.0408926699045083	-0.501934189917353	0.615713814231888	NA
ENSMUSG00000045521	3.03941444036252	0.0149256471834075	0.0438371349001849	0.336281953471795	0.736658257359607	NA
ENSMUSG00000131794	5.42923878447164	-0.0672007751971828	0.0538664348563314	-1.36274172359072	0.172963923250114	NA
ENSMUSG00000065667	2.45343249015119	0.00302710089593883	0.0392045795977609	0.0771508624211751	0.938503531180785	NA
ENSMUSG00000128680	7.5261863520079	0.100440839335189	0.0634815013303205	1.54915275903733	0.121345002644815	NA
ENSMUSG00000106967	2.92587378523547	0.0031999073611693	0.0425151745841834	0.0747663343527229	0.940400628113165	NA
ENSMUSG00000109588	7.27346714604047	-0.026552943287891	0.0623930744597332	-0.433898983773303	0.664361797744365	NA
ENSMUSG00000022496	3.79538229602462	0.0070798656690582	0.0475668667992412	0.147845686851567	0.882464552613433	NA
ENSMUSG00000046345	3.30479473149753	0.0240568160119425	0.040100744787532	0.581874646439731	0.560651119197202	NA
ENSMUSG00000022501	5.45309386398555	-0.0073907521227652	0.0559110321063706	-0.133313050445411	0.893945806962564	NA
ENSMUSG00000022683	6.48427621842567	-0.0432727957112344	0.059401318218201	-0.757993855184211	0.448454661353252	NA
ENSMUSG00000000157	9.61116298175324	0.057721127302046	0.0696199730847946	0.814364121957251	0.415436385850738	NA
ENSMUSG00000022821	9.03682991030059	-0.032229202701725	0.0684472007248079	-0.478455192758674	0.632326258402685	NA
ENSMUSG00000049916	6.44249691680611	-0.0561932232494304	0.0594332584313769	-0.994527752034768	0.319966001370299	NA
ENSMUSG00000022824	3.19801585266947	0.0212401435743712	0.0434120205538843	0.479313703273758	0.631715475003066	NA
ENSMUSG00000071552	2.19593128648039	-0.0166499042018152	0.0367905750393826	-0.473108896764986	0.636135489787207	NA
ENSMUSG00000022969	8.39319014022815	-0.0587774587051892	0.0626153817924669	-0.983789293705935	0.325219124523314	NA
ENSMUSG00000039956	10.2483872739419	-0.122792044797919	0.072744918415838	-1.80524162931454	0.0710368792446202	NA
ENSMUSG00000065968	9.17697167316717	-0.035492319183166	0.0697221560929353	-0.518421422390631	0.604164271289366	NA
ENSMUSG00000022803	9.32110907835713	0.0530636567902211	0.0674974665048073	0.770930241698053	0.440748280727407	NA
ENSMUSG00000030775	2.38528386251562	0.00504099477086633	0.0387827005528699	0.129090509358382	0.897286031608067	NA
ENSMUSG00000047531	2.05839637673089	-0.0241689840562209	0.0345124938943849	-0.767535590806706	0.442763140773759	NA
ENSMUSG00000075330	3.89463844264101	-0.00567270722620146	0.0437800721471288	-0.130701891221214	0.896011136202584	NA
ENSMUSG00000096215	9.37992940007442	0.0183259439377201	0.0707073708156479	0.256812075287858	0.797323847906137	NA
ENSMUSG00000090176	7.17375368912261	0.0252967288033073	0.0638308532428158	0.391976842895537	0.695075324139618	NA
ENSMUSG00000022941	5.43854496986003	0.0309681955932081	0.0567977473273537	0.537049803518468	0.591233212683039	NA
ENSMUSG00000000386	9.83839458745461	0.0431047320554549	0.0695108637148595	0.611681762604755	0.540748330406392	NA
ENSMUSG00000059305	7.88263455251341	0.0310011268795867	0.0654200780793278	0.467120810293666	0.640413446118931	NA
ENSMUSG00000107252	6.67497788734963	-0.0264108511190567	0.0605916959481521	-0.443568269887101	0.657354750541939	NA
ENSMUSG00000062082	3.44531497014654	-0.0640615919178603	0.0461718816694031	-1.56214829229518	0.118253058507473	NA
ENSMUSG00000022945	7.29192192828766	-0.00439585993284226	0.0606736293170153	-0.0725562516743824	0.942159241020944	NA
ENSMUSG00000040775	2.26159561974801	0.00787005672066375	0.0371520290336886	0.210230598044546	0.833487699366676	NA
ENSMUSG00000071035	9.76351117124311	-0.0245773031667458	0.0702237694273548	-0.35367463586397	0.723582733214148	NA
ENSMUSG00000098210	2.5754403697185	-0.0130105231977209	0.0395606911342021	-0.338103762307331	0.735284995421822	NA
ENSMUSG00000088791	5.81252918230241	0.0170592322134736	0.0549194109130221	0.307048667954269	0.758806328551263	NA
ENSMUSG00000103075	5.46088098181208	-0.0440013561165169	0.0541753715949154	-0.853483989894341	0.393390962355387	NA
ENSMUSG00000066878	7.01832154499052	-0.00677666932011206	0.06062134871179	-0.112546532417253	0.910390076548388	NA
ENSMUSG00000044645	4.28482005749296	0.0418392030635399	0.0479445790284072	0.845426887854872	0.397872537441437	NA
ENSMUSG00002076104	3.06207420367577	-0.0257151973448505	0.0433855403465194	-0.622528938621089	0.533594121254765	NA
ENSMUSG00000117642	3.26326446493821	-0.0326363511652635	0.0452138551213198	-0.760859336452728	0.446741088731728	NA
ENSMUSG00000102973	3.67213751095405	0.0338279546287781	0.0464175258408742	0.70632855417409	0.47998384013033	NA
ENSMUSG00000103779	2.28998631366224	-0.00508221120449668	0.0358243206935674	-0.144393525467709	0.885189729162602	NA
ENSMUSG00000103378	2.96157141716977	0.0263105160454967	0.0409763963847965	0.624641604542011	0.532206307240187	NA
ENSMUSG00000117241	8.82469861359136	0.0206314061310303	0.06887621796898	0.296632977524643	0.766746731015375	NA
ENSMUSG00000117128	8.10648944428227	-0.023076281008936	0.0646928267302579	-0.360688929078797	0.718332001709662	NA
ENSMUSG00000023943	2.50008164089372	-0.0265007984619454	0.0401085988448021	-0.698601371070518	0.484801186643529	NA
ENSMUSG00000090704	5.56223321262764	0.0273342550807828	0.0568643278230828	0.473157840579467	0.636100573477322	NA
ENSMUSG00000090790	5.28604544498612	-0.016713143153704	0.055057170694504	-0.30790509378793	0.758154549696081	NA
ENSMUSG00000081512	7.0936421657535	0.0455578772959239	0.0612086241551011	0.727905144856032	0.466671653558746	NA
ENSMUSG00000117423	2.00330021929589	0.000838298496587835	0.0357331488829016	0.0234366991846401	0.981301931322398	NA
ENSMUSG00000098123	2.04384748260537	0.0137350947844728	0.0360021647751405	0.375578091700062	0.707230580589691	NA
ENSMUSG00000091160	6.26716034544861	0.0435684596633258	0.0590768087656771	0.72014649715825	0.471434801645998	NA
ENSMUSG00000114291	4.02283456311078	-0.0353704524961139	0.0476736192878318	-0.784108907478725	0.432976209201705	NA
ENSMUSG00000116620	3.95624734131476	0.0150306364326515	0.0452344008235134	0.326994594222079	0.74367197385763	NA
ENSMUSG00000068120	2.83551297020177	0.0310137898232957	0.041315350080974	0.73351719675072	0.463243043194499	NA
ENSMUSG00000096962	4.23323904012393	0.0227901083520692	0.049661462430568	0.451985672719915	0.651279303901473	NA
ENSMUSG00000117053	8.92076262252789	0.0643127142412574	0.0673386381614506	0.938052106515891	0.34821763286828	NA
ENSMUSG00000117015	2.41862102463588	0.00289786583608693	0.0373025297839722	0.0773609929603894	0.938336370859559	NA
ENSMUSG00000117290	3.44811328148935	-0.0212250209941987	0.0452389297342444	-0.486855338264575	0.626360850908956	NA
ENSMUSG00000081492	3.571903228281	-0.0133980778917162	0.046138939464649	-0.295423509156779	0.767670376578128	NA
ENSMUSG00000103324	3.74344080518497	0.04628157101333	0.0468710146002018	0.957847148588774	0.338139840277782	NA
ENSMUSG00000117262	2.01388564846523	0.000566123910935062	0.0351346330732941	0.0161122435357707	0.987144845854398	NA
ENSMUSG00002075070	8.78193555974686	-0.0625048689866806	0.0685094823991526	-0.947005780546917	0.34363583337212	NA
ENSMUSG00000117187	6.76657074069341	-0.0545910554333117	0.0623618951911866	-0.911654071743501	0.361950848481269	NA
ENSMUSG00000064637	2.78111903991041	0.00767741689980397	0.0424681411791642	0.179076368276417	0.857877737435094	NA
ENSMUSG00000089695	4.53987368890522	-0.0119824097553214	0.0528660382312725	-0.229075175647321	0.818810487444735	NA
ENSMUSG00000091058	1.92219595829059	0.00303923465561541	0.0348132689975285	0.0864228335762476	0.931130296265436	NA
ENSMUSG00000116950	2.29440297070181	-0.0437389125354948	0.0367410484144387	-1.3868603145334	0.165484361129113	NA
ENSMUSG00000116958	5.8930938977549	-0.00702682017002107	0.0585634022843316	-0.120463738208037	0.904115803137891	NA
ENSMUSG00000064582	2.01793621586592	0.0142262596763019	0.035919065730463	0.388717642837962	0.697485029713063	NA
ENSMUSG00000093429	2.81392639086422	-0.0430558165071393	0.0401678909422495	-1.21007028674417	0.226251923583598	NA
ENSMUSG00002075486	5.61564900686234	-0.0104438057559773	0.0556701915418777	-0.189721391184918	0.849527457500923	NA
ENSMUSG00000116633	4.19889050107836	-0.00422134119125553	0.0461505210057377	-0.0914902546192417	0.927103049447868	NA
ENSMUSG00000094256	1.99844572072754	0.0268685502849248	0.0348938972940692	0.749048404833844	0.453828031082924	NA
ENSMUSG00000117130	2.08159156737886	-0.00173169309789447	0.0362048992936403	-0.0477176859287953	0.961941238825425	NA
ENSMUSG00000117269	6.15183275590405	0.0198873165004142	0.0537751656887	0.362872085455662	0.716700440072194	NA
ENSMUSG00000114244	6.9665038787048	-0.0193650425964785	0.0623465932315144	-0.314827220019606	0.752892843300551	NA
ENSMUSG00000098374	1.94574188802283	-0.0115770133024319	0.0356491443468325	-0.333439972200635	0.738802194354298	NA
ENSMUSG00000103207	2.02595511541596	-0.0267073824000953	0.0361987331253419	-0.79978324200701	0.423836393974265	NA
ENSMUSG00000118390	2.18623202373004	0.00964459997426456	0.0376281351142123	0.252520320864065	0.800638909153783	NA
ENSMUSG00000077338	3.81769618744678	-0.00735606082988696	0.045963519069317	-0.160751644103021	0.872289012212513	NA
ENSMUSG00002076627	2.20403728847494	-0.0041908226442993	0.0381034985741367	-0.111005525370869	0.911611965201779	NA
ENSMUSG00000117468	5.5289106520869	-0.0104945297710487	0.0564908400309624	-0.187251091821613	0.851463767720726	NA
ENSMUSG00000093884	3.66101178725682	-0.0139397298418778	0.0467575608231315	-0.304807524994529	0.760512749975247	NA
ENSMUSG00000092519	2.69031551615476	0.0313362849737994	0.0385084161872855	0.784300920151815	0.432863559688128	NA
ENSMUSG00000079444	8.21508849839647	-0.0373411693980824	0.0664550720245151	-0.573848756001785	0.566070152313061	NA
ENSMUSG00002076600	4.06779848345983	-0.0667092472094252	0.0498318211783038	-1.48111980548836	0.138574651059089	NA
ENSMUSG00000103558	4.97705519358398	-0.0225192072308634	0.054024517327481	-0.425973171230662	0.670127395537814	NA
ENSMUSG00000091831	2.11808826328764	-0.00251295089355413	0.0371353451220559	-0.067746106147012	0.945987746194574	NA
ENSMUSG00000117513	2.77133267471556	-0.0194146299665228	0.0421065581685054	-0.477473693705604	0.633024848851808	NA
ENSMUSG00000089764	7.58739899845547	0.00168623051112229	0.0650237860800095	0.025927210475991	0.979315396517343	NA
ENSMUSG00000054951	7.66576771459659	0.0712521780341005	0.064238114294634	1.08005820284445	0.280116262858223	NA
ENSMUSG00000091043	2.03574148061082	0.000640893271397488	0.0362749592351228	0.0177120335434808	0.985868580774794	NA
ENSMUSG00000118082	9.93204362802393	-0.040522417058194	0.0721630626863764	-0.57237502371721	0.567067932899197	NA
ENSMUSG00000092595	5.12189217416037	0.0372590857751618	0.0548536685274716	0.663836997777271	0.506794643135612	NA
ENSMUSG00000092246	2.20007869071194	0.0178878663356396	0.0341664637626457	0.510269436512483	0.60986271192169	NA
ENSMUSG00000067882	3.63960428000145	-0.00215797053437681	0.0457113257009526	-0.0471474161938486	0.962395736673312	NA
ENSMUSG00000023903	8.75691045942641	-0.039109809522246	0.0694448800983628	-0.574521260048512	0.565615118126285	NA
ENSMUSG00000091655	2.79576477086679	-0.0061376299738285	0.0386173910062379	-0.160795239105007	0.872254675088282	NA
ENSMUSG00000055413	4.10357348345229	0.0366008170798782	0.0486649855409108	0.730884247721048	0.46484985839987	NA
ENSMUSG00000092392	3.3581959241527	0.0315843121307669	0.0450416624429518	0.682667478396844	0.494816984332573	NA
ENSMUSG00000099104	4.43309481007717	-0.0184263567143694	0.0491805566451061	-0.384771107461311	0.700407007068987	NA
ENSMUSG00000039518	7.84531857488235	0.0709650886158356	0.0605168188352415	1.1507766044636	0.24982415204653	NA
ENSMUSG00000038045	9.20642273838941	0.071005980264409	0.0699205497956641	0.995470631647378	0.319507421002127	NA
ENSMUSG00000046196	4.18459064201308	-0.0155247444512283	0.0508185339916193	-0.310850455582303	0.755914310427053	NA
ENSMUSG00000073414	8.86703281131834	0.0399417665819255	0.0676288132335616	0.580649356630958	0.561476800215309	NA
ENSMUSG00000064853	3.10466791982443	-0.0515937560452697	0.0428020981149879	-1.36416274232649	0.172516351421017	NA
ENSMUSG00000117056	5.83879193710122	0.00628363280385394	0.0576096781533392	0.108336308258484	0.91372892226944	NA
ENSMUSG00000117546	3.39055981740947	-0.04814383387245	0.045724671117434	-1.15158077361325	0.249493385740725	NA
ENSMUSG00000071036	6.20333565623984	-0.0483266644840702	0.0567934831333669	-0.894036584547569	0.371302317195008	NA
ENSMUSG00000116655	5.69888682315133	-0.00222483090201179	0.058025687402552	-0.0383605682947553	0.969400199768304	NA
ENSMUSG00000117303	2.34473659920614	-0.00781525996308933	0.0387217154020744	-0.204803322326671	0.837725791193715	NA
ENSMUSG00000117304	2.01714201908461	0.0262185791190828	0.0353160781175325	0.72438866186578	0.468827158657787	NA
ENSMUSG00000065491	5.46039593481244	0.0435645225266792	0.0563175787883611	0.75897219763016	0.447869188312163	NA
ENSMUSG00000088183	2.4168486917979	-0.0484596895584394	0.03840682855763	-1.45732958032043	0.145025425287377	NA
ENSMUSG00002075088	5.50793611916713	0.0278986185574235	0.0570527591629259	0.48040175889426	0.630941743872865	NA
ENSMUSG00000118295	2.10028299854275	0.0101828457484999	0.0352796847991705	0.281621714753201	0.778233587907264	NA
ENSMUSG00000121903	2.84351726817229	0.0318256608433249	0.0407352157401433	0.763025377375395	0.445448261426802	NA
ENSMUSG00000092525	4.76372371348091	-0.0566388172694321	0.0529120905134705	-1.1468507324386	0.251443317604441	NA
ENSMUSG00000117412	7.2901447282565	-0.0414746598721481	0.0641881321133599	-0.663431066973709	0.507054514378722	NA
ENSMUSG00000091530	3.05451336340229	-0.0014529494982361	0.0399236963460695	-0.0362685548021532	0.971068223068535	NA
ENSMUSG00000117102	7.5031254692753	0.0284934622501486	0.0646930851240543	0.434546833104225	0.66389139368725	NA
ENSMUSG00000117257	8.63781307858738	0.0225259916740057	0.0671189724567775	0.331730805729832	0.740092537034061	NA
ENSMUSG00000122222	2.05274768138123	0.0139552954719911	0.0360347590344512	0.381575786740357	0.702776047055378	NA
ENSMUSG00000090101	3.74522287240931	0.0628767751933659	0.0446900779241331	1.37330616173765	0.169657187861666	NA
ENSMUSG00000122298	2.64278993337959	0.00954559794639653	0.037823946322155	0.249365693329411	0.803077919828386	NA
ENSMUSG00000122354	2.60797846786428	0.0110290381041404	0.0399026780263614	0.272535285985646	0.785210463402629	NA
ENSMUSG00000066938	4.31332218981758	0.0139028573127502	0.0453897130508437	0.300790425509359	0.763574309846801	NA
ENSMUSG00000122705	7.331010875734	0.0214153056319073	0.0622827254057272	0.341423678142561	0.732784652277688	NA
ENSMUSG00000122942	2.04553271299885	0.0112229650341822	0.0333429114716355	0.33095755272554	0.740676548396845	NA
ENSMUSG00000123110	2.48507955468481	0.0138305162079066	0.0373016330384833	0.365744052685077	0.714556070924576	NA
ENSMUSG00000123111	3.97089307227113	0.00344438781483661	0.0494740068208456	0.0694298758940604	0.94464744876699	NA
ENSMUSG00000123173	3.90636128872556	-0.0309735330255551	0.0461432804011345	-0.708738201011665	0.478486954081775	NA
ENSMUSG00000086594	2.91483516398274	0.00475525348321751	0.0401189977587627	0.118504190322196	0.905668175096244	NA
ENSMUSG00000123836	4.57223271496882	-0.0775917197185678	0.0520915023834337	-1.66413158971412	0.0960861354117663	NA
ENSMUSG00000123844	6.37296108821999	-0.00752958231705824	0.0590191611003817	-0.127789206352129	0.898315792111647	NA
ENSMUSG00000123918	2.19919252429294	-0.00431939493997741	0.0355530062481104	-0.122642563262513	0.902390148232179	NA
ENSMUSG00000123965	8.0437251263815	0.000990822233552186	0.0651391754383266	0.0151725640346133	0.987894509871592	NA
ENSMUSG00000124001	2.42989142761213	0.00344078525964764	0.0388937318236974	0.0882154924455808	0.929705404130666	NA
ENSMUSG00000124443	2.37638366373976	0.00499658485163107	0.0394979030169869	0.125554055278445	0.900084933631291	NA
ENSMUSG00000124484	6.88813029537051	-0.0785450645370459	0.0612469839698992	-1.37883500230637	0.167945632040867	NA
ENSMUSG00000124533	5.79543101189432	-0.0283270697891249	0.0558589825306584	-0.520808860015156	0.60249993038192	NA
ENSMUSG00000124997	3.50374973345225	0.00189607113214018	0.0459795661839961	0.041069894892976	0.967240174740776	NA
ENSMUSG00000125016	10.0202181781326	0.00365844465861114	0.0731893220960253	0.0498540249092272	0.960238714520415	NA
ENSMUSG00000125323	2.29728838448913	0.0397525550351471	0.0345446200268204	1.14881889847948	0.250630664964391	NA
ENSMUSG00000125324	8.34175899178225	0.070350689351422	0.0679968213650432	1.01206540935946	0.311506779992876	NA
ENSMUSG00000125346	5.58490271032724	-0.0372151871703936	0.0563880852233436	-0.6833382443783	0.494393133112206	NA
ENSMUSG00000125400	3.80259726440701	0.0080854961213172	0.048532182535606	0.165591065596366	0.868478778841877	NA
ENSMUSG00000125441	3.83019862873311	-0.00653294132773204	0.047962894325395	-0.137416105370425	0.890701901562911	NA
ENSMUSG00000125502	4.76741305843589	-0.00482582330674277	0.0533694006379044	-0.0907688729047599	0.927676243745751	NA
ENSMUSG00000125774	4.70029527649832	-0.0230982097558239	0.0493662218572612	-0.484757087058592	0.627848666365846	NA
ENSMUSG00000125978	6.60151183467596	0.0260041769988312	0.0590097334387561	0.434947409327108	0.663600601121667	NA
ENSMUSG00000126017	3.29905406651019	0.029626438580923	0.0437109521633326	0.657363782045098	0.510947033802821	NA
ENSMUSG00000126049	6.56996160697321	0.0406703478119517	0.0617404625423679	0.647133647089113	0.517545450468262	NA
ENSMUSG00000126055	7.25779056938608	0.00874625544112734	0.0640242168837087	0.1357562402733	0.892013985907736	NA
ENSMUSG00000117442	4.94874186772789	0.0658560586692828	0.0532901711187528	1.20051184783541	0.229940614065124	NA
ENSMUSG00000126368	2.68492559025169	-0.00136375963051712	0.0373564650600659	-0.0368415036130717	0.970611381398354	NA
ENSMUSG00000117486	9.41282310449764	-0.00585135017534294	0.0652541443573708	-0.0899735168901832	0.92830825991386	NA
ENSMUSG00000117137	3.69399821029281	0.0208042269388999	0.0464124203964189	0.438083777498016	0.661325553736171	NA
ENSMUSG00000126570	2.75836730695948	0.00754545459748959	0.0379263624108125	0.196409499702186	0.844289661385237	NA
ENSMUSG00000126763	2.36827279455203	0.0044368469989381	0.033745113912262	0.130162063544809	0.896438208090964	NA
ENSMUSG00000126935	6.80218127018321	-0.0798495385115808	0.0620066927482113	-1.37863548615453	0.168007169643117	NA
ENSMUSG00000097030	4.05359059403223	-0.0369716392147053	0.0489828976600056	-0.797370683199013	0.425235780447553	NA
ENSMUSG00000127445	2.05274768138123	0.0139552954719911	0.0360347590344512	0.381575786740357	0.702776047055378	NA
ENSMUSG00000127542	3.57506276206952	-0.0124781981811697	0.0465008419074719	-0.273088865567637	0.784784905533009	NA
ENSMUSG00000097546	7.5366024434814	-0.0068475726296752	0.0631160029824894	-0.10933499640197	0.912936789854902	NA
ENSMUSG00000118157	10.0179152851531	-0.114728703958793	0.0717183968844383	-1.71140935464667	0.0870055715046143	NA
ENSMUSG00000121760	3.27091727484937	-0.0174166411418801	0.0445874464829874	-0.402792890043769	0.687100592044507	NA
ENSMUSG00000128076	3.03616293693632	-0.024986534230421	0.0430254142514123	-0.609305621522889	0.542321881649611	NA
ENSMUSG00000128107	3.91263251385444	0.0406329042304279	0.0480651951538941	0.820477927491083	0.411943707138983	NA
ENSMUSG00000128214	3.57763902607516	-0.000934890722062861	0.0448027896140733	-0.0208717181115814	0.983347987385654	NA
ENSMUSG00000128545	2.21699292184467	-0.0044084002332025	0.0381439491962078	-0.116788075738832	0.907027993266397	NA
ENSMUSG00000128582	2.58522186772018	0.0252799992579454	0.0391666161275404	0.628294558872117	0.529810995401159	NA
ENSMUSG00000128692	3.83344526496614	0.0452441479501221	0.0476990513405804	0.925895708192419	0.354500181921182	NA
ENSMUSG00000117070	4.28605696299623	0.0291207421400354	0.0462804531470573	0.616805566256649	0.537362980094345	NA
ENSMUSG00000117030	4.67439374414522	-0.0517265576236455	0.0517956921823656	-1.07174176890045	0.283836034434072	NA
ENSMUSG00000128887	7.37241414287517	-0.118057405434091	0.0632847645578627	-2.06702673683741	0.0387316346632423	NA
ENSMUSG00000128917	1.90518975752018	-0.00923674814320249	0.0334546065080499	-0.28299551478451	0.777180275214158	NA
ENSMUSG00000120531	6.08416355909985	-0.0683785618684991	0.0561435636890759	-1.32118036139135	0.186441232854152	NA
ENSMUSG00000129024	5.07640330983804	0.000578361897608351	0.0546926701527329	0.0105526308255889	0.991580375054157	NA
ENSMUSG00000117335	6.06015205114068	-0.0217176338031508	0.0562089737401155	-0.394410199523484	0.693278214715182	NA
ENSMUSG00000129146	9.24591449758406	-0.0491090921733269	0.0699360439546716	-0.721026845815413	0.470892997768352	NA
ENSMUSG00000129178	3.88989051528986	0.0156629290310931	0.047568823183153	0.323240252036573	0.746513298989205	NA
ENSMUSG00000117654	7.46663364055969	0.0164224331154249	0.0649382844028778	0.250558244006648	0.8021556684626	NA
ENSMUSG00000129568	3.99848956940406	0.00259504000859393	0.0499531536971366	0.0518817093241785	0.958622948490378	NA
ENSMUSG00000129644	2.83630229978991	0.0281041601735321	0.0387329906726534	0.707998529624582	0.478946170584141	NA
ENSMUSG00000121610	2.32208657027925	0.00487210431132489	0.0378933461863814	0.126949509680479	0.898980360548746	NA
ENSMUSG00000091968	6.16277379135084	-0.0256469029559561	0.0594608936872962	-0.440050523412001	0.659900515148204	NA
ENSMUSG00000130003	6.16469567066101	-0.0344170018859871	0.0570793273699435	-0.624953475925171	0.532001593312246	NA
ENSMUSG00000130007	2.19998672107426	-0.0178775355624445	0.0376298109701081	-0.495908823247369	0.619958740760821	NA
ENSMUSG00000117611	6.59316653200752	0.0327077940345973	0.0583009214675516	0.548725478036401	0.583193858756585	NA
ENSMUSG00000117421	8.71961469954313	-0.0134235966400771	0.069530434692468	-0.194219407143173	0.846004087494744	NA
ENSMUSG00000117564	5.70708966197673	0.0315819960656187	0.0557116515669668	0.555192938755795	0.578762698258745	NA
ENSMUSG00000117048	6.23426102485712	0.0604898361406972	0.0598002542936059	0.989396790709926	0.322469044116428	NA
ENSMUSG00000130714	9.43208807105806	0.0202040370786248	0.0704845078252531	0.284995706212643	0.77564743152487	NA
ENSMUSG00000130819	1.99608038372033	0.0121420441311787	0.033186884122096	0.357825612277189	0.720473822128186	NA
ENSMUSG00000117818	4.025199900118	-0.0244362131383639	0.0496251523788092	-0.508117457791351	0.611370972837052	NA
ENSMUSG00000131011	5.49769656188889	0.00417569146514355	0.0558602068512052	0.0747947997108269	0.940377979459178	NA
ENSMUSG00000131031	7.03949727052238	-0.0199330132036147	0.0615560146156693	-0.328957652552998	0.742187696589957	NA
ENSMUSG00000131033	2.93962848257968	-0.0239043028000857	0.0431575409264195	-0.577317679042579	0.563724873070415	NA
ENSMUSG00000116974	4.88331905057015	0.0195315941965164	0.0535021223703335	0.361509195474197	0.717718832142313	NA
ENSMUSG00000117466	7.55097967060484	0.0776359531384497	0.0650739215937197	1.16393730830482	0.244449418807492	NA
ENSMUSG00000131876	4.59021218460273	0.0129390226516427	0.0524189870874521	0.244538621906128	0.806813693749135	NA
ENSMUSG00000132229	3.25399817652346	0.0205156321678363	0.0435956653327113	0.462687510376268	0.64358837196145	NA
ENSMUSG00000120998	2.67523119469452	0.0107508155529096	0.0404733816681085	0.263379823851487	0.792257840013527	NA
ENSMUSG00000097125	8.37403578259452	-0.0548222778703613	0.068027809741741	-0.831747947750395	0.405551230334023	NA
ENSMUSG00000117427	2.02109574965444	0.0134422298512176	0.0335967621838532	0.392157396452103	0.694941920718451	NA
ENSMUSG00000089900	8.39184104733942	-0.0669489193841991	0.0677238521871227	-1.03030048134046	0.302868973191599	NA
ENSMUSG00000132947	3.25796164147964	-0.0172277184489702	0.0445681423409343	-0.39828403244126	0.690420829240409	NA
ENSMUSG00000132975	3.75808653614135	0.0345805052865376	0.048321023388422	0.697749561546422	0.48533382733901	NA
ENSMUSG00000133137	9.01574128721324	0.0277469097996284	0.0697864741416521	0.392765704139156	0.694492537319645	NA
ENSMUSG00000133156	4.5966329562038	0.0242665799701206	0.0507641699719065	0.469804487811379	0.638494707792574	NA
ENSMUSG00000133272	2.94861091660687	0.0413891438683197	0.0421141440656101	0.951870867059201	0.341162476011846	NA
ENSMUSG00000133338	7.67805297573893	0.029773317613412	0.0609060157374929	0.480363641041366	0.630968843165632	NA
ENSMUSG00000133468	2.76367499761122	-0.0168607176852587	0.0388670167800332	-0.449391687291032	0.653149126855578	NA
ENSMUSG00000117534	3.95309267471941	0.00299031802418657	0.0494657667945526	0.060227942449924	0.951974091247974	NA
ENSMUSG00000133649	8.09530614375053	0.0214350442186481	0.0638565226937614	0.330636880975398	0.740918784590959	NA
ENSMUSG00000120176	9.91441743536122	0.0549483908167882	0.0727839450429297	0.742455084800195	0.45781165537598	NA
ENSMUSG00000098164	5.22485226731125	0.0356861322549286	0.0556154543781954	0.630114828382969	0.528619458647382	NA
ENSMUSG00000134649	6.35021908965542	-0.0312916043798065	0.0591210509445176	-0.540889799166147	0.588583542372252	NA
ENSMUSG00000117100	5.30630801637591	0.0198532716102782	0.0548752801089396	0.356470050689579	0.72148857704093	NA
ENSMUSG00000134904	2.51717981130181	0.0221332606271632	0.0368454497661471	0.581588143090319	0.560844131351806	NA
ENSMUSG00000120922	2.44498548345872	0.000727137560319846	0.0339070503891494	0.0212511964876876	0.983045274596886	NA
ENSMUSG00000135429	5.11579515392049	0.0596637706608469	0.0528352194902926	1.10625798470618	0.268614871685472	NA
ENSMUSG00000135514	5.22601255373145	-0.0294413104808722	0.0554710793512477	-0.544339193861046	0.586208080677123	NA
ENSMUSG00000135532	3.56615769610048	0.000820951813096886	0.0463971016841391	0.0176889870128578	0.985886966365356	NA
ENSMUSG00000135723	4.96082106906498	0.015472195375005	0.0533366227127849	0.286672454239309	0.774363131042806	NA
ENSMUSG00000135760	4.23617652657529	-0.00464780959386531	0.0501995329881934	-0.0926888699345934	0.9261507394499	NA
ENSMUSG00000097379	3.01755860821693	0.0147391931196566	0.0435019675056037	0.334075839554891	0.73832233097275	NA
ENSMUSG00000136330	4.8930183133205	-0.00568653769513225	0.0528778255347615	-0.108534289888069	0.913571881761375	NA
ENSMUSG00000136949	4.42517761455115	0.0271572305094215	0.0496473746626874	0.536798181291397	0.591407028084079	NA
ENSMUSG00000137252	4.17435108473484	-0.0332744465573156	0.0459428848474381	-0.773996491282906	0.438932866176615	NA
ENSMUSG00000137596	5.87580384259694	0.0850549307750903	0.0549798748379435	1.51500835515791	0.129770288240419	NA
ENSMUSG00000118651	6.58814756293651	-0.0533451490223482	0.0562562321565692	-1.00564247119893	0.314587585872316	NA
ENSMUSG00000138194	3.3322943917996	0.00509080748527835	0.0443269591572242	0.113856672918932	0.909351412145346	NA
ENSMUSG00000138710	3.38165961863361	-0.0484574648146095	0.045722054598233	-1.15758930208548	0.247031677008093	NA
ENSMUSG00000138755	3.33060916140612	0.0058914987873518	0.0457351988829859	0.127720736611428	0.898369979049852	NA
ENSMUSG00000117011	7.67818792063159	0.0135969375352584	0.0647863968279488	0.209087134436253	0.834380217975168	NA
ENSMUSG00000139273	6.57481123834838	0.0278622441550122	0.0615902180477923	0.446539804233688	0.655207366796041	NA
ENSMUSG00000092268	2.5536765072106	0.0240159686223178	0.0390693698807618	0.59732455076471	0.550290716293212	NA
ENSMUSG00000139357	3.49565346584405	-0.038286394641983	0.0463112479905513	-0.878738405832076	0.379543129705631	NA
ENSMUSG00000117647	3.95388200430755	0.00391806443736933	0.0481368518369929	0.0810820042287683	0.935376737105858	NA
ENSMUSG00000140191	3.22957094756541	-0.00378660804700544	0.0446757716007622	-0.0853827092386961	0.931957138989001	NA
ENSMUSG00000140221	5.27333132772627	-0.0399361267546658	0.0543508783312942	-0.769344117154939	0.441689053741564	NA
ENSMUSG00000117341	5.45229966720424	0.00476316380136646	0.0565415020747438	0.084156249206365	0.932932202812864	NA
ENSMUSG00000140448	2.23251995202686	0.0154267787066184	0.032173206561133	0.468245658652313	0.639608924116304	NA
ENSMUSG00000140517	7.22895641777481	-0.00258268157602391	0.0612347036112427	-0.0422720015298852	0.96628186487088	NA
ENSMUSG00000141710	1.92784952083343	-0.0480142001236299	0.0339201595138445	-1.96971552118672	0.048870983125308	NA
ENSMUSG00000117227	3.58969875863955	0.000386185913050387	0.0469586008826023	0.00823342468016785	0.993430751786015	NA
ENSMUSG00000142215	2.15458495919643	-0.00321654497139597	0.0374866337768948	-0.086203785147051	0.931304421798754	NA
ENSMUSG00000142270	4.76564559279108	-0.0671077885660031	0.0521480178859989	-1.41444608662076	0.157230966515907	NA
ENSMUSG00000142310	4.0069616610375	-0.0303770393648001	0.0442164763631536	-0.729072001598445	0.465957620196076	NA
ENSMUSG00000142566	4.90325787059874	0.0178928543591437	0.0542225599279686	0.325335811584608	0.744926930039997	NA
ENSMUSG00000143437	6.35698573314759	-0.0446915472878121	0.0608676989907438	-0.759682126216377	0.447444615230117	NA
ENSMUSG00000143616	5.57519858038372	0.000729167233336103	0.0573326579798935	0.0127137242678999	0.989856188969289	NA
ENSMUSG00000143650	3.52156473258349	-0.0386039740250048	0.0463481523257068	-0.886500696177943	0.375347779177556	NA
ENSMUSG00000116618	2.49523200951854	-0.0127495681769894	0.0396983071312709	-0.327871928115748	0.743008499642632	NA
ENSMUSG00000122458	8.48891092903077	-0.00803078418209833	0.0687684072755023	-0.117142027653496	0.906747505727274	NA
ENSMUSG00000139590	2.91292301905892	-0.0101301404156564	0.0422735957217455	-0.24280954976305	0.808152937287937	NA
ENSMUSG00000126270	3.02655077663048	0.0512898133994644	0.0424558858593195	1.18238590619795	0.237052612862678	NA
ENSMUSG00000117962	4.95430832782622	-0.0347414370035856	0.0541815298879249	-0.664824450676799	0.50616278192407	NA
ENSMUSG00000125282	6.84370180235618	0.00781120470167496	0.0618429954769571	0.125974845050313	0.8997518366621	NA
ENSMUSG00000073405	8.9033185802287	0.0383627704629363	0.0654974447700148	0.575921852469748	0.564668004323942	NA
ENSMUSG00000133261	3.88378376066364	0.0698353441056074	0.0480003897903263	1.43053631461989	0.152563150914493	NA
ENSMUSG00000122949	8.54320802249128	-0.00802018612220558	0.0681592199339055	-0.118189742397319	0.905917317372239	NA
ENSMUSG00000125539	2.95911897771806	-0.0380993234775117	0.0432509777069663	-0.949278949437696	0.342478756949304	NA
ENSMUSG00000117518	2.27614451387353	-0.0288448295131467	0.0359255689109737	-0.890987516860256	0.372935867187034	NA
ENSMUSG00000125905	3.75474793027064	-0.0578101589389432	0.0478258266333899	-1.33197505640023	0.182868385207134	NA
ENSMUSG00000122579	2.1943380257246	0.022973257445906	0.0376999675682377	0.593996518185026	0.552514441756317	NA
ENSMUSG00000116812	2.18622715653687	0.0216184960184183	0.0358392992724057	0.586735695616289	0.557381230237531	NA
ENSMUSG00000079505	3.65513131018364	0.0194524756078661	0.0440525606993954	0.430265447656352	0.667002558367265	NA
ENSMUSG00000087443	5.33381254387116	-0.0167305920024517	0.0546343682145063	-0.311240922216221	0.755617475420055	NA
ENSMUSG00000128648	2.93161445022281	0.00225973332817311	0.0422305387396966	0.0531750685318117	0.957592419933439	NA
ENSMUSG00000138223	2.85051505641068	-0.00860480932567993	0.0410414055783809	-0.211637365334536	0.832389956243202	NA
ENSMUSG00000122428	3.62214488714765	-0.0133639863611057	0.0467185564296585	-0.291833322861446	0.770414065748269	NA
ENSMUSG00000129172	2.18048649154953	0.0205069896080646	0.0341617377737016	0.583034235842536	0.559870253415486	NA
ENSMUSG00000135013	9.26715033783734	0.0548789025033732	0.0683911324343862	0.789052768039341	0.430081165901285	NA
ENSMUSG00000135826	5.68142743029753	-0.011848366031183	0.0547623683673108	-0.21932796886549	0.826394576255997	NA
ENSMUSG00000142484	5.29740781760005	0.0197700254357758	0.0550332490161941	0.35386179534432	0.723442459760146	NA
ENSMUSG00000097714	2.44577968024003	-0.0112951871176692	0.0385567825592078	-0.298153712128835	0.765585848309494	NA
ENSMUSG00000117250	9.29749551495308	-0.0276410189634089	0.0713866891188288	-0.391827730621063	0.69518550403996	NA
ENSMUSG00000117229	3.68050228239519	-0.0271267638107169	0.0465482494720621	-0.609537940816907	0.542167932263765	NA
ENSMUSG00000120398	2.5683173709738	0.0203433701782275	0.0366327658691392	0.540090125913558	0.589134879869131	NA
ENSMUSG00000097154	4.50346896263412	0.0261160562440936	0.0514288735611541	0.49700786316676	0.619183506354585	NA
ENSMUSG00000121122	6.55137187983335	0.035463243723432	0.0589479805227908	0.590290379687741	0.554995987976852	NA
ENSMUSG00000086867	2.06863593400913	-0.00133694619837052	0.034758415323743	-0.0383307387032361	0.969423982847212	NA
ENSMUSG00000092241	6.79345040910318	0.0343133447871026	0.0625039235166476	0.540905407051721	0.588572783832756	NA
ENSMUSG00000120349	1.90924519211404	-0.0108116500021393	0.0352946941837849	-0.313439104614913	0.753947078691629	NA
ENSMUSG00000081650	8.94760726115719	-0.00802559440604333	0.0683555945439312	-0.117541882056709	0.906430656967198	NA
ENSMUSG00000143194	5.46604949735527	-0.00766102319630804	0.0561812233527401	-0.137586348816212	0.890567344980297	NA
ENSMUSG00000117488	3.07805442594135	-0.00181460344662938	0.0397022554701271	-0.0456230358773	0.963610708311928	NA
ENSMUSG00000117523	6.069923814756	0.0407244732459565	0.0589821059606706	0.67907253788686	0.497091901899797	NA
ENSMUSG00000125468	9.66008063267211	0.0251747374316235	0.0719833876889426	0.346367626203644	0.729066451630689	NA
ENSMUSG00000125384	3.57763415888199	0.0119598162082382	0.0455457950144276	0.259195372989545	0.795484500968931	NA
ENSMUSG00000125509	4.20003056975077	-0.0415260639123541	0.0499339787936197	-0.88089680752543	0.378373675576076	NA
ENSMUSG00000117301	1.96354715276773	-0.0260767554921321	0.0361743358483584	-0.77676937498336	0.437294848136483	NA
ENSMUSG00000138416	6.2674191148952	-0.0267267495298158	0.0582227075554812	-0.470100951180559	0.638282894639643	NA
ENSMUSG00000084632	2.68538364952826	-0.0169226980468039	0.0406552080614408	-0.429117346098734	0.667837829424894	NA
ENSMUSG00000117007	8.0504869026805	0.00347484026108205	0.066406238909932	0.0523322559633724	0.95826395197951	NA
ENSMUSG00000117050	4.24428739576301	-0.00526982376570513	0.0492027577652774	-0.107285309187845	0.914562638841745	NA
ENSMUSG00000067575	3.40924151418701	-0.005668059926307	0.0403055807623478	-0.142571485247303	0.886628618857062	NA
ENSMUSG00000134241	2.2453836157589	-0.0174176320855021	0.0369491778058396	-0.494883104308952	0.620682637736048	NA
ENSMUSG00000124174	7.47516774969666	0.0647274280050707	0.0633070947144348	1.0016043518326	0.316534718331299	NA
ENSMUSG00000065396	2.59008610067488	-0.0262047051703893	0.0389073349028159	-0.719072145015012	0.472096468996599	NA
ENSMUSG00000045551	4.77755577888327	-0.00453372674286054	0.0504354470022257	-0.0899864240891221	0.928298003065011	NA
ENSMUSG00000090957	6.6859693031315	0.0675776156684748	0.0589540202661256	1.12128433449759	0.262166851572004	NA
ENSMUSG00000134886	3.36385435388871	-0.0342380763729774	0.0452635227396417	-0.801612964047463	0.42277687613497	NA
ENSMUSG00000137029	2.19918765709977	0.00965400280198035	0.0381347252773107	0.249793149138394	0.802747318035435	NA
ENSMUSG00000121229	2.56337576996095	-0.000948229809431499	0.0401543258757844	-0.0236077027637649	0.981165527947738	NA
ENSMUSG00000085932	2.5417468523457	0.0108757816638707	0.0338951830486421	0.317254354877794	0.751050609186054	NA
ENSMUSG00000117104	8.12066251438256	0.0140814386960324	0.0653295960927241	0.21414005544075	0.830437840477286	NA
ENSMUSG00000128360	3.03536387296183	0.00127569483601279	0.0437068812642977	0.0292213307163151	0.97668806904511	NA
ENSMUSG00000127509	5.28525124820481	-0.0050371289584918	0.0562561689007994	-0.0897358401210764	0.928497134522966	NA
ENSMUSG00000121414	3.82457205391335	-0.0268617580436375	0.0439217402759415	-0.645382527868074	0.518679323181882	NA
ENSMUSG00000137731	5.59593159719362	-0.0125251061712786	0.0557654268202431	-0.226319354238071	0.820953046372748	NA
ENSMUSG00000130275	3.09665388746756	-0.026397034294848	0.0424924315314624	-0.652953325010764	0.513786369568824	NA
ENSMUSG00000132317	3.71358067506887	0.0398230346616125	0.0443083610075189	0.870985877157839	0.383761864398191	NA
ENSMUSG00000143684	2.42267159203657	0.0160327644133322	0.0383163949792236	0.410649194594633	0.681329785605536	NA
ENSMUSG00000143876	2.00903601709006	0.0134848636387191	0.0352469119390406	0.375057400056033	0.707617778107565	NA
ENSMUSG00000143983	7.7041960242019	0.0347341541879689	0.0637790177286677	0.537843861019902	0.590684848321963	NA
ENSMUSG00000121823	2.81187993802503	-0.00631037770112867	0.0422404012435628	-0.151162324980178	0.879847669041568	NA
ENSMUSG00000143942	2.29528426992763	-0.00661800816394389	0.0377070680415157	-0.177392233117843	0.859200307646159	NA
ENSMUSG00000084862	9.90181254107577	0.0185544837674109	0.0702754441859366	0.262646758051478	0.792822857170411	NA
ENSMUSG00000137937	4.81326314520393	-0.00686228597115432	0.0529081146923439	-0.129984227868256	0.896578905154417	NA
ENSMUSG00000124659	3.96603857370279	0.0292865896493577	0.0486177747549851	0.589106196073102	0.55579003720319	NA
ENSMUSG00000121209	3.35415509113836	-0.0081406987498631	0.0448994822115544	-0.18303612113633	0.85476967678101	NA
ENSMUSG00000125117	3.05396820168122	-0.0378306966792984	0.0428263743509888	-0.959909223783867	0.337100903566548	NA
ENSMUSG00000131831	10.2457159620173	0.0327027120898402	0.0715533518608888	0.452405237377483	0.650977074625636	NA
ENSMUSG00000077349	3.39301225686118	0.0179005474438114	0.0450765910441045	0.39071072681366	0.69601106904483	NA
ENSMUSG00000117185	9.51576372887583	0.0387955414062555	0.0689055340052751	0.556429101149482	0.577917549486009	NA
ENSMUSG00000120301	9.87467897041258	-0.00575038899376176	0.0694728461171454	-0.0828803502058096	0.933946678541386	NA
ENSMUSG00000132453	7.50135800363049	-0.0333303178512633	0.0647053015237836	-0.525709200471234	0.59909027031938	NA
ENSMUSG00000138938	2.23884875399025	-0.00413309181286827	0.0370605068551298	-0.112968605993601	0.91005544463702	NA
ENSMUSG00000117916	5.05330008882775	0.0144652355176239	0.0541083300953216	0.265230111806164	0.790832199444534	NA
ENSMUSG00000116568	1.89460432835084	-0.00885640141918767	0.0330972080757102	-0.274060550111321	0.78403808996419	NA
ENSMUSG00000116884	4.5300824565172	-0.0236493399675954	0.0518811650654334	-0.467893761726204	0.639860564828695	NA
ENSMUSG00000116571	6.51645871029401	0.0284672330759896	0.0614005229230495	0.456777609243951	0.647830901110261	NA
ENSMUSG00000127548	3.43040485357531	0.0147596207518802	0.0440000154327121	0.33064235923631	0.740914646084075	NA
ENSMUSG00000118107	3.64568594968671	-0.0127961897268111	0.0451043880530117	-0.290029538538247	0.771793639856486	NA
ENSMUSG00000068604	3.08694975752404	0.010434404478736	0.0413986256427476	0.247425670752455	0.804578809284925	NA
ENSMUSG00000092539	4.08172738569305	0.0109523868469802	0.0486691451829752	0.221873077229241	0.824412689449796	NA
ENSMUSG00000117903	2.14973532782126	0.010379948398951	0.0375205061929535	0.271528217590254	0.785984800094637	NA
ENSMUSG00000117819	4.49977961767914	-0.022672912967953	0.0491492400204418	-0.47267175117702	0.636447383449824	NA
ENSMUSG00000086898	2.18939642471174	-0.00332127082417094	0.0371399374914096	-0.0901626814106865	0.928157939421592	NA
ENSMUSG00000117157	2.08599287386382	-0.0238797974679523	0.0338715090444085	-0.776151291964923	0.437659661576174	NA
ENSMUSG00000144276	8.29302835842007	-0.0286440666114149	0.0675483738941466	-0.430082421606606	0.66713568653485	NA
ENSMUSG00000117637	7.51035017204403	0.00337826693636919	0.0648943426484012	0.051943322596261	0.958573854408489	NA
ENSMUSG00000092887	7.88660288466277	-0.0168519808680308	0.0646225749843365	-0.263287489783184	0.792329001340977	NA
ENSMUSG00000092713	3.80473568688388	0.00521319854290423	0.0466088545868101	0.110524688995676	0.911993270826915	NA
ENSMUSG00000094690	6.49580792873544	0.104145395051799	0.0605011629418892	1.68637657727339	0.09172328994162	NA
ENSMUSG00000109739	2.71306238191251	0.0435019036851717	0.039326027472321	1.06937879582146	0.284899017987802	NA
ENSMUSG00000096549	6.29003728890585	0.0439019093388323	0.0571450300682092	0.753980771295723	0.450860768010312	NA
ENSMUSG00000032915	3.00203644522792	-0.0235102854402608	0.0421519220259653	-0.584750993567753	0.558715160551937	NA
ENSMUSG00000003206	6.95885593598682	-0.0463443817673468	0.0625131486035469	-0.764932761045565	0.444311584451268	NA
ENSMUSG00000035435	5.52089175253685	0.0279268740471246	0.057327881022147	0.478870169015762	0.632030994079032	NA
ENSMUSG00000054134	4.50903055553927	-0.0635581298250301	0.0518235140981843	-1.33658459183455	0.181358271286491	NA
ENSMUSG00000023995	3.18585928327423	-0.00370376134849366	0.0437574952737325	-0.0850273497086859	0.932239647515147	NA
ENSMUSG00000060550	2.97621714812615	0.0138838258490809	0.0421182347377552	0.323968423847102	0.745961940194314	NA
ENSMUSG00000050824	1.92299502226508	-0.0221704016476066	0.033969264145698	-0.707058663155039	0.479530022909382	NA
ENSMUSG00000023987	2.77715557495423	0.0426363984091964	0.0399373043934925	1.03860612219192	0.298987957340437	NA
ENSMUSG00000071068	5.94217527020135	0.0539803652803686	0.0567783870155372	0.932776135697296	0.350935565195087	NA
ENSMUSG00000050612	4.76335762384203	-0.00436379385048035	0.0532318507920749	-0.0822803015996017	0.934423818346117	NA
ENSMUSG00000041831	9.59776950685473	0.047035147981101	0.0705546858952034	0.654608982758159	0.512719539132191	NA
ENSMUSG00000043740	3.25724967994966	0.0615512400198057	0.0447883202102743	1.34955224396668	0.177159651492282	NA
ENSMUSG00000007034	2.8870068851263	0.00353144287118166	0.0402016821514673	0.0869896457374396	0.930679742411931	NA
ENSMUSG00000011486	3.46409350375494	0.00139750323295699	0.0450418547437316	0.0308293914749815	0.975405600548343	NA
ENSMUSG00000024334	4.22559109740595	-0.00406836639497178	0.0485304289026591	-0.0839064803044824	0.933130787194762	NA
ENSMUSG00000095377	3.06296037009476	0.000288591375433322	0.0424371538238202	0.00681969202779995	0.994558715199014	NA
ENSMUSG00000059562	2.19549831214479	-0.0403799219544832	0.0355108940230829	-1.33106965014299	0.183166094216599	NA
ENSMUSG00000038541	2.52958541575729	0.00194175379739147	0.0341628564644698	0.0570461609066376	0.954508423899947	NA
ENSMUSG00000055602	7.50144023888182	0.0289200582906927	0.0646732380488144	0.441171136765145	0.659089107071692	NA
ENSMUSG00000092277	4.94550009868804	0.00261419106841058	0.0523788351190013	0.049729935124414	0.960337601185848	NA
ENSMUSG00000073400	3.6335023925684	0.0376683319061012	0.0464831392021591	0.791732555349932	0.4285166355485	NA
ENSMUSG00000002076	7.32055975448003	-0.0287481400589111	0.06247249352629	-0.468056702194458	0.639744041308083	NA
ENSMUSG00000024134	7.07158779275303	0.0139434626874235	0.0604979883485668	0.22839705024202	0.819337582424164	NA
ENSMUSG00000049620	2.66352781738267	-0.0169875718344736	0.0406076309810193	-0.430471498788173	0.666852694926392	NA
ENSMUSG00000064147	5.36158811308627	0.0696036119293154	0.0561685098762602	1.20573986520192	0.227917808662125	NA
ENSMUSG00000021545	1.90034012614501	0.00289956532302682	0.0337596853908062	0.0848088032948662	0.932413394740952	NA
ENSMUSG00000073409	3.43921308271349	-0.0223536981857569	0.0461193475282374	-0.502108928187778	0.615590900212649	NA
ENSMUSG00000090231	7.38870351492243	-0.0191121179402501	0.0639188002276969	-0.301766669334291	0.762829941050835	NA
ENSMUSG00000051682	2.1408351290454	0.00978359590316404	0.0368040526253711	0.260639095246613	0.794370837769557	NA
ENSMUSG00000039193	8.13723985903546	-0.0326795636335016	0.0638834269105238	-0.523829144238249	0.600397380702053	NA
ENSMUSG00000052270	4.51014363648861	-0.0206716618675628	0.0501726874887108	-0.424275172094012	0.671365143845125	NA
ENSMUSG00000024155	2.96633881329362	-0.0500716912055681	0.0425893700166295	-1.31893146816677	0.187192024718555	NA
ENSMUSG00000023829	5.89318100019941	0.0428522266910315	0.0583050399443304	0.718123082546262	0.472681398882129	NA
ENSMUSG00000046070	3.40757088537305	-0.0487539252526356	0.0457640747431308	-1.16507110991908	0.243990209935407	NA
ENSMUSG00000024402	2.64358413016091	-0.0016021406944742	0.0408372089048391	-0.0394785710793626	0.96850883799713	NA
ENSMUSG00000033825	3.36995137412858	-0.056704030295597	0.0437063425435808	-1.48088902988701	0.138636146769506	NA
ENSMUSG00000008482	2.25753531796097	0.0217669183855278	0.0370557957858702	0.575897448907906	0.564684500057633	NA
ENSMUSG00000023122	3.48515513911921	0.0130432005722759	0.0448121563638535	0.285697933174969	0.775109487837344	NA
ENSMUSG00000045053	2.27748387237591	-0.00709884820700605	0.0376602237482596	-0.190179533709089	0.849168448172116	NA
ENSMUSG00000059481	3.8391810627603	0.0599202841871032	0.0485984181565465	1.20405009920567	0.22857021532046	NA
ENSMUSG00000079580	2.59898629945074	-0.0285701985341281	0.0408091884484636	-0.744468419223821	0.4565931400786	NA
ENSMUSG00000067341	2.58117616751267	-0.000503304368679621	0.0409671441071218	-0.0123001463232395	0.990186150615795	NA
ENSMUSG00000024391	3.73445350396461	-0.00359931870184603	0.0471858686954165	-0.0765801192017966	0.938957575079771	NA
ENSMUSG00000073412	9.78177449526457	-0.0496419949753428	0.0703001609183661	-0.722575375838737	0.469940801130741	NA
ENSMUSG00000024399	4.7260521295724	0.0452499385660539	0.0511816243494737	0.859405703930873	0.390116723897022	NA
ENSMUSG00000067144	3.82939469756545	0.0335617579247274	0.0485057827352113	0.677570817447449	0.498043854398161	NA
ENSMUSG00000000673	7.39239285987741	0.0317193750665042	0.0647244544913309	0.483797477822285	0.628529605231662	NA
ENSMUSG00000037548	8.06512289925052	0.0157090394913881	0.0665432531611557	0.234930217705505	0.814262895497367	NA
ENSMUSG00000024056	8.07527048689108	0.00235357602183522	0.0670600144173827	0.0350346334721888	0.972052124298825	NA
ENSMUSG00000036557	3.20286548404465	0.00923770129706869	0.0443720320361416	0.206172149114627	0.83665644226909	NA
ENSMUSG00000092349	2.30913093690952	0.00509555266876537	0.0378563332888552	0.13273404259316	0.894403718969424	NA
ENSMUSG00000023828	8.5375447255621	0.059423600769206	0.0646145387979711	0.899160026534246	0.368567428746699	NA
ENSMUSG00000037095	2.24457968459124	0.0214835935642489	0.0365771614723971	0.574889795579095	0.565365831698391	NA
ENSMUSG00000095134	9.86341905079777	-0.006446306441118	0.0659845686462296	-0.0975278254249049	0.922307238060547	NA
ENSMUSG00000099871	3.96804755545746	0.049723170888162	0.0415042179193713	1.18732998986886	0.235097483182236	NA
ENSMUSG00000141320	6.3906369122427	0.0176752791598929	0.0568605089777843	0.308841213773532	0.75744231657766	NA
ENSMUSG00000056673	402.395276603124	-0.00823613295757484	0.0142181812937225	-5.69511577821414	NA	NA
ENSMUSG00000069045	825.154345957806	-0.00823724130991675	0.014219089595437	-5.91978681509854	NA	NA
ENSMUSG00000068457	265.907376425318	-0.00823503595891108	0.0142172715203368	-5.56870324553704	NA	NA
ENSMUSG00000069049	675.06613240754	-0.00823087091072373	0.0142188973655911	-2.52556759000485	NA	NA
ENSMUSG00000063628	4.22514277251573	-0.0164327517123897	0.0506624427189003	-0.330659366962285	0.740901797785953	NA
ENSMUSG00000069376	2.14479859400158	-0.0308122246521528	0.0375521707132515	-0.892253039116248	0.372257319038362	NA
ENSMUSG00000084521	1.99439028613368	0.0292027834961104	0.0360445433546898	0.787259572677578	0.431129930258866	NA
ENSMUSG00000118186	5.41167016864343	-0.069476878240708	0.0550179467205851	-1.37400168886686	0.169441158111735	NA
ENSMUSG00000099196	3.0433779053187	-0.0218322100201125	0.0408727096328188	-0.562918385465441	0.573490460108996	NA
ENSMUSG00000087597	3.30176040821532	0.0333437962117169	0.0439268848827106	0.744941671568432	0.456306981941414	NA
ENSMUSG00000117405	2.42098636164309	0.0174112542154524	0.0393060475244872	0.434856988739229	0.663666236225301	NA
ENSMUSG00000089908	2.24864485357146	-0.00496152557432485	0.0350253473884714	-0.143688978434888	0.885746074813656	NA
ENSMUSG00000114306	7.04196917874679	-0.00963566272448266	0.0605468356605596	-0.160323737284941	0.87262606107823	NA
ENSMUSG00000114511	3.95309754191259	-0.0100715568597148	0.0475968814882421	-0.213931527564795	0.830600453895334	NA
ENSMUSG00000117345	4.63392871608707	-0.000529257787605893	0.0527747182557118	-0.0100515104460005	0.991980190046674	NA
ENSMUSG00000024388	3.64329362495643	0.051726506730344	0.0474404094648872	1.06501848952841	0.286867562791618	NA
ENSMUSG00000024379	4.07465222939651	-0.0246086847092169	0.0491290055713472	-0.51836245728434	0.604205403412285	NA
ENSMUSG00000117730	9.0143245606527	-0.068917054807487	0.0695832745882642	-1.03018611349665	0.302922647152006	NA
ENSMUSG00000104252	7.2654336449109	0.0477250919249441	0.0632301939243967	0.742119547170652	0.458014907566376	NA
ENSMUSG00000104240	4.51632775917299	0.00228639640208146	0.0517894327551159	0.0440244870403714	0.964884884951436	NA
ENSMUSG00000073594	8.28905515907754	0.0338166371796352	0.0677615430488363	0.492076410761618	0.622665327482187	NA
ENSMUSG00000117751	2.35857839899486	0.0187002553873293	0.0391550599644386	0.465962929516356	0.641242035440802	NA
ENSMUSG00000117982	3.74503893313395	-0.00384222731943151	0.047342551294429	-0.0815202444957174	0.935028225679245	NA
ENSMUSG00000117757	4.46395254502265	-0.00807457056664337	0.0483593742721113	-0.169012582495625	0.865786744379171	NA
ENSMUSG00000091695	2.58927730231404	0.0261505911441669	0.0401908525436184	0.634003310232685	0.526078661810998	NA
ENSMUSG00000117891	2.70767732320262	-0.00288390505270326	0.038311776607534	-0.0761226931560894	0.939321485992705	NA
ENSMUSG00000066475	5.01672115766763	-0.0491038789658444	0.0541904926220758	-0.957905132776092	0.338110597996887	NA
ENSMUSG00000096699	2.38042936394727	0.0301385301513503	0.037553681089437	0.778801364346576	0.436096733920752	NA
ENSMUSG00002076197	5.98803509135574	0.0291229199130687	0.0591740154648419	0.484977974022144	0.627691969761674	NA
ENSMUSG00000048188	2.09534626472307	-0.0294415253982092	0.0369938699817538	-0.863732811525817	0.38773468457149	NA
ENSMUSG00000097891	1.96759772016842	-0.011822919838055	0.0361607186783036	-0.336398721520572	0.736570213445538	NA
ENSMUSG00000046487	7.30195542576065	0.00623057520191069	0.0601631121081051	0.102741642235769	0.918168022778809	NA
ENSMUSG00000117429	3.47944146185494	-0.0578114587134573	0.0439004017228367	-1.51039856946556	0.130941753441499	NA
ENSMUSG00000117599	3.93106263768482	-0.0974208239727761	0.0474497091760523	-2.87376915179151	0.00405605310622889	NA
ENSMUSG00000117372	2.42223375050779	0.00220018072630818	0.035949899225256	0.0604524881986885	0.951795255523949	NA
ENSMUSG00000117714	3.84925128234271	-0.0341676284182777	0.0484617146166713	-0.737864100704189	0.460597036018474	NA
ENSMUSG00000118240	5.98874218569255	-0.0338174894678387	0.0587658791819042	-0.592375230680774	0.553599348925375	NA
ENSMUSG00000064844	6.0996587343658	0.0360379943738387	0.0581873029930605	0.606546728462666	0.544151762516077	NA
ENSMUSG00000118144	4.47658442703117	-0.0506828091733998	0.0522508018361757	-1.03125129757626	0.302422990566609	NA
ENSMUSG00000118164	2.93962848257968	-0.0239043028000857	0.0431575409264195	-0.577317679042579	0.563724873070415	NA
ENSMUSG00000118004	5.01610116577533	0.0604099488420228	0.0525478774876342	1.12143587836172	0.262102371286969	NA
ENSMUSG00000118057	3.1266157216077	-0.0157857693000334	0.044687555241287	-0.360887974608716	0.718183193531069	NA
ENSMUSG00000118256	8.70393250672049	0.00988134354699582	0.0637815727541657	0.154386732988731	0.877304813785946	NA
ENSMUSG00000097141	8.07879049415023	-0.0575607448409111	0.0659133663091391	-0.908193648818	0.363775919061102	NA
ENSMUSG00000118241	2.41279812439721	-0.0592079541462684	0.0375109078372733	-2.23304464149006	0.0255460006379532	NA
ENSMUSG00000117430	5.92260740700482	-0.00573131524666434	0.0566981213587333	-0.101921767748654	0.918818771770727	NA
ENSMUSG00000083332	8.23555226239834	0.0215367971437934	0.0666901623363219	0.319326797793063	0.749478713860829	NA
ENSMUSG00000117494	5.8642646133368	-0.0269351466061278	0.0533808151985899	-0.520412202800463	0.602776306711105	NA
ENSMUSG00000117536	4.07633259259681	-0.0112979690730931	0.0485311601016906	-0.236768551755155	0.812836349976656	NA
ENSMUSG00000117404	2.36748346496389	0.00476380728037585	0.0394732326135371	0.119681840735201	0.904735185943814	NA
ENSMUSG00000073529	3.91570981239163	-0.0205128875977462	0.0471439013217503	-0.447856605805607	0.654256687767713	NA
ENSMUSG00000073640	3.01396123289964	-0.000542630273623806	0.0411934371045411	-0.0130914416614277	0.989554839179333	NA
ENSMUSG00000117428	2.70081871007277	-0.029710171851747	0.0404939284365033	-0.785499881451911	0.432160539799521	NA
ENSMUSG00000117484	7.45051360620826	0.0254657166549184	0.0614730947450277	0.407835604979228	0.683394371793667	NA
ENSMUSG00000092097	3.00688607660309	-0.0372001580180294	0.0427349131785404	-0.943369084068686	0.345492150815688	NA
ENSMUSG00000120643	2.84971112524302	0.0265321274816286	0.0392070877082291	0.652178060639343	0.514286311391422	NA
ENSMUSG00000082287	4.59734491773378	-0.0511948657369296	0.0520966910009973	-1.05087301663386	0.293316914848104	NA
ENSMUSG00000082784	6.85981210232125	0.0208663078284681	0.0609200145803542	0.339648191231806	0.734121481918563	NA
ENSMUSG00000117694	5.58822671461842	0.0894826532528311	0.0566788698576159	1.53761908194042	0.124141779012909	NA
ENSMUSG00000100320	4.74703639687852	-0.0161164213441913	0.0522212685945865	-0.313732616442034	0.753724126238636	NA
ENSMUSG00000118358	1.91903642450207	0.00157063326069559	0.031437079535476	0.049459275834329	0.960553290633244	NA
ENSMUSG00000090263	5.38541303001289	-0.0431873936615712	0.0537890806795063	-0.841706949395457	0.399952007398602	NA
ENSMUSG00000097593	5.47135718800701	-0.0359820177095871	0.0568463210502109	-0.652580513791846	0.514026751369276	NA
ENSMUSG00000118070	3.74750110697201	0.0298904932734068	0.0448249613082663	0.6491522991483	0.516239940319039	NA
ENSMUSG00000103386	3.90452651185989	0.0278994623380416	0.0476300349078152	0.570858916908868	0.568095281532781	NA
ENSMUSG00000098247	1.96354715276773	-0.0260767554921321	0.0361743358483584	-0.77676937498336	0.437294848136483	NA
ENSMUSG00000118264	2.40398016087268	0.00405593683842264	0.0395665690885123	0.101991890387792	0.918763112049564	NA
ENSMUSG00000117552	2.59221965595857	-0.0120270472997322	0.035075559388153	-0.353195709158825	0.723941724457966	NA
ENSMUSG00000051663	4.74467105987131	-0.0303215773430261	0.0531714752762696	-0.588142672819803	0.556436532472902	NA
ENSMUSG00000104264	2.05760217994958	-0.0132698167933774	0.0358458212960561	-0.384349209346126	0.7007196398365	NA
ENSMUSG00000050304	9.67788589741701	0.0129022341959152	0.0719183443698788	0.178472146376296	0.858352193978489	NA
ENSMUSG00000104512	3.72969584222711	0.0415718487081981	0.0448471876244548	0.898887481529501	0.368712596580434	NA
ENSMUSG00000122041	4.24383420367962	-0.00376354808208094	0.0504655446058505	-0.0750044340675852	0.940211183957021	NA
ENSMUSG00000122432	4.21049704155936	-0.00186976224452403	0.0489430846235711	-0.0383664722056473	0.969395492594144	NA
ENSMUSG00000109232	4.27108482892145	0.0171109397890063	0.047872767857244	0.350380015569643	0.726053522272613	NA
ENSMUSG00000122473	4.48511853616815	0.00375453611148761	0.0505945816198564	0.0742295806120011	0.940827708847407	NA
ENSMUSG00000117519	5.57925401497758	0.000251149014172883	0.056186242773852	0.00447007150496695	0.996433410838163	NA
ENSMUSG00000122951	5.37173570072683	0.0480030258436907	0.0525041613654735	0.884182328086304	0.376597796403264	NA
ENSMUSG00000123106	2.31318150431021	0.0183246335931281	0.0380550720919669	0.467593516521746	0.64007530226975	NA
ENSMUSG00000096982	2.05679824878192	0.0249584643797229	0.0344095717005901	0.71042157144214	0.477442750185282	NA
ENSMUSG00000117860	8.37411315065267	0.0209249267349115	0.0678982710253522	0.305821279256255	0.75974072571417	NA
ENSMUSG00000123557	9.92403933005341	-0.041647525912375	0.0717097818287071	-0.591861156246092	0.55394356677207	NA
ENSMUSG00000123575	2.365026158319	-0.0438850300702826	0.0366804523306953	-1.40300906105904	0.160614136967494	NA
ENSMUSG00000123741	5.21594720134222	0.049473297938891	0.0558943268017662	0.865618872149614	0.386699202816653	NA
ENSMUSG00000123801	8.05332755230099	-0.0472523122110566	0.0668596949676822	-0.726154890627878	0.46774382214593	NA
ENSMUSG00000124130	3.39144598382846	-0.0209881157961087	0.044948549292622	-0.48288584744154	0.629176791185832	NA
ENSMUSG00000097324	7.31561815346718	-0.0492336619105695	0.0610848610848372	-0.838860503875156	0.401547593623038	NA
ENSMUSG00000124475	5.91753086109931	-0.00842194651977098	0.0567732605717033	-0.149081424017532	0.881489383565959	NA
ENSMUSG00000046415	4.52603675630968	-0.0517375052246169	0.0525150289225536	-1.04887817239911	0.294234192794884	NA
ENSMUSG00000117450	2.23648341698304	-0.0176748197828832	0.0369276820295486	-0.501895493910389	0.615741035152247	NA
ENSMUSG00000125073	2.42672702663043	0.0154485104289891	0.0381742626948756	0.397361270242335	0.691101071329743	NA
ENSMUSG00000125622	4.52524255952837	-0.0355623158639216	0.0503320446643053	-0.739624780717871	0.459527700954058	NA
ENSMUSG00000125724	1.91726409166409	-0.0455765245974412	0.033070324726382	-1.93147864658759	0.0534238875130425	NA
ENSMUSG00000117671	10.0887231610207	-0.0220267063417632	0.0722730673202214	-0.306927833359283	0.758898302960751	NA
ENSMUSG00000125838	9.82503783466553	-0.0647917567510402	0.0725611051591933	-0.920359793829318	0.357384771949631	NA
ENSMUSG00000117926	6.24792375256365	-0.00179128781584208	0.0597108460486617	-0.0301031113011407	0.975984819397468	NA
ENSMUSG00000126099	2.40397042648633	0.0273703879137179	0.0361923903990765	0.735506093750266	0.462031330139352	NA
ENSMUSG00000126267	2.93469174876	-0.0599198335595125	0.0414942318078305	-1.674485876445	0.0940351478472769	NA
ENSMUSG00000117473	2.11888732726213	-0.0292895084338461	0.0367678961976233	-0.867337601827639	0.385757059798735	NA
ENSMUSG00000126891	3.57110416430651	0.0122012256761736	0.0463295083871045	0.259948694555827	0.794903349173551	NA
ENSMUSG00000126895	5.77998621696345	0.00916598029905047	0.0586487311431493	0.155503335193144	0.876424524821772	NA
ENSMUSG00000127352	3.98067943746599	0.0294517120342441	0.0493598874198832	0.584203438017643	0.55908344873917	NA
ENSMUSG00000127446	4.82585268893477	0.0454455306876181	0.0534293501542494	0.831783956951386	0.405530900980327	NA
ENSMUSG00000127502	10.2310923515908	-0.0109962622412948	0.0708279239065599	-0.156198148150867	0.875876836382027	NA
ENSMUSG00000127556	4.4527692444909	0.0397269604418059	0.0502825646131154	0.77330096694639	0.439344283655792	NA
ENSMUSG00000127640	3.48515513911921	0.0130432005722759	0.0448121563638535	0.285697933174969	0.775109487837344	NA
ENSMUSG00000127812	3.49810103810259	0.0354922413597584	0.0432176624686321	0.794663390513346	0.426809333417234	NA
ENSMUSG00000127932	3.71913253358767	-0.0160830797259604	0.0462634418425055	-0.355265618608976	0.722390610008782	NA
ENSMUSG00000127973	3.14530228557841	0.0109259480763176	0.0439462236984296	0.245186128396728	0.806312316576633	NA
ENSMUSG00000128155	5.17530796839506	-0.00116546723872477	0.0557336010853296	-0.0209463619845593	0.983288443209281	NA
ENSMUSG00000128652	3.55152169953046	-0.0100440701767456	0.0425877479037898	-0.240119107790425	0.810237921607252	NA
ENSMUSG00000128770	2.39823949588534	0.00469789380317958	0.0383404354885994	0.121818813993165	0.903042513510398	NA
ENSMUSG00000128843	5.69921057451253	0.0322130331456415	0.0537122698437436	0.589810751269542	0.555317533934663	NA
ENSMUSG00000128932	2.19830149068078	-0.0169893818410479	0.0371643793200098	-0.477720700191407	0.632849008991062	NA
ENSMUSG00000129483	2.32208657027925	0.00487210431132489	0.0378933461863814	0.126949509680479	0.898980360548746	NA
ENSMUSG00000129700	7.85133335987089	-0.00273883389356011	0.0651556892755244	-0.0421954284840787	0.966342906857715	NA
ENSMUSG00000129703	4.33023155375714	0.00646040934554893	0.0515385034666542	0.124506385801775	0.900914344585067	NA
ENSMUSG00000129746	6.33265047382721	-0.0286421658780219	0.057910171312973	-0.50658850364623	0.61244357646279	NA
ENSMUSG00000129883	2.07143911254512	0.0251958765816624	0.0350995324051864	0.704491304213588	0.481126863533161	NA
ENSMUSG00000129922	3.09585482349307	-0.00174019195022494	0.0433223093592356	-0.0401141426535102	0.968002126670303	NA
ENSMUSG00000130548	2.13103902946419	0.0107953651878221	0.0361160384396551	0.292579301698199	0.769843736631227	NA
ENSMUSG00000130790	7.28441379765551	-0.0680089593980013	0.0644344257913178	-1.10628007420085	0.2686053135258	NA
ENSMUSG00000089744	2.28108611488638	-0.00519058328096878	0.0353410315847978	-0.149391010415302	0.881245104783269	NA
ENSMUSG00000131231	3.16796691608483	-0.0401598028228036	0.0427388803914321	-1.02602866316098	0.304878073545479	NA
ENSMUSG00000131497	7.77923100166548	0.0101270183768882	0.0663865684521193	0.151957517786875	0.879220442349193	NA
ENSMUSG00000131669	2.30418933589667	-0.0207962272356849	0.0385065619388932	-0.566020806082161	0.57137963680529	NA
ENSMUSG00000131755	4.57152562063201	-0.0128161857823538	0.0519775750966856	-0.249585405960184	0.802907985834691	NA
ENSMUSG00000132094	3.21176081562733	0.0237016406085201	0.044939319710624	0.517287174326373	0.604955705916981	NA
ENSMUSG00000132634	3.50330140856203	-0.00916881546741316	0.0444117252882554	-0.21032850944404	0.833411285599043	NA
ENSMUSG00000132677	7.75729293426857	-0.0527725487427443	0.0656217475997	-0.831330885700767	0.40578673123874	NA
ENSMUSG00000117876	4.70491799334315	-0.0554130819961962	0.0529707600863659	-1.11914943218142	0.263076394261307	NA
ENSMUSG00000133010	5.29290892530915	-0.00387560159646877	0.0548160255752493	-0.0711377489107646	0.943288124973146	NA
ENSMUSG00000133019	6.28767681909182	0.0222580318867037	0.0597842674631679	0.36899497612555	0.712131469432097	NA
ENSMUSG00000133108	2.05768928239408	0.0368208824260148	0.034697693430608	1.0489462696381	0.294202848355084	NA
ENSMUSG00000117888	2.21698805465149	0.0097339404436946	0.0374896098674932	0.256543286896953	0.797531360358172	NA
ENSMUSG00000133985	2.82247023438754	-0.019958572865573	0.041524751665162	-0.499773531191858	0.617234550109217	NA
ENSMUSG00000134001	2.42583599301827	0.00405917369508043	0.0396241671918553	0.102127335793157	0.918655603625166	NA
ENSMUSG00000117588	2.49309845423485	-0.0229033513286348	0.0381126162774179	-0.640059774453145	0.522133739290913	NA
ENSMUSG00000134284	3.44820038393386	0.0308731428951152	0.0463386268867076	0.65308652817498	0.513700496810362	NA
ENSMUSG00000118061	6.12540066340941	-0.077362727029722	0.0593376427830368	-1.40283475163376	0.160666121474762	NA
ENSMUSG00000135316	5.5623300494585	0.0508954507324417	0.0567761495116289	0.874875120030001	0.381641857857413	NA
ENSMUSG00000095438	5.9612376581973	0.00440503567554812	0.059403721261243	0.073973784211737	0.941031245262244	NA
ENSMUSG00000135639	2.02604221786047	0.02763638039783	0.0361198998562011	0.747196328426186	0.454945060034619	NA
ENSMUSG00000135645	2.92835807960343	-0.0222929709323493	0.0414829611910651	-0.56105644596534	0.574759058050104	NA
ENSMUSG00000135911	2.48059114575534	-0.0105646103516207	0.0372373601089059	-0.289961625936936	0.771845595042105	NA
ENSMUSG00000135942	2.57633140333067	-0.00116514840890841	0.0401856320869756	-0.0290171162096407	0.976850939580815	NA
ENSMUSG00000135986	5.67298529079823	-0.026967744313713	0.0561514237525719	-0.491084873752613	0.623366419486675	NA
ENSMUSG00000136040	3.76205486829071	-0.0184361738873919	0.0480957124474084	-0.392073002463557	0.695004274707948	NA
ENSMUSG00000136049	9.90525592925184	-0.090974128318819	0.0724687461812367	-1.31558811258393	0.188312325585312	NA
ENSMUSG00000136190	4.54076472251739	0.000282060134455246	0.0511525879806329	0.00550540247042801	0.995607346557674	NA
ENSMUSG00000136237	3.49000477049439	0.00100057058951829	0.0459674435120908	0.0216626183117336	0.982717083036026	NA
ENSMUSG00000136365	5.22881573226744	-0.00244788578200678	0.055536234816714	-0.0442424024258439	0.964711182877607	NA
ENSMUSG00000136863	3.2311642083212	-0.039076590340191	0.0424819379907029	-1.01122126796107	0.311910538740369	NA
ENSMUSG00000117356	8.5489535546718	-0.0215627254426706	0.067971418678106	-0.320685886938105	0.748448443475551	NA
ENSMUSG00000137675	5.56153098548401	0.0763882014144556	0.0568537249356507	1.30732895983154	0.191101012812914	NA
ENSMUSG00000120682	3.55003766174906	0.0132107487070001	0.0460988131687315	0.282431750889298	0.777612471856125	NA
ENSMUSG00000120534	7.15533076179166	-0.0808086707163118	0.0609448245652242	-1.43575786248396	0.151071253951813	NA
ENSMUSG00000138109	6.13033253003591	-0.0261883002443891	0.0601624314226951	-0.443437198060139	0.657449535125903	NA
ENSMUSG00000138293	7.56959373371057	0.0142327738219204	0.0650296915084178	0.217445762996777	0.82786097053863	NA
ENSMUSG00000138432	9.59601929454665	-0.0570508548161217	0.0703435161161975	-0.835081152072291	0.403672018033211	NA
ENSMUSG00000138730	3.80842503183885	0.0562903676119548	0.0471444205831428	1.1642125802921	0.244337873253434	NA
ENSMUSG00000117350	4.77956962783113	0.0208180402692673	0.0534134642270406	0.384231487553991	0.700806882481354	NA
ENSMUSG00000138798	9.60533034712821	0.027543447153502	0.0721358438954495	0.378685116726935	0.704921706810302	NA
ENSMUSG00000138835	9.53385771520146	-0.091976936664885	0.0701241375724668	-1.38456546261826	0.166185378270792	NA
ENSMUSG00000138915	9.82388728263169	-0.0262737149458491	0.0704912237843257	-0.377567449048157	0.705751949639414	NA
ENSMUSG00000138966	4.34883101528335	-0.019145745343701	0.0510961198335987	-0.38286553960236	0.701819463472019	NA
ENSMUSG00000139119	2.24458941897759	-0.00509092571444663	0.0373087526708446	-0.138252515901105	0.890040851861595	NA
ENSMUSG00000139122	7.79219636942156	-0.0156375105290299	0.0645305337738758	-0.244571260074177	0.806788419463765	NA
ENSMUSG00000139203	9.93187121204676	0.0467507343426027	0.0678990379950837	0.678340094784455	0.497556082251331	NA
ENSMUSG00000120029	4.88625166982833	0.0049342477564185	0.0534451565757435	0.0917663398171548	0.926883688118073	NA
ENSMUSG00000118085	7.59772565817822	0.0672304037868226	0.0625961544593878	1.04374302301973	0.296604298964454	NA
ENSMUSG00000089983	6.71235588248423	0.00983751861398585	0.0619079111975544	0.157879305351081	0.874551905468171	NA
ENSMUSG00000118229	4.56430578505645	-0.000159146661146026	0.0498303667517876	-0.00319044461403948	0.997454397818949	NA
ENSMUSG00000118317	6.53823230718826	-0.0353353491944843	0.0613064436206232	-0.591482678074498	0.554197057999109	NA
ENSMUSG00000118120	3.77580469844174	-0.0318562095972381	0.0484782815901676	-0.686918334937075	0.492134192216583	NA
ENSMUSG00000140453	2.52767327083347	-0.0130095987239845	0.0399380079117358	-0.33342064159754	0.738816783973398	NA
ENSMUSG00000118094	3.01093664400378	-0.0226543829737041	0.0416366515220926	-0.571399114208612	0.567729129401719	NA
ENSMUSG00000140486	1.97650278613745	-0.0262715454653795	0.0362259851117782	-0.78228176450563	0.434049001266692	NA
ENSMUSG00000140506	5.62869174267656	0.0391972630341271	0.0572319583974472	0.673394321726162	0.500696460130258	NA
ENSMUSG00000117401	5.73953092329166	0.0332403886821743	0.0573442661385573	0.568618445114391	0.569615104546895	NA
ENSMUSG00000141330	1.98628915133231	0.00155489548063587	0.0361051390274817	0.0429435021622327	0.965746571006132	NA
ENSMUSG00000141342	1.97333351796258	0.00159496494636495	0.0340305925971723	0.0466584238511154	0.962785467193254	NA
ENSMUSG00000141500	8.08250005685299	-0.0344648201700196	0.0655867293465457	-0.536053498588844	0.591921576943211	NA
ENSMUSG00000141874	2.52598804043999	-0.0121194062385368	0.0392771969586017	-0.316039166812692	0.751972779691375	NA
ENSMUSG00000118347	2.77301790510903	-0.0192079618853272	0.0414177650429513	-0.480589452552173	0.630808313233532	NA
ENSMUSG00000142118	5.06839414467434	0.0114660096340556	0.0532895487744427	0.212566923731474	0.831664772846027	NA
ENSMUSG00000142466	2.26238494933614	0.00791807137325258	0.0349620416812653	0.224430910652685	0.822422020847582	NA
ENSMUSG00000085055	2.31589758040169	-0.00538631924071103	0.0355395757954893	-0.154635553199433	0.877108639713765	NA
ENSMUSG00000142771	3.0394193075557	0.000799604106666793	0.0434154572334906	0.0184440043533635	0.985284648006387	NA
ENSMUSG00000110211	5.33022490294021	-0.0502835398376058	0.0518879148809306	-1.03780705549227	0.299359891411436	NA
ENSMUSG00000117608	1.91004425608853	-0.0359630453785203	0.034233940622712	-1.20498349130236	0.228209675043793	NA
ENSMUSG00000087020	5.65358676529753	0.019825559180205	0.0546312000575223	0.356674495148158	0.721335501260557	NA
ENSMUSG00000143578	2.47211905412191	0.0260409062664635	0.0369252524350257	0.690813063141061	0.489683025221373	NA
ENSMUSG00000086128	7.62557119037138	0.0260304622435097	0.0645977944279747	0.398865237197952	0.689992504827875	NA
ENSMUSG00000143813	9.17945110034196	-0.048815867470354	0.070545088004047	-0.709335150472963	0.47811652034095	NA
ENSMUSG00000143940	6.05609661654681	-0.0226127641547582	0.0578690769132371	-0.398507764363229	0.690255936111926	NA
ENSMUSG00000144131	2.8711186324984	0.019072971296849	0.0420158367217482	0.447258704345552	0.6546882797541	NA
ENSMUSG00000122836	2.97532124732081	0.0156856504250343	0.042439861371138	0.363112754491403	0.716520657247898	NA
ENSMUSG00000132493	6.71049158000857	-0.0703343661662316	0.0590758938216877	-1.28154226092909	0.200003265908473	NA
ENSMUSG00000091561	9.71033202592511	4.37273666313096e-05	0.072573890028041	0.00060378402017345	0.999518250081515	NA
ENSMUSG00000118380	2.24369838536543	-0.0160360478913268	0.0359240443767023	-0.469506458792435	0.638707669287301	NA
ENSMUSG00000119962	1.90844612813956	0.0147458326769879	0.0335217399647232	0.425891934306218	0.670186592442553	NA
ENSMUSG00000117840	5.15176203866282	0.0121874217710566	0.0541057066957783	0.223294228728306	0.82330651869143	NA
ENSMUSG00000138224	4.00627182003741	-0.0204852742664453	0.0449003261256894	-0.471240454545717	0.637469032531091	NA
ENSMUSG00000089125	3.31677222881058	-0.0327861088602981	0.0446764172845754	-0.776626128900975	0.437379381218018	NA
ENSMUSG00000135504	2.74542140797611	-0.019029444137066	0.0420470501888396	-0.467817738857487	0.63991493405739	NA
ENSMUSG00000129492	6.9982429128761	0.0289392805600596	0.0630284711274557	0.453414130728624	0.650250563105532	NA
ENSMUSG00000089239	9.1964899050037	-0.0774043886749401	0.0629816578287054	-1.32231136978974	0.186064488247371	NA
ENSMUSG00000125200	3.47014331852395	0.0818980452449565	0.0458041999318802	1.77458836883238	0.0759658791287014	NA
ENSMUSG00000136456	1.97244735154359	-0.023831019789194	0.0348358037006796	-0.742498874048183	0.457785133738133	NA
ENSMUSG00000086312	2.34879203380001	-0.00826910555421433	0.0387375852284005	-0.216652264590051	0.828479351690052	NA
ENSMUSG00000123794	8.19613533337492	0.00106407325753848	0.0593100959556053	0.0179534041147348	0.985676025542306	NA
ENSMUSG00000123831	2.02198191607343	0.0389592696372518	0.0346540480715263	1.10339196642077	0.269856983887289	NA
ENSMUSG00000109238	6.50783749871252	-0.0713144866976892	0.0598912604793669	-1.27125519099914	0.203637877772489	NA
ENSMUSG00000102206	3.46125285413444	0.0480150936206077	0.0432116184497035	1.08960244311543	0.275888306426136	NA
ENSMUSG00000073598	4.23897970511127	0.023129835360604	0.0509623794558129	0.447408981748717	0.654579791945491	NA
ENSMUSG00000056632	1.9489111561977	-0.036503835544537	0.0344034027297641	-1.21968049225111	0.222586019518645	NA
ENSMUSG00000024353	3.15825305175496	0.023594733944045	0.0433907086477854	0.530857985032334	0.595517194663572	NA
ENSMUSG00000102222	6.19282272793548	0.0377077703809005	0.0603465329570808	0.614351386750115	0.538983152478066	NA
ENSMUSG00000053441	9.62312101029359	0.0503532257303289	0.0701629257012957	0.706844909481526	0.479662862528066	NA
ENSMUSG00000034028	3.61560515818582	0.0124849836609273	0.0450305823445457	0.274187241438751	0.78394073241001	NA
ENSMUSG00000044201	2.00004384867652	-0.0263270844164115	0.0360999909944894	-0.788906095901229	0.430166892583182	NA
ENSMUSG00000024497	4.36706438717067	0.00577196616950631	0.0425334691323312	0.135354121600073	0.892331895896747	NA
ENSMUSG00000046610	6.00743361685644	-0.0216762729012292	0.0589877715986583	-0.374057356751323	0.708361643860856	NA
ENSMUSG00000057719	7.4350688112774	0.0626996388052247	0.0627790012978073	0.97233135693966	0.330885728923865	NA
ENSMUSG00000024481	1.99924478470203	0.0013661854786011	0.0365882181954905	0.0372885955764008	0.970254898581881	NA
ENSMUSG00000059898	9.86927931012316	-0.0150715376639351	0.071768930391091	-0.211679350535661	0.832357198930719	NA
ENSMUSG00000056130	2.39102939469613	-0.00878613068290758	0.0367349552243032	-0.243896309097316	0.807311127792733	NA
ENSMUSG00000038903	5.426836725355	0.0159643403394582	0.0555011766482882	0.28350372171537	0.776790729130514	NA
ENSMUSG00000056671	8.10949381543034	0.0223329515725651	0.0637203481934237	0.346282420723491	0.729130478567916	NA
ENSMUSG00000053846	2.39419379567783	-0.0230659201314306	0.0391945125979477	-0.620214437559227	0.535116617513415	NA
ENSMUSG00000034391	2.85616375176034	-0.0433224677361767	0.0398354125145532	-1.23094449394303	0.218343624830682	NA
ENSMUSG00000044719	8.14079014087968	0.0604437250898211	0.0618802311698185	0.94893828563176	0.342652000973925	NA
ENSMUSG00000080626	4.38938801297917	-0.0342112275595376	0.0514856561863965	-0.691848667091881	0.489032370249641	NA
ENSMUSG00000118238	7.66774166657079	-0.0500338377771153	0.0641142673768282	-0.805260337572859	0.420669464351975	NA
ENSMUSG00000039330	5.49895368513994	-0.0360170121187125	0.0563222939499412	-0.660196723632471	0.509127594552662	NA
ENSMUSG00000117966	2.20448561336516	0.00620865199507771	0.0326119975530107	0.185690101701778	0.852687791020607	NA
ENSMUSG00000024922	2.21294235444398	-0.0183032931393259	0.0379084531276568	-0.504323236910113	0.614034251035878	NA
ENSMUSG00000117871	2.88901586688097	0.0398391128236171	0.0400607016760899	0.977446443599925	0.328348179679071	NA
ENSMUSG00000039097	5.27723234865477	0.0309204181618447	0.0539024993353994	0.560794420374301	0.574937690822795	NA
ENSMUSG00000040901	4.77550932604409	0.0351783266278776	0.053748871373031	0.64108591595374	0.521466864193914	NA
ENSMUSG00000043969	7.94493107675126	0.0292013776227869	0.0531734549100016	0.537754816941229	0.590746329193575	NA
ENSMUSG00000090965	4.76969129299859	-0.0412279483559467	0.0522921540216464	-0.830191976931661	0.406430250665378	NA
ENSMUSG00000118291	3.02365562845681	-0.0110496511002623	0.0403621943113444	-0.278673829327559	0.78049514834693	NA
ENSMUSG00002075991	2.56653530374947	0.000207111887851483	0.039405299684129	0.00525789629882013	0.995804825050477	NA
ENSMUSG00000118366	3.71611767907817	-0.0641391402479285	0.0457054111325093	-1.60838309701532	0.10775130132276	NA
ENSMUSG00000099261	2.19028259113073	0.0237594322967901	0.0379371917553851	0.610059118714443	0.541822646299968	NA
ENSMUSG00000117939	8.03512921019414	0.0843373139228456	0.0644204223752908	1.27861980699233	0.201030971565839	NA
ENSMUSG00000069554	3.98870320420921	-0.0236679171953575	0.0493728252835137	-0.493901327096784	0.621375867293888	NA
ENSMUSG00000024992	4.96082106906498	0.015472195375005	0.0533366227127849	0.286672454239309	0.774363131042806	NA
ENSMUSG00000118242	5.163156266193	-0.04061393051298	0.0553859245559594	-0.763427505004277	0.445208481659146	NA
ENSMUSG00000090041	2.51876820486443	0.000616528140100546	0.0378698599497618	0.0162168242402723	0.987061413425788	NA
ENSMUSG00000117877	2.69709189403328	-0.00275165577213875	0.0390240269350044	-0.0712533153718676	0.943196149676141	NA
ENSMUSG00000098286	8.48192287517873	0.00646196383781983	0.0675930298041786	0.0955736326435745	0.923859207416478	NA
ENSMUSG00000090369	2.92350844822826	-0.00992434974808075	0.0414741063268932	-0.242748372086267	0.808200332452015	NA
ENSMUSG00000074852	8.71827534104075	-0.0340349140200804	0.0671824477767197	-0.517933328258205	0.604504787599681	NA
ENSMUSG00000077391	3.39549655122915	-0.00826651116694318	0.0454777431153533	-0.183947669552684	0.854054507918604	NA
ENSMUSG00000043789	4.8573206813862	-0.0302406251919909	0.0528121828397111	-0.593767745784178	0.552667464762785	NA
ENSMUSG00000080783	3.71259767181902	-0.00379405003001836	0.0480722693186227	-0.079126506612665	0.936932000379825	NA
ENSMUSG00000118127	4.00828080179209	0.0146971484771343	0.0491855430430423	0.295322308152458	0.76774767663956	NA
ENSMUSG00000047168	2.16673666139849	0.0341149976529998	0.0355009279623182	0.931757234108138	0.35146200053269	NA
ENSMUSG00000097990	5.63920467098092	-0.0501610351058439	0.0563058210368965	-0.938401263896696	0.348038236669882	NA
ENSMUSG00000118206	2.50581743868788	-0.0111994144612171	0.037058227733183	-0.309549752420609	0.756903372232179	NA
ENSMUSG00000117930	2.08034417851416	0.0119084062997271	0.0347314282036677	0.338599374271558	0.734911554044696	NA
ENSMUSG00000117704	2.03089184923564	0.0143419955340293	0.0363963399696874	0.387421861688485	0.698443921777209	NA
ENSMUSG00000055523	2.40309399445369	-0.022795227947005	0.0392130334161493	-0.61342640510334	0.539594431019262	NA
ENSMUSG00000117779	10.0457730896195	0.0262959080838822	0.0713006929095666	0.365764715697989	0.714540650917937	NA
ENSMUSG00000037263	2.43553525576862	-0.0207220106238041	0.0374268317637151	-0.588293405480936	0.556335371177462	NA
ENSMUSG00000024869	4.66681830229221	0.0106265807591163	0.0524171189448916	0.200470090250378	0.841112947701855	NA
ENSMUSG00000044724	4.666369977402	-0.000741626458739889	0.0525036426902594	-0.0141780602681562	0.988687923598527	NA
ENSMUSG00000097233	8.73564763145005	-0.0678748313387614	0.0659595433985614	-1.08113614252574	0.279636558340491	NA
ENSMUSG00000100621	4.65182595046965	0.0229551399622509	0.0513641644241039	0.440474447988112	0.659593514866239	NA
ENSMUSG00000083458	6.78445824068964	-0.00308279481873318	0.062531955838308	-0.0494307708506701	0.960576006534597	NA
ENSMUSG00002075372	3.77509273691176	0.0463402684677469	0.0476877505351638	0.945104586432238	0.34460548404501	NA
ENSMUSG00002075087	2.4226667248434	0.0271251203629358	0.0368316985727989	0.718002088649872	0.47275599897931	NA
ENSMUSG00000102353	3.17877925978451	-0.0191907337368275	0.0370516333923714	-0.553715489088032	0.579773573216458	NA
ENSMUSG00000120891	9.59510052423632	-0.0185789879325038	0.0676139227096292	-0.278265618752776	0.780808466489191	NA
ENSMUSG00000110298	2.42989142761213	0.00344078525964764	0.0388937318236974	0.0882154924455808	0.929705404130666	NA
ENSMUSG00000063754	8.6409947329058	-0.0346574558336002	0.0673552239962116	-0.524286284252828	0.600079435159363	NA
ENSMUSG00000099998	4.16184864344851	-0.0415579129027874	0.0504381350221003	-0.870630475770392	0.383955950721499	NA
ENSMUSG00000099398	5.34000640094189	-0.019065430976022	0.0546215548225732	-0.353886747654436	0.723423759048949	NA
ENSMUSG00000071653	4.22514277251573	-0.0164327517123897	0.0506624427189003	-0.330659366962285	0.740901797785953	NA
ENSMUSG00000117740	2.20412439091945	0.0464164644013013	0.0363653627807877	1.25561338806697	0.209256174975906	NA
ENSMUSG00000117670	6.07919010317075	-0.0103320793291238	0.0578411175699019	-0.179966938354375	0.857178523749009	NA
ENSMUSG00000118377	2.2339942554219	0.020090239775823	0.0351527165907735	0.558566270837346	0.576457764639958	NA
ENSMUSG00000089993	2.04385234979854	-0.000363113562852478	0.0332304326382499	-0.0109609081152116	0.991254635756384	NA
ENSMUSG00000118320	4.15734488396443	-0.0448371296179025	0.0461132550124179	-1.06789730313085	0.285566839174535	NA
ENSMUSG00000120878	3.56308526475647	0.0498236552211444	0.045987312972754	1.05254653218713	0.292548873362496	NA
ENSMUSG00000117964	2.79486887006144	-0.0054215225461619	0.0414007186943192	-0.132372275897201	0.894689842313185	NA
ENSMUSG00000118210	6.01415728509363	0.0193547186813934	0.0512738144330773	0.371554660347262	0.710224451764335	NA
ENSMUSG00000122564	5.34156705780635	0.00629343387237905	0.0523411276935566	0.120054339746695	0.90444010230244	NA
ENSMUSG00000122593	2.17070499354785	-0.0126701159675207	0.0329884819980546	-0.402905875098977	0.687017469131701	NA
ENSMUSG00000123015	2.13994409543323	-0.00241545306911452	0.0367544453351354	-0.0659456435473919	0.947421101350629	NA
ENSMUSG00000123125	7.1892807193048	0.0486340094956964	0.0634657941309709	0.751922375952139	0.452097740996023	NA
ENSMUSG00000120326	2.12708043170119	0.0337960457894009	0.0353572855652518	0.923305176854577	0.355848190830882	NA
ENSMUSG00000123214	9.33598172384385	0.0564973267022615	0.0685343683044171	0.811584600778528	0.417030030391262	NA
ENSMUSG00000093628	2.03000568281665	-0.0124102569392791	0.035743724664168	-0.359679724310791	0.719086656321731	NA
ENSMUSG00000123333	2.45254145653903	-0.0082468123910711	0.0368920415467901	-0.229157801214528	0.81874626963211	NA
ENSMUSG00000123372	2.15052952460257	-0.00233374968352267	0.034930242685772	-0.0671242701422747	0.946482772685923	NA
ENSMUSG00000123809	2.93566015043032	0.0294596693971772	0.0428844984398695	0.667153789581214	0.504673904747964	NA
ENSMUSG00000053117	8.51668649824588	0.0716979831248732	0.0666271237453547	1.05063388386196	0.29342677257861	NA
ENSMUSG00000124067	4.50066578409813	-0.00017404907825187	0.0478137383276121	-0.00361293719913484	0.997117299461128	NA
ENSMUSG00000124337	3.56218449675795	0.0581205671058444	0.0436296659249594	1.29687523613129	0.194674118389854	NA
ENSMUSG00000085003	1.99439515332686	0.0151086489513588	0.0362807759851482	0.407920694836049	0.68333189881064	NA
ENSMUSG00000124970	9.59767753721705	0.0134563939865924	0.0716578064685375	0.186505445984895	0.852048408507582	NA
ENSMUSG00000118263	9.92155016849227	-0.00489686774166628	0.0707492179631524	-0.0693639722201894	0.944699905823822	NA
ENSMUSG00000126176	1.86869792880457	-0.0217015394906947	0.0334339594990007	-0.699393340777787	0.48430624833534	NA
ENSMUSG00000126469	3.71420066696117	-0.0671241967388991	0.0464454008398028	-1.64490112454744	0.0999902029927599	NA
ENSMUSG00000097740	2.67118062729383	-0.00246097621806207	0.0403932355025401	-0.0614369716397494	0.95101120884711	NA
ENSMUSG00000126613	3.35334629277752	0.0447607173894644	0.045240163123099	0.95965861260683	0.337227059499499	NA
ENSMUSG00000126668	2.36342803037003	0.00510389222617526	0.0389779043452547	0.129788455246643	0.896733797031595	NA
ENSMUSG00000126803	2.70407508069214	-0.00471914556635835	0.041561487628554	-0.113975376963779	0.909257312564366	NA
ENSMUSG00000126989	2.06650237872544	-0.0130174770921766	0.0358718417813716	-0.377223439572538	0.706007562537911	NA
ENSMUSG00000127101	5.08944604565227	0.0500290321850623	0.0543853861017197	0.893973689278191	0.371335968673995	NA
ENSMUSG00000127133	2.58919993425589	-0.0520401869472813	0.0392313914600006	-1.53379685339262	0.125079637352999	NA
ENSMUSG00000127229	2.87588602862224	-0.0571859262039941	0.0407258743262245	-1.63520991107029	0.102005051191834	NA
ENSMUSG00000120685	7.88659801746959	-0.00440946912990227	0.0640483256356472	-0.0690117353242928	0.944980278333754	NA
ENSMUSG00000128095	7.74106367694274	-0.024708657192953	0.0618199867600866	-0.406541610453912	0.684344689686122	NA
ENSMUSG00000128190	6.46612508178968	-0.00893498561717701	0.0611516668674396	-0.146729177118811	0.883345787841205	NA
ENSMUSG00000090235	9.88321307954956	0.0401322896544836	0.0697878708518215	0.567871626790465	0.570122139209411	NA
ENSMUSG00000128352	9.99622392351015	0.00591413863255565	0.0732606719730012	0.0806406971816661	0.935727699909522	NA
ENSMUSG00000128447	2.72672997681222	-0.032005101566337	0.041801491606643	-0.818092970208009	0.413304102629886	NA
ENSMUSG00000118236	4.6128670807228	-0.0129977356552249	0.052528679327025	-0.250899047508963	0.801892160842179	NA
ENSMUSG00000128831	3.51546284515045	0.00226223560073539	0.0446866324254535	0.0507543458326121	0.959521270704347	NA
ENSMUSG00000117684	5.0466781246146	-0.0226919185898396	0.0539990000227802	-0.430724441929693	0.666668744543042	NA
ENSMUSG00000129041	8.48714346338596	-0.0690433198032494	0.0677372496659911	-1.0633086408635	0.287642007883387	NA
ENSMUSG00000091558	3.32082766340444	-0.0281138132814883	0.0412094462150694	-0.727638579921532	0.466834857497165	NA
ENSMUSG00000121027	6.88670637231055	0.0680794901412122	0.0617480359164068	1.0797018898537	0.28027495208215	NA
ENSMUSG00000117696	3.74335856993364	-0.0168076552902752	0.0473528109792916	-0.362991673077323	0.716611104637819	NA
ENSMUSG00000118204	8.73750706673254	0.0235737324204705	0.0695752821929269	0.335813850379122	0.737011245019394	NA
ENSMUSG00000129579	4.3022738341785	0.0446231569708035	0.0494860331929771	0.88376363575966	0.376823820332583	NA
ENSMUSG00000129613	9.92481405806202	-0.00317338744009794	0.0699613987803218	-0.0454594317127218	0.963741110251572	NA
ENSMUSG00000129682	5.18835070420929	0.0503377282171586	0.055788707839574	0.881218251960987	0.378199702220081	NA
ENSMUSG00000091378	9.37699191362306	0.0450937573230508	0.0709926334411528	0.626340279110839	0.531091772107543	NA
ENSMUSG00000130077	3.83513536255279	0.0316286930442082	0.0478188708440451	0.6478753965965	0.517065544984258	NA
ENSMUSG00000130152	4.49438482458289	-0.0480356863707295	0.0512391006840869	-1.00071704240612	0.316963625731064	NA
ENSMUSG00000130591	2.45467501182272	0.00202287967980306	0.0363211289822419	0.0551601492160436	0.956010876891952	NA
ENSMUSG00000130718	2.98231416836602	-0.0115785415472626	0.0409938726670529	-0.286571554355979	0.774440397608185	NA
ENSMUSG00000120141	2.38933929710948	0.00464831802535971	0.0390483836061866	0.118278166991948	0.905847256170982	NA
ENSMUSG00000131087	3.76452942827232	-0.0158907105130509	0.0456342577656464	-0.356897932657691	0.721168217385512	NA
ENSMUSG00000118000	3.75305783268399	-0.038911835053501	0.0454209145097611	-0.925224356139537	0.354849216719698	NA
ENSMUSG00000120438	3.13720115077703	-0.0148947378682281	0.0432130594546858	-0.352791559125659	0.724244712265873	NA
ENSMUSG00000117957	3.99769050542957	0.0289194111042316	0.0495273518855739	0.572383381956798	0.567062271633431	NA
ENSMUSG00000120446	3.89789481326038	0.0164287563769149	0.0461903567252187	0.34904024609395	0.727059095304504	NA
ENSMUSG00000131809	2.11403769588696	-0.0160640002920034	0.0368841203582892	-0.451570954398563	0.651578098496869	NA
ENSMUSG00000131811	6.76870916317028	-0.0523994823474953	0.0602841294184127	-0.906450665544415	0.364697366121112	NA
ENSMUSG00000099757	2.54784873977875	-0.0227257883893003	0.0371682872256041	-0.654035552464742	0.513088900768327	NA
ENSMUSG00000131905	4.24913702713819	-0.0180681018426158	0.0501313629456669	-0.366685394673619	0.713853702204791	NA
ENSMUSG00000132115	4.69125526563662	0.00812847201195538	0.0509522646165179	0.157909314625908	0.874528258147077	NA
ENSMUSG00000132146	4.42192124393178	0.00368996627737603	0.0501855925010726	0.0733354035763318	0.941539219556037	NA
ENSMUSG00000132405	2.98096994267047	-0.0211757946698776	0.0409329659698703	-0.542861139598855	0.5872254137286	NA
ENSMUSG00000120167	2.4725722462053	0.0243897084939522	0.0372606430028767	0.630697090854753	0.528238601588804	NA
ENSMUSG00000132748	4.76335762384203	-0.00436379385048035	0.0532318507920749	-0.0822803015996017	0.934423818346117	NA
ENSMUSG00000133064	3.30460592502899	-0.0281400298593269	0.0423431297796178	-0.706910670889071	0.479621992225653	NA
ENSMUSG00000133105	8.87010524266236	-0.00510181044970138	0.0699745204226285	-0.073007200462019	0.941800387663754	NA
ENSMUSG00000133194	3.60274636164695	0.0391583134706292	0.0473704813421377	0.806423609186656	0.419998638441365	NA
ENSMUSG00000133604	6.14293180815311	-0.000248968869449354	0.0552529644486991	-0.00451817061321355	0.996395033689864	NA
ENSMUSG00000117896	2.59413180088239	-0.00072411838836317	0.0409979647588998	-0.0177027398345815	0.985875994919188	NA
ENSMUSG00000133839	7.29589026043702	-0.0508099217984913	0.0615352465731641	-0.859077485453383	0.39029776789124	NA
ENSMUSG00000133850	7.76912088510943	-0.0505025091392212	0.0640764362197286	-0.815470775253495	0.414802886422221	NA
ENSMUSG00000118243	6.84856116811771	-0.0276678012843141	0.0589812530107671	-0.480146274394302	0.631123386073588	NA
ENSMUSG00000082848	8.02907452823195	0.0270643447672532	0.0663195438228406	0.402614171097249	0.687232082993486	NA
ENSMUSG00000087367	5.82538797884128	-0.00480914168299826	0.0583910736202689	-0.0827570084715233	0.934044754082594	NA
ENSMUSG00000134993	4.44782764347805	0.0170877076785731	0.0516604944790335	0.327321538404316	0.743424703598989	NA
ENSMUSG00000135557	8.50690013305103	0.0494363746141062	0.067046116243511	0.723340570464602	0.469470673254595	NA
ENSMUSG00000135663	4.06717362437436	0.05707575573729	0.0472068475733193	1.16881042506438	0.242480019197833	NA
ENSMUSG00000136577	4.60476107872825	-0.024565539427028	0.0513369030468534	-0.492886633423935	0.622092692374539	NA
ENSMUSG00000117752	3.17606805088621	-0.0167197722361965	0.0449647053568107	-0.380990363507599	0.703210399072161	NA
ENSMUSG00000137016	2.81107113966419	0.0399184514889162	0.0382264043586946	1.01859908436102	0.308393339168785	NA
ENSMUSG00000137082	2.88487819703578	-0.0201120809513346	0.0408689122231239	-0.514432233420766	0.606949828060938	NA
ENSMUSG00000137088	3.72643460441456	0.0343970340961163	0.0471646628783793	0.709183443348551	0.478210646511374	NA
ENSMUSG00000137772	2.35364166517518	-0.0220324960103321	0.0390657371835129	-0.592887980893085	0.553256122163806	NA
ENSMUSG00000138840	5.01996779390066	0.0031331844540196	0.0546465562479548	0.0573137854726513	0.954295239185262	NA
ENSMUSG00000139856	3.6671959099412	0.00999873390858516	0.0466826696864868	0.211167152080006	0.832756841631531	NA
ENSMUSG00000117695	2.16260385874648	-0.042582008590863	0.0366360244302158	-1.3389761796945	0.180578427632376	NA
ENSMUSG00000114742	8.00517711044035	0.0516715449069925	0.065836155103048	0.770702981865328	0.440883004091667	NA
ENSMUSG00000140202	2.64526936055438	-0.00200131008445847	0.0399070194532705	-0.0504682017613612	0.959749288419289	NA
ENSMUSG00000117790	3.42625744934377	-0.0221709880158382	0.0461023752389161	-0.497824206906823	0.618607952509045	NA
ENSMUSG00000067577	5.43574179132404	0.0034766137767837	0.05629265476518	0.0614198189604777	0.951024868907986	NA
ENSMUSG00000140864	5.23534085964974	0.0103626978854391	0.0535767988373001	0.192334868465622	0.847479907153736	NA
ENSMUSG00000140995	7.81414417120483	0.0180564784581753	0.062896624956916	0.284586049574128	0.775961300323759	NA
ENSMUSG00000141279	7.42924591103873	0.00537811389521992	0.0638873861916913	0.0838119669862541	0.933205933219755	NA
ENSMUSG00000087095	5.56538301202981	0.0377180357691156	0.0473775505011481	0.774352770988987	0.438722204887439	NA
ENSMUSG00000141453	4.14087897772191	-0.0150093271596529	0.04979413403438	-0.306157285263468	0.759484893207104	NA
ENSMUSG00000110210	2.18543782694873	0.021736962609329	0.0368426293237601	0.574539284947135	0.565602924416965	NA
ENSMUSG00000141499	4.1659863132937	0.0241461780641622	0.0503685251833456	0.470696810007655	0.637857262754159	NA
ENSMUSG00000141537	6.72432851260411	-0.0362890389430979	0.0598686117223744	-0.62507605812736	0.531921140666423	NA
ENSMUSG00000097683	3.70649578438597	0.0358590974038275	0.0464910265494239	0.757029291152626	0.449032314130991	NA
ENSMUSG00000117823	4.13117484777839	0.0242920437646305	0.050185535004753	0.474366116944866	0.635238850776997	NA
ENSMUSG00000141856	4.55361865186308	-0.00967962207558576	0.0498059344076073	-0.196732842401635	0.844036607796294	NA
ENSMUSG00000142111	2.99438363531676	-0.0319642935355765	0.0392331224455477	-0.891222694890508	0.372809711431964	NA
ENSMUSG00000117956	3.8679427135066	-0.0216993781557813	0.048657810708368	-0.456918143141865	0.647729882740242	NA
ENSMUSG00000097690	3.13021796411817	-0.0118546066106752	0.0402552521552321	-0.303174478202639	0.761756897715467	NA
ENSMUSG00000142546	2.32288076706056	-0.00785287668883616	0.038660378702321	-0.205687896482622	0.837034713616488	NA
ENSMUSG00000142917	4.97211359257112	-0.047613784209526	0.0540636161067732	-0.930237054762041	0.352248360287304	NA
ENSMUSG00000118086	3.33501046789108	-0.0159782432893687	0.0411030758455678	-0.403559544225301	0.686536640167178	NA
ENSMUSG00000143065	3.43516251531281	-0.0358897930688566	0.0460651201308425	-0.827840437693017	0.407760870331644	NA
ENSMUSG00000143458	3.88774722561982	0.0315468403119863	0.0477868080663408	0.648440847354093	0.51669985812982	NA
ENSMUSG00000143497	6.40572123370294	0.0446295434848247	0.0609460882118522	0.718825380202703	0.472248517670199	NA
ENSMUSG00000143855	6.93001691718237	-0.0461561238970003	0.0630716665039544	-0.755097220231332	0.450190650951998	NA
ENSMUSG00000144135	3.88494404708383	0.00482307906420852	0.0481773038743733	0.0993669362647927	0.920846933846172	NA
ENSMUSG00000127547	6.56716329563039	0.000367176036799138	0.0605202510792607	0.00604483013927708	0.995176952731548	NA
ENSMUSG00000114409	6.77486068196333	0.0275080505064526	0.057692596087279	0.46898654799026	0.639079251359424	NA
ENSMUSG00000131152	2.80791647306885	0.033884556915922	0.0423891196983404	0.779326735497209	0.435787269474016	NA
ENSMUSG00000043488	9.71685715330741	0.0120508192090247	0.0697010896414726	0.172073646030637	0.863379631130484	NA
ENSMUSG00000131230	3.59049782261403	-0.025072246570081	0.0460841721988233	-0.566757727000005	0.570878794738719	NA
ENSMUSG00000130974	2.13994409543323	-0.00241545306911452	0.0367544453351354	-0.0659456435473919	0.947421101350629	NA
ENSMUSG00000129647	2.61775996586596	0.0472811237123649	0.0388003752202777	1.19522954703885	0.231997357363706	NA
ENSMUSG00000143843	2.11323376471929	0.0223179211096951	0.0349479552177691	0.616058145862348	0.537856144362672	NA
ENSMUSG00000095993	1.98223858393162	-0.0120522813064092	0.0355734481609825	-0.349217534907082	0.726926002951531	NA
ENSMUSG00000099923	8.10171156479699	0.0479000043287676	0.0648295290701637	0.727059601728942	0.467189444983594	NA
ENSMUSG00000114469	7.38014918803767	-0.0435688156737528	0.0645510383422455	-0.694287467783907	0.487501948662913	NA
ENSMUSG00000120690	7.90492822618777	0.0445713932155929	0.0657645436491423	0.668336008627672	0.503919132919789	NA
ENSMUSG00000120514	8.60402272438372	0.0268019003435651	0.0679967428585846	0.390435515005258	0.696214530377803	NA
ENSMUSG00000143185	5.48791506388721	-0.0333591121378166	0.0555095630799219	-0.622077737152102	0.533890753125018	NA
ENSMUSG00000131652	4.50020772482156	0.0140351577813168	0.0505562605019244	0.273702993642006	0.784312876987171	NA
ENSMUSG00000143274	5.37930627538666	0.00613449390950318	0.0566231861438561	0.107936959155253	0.914045699205612	NA
ENSMUSG00000120982	2.99401754567787	0.0154765936625442	0.0437738486397082	0.348067083742176	0.727789803875962	NA
ENSMUSG00000137572	3.13551592038356	-0.0155285809663835	0.0446976225942565	-0.355201653107545	0.722438526372907	NA
ENSMUSG00000132389	6.37398706672483	-0.0177395251686754	0.0601851904382524	-0.298757350054905	0.765125195175226	NA
ENSMUSG00000065523	2.00329535210272	0.0153401827392967	0.036314712958915	0.413940188087753	0.678917910952819	NA
ENSMUSG00000085196	7.58197658065886	0.0163245291267632	0.0565639864301107	0.283417005865848	0.776857193794249	NA
ENSMUSG00000136250	3.96367323669557	0.0154809911253465	0.0478826186369214	0.31860580683683	0.750025449542277	NA
ENSMUSG00000134248	2.28593087906838	-0.00446412665608762	0.0350020859357698	-0.129775853778802	0.896743767227628	NA
ENSMUSG00000130743	3.07114860734064	0.0739771550883658	0.0419647885777506	1.77167494097137	0.076448531708735	NA
ENSMUSG00000128510	4.3488407496697	-0.0456800935796481	0.0506479009929158	-0.958324846255736	0.337898978726157	NA
ENSMUSG00000128554	3.29650479022762	-0.0539580914442203	0.0431174730574782	-1.42981790770028	0.152769288025358	NA
ENSMUSG00000127819	9.42136769699606	0.0399748709410017	0.0701461719969323	0.560764282615963	0.574958238557926	NA
ENSMUSG00000136818	5.89875232749091	-0.0693018231133932	0.0572514339611354	-1.30182400869847	0.192976554514704	NA
ENSMUSG00000120470	5.06536955577849	-0.0107244564518886	0.0545142489929462	-0.199128155263735	0.842162497514997	NA
ENSMUSG00000139658	5.42224586342642	-0.0431428997505584	0.0548747371697848	-0.825677081000547	0.408987296765423	NA
ENSMUSG00000118196	1.91330062670791	-0.0101063912639676	0.0334998824755164	-0.309425841092807	0.756997615887832	NA
ENSMUSG00000118064	2.97612517848847	-0.0250252865896696	0.0437142031281486	-0.597587968809569	0.550114893971617	NA
ENSMUSG00000119982	3.13147022017604	-0.0397065707925757	0.0426675442691742	-1.01409724796327	0.310536351090733	NA
ENSMUSG00000118087	9.8482135565408	0.00762431388026711	0.0650028284124658	0.116534329878956	0.90722908012379	NA
ENSMUSG00000132364	5.76940565498729	-0.00399108132873269	0.0569193844388475	-0.070329784831527	0.943931176327948	NA
ENSMUSG00000132322	3.5394570997729	0.00013595053829501	0.0463727385966035	0.00292713342995266	0.997664488763984	NA
ENSMUSG00000065204	2.23885362118343	-0.0176762345992408	0.0369369545150263	-0.501925767811506	0.615719738763867	NA
ENSMUSG00000132333	2.15053439179574	-0.0166586763618637	0.03700975687841	-0.468212608470444	0.639632556464403	NA
ENSMUSG00000136376	7.60283405899998	-0.0108840124006061	0.0650599076928814	-0.168418064613232	0.866254397580416	NA
ENSMUSG00000130831	5.92191269881156	0.0165715997030692	0.0535966917016112	0.306519996764346	0.759208756870833	NA
ENSMUSG00000129027	4.18538970598757	-0.0421452353105227	0.0506145868387461	-0.880475614584347	0.37860170976419	NA
ENSMUSG00000140044	8.85177428496909	-0.0701354360591337	0.0654781568960835	-1.12816563130983	0.259249975658323	NA
ENSMUSG00000118040	4.99237616396091	-0.00937010803277749	0.0540959901240328	-0.174841586377286	0.861204110400698	NA
ENSMUSG00000120748	3.15826278614131	-0.00297574257951971	0.0447787069045667	-0.0666300021691494	0.946876260534644	NA
ENSMUSG00000128878	6.18796822936713	0.0630637535803025	0.0599347292464558	1.02719827958834	0.304327108055927	NA
ENSMUSG00000144117	6.59836690246697	-0.0117851066243658	0.0600411682879302	-0.197910463137809	0.843115117698634	NA
ENSMUSG00000127110	6.80418538474471	-0.0243706854163032	0.058675313452997	-0.425574849639064	0.670417669909819	NA
ENSMUSG00000024682	2.52687907405216	-0.000277139605880869	0.0398060431140206	-0.00693925939829562	0.994463316497679	NA
ENSMUSG00000060878	5.69086792360128	0.0328422867066828	0.0553317946080702	0.580671664798627	0.56146176224724	NA
ENSMUSG00000114931	4.80832154419107	-0.0315913226011741	0.0532466007764152	-0.612271739004379	0.540357984454528	NA
ENSMUSG00000128830	3.75314980232167	-0.00495980435780956	0.0484887695231839	-0.102767223601867	0.918147719272205	NA
ENSMUSG00000137182	7.23697045013168	-0.0260710897349946	0.0624485403254376	-0.425232454750549	0.670667227378848	NA
ENSMUSG00000137097	8.17656260298521	-0.0410828786200059	0.0624359061107133	-0.680594408652761	0.496128165855765	NA
ENSMUSG00000144305	3.92629524156097	-0.0230044381837584	0.0495699639707037	-0.476576097083623	0.63366400770331	NA
ENSMUSG00000067608	3.87964122362527	0.0194230017393808	0.0480092814279018	0.399748980255054	0.689341412213116	NA
ENSMUSG00000118383	7.69902264146552	0.0104035981300398	0.0652382610306692	0.158505982157177	0.874058107174155	NA
ENSMUSG00000118100	10.1263647927951	-0.0691071418214074	0.0723650934251533	-0.988745595219099	0.32278762857785	NA
ENSMUSG00000098363	2.5543836015474	-0.0416416831342495	0.0406817979427155	-1.13001739230392	0.258468895937755	NA
ENSMUSG00000064032	5.81447879831074	-0.0425903746732083	0.0572070905622673	-0.773567888624727	0.439186367613338	NA
ENSMUSG00000118330	5.06741600861767	-0.0509432167969114	0.0547662744703578	-0.983239510634031	0.325489573145292	NA
ENSMUSG00000131944	1.9683967841429	-0.0378556585350859	0.0351507648181617	-1.23669054633842	0.216201989718284	NA
ENSMUSG00000117763	3.09046489759	-0.0361558435535599	0.0417071369410665	-0.947921864139881	0.343169233345958	NA
ENSMUSG00000118062	4.01638680378664	0.0272768904706663	0.0491700532280386	0.544375043230798	0.586183415996209	NA
ENSMUSG00000071633	3.63430145654288	0.0126919085904705	0.0474093384530285	0.265281770914356	0.790792406293435	NA
ENSMUSG00000024939	2.67522632750134	0.024230018786977	0.0403425903136069	0.589787334807936	0.555333234809835	NA
ENSMUSG00000040247	6.96524675545375	0.0169917352836288	0.0576568376382094	0.292811427910736	0.769666292713893	NA
ENSMUSG00000067571	3.76689963247271	-0.0179119922865656	0.0483171275377404	-0.379337395740067	0.704437333326136	NA
ENSMUSG00000079478	9.38962866282476	-0.00550657892231947	0.0708194847971659	-0.0778049603174705	0.93798320065038	NA
ENSMUSG00000039699	4.70906539757469	-0.0144203738466474	0.048053846410432	-0.305181440653923	0.760227966804265	NA
ENSMUSG00000050195	7.11936949321759	-0.0243129330388266	0.0632658889307281	-0.390121798259928	0.696446484690168	NA
ENSMUSG00000075044	2.85896206310316	-0.00667892365667975	0.040793469490563	-0.166281718518473	0.86793525226818	NA
ENSMUSG00000024786	2.15458495919643	-0.00321654497139597	0.0374866337768948	-0.086203785147051	0.931304421798754	NA
ENSMUSG00000025194	3.23935731276026	0.0228945910182685	0.0451582931394853	0.498303999695753	0.618269789168226	NA
ENSMUSG00000024905	4.31313825054222	-0.0599094560053418	0.0514885130853525	-1.26092513000424	0.207335823175167	NA
ENSMUSG00000024675	3.0764514307992	0.0504615950399505	0.0389172481266238	1.26046869405078	0.207500334381511	NA
ENSMUSG00000024972	7.0105337901867	0.000278714033503184	0.0566440790542477	0.00489193503469878	0.996096816131237	NA
ENSMUSG00000024784	2.44849575633152	-0.0369915763483901	0.0391372361164497	-1.04475613022976	0.296135695277098	NA
ENSMUSG00000090840	1.96354715276773	-0.0260767554921321	0.0361743358483584	-0.77676937498336	0.437294848136483	NA
ENSMUSG00000024673	3.20850444500796	-0.00250579180031451	0.0432939369050023	-0.0582322305581608	0.953563648000033	NA
ENSMUSG00000108929	2.58927730231404	0.0261505911441669	0.0401908525436184	0.634003310232685	0.526078661810998	NA
ENSMUSG00000025081	3.37769128648425	0.00467757410112442	0.0445508739781834	0.104383128171288	0.916865311303782	NA
ENSMUSG00000024697	7.69247804531052	0.048556376840208	0.0652341877786261	0.729645926108222	0.465606641943365	NA
ENSMUSG00000024749	10.2302981548095	-0.000298040792743484	0.0716309502844382	-0.0041642960096231	0.996677382110431	NA
ENSMUSG00000025172	4.22522014057389	0.062803175171553	0.0505840565403437	1.21059413055848	0.226050994867153	NA
ENSMUSG00000054999	3.18171674623587	-0.0568899222136612	0.0445128614858205	-1.43422545918852	0.151507934004032	NA
ENSMUSG00000101389	6.56842041888144	-0.0327424604006611	0.0563384001316455	-0.597337373759736	0.550282156752328	NA
ENSMUSG00000052595	5.54444254946227	0.00041767296556677	0.0553091763694789	0.00754137307281031	0.993982911892285	NA
ENSMUSG00000046585	8.10476939456148	0.0374987258412733	0.0634215182954483	0.583255497266723	0.559721316237078	NA
ENSMUSG00000026931	2.58117616751267	-0.000503304368679621	0.0409671441071218	-0.0123001463232395	0.990186150615795	NA
ENSMUSG00000036961	3.52649659921	0.0142521289728655	0.0470001388967892	0.298510308039135	0.765313709875542	NA
ENSMUSG00000024747	9.40214083849745	-0.0291540860176838	0.0705035372892294	-0.419400902138169	0.674923164909045	NA
ENSMUSG00000024678	2.9405097818055	0.0163186090919193	0.042856908066118	0.373177815023269	0.709016106550368	NA
ENSMUSG00000050957	10.2033768970971	0.0253618749688267	0.0723261545844681	0.348063337484629	0.727792617269181	NA
ENSMUSG00000003555	3.02276946203782	-0.0343263690003477	0.0408626522718908	-0.916429673459653	0.359441577667678	NA
ENSMUSG00000025196	8.52469566340958	0.0653111468431274	0.0686417737750518	0.931606897378935	0.351539717262801	NA
ENSMUSG00000075296	5.19319546839129	0.0500473960940635	0.055303832713526	0.883659006504215	0.376880315720159	NA
ENSMUSG00000024936	2.58603066608102	-0.0283875232674409	0.0407746401008343	-0.739684987827649	0.459491159241374	NA
ENSMUSG00000024791	3.37601092328395	-0.00850492116632235	0.0460200989237722	-0.186759285439284	0.851849370694404	NA
ENSMUSG00000064338	7.65077049558085	0.101490309550522	0.0656401986460081	1.51050310947436	0.130915096551969	NA
